z			H			H2			O			O(1D)			O2			O3			OH			HO2			H2O			H2O2			CO2			CO			CH2O			CHO			C			CH			CH2			CH21			CH3			CH4			CH3O			CH4O			CHO2			CH2O2			CH3O2			CH4O2			C2			C2H			C2H2			C2H3			C2H4			C2H5			C2H6			C2HO			C2H2O			C2H3O			C2H4O			C2H5O			S			S2			S3			S4			SO			SO2			SO21			SO23			SO3			H2S			HS			HSO			HSO2			HSO3			H2SO4			H2SO4A			S8			S8A			N			NH3			NH2			NH			N2O			NO			NO2			NO3			N2O5			HNO			HNO2			HNO3			HNO4			HCN			CN			CNO			HCNO			CH3NO2			CH3NO3			CH5N			C2H2N			C2H5N			N2H2			N2H3			N2H4			OCS			CS			CH3S			CH4S			Air

1.000000		7.232146e+08		1.341919e+14		5.217712e+04		2.540661e-09		1.315600e+06		6.555642e+00		1.501814e+06		1.081412e+05		4.398199e+17		2.099156e+07		2.199099e+18		2.183977e+12		2.457695e+09		1.509934e+07		1.923999e-18		5.091134e-15		4.893052e-07		2.950248e-08		2.898308e+04		6.601768e+11		3.508436e+03		2.077080e+08		1.877841e+09		2.127613e+03		5.976829e-07		9.657654e-03		2.036203e-38		1.071491e-14		4.928511e-04		3.141177e-07		6.841875e+00		2.385698e+00		6.674594e+05		4.733463e-11		3.565297e+02		2.070721e+00		8.276881e+04		4.645721e-01		0.000000e+00		0.000000e+00		0.000000e+00		0.000000e+00		0.000000e+00		0.000000e+00		0.000000e+00		0.000000e+00		0.000000e+00		0.000000e+00		0.000000e+00		0.000000e+00		0.000000e+00		0.000000e+00		1.470753e-18		0.000000e+00		0.000000e+00		0.000000e+00		1.536988e-08		4.904847e-04		2.711919e-07		2.549683e-06		9.009854e+07		1.599084e+04		1.932915e-01		3.385356e-05		9.793413e-12		2.601460e+03		2.353026e+02		2.314751e+01		6.138105e-04		1.943694e-01		4.960934e-15		1.376879e-12		9.334796e-04		1.344962e+00		2.351910e-02		8.147878e-07		7.829302e-20		1.232168e-15		7.488341e-44		6.326298e-21		7.825527e-20		1.109380e-34		9.921907e-53		0.000000e+00		0.000000e+00		2.199099e+19
3.000000		1.691115e+08		1.104081e+14		1.301921e+07		1.847214e-07		1.994881e+09		5.357889e+04		1.837975e+06		5.100193e+07		2.609498e+16		6.101120e+08		1.814146e+18		2.107490e+12		4.748835e+08		7.451059e+06		6.922056e-18		5.510515e-14		1.186050e-06		1.256850e-07		6.709117e+04		5.439239e+11		1.915122e+03		1.079769e+08		8.706220e+07		2.286785e+04		2.020087e-03		1.279112e-01		1.846540e-37		1.124572e-11		1.661914e-02		1.343984e-05		3.219065e+01		6.739549e+00		5.710648e+05		4.389385e-09		2.389055e+03		3.277205e+01		1.707582e+05		2.541561e+00		6.896906e-21		1.162730e-34		6.232144e-37		5.078993e-66		7.990963e-19		1.638679e-17		5.935662e-29		4.012691e-28		1.004537e-24		4.848728e-20		2.476094e-20		1.305582e-20		3.997441e-20		1.111456e-20		1.391702e-16		0.000000e+00		0.000000e+00		0.000000e+00		9.386939e-08		1.512736e-03		1.406393e-06		1.382583e-07		7.520821e+07		1.471082e+04		2.823919e+02		1.022731e-01		8.768388e-08		1.228523e+03		2.427098e+02		5.045380e+02		1.079539e+01		1.647081e-01		1.833008e-14		2.614077e-10		5.177138e-03		1.147289e+00		2.543493e-01		1.461850e-06		7.964490e-20		1.375965e-15		9.720643e-43		3.423086e-19		2.176772e-18		3.957613e-34		4.180413e-53		0.000000e+00		0.000000e+00		1.814149e+19
5.000000		2.760643e+06		8.963466e+13		1.149465e+07		4.800984e-05		2.353400e+11		1.043133e+07		1.209502e+06		2.859074e+08		4.707973e+15		6.605140e+09		1.474844e+18		2.315012e+12		2.417466e+07		3.996403e+03		1.101054e-21		4.215153e-16		8.164845e-08		3.839727e-07		6.417969e+03		4.415892e+11		2.393003e+01		5.508098e+07		5.428863e+05		2.677319e+04		2.162792e-02		1.497165e+00		2.225448e-39		3.834446e-10		8.475586e-02		3.281505e-05		1.614581e+02		1.408586e+01		4.274240e+05		3.136414e-08		3.488457e+02		7.695582e+00		7.696101e+03		1.395514e+01		2.841460e-22		3.863424e-34		2.284835e-36		3.629527e-67		1.243220e-18		1.366461e-17		6.414457e-29		4.351026e-28		3.318353e-24		1.917112e-21		2.480188e-22		2.434720e-21		1.433402e-21		1.989095e-22		3.176367e-16		0.000000e+00		0.000000e+00		0.000000e+00		7.311979e-07		6.265835e-04		6.200464e-07		3.096282e-08		6.310644e+07		5.869103e+03		3.043601e+03		1.961600e+00		3.813075e-05		7.447060e+00		5.940180e+01		1.908437e+03		4.659187e+03		1.383687e-01		6.670232e-15		2.366067e-09		1.176153e-02		5.079365e-01		4.397886e-02		3.620659e-07		1.699096e-18		1.094655e-15		1.651214e-41		6.269855e-18		5.702615e-19		6.036965e-33		7.785781e-54		0.000000e+00		0.000000e+00		1.474847e+19
7.000000		7.892500e+05		7.159634e+13		3.338204e+07		3.862130e-04		5.437100e+11		6.095546e+07		9.038613e+05		1.514802e+08		6.293317e+14		2.230604e+09		1.178737e+18		2.601655e+12		4.481068e+06		3.535807e+02		2.389933e-22		2.854794e-16		1.561749e-08		8.856158e-08		9.657394e+02		3.527221e+11		3.993969e+00		3.041410e+07		1.843632e+05		6.105210e+03		7.069904e-03		4.195176e-01		1.624904e-41		8.870631e-10		4.985604e-02		8.922388e-06		3.713152e+01		2.218418e+00		3.252866e+05		3.618206e-08		6.574046e+01		2.077586e+00		6.629304e+02		3.559085e+00		2.258083e-22		2.046679e-35		2.242583e-37		5.436259e-69		1.841449e-18		2.537493e-17		1.672247e-28		1.136494e-27		3.923798e-23		6.581963e-23		3.787982e-23		3.742989e-22		6.733006e-22		1.362080e-22		4.823700e-16		0.000000e+00		0.000000e+00		0.000000e+00		8.140266e-06		1.461673e-04		2.394167e-07		1.489672e-08		5.344023e+07		8.187106e+03		2.383319e+03		2.656867e+00		5.161089e-05		9.395828e-01		5.699821e+01		1.149619e+03		3.019922e+03		1.150939e-01		1.868204e-15		1.517604e-09		1.694314e-02		5.812552e-02		5.929060e-03		7.245673e-08		1.868294e-18		4.442231e-16		8.424432e-41		1.618609e-17		8.090934e-20		2.053146e-32		7.959234e-54		0.000000e+00		0.000000e+00		1.178740e+19
9.000000		5.325446e+05		5.606678e+13		1.574947e+08		3.273309e-03		8.176881e+11		3.722406e+08		9.332639e+05		4.346740e+07		5.740160e+13		2.683498e+08		9.233211e+17		2.836998e+12		1.517088e+06		1.002831e+02		9.520886e-22		1.646040e-15		6.985558e-09		1.440624e-08		2.616339e+02		2.762125e+11		1.470076e+00		1.743804e+07		1.280626e+05		1.187627e+03		2.684340e-03		6.704856e-02		3.279421e-44		5.696988e-10		1.360936e-02		9.709483e-07		5.493667e+00		2.419176e-01		2.473804e+05		3.233599e-08		2.065612e+01		2.991730e+00		1.684292e+02		1.606665e+00		1.197329e-22		0.000000e+00		0.000000e+00		0.000000e+00		1.222353e-18		4.747107e-17		4.440440e-28		3.022735e-27		1.125731e-21		1.902106e-24		2.286396e-24		3.827724e-23		3.009179e-22		2.027435e-22		6.005548e-16		0.000000e+00		0.000000e+00		0.000000e+00		6.123068e-05		1.699377e-05		2.185009e-08		2.446607e-09		4.575623e+07		1.188801e+04		1.108987e+03		3.878098e+00		3.329646e-05		1.950597e-01		7.942444e+01		5.175547e+02		3.972828e+02		9.465507e-02		5.374396e-16		2.251145e-10		2.074396e-02		7.335250e-03		9.378159e-04		1.286633e-08		3.437880e-19		1.500309e-16		3.061192e-40		3.383730e-17		2.672382e-21		1.326086e-32		9.195889e-54		0.000000e+00		0.000000e+00		9.233248e+18
11.000000		4.274037e+05		4.286576e+13		9.062960e+08		3.081784e-02		1.111953e+12		2.510065e+09		8.797217e+05		7.115931e+06		3.181708e+12		1.427688e+07		7.060309e+17		3.156670e+12		4.262619e+05		3.267921e+01		3.104849e-21		7.347035e-15		3.224533e-09		1.567998e-09		5.341645e+01		2.111735e+11		5.954121e-01		1.014221e+07		9.058883e+04		1.874402e+02		6.872947e-04		5.384871e-03		8.489462e-48		1.220853e-10		1.341553e-03		3.713320e-08		5.729439e-01		1.721705e-02		1.855942e+05		1.268961e-08		2.189286e+01		8.913800e+00		4.375307e+01		6.893739e-01		5.255202e-23		0.000000e+00		0.000000e+00		0.000000e+00		6.094880e-19		9.817720e-17		1.324612e-27		9.018014e-27		8.836081e-20		3.741742e-26		4.061182e-26		2.401434e-24		1.011493e-22		3.379906e-22		7.022417e-16		0.000000e+00		0.000000e+00		0.000000e+00		3.431342e-04		1.333590e-06		3.570289e-09		7.574715e-10		4.051434e+07		1.256546e+04		7.081685e+02		1.197090e+01		5.722699e-05		2.268947e-02		7.432465e+01		2.571362e+02		3.814955e+01		7.795423e-02		9.320773e-17		2.124433e-11		2.508361e-02		1.031426e-03		2.189058e-04		1.818051e-09		1.363352e-20		4.416891e-17		1.259275e-39		7.267715e-17		1.173065e-22		7.678491e-33		6.571857e-54		0.000000e+00		0.000000e+00		7.060347e+18
13.000000		2.341718e+05		3.053566e+13		1.159222e+09		1.122006e-01		2.837207e+12		6.064829e+09		5.160244e+05		5.613286e+06		5.070992e+11		3.271479e+06		5.031299e+17		6.364150e+12		1.217436e+05		8.369950e+00		5.470654e-22		5.093284e-15		1.208685e-09		5.622629e-10		7.017426e+00		1.504095e+11		7.625704e-02		3.938575e+06		3.531744e+04		6.651132e+00		2.142900e-04		8.674219e-04		1.261727e-50		1.733141e-11		9.240272e-05		4.961350e-09		1.566646e-01		3.790426e-03		1.270184e+05		1.449753e-09		8.643437e+00		2.997290e+00		1.359285e+01		9.587539e-02		1.861206e-23		0.000000e+00		0.000000e+00		0.000000e+00		4.553835e-19		6.350448e-17		1.296442e-27		8.817342e-27		2.902712e-19		1.375356e-28		8.698192e-27		5.588103e-25		1.565138e-23		5.465967e-23		9.356898e-16		0.000000e+00		0.000000e+00		0.000000e+00		1.857843e-02		8.942036e-07		9.583036e-08		1.560443e-08		4.819524e+07		2.125582e+04		9.449970e+02		1.675650e+01		9.227227e-05		1.134847e-02		6.289947e+01		1.531419e+02		3.126636e+01		8.033728e-02		2.440829e-17		1.153937e-11		5.885032e-02		1.780174e-04		3.257701e-05		6.126218e-11		7.993913e-20		3.394071e-18		3.278620e-38		4.189465e-16		1.023081e-20		1.305321e-33		8.120150e-55		0.000000e+00		0.000000e+00		5.031367e+18
15.000000		1.713812e+05		2.037290e+13		7.535082e+08		1.939287e-01		7.451593e+12		6.448607e+09		2.826873e+05		1.030580e+07		3.575597e+11		8.841615e+06		3.359774e+17		1.539024e+13		5.894725e+04		4.723083e+00		8.515155e-23		2.719336e-15		6.057214e-10		4.910398e-10		1.494635e+00		1.002898e+11		1.249300e-02		9.220748e+05		1.327751e+04		7.032807e-02		1.123694e-04		8.011674e-04		8.293842e-51		1.490672e-11		4.343460e-05		2.442265e-09		8.213027e-02		1.946074e-03		7.854939e+04		7.155325e-10		1.723538e+00		4.446890e-01		5.787530e+00		1.243012e-02		0.000000e+00		0.000000e+00		0.000000e+00		0.000000e+00		0.000000e+00		0.000000e+00		0.000000e+00		0.000000e+00		0.000000e+00		0.000000e+00		0.000000e+00		0.000000e+00		0.000000e+00		0.000000e+00		9.234273e-16		0.000000e+00		0.000000e+00		0.000000e+00		4.179158e-01		2.392437e-05		2.161808e-06		2.859439e-07		5.120547e+07		4.548787e+04		1.503372e+03		1.306383e+01		9.829793e-05		1.811289e-02		5.525803e+01		9.659257e+01		6.789762e+01		1.259335e-01		3.064003e-17		2.371971e-11		1.588475e-01		5.654572e-05		6.911407e-06		2.590948e-11		1.365852e-18		2.245398e-19		1.224419e-36		2.811814e-15		2.498724e-18		0.000000e+00		0.000000e+00		0.000000e+00		0.000000e+00		3.359931e+18
17.000000		1.703526e+05		1.352294e+13		5.963001e+08		2.658058e-01		1.287128e+13		5.513868e+09		1.889941e+05		1.378024e+07		2.549892e+11		1.350958e+07		2.232789e+17		2.608777e+13		3.701876e+04		3.957867e+00		3.715933e-23		2.047260e-15		3.807077e-10		4.271814e-10		5.931656e-01		6.648548e+10		4.948112e-03		1.678026e+05		6.275232e+03		9.167217e-04		7.092181e-05		6.514200e-04		1.472945e-50		1.765620e-11		2.935214e-05		1.290373e-09		4.312226e-02		1.018960e-03		4.748805e+04		6.269429e-10		5.695348e-01		1.170576e-01		2.640827e+00		2.981630e-03		2.712285e-23		0.000000e+00		0.000000e+00		0.000000e+00		2.201614e-18		5.637293e-17		2.861068e-27		1.941028e-26		1.476161e-19		2.248520e-30		3.941527e-26		1.302736e-24		3.882688e-24		3.143967e-24		1.148849e-15		0.000000e+00		0.000000e+00		0.000000e+00		2.364011e+00		1.202989e-04		9.928301e-06		1.174492e-06		3.603056e+07		6.304846e+04		1.771797e+03		8.782486e+00		6.761581e-05		2.090309e-02		3.731947e+01		5.437550e+01		7.917435e+01		1.883193e-01		4.910822e-17		3.522001e-11		2.789686e-01		2.545594e-05		2.690265e-06		4.152170e-11		5.158315e-18		3.033839e-19		2.449290e-35		1.344623e-14		4.067030e-17		1.983767e-34		9.859657e-56		0.000000e+00		0.000000e+00		2.233052e+18
19.000000		2.197315e+05		8.976242e+12		6.059694e+08		3.507111e-01		1.668167e+13		4.618650e+09		1.620035e+05		1.422197e+07		1.808823e+11		1.282472e+07		1.483777e+17		3.360754e+13		2.736465e+04		4.221059e+00		4.423954e-23		2.445676e-15		3.048536e-10		3.609737e-10		3.765004e-01		4.405017e+10		3.124105e-03		2.689144e+04		3.777889e+03		3.194330e-04		5.244440e-05		4.770321e-04		3.144977e-50		1.936446e-11		1.899466e-05		6.871307e-10		2.255192e-02		5.317294e-04		2.858597e+04		7.381313e-10		3.286448e-01		5.839092e-02		1.383507e+00		1.219362e-03		6.377482e-24		0.000000e+00		0.000000e+00		0.000000e+00		6.034839e-19		9.617786e-18		7.550881e-28		5.114343e-27		3.908975e-20		3.847616e-31		9.874482e-27		2.824553e-25		5.284033e-25		3.008118e-25		9.748850e-16		0.000000e+00		0.000000e+00		0.000000e+00		6.849187e+00		1.929572e-04		1.793888e-05		2.284387e-06		2.048091e+07		6.321196e+04		1.471504e+03		5.194567e+00		2.901812e-05		1.776040e-02		2.296119e+01		2.761846e+01		5.018465e+01		2.319995e-01		7.501468e-17		3.921367e-11		3.633447e-01		1.305968e-05		1.196658e-06		4.386039e-11		7.831327e-18		2.514666e-19		7.133028e-35		2.401033e-14		1.026989e-16		0.000000e+00		0.000000e+00		0.000000e+00		0.000000e+00		1.484114e+18
21.000000		3.367750e+05		5.960055e+12		7.302425e+08		4.571312e-01		1.802269e+13		3.871855e+09		1.650288e+05		1.246676e+07		1.259431e+11		9.072313e+06		9.859968e+16		3.621633e+13		2.166090e+04		5.160576e+00		1.090155e-22		4.247332e-15		2.899806e-10		3.005417e-10		3.167507e-01		2.918322e+10		2.460679e-03		4.149758e+03		2.672487e+03		2.379185e-04		4.170328e-05		3.206569e-04		7.476501e-50		1.989868e-11		1.186374e-05		3.704278e-10		1.185697e-02		2.790983e-04		1.731359e+04		1.130631e-09		2.749109e-01		4.514438e-02		8.091402e-01		7.134239e-04		3.722000e-23		1.696871e-62		0.000000e+00		0.000000e+00		3.512022e-18		4.204181e-17		5.068515e-27		3.425235e-26		1.300718e-19		1.430820e-30		4.930950e-26		1.452932e-24		2.108421e-24		1.028896e-24		7.958583e-16		0.000000e+00		0.000000e+00		0.000000e+00		1.478826e+01		1.670601e-04		1.998216e-05		3.398130e-06		1.069557e+07		5.237524e+04		9.109954e+02		2.659148e+00		8.014207e-06		1.255839e-02		1.365448e+01		1.230934e+01		1.994002e+01		2.440277e-01		1.007642e-16		3.647284e-11		3.924767e-01		6.700371e-06		4.980082e-07		3.861594e-11		7.564168e-18		1.332423e-19		3.161475e-35		1.651449e-14		9.686644e-17		4.470324e-34		3.765200e-55		0.000000e+00		0.000000e+00		9.863598e+17
23.000000		5.538549e+05		3.959053e+12		9.403452e+08		5.724685e-01		1.751636e+13		3.148003e+09		1.806807e+05		9.996152e+06		8.579316e+10		5.500251e+06		6.551950e+16		3.515073e+13		1.703045e+04		6.516651e+00		3.893830e-22		8.966005e-15		2.979799e-10		2.492128e-10		3.024784e-01		1.933655e+10		2.093681e-03		6.397874e+02		2.011824e+03		1.805317e-04		3.296131e-05		1.973486e-04		1.848871e-49		1.982539e-11		7.378845e-06		2.022216e-10		6.304680e-03		1.482029e-04		1.059034e+04		2.052770e-09		2.904830e-01		4.223371e-02		4.942401e-01		5.016037e-04		3.309184e-23		1.756468e-57		0.000000e+00		0.000000e+00		2.856461e-18		2.780698e-17		5.109836e-27		3.442138e-26		1.063835e-19		7.057030e-31		3.166551e-26		1.094913e-24		1.369585e-24		6.273992e-25		5.544568e-16		0.000000e+00		0.000000e+00		0.000000e+00		2.436786e+01		9.428600e-05		1.549597e-05		4.128594e-06		5.333273e+06		3.896802e+04		4.693981e+02		1.192495e+00		1.595867e-06		8.008131e-03		7.733959e+00		4.822156e+00		5.938294e+00		2.323485e-01		1.123100e-16		3.072729e-11		3.807596e-01		3.275650e-06		1.857281e-07		2.729876e-11		5.284033e-18		5.048391e-20		3.169724e-36		5.343157e-15		4.328978e-17		2.531002e-34		3.496516e-55		0.000000e+00		0.000000e+00		6.555471e+17
25.000000		9.193551e+05		2.631070e+12		1.213846e+09		6.726025e-01		1.594101e+13		2.417868e+09		1.998520e+05		7.625281e+06		5.717507e+10		3.071419e+06		4.353648e+16		3.196224e+13		1.276359e+04		8.019852e+00		1.614713e-21		2.038712e-14		3.119968e-10		2.073840e-10		2.991852e-01		1.281491e+10		1.789572e-03		1.019701e+02		1.518224e+03		1.315504e-04		2.471259e-05		1.103748e-04		4.525186e-49		1.937316e-11		4.628057e-06		1.119676e-10		3.402744e-03		7.989506e-05		6.551602e+03		3.995916e-09		3.442495e-01		4.102947e-02		3.033845e-01		3.833005e-04		0.000000e+00		0.000000e+00		1.860971e-82		3.957372e-111		0.000000e+00		0.000000e+00		0.000000e+00		0.000000e+00		7.356113e-21		0.000000e+00		0.000000e+00		0.000000e+00		0.000000e+00		0.000000e+00		3.506948e-16		0.000000e+00		0.000000e+00		0.000000e+00		3.319257e+01		4.122568e-05		9.598051e-06		4.432552e-06		2.564354e+06		2.724579e+04		2.186515e+02		4.795058e-01		2.532389e-07		4.822591e-03		4.116076e+00		1.693450e+00		1.496365e+00		2.073528e-01		1.058584e-16		2.447042e-11		3.459724e-01		1.506776e-06		6.225137e-08		1.613789e-11		3.087291e-18		1.556244e-20		1.197240e-37		1.048622e-15		1.205342e-17		0.000000e+00		0.000000e+00		0.000000e+00		0.000000e+00		4.356848e+17
27.000000		1.502526e+06		1.749321e+12		1.524910e+09		7.410687e-01		1.398590e+13		1.750271e+09		2.176238e+05		5.710051e+06		3.729774e+10		1.673562e+06		2.892810e+16		2.802561e+13		9.039397e+03		9.434806e+00		6.893361e-21		4.672873e-14		3.241749e-10		1.742023e-10		2.909220e-01		8.493819e+09		1.488633e-03		1.738734e+01		1.121286e+03		9.032067e-05		1.730257e-05		5.692924e-05		1.081945e-48		1.878524e-11		2.976178e-06		6.318357e-11		1.869183e-03		4.384477e-05		4.091741e+03		7.830136e-09		4.121813e-01		3.771040e-02		1.849979e-01		3.009459e-04		8.594990e-24		0.000000e+00		5.173149e-76		1.967000e-105		5.466380e-19		3.588517e-18		1.512885e-27		1.007417e-26		2.707217e-20		4.216235e-32		3.369809e-27		1.801556e-25		1.885829e-25		7.890403e-26		2.223213e-16		0.000000e+00		0.000000e+00		0.000000e+00		4.103147e+01		1.616026e-05		5.340119e-06		4.548218e-06		1.192103e+06		1.840671e+04		9.753526e+01		1.784283e-01		3.496431e-08		2.833410e-03		2.067455e+00		5.520520e-01		3.494491e-01		1.781798e-01		9.029689e-17		1.902859e-11		3.034886e-01		6.535612e-07		1.916216e-08		8.471461e-12		1.714292e-18		4.357601e-21		2.556843e-39		1.530846e-16		2.649582e-18		0.000000e+00		0.000000e+00		0.000000e+00		0.000000e+00		2.895615e+17
29.000000		2.414878e+06		1.163564e+12		1.861079e+09		7.729009e-01		1.196322e+13		1.203695e+09		2.327664e+05		4.239323e+06		2.381896e+10		9.044747e+05		1.922064e+16		2.396222e+13		6.078999e+03		1.066318e+01		2.961248e-20		1.068471e-13		3.334760e-10		1.479982e-10		2.726738e-01		5.630016e+09		1.202192e-03		3.827808e+00		8.097951e+02		5.805407e-05		1.126752e-05		2.720890e-05		2.505280e-48		1.793910e-11		1.966142e-06		3.639916e-11		1.044627e-03		2.448329e-05		2.578054e+03		1.516120e-08		4.652798e-01		3.142781e-02		1.123205e-01		2.394781e-04		0.000000e+00		8.688104e-62		1.140151e-69		7.744823e-100		0.000000e+00		0.000000e+00		0.000000e+00		0.000000e+00		0.000000e+00		0.000000e+00		0.000000e+00		0.000000e+00		0.000000e+00		0.000000e+00		1.384766e-16		0.000000e+00		0.000000e+00		0.000000e+00		4.771425e+01		5.931794e-06		2.762518e-06		4.552018e-06		5.427544e+05		1.220960e+04		4.270113e+01		6.298739e-02		4.431056e-09		1.652126e-03		9.956342e-01		1.716545e-01		7.852375e-02		1.490305e-01		7.354613e-17		1.460502e-11		2.601379e-01		2.683956e-07		5.538460e-09		3.995160e-12		9.409854e-19		1.143820e-21		3.780277e-41		1.839516e-17		4.947284e-19		0.000000e+00		0.000000e+00		0.000000e+00		0.000000e+00		1.924462e+17
31.000000		3.781523e+06		7.742830e+11		2.210534e+09		7.786075e-01		1.016329e+13		8.016043e+08		2.421062e+05		3.139396e+06		1.483927e+10		4.893143e+05		1.276984e+16		2.035038e+13		3.932218e+03		1.153676e+01		1.212668e-19		2.374026e-13		3.361167e-10		1.258983e-10		2.425918e-01		3.731005e+09		9.437498e-04		1.590314e+00		5.668006e+02		3.487987e-05		6.828103e-06		1.211913e-05		5.412425e-48		1.640135e-11		1.313322e-06		2.117772e-11		5.870354e-04		1.374883e-05		1.632781e+03		2.851640e-08		4.747289e-01		2.275933e-02		6.742497e-02		1.876401e-04		0.000000e+00		7.398346e-57		2.110801e-63		2.560162e-94		0.000000e+00		0.000000e+00		0.000000e+00		0.000000e+00		0.000000e+00		0.000000e+00		0.000000e+00		0.000000e+00		0.000000e+00		0.000000e+00		8.783614e-17		0.000000e+00		0.000000e+00		0.000000e+00		5.316519e+01		2.081391e-06		1.351097e-06		4.425192e-06		2.414670e+05		8.023748e+03		1.858820e+01		2.144276e-02		5.335508e-10		9.544694e-04		4.599219e-01		5.126656e-02		1.735008e-02		1.234988e-01		5.944121e-17		1.116747e-11		2.221544e-01		1.041349e-07		1.530729e-09		1.687530e-12		5.135909e-19		2.802567e-22		4.270493e-43		1.915624e-18		8.143428e-20		0.000000e+00		0.000000e+00		0.000000e+00		0.000000e+00		1.279020e+17
33.000000		5.831021e+06		5.154244e+11		2.617720e+09		7.728787e-01		8.542041e+12		5.269329e+08		2.472425e+05		2.276634e+06		9.011974e+09		2.550139e+05		8.483420e+15		1.710019e+13		2.478330e+03		1.213207e+01		4.961446e-19		5.294584e-13		3.359513e-10		1.061687e-10		2.052885e-01		2.471864e+09		7.374529e-04		1.290629e+00		3.884767e+02		1.939247e-05		3.815803e-06		4.892060e-06		1.042951e-47		1.357914e-11		8.557908e-07		1.225285e-11		3.279785e-04		7.676860e-06		1.039738e+03		5.337744e-08		4.356547e-01		1.446399e-02		3.999561e-02		1.470950e-04		0.000000e+00		5.983947e-52		3.213715e-57		6.958308e-89		0.000000e+00		0.000000e+00		0.000000e+00		0.000000e+00		0.000000e+00		0.000000e+00		0.000000e+00		0.000000e+00		0.000000e+00		0.000000e+00		5.638506e-17		0.000000e+00		0.000000e+00		0.000000e+00		5.647308e+01		6.690244e-07		6.087338e-07		4.078134e-06		1.071136e+05		5.252181e+03		7.970878e+00		7.130758e-03		6.135335e-11		5.421524e-04		2.070894e-01		1.476694e-02		3.675300e-03		1.011674e-01		4.857598e-17		8.386858e-12		1.883733e-01		3.813144e-08		4.125704e-10		6.222111e-13		2.665407e-19		6.167405e-23		3.731511e-45		1.717834e-19		1.127687e-20		0.000000e+00		0.000000e+00		0.000000e+00		0.000000e+00		8.500528e+16
35.000000		8.879205e+06		3.432044e+11		3.153379e+09		7.734097e-01		7.124946e+12		3.495876e+08		2.481828e+05		1.592911e+06		5.321314e+09		1.241179e+05		5.635290e+15		1.426136e+13		1.543932e+03		1.247765e+01		2.052435e-18		1.199790e-12		3.341810e-10		8.752314e-11		1.623100e-01		1.636934e+09		5.847889e-04		1.365624e+00		2.611414e+02		9.768494e-06		1.926285e-06		1.726866e-06		1.697632e-47		9.612347e-12		5.252854e-07		6.902603e-12		1.794841e-04		4.199007e-06		6.647939e+02		1.009691e-07		3.659247e-01		8.199815e-03		2.324480e-02		1.154650e-04		0.000000e+00		4.638844e-47		4.055909e-51		1.568504e-83		0.000000e+00		0.000000e+00		0.000000e+00		0.000000e+00		0.000000e+00		0.000000e+00		0.000000e+00		0.000000e+00		0.000000e+00		0.000000e+00		3.645719e-17		0.000000e+00		0.000000e+00		0.000000e+00		5.727524e+01		1.920917e-07		2.495049e-07		3.493662e-06		4.777340e+04		3.432920e+03		3.340881e+00		2.337383e-03		6.707163e-12		2.984208e-04		9.129395e-02		4.083315e-03		7.308480e-04		8.230370e-02		4.106551e-17		6.131806e-12		1.591932e-01		1.299103e-08		1.097110e-10		1.936868e-13		1.264188e-19		1.174911e-23		2.476073e-47		1.289795e-20		1.285389e-21		0.000000e+00		0.000000e+00		0.000000e+00		0.000000e+00		5.649557e+16
37.000000		1.342959e+07		2.285552e+11		3.926682e+09		7.886834e-01		5.870906e+12		2.365256e+08		2.452818e+05		1.058947e+06		3.060786e+09		5.469277e+04		3.743007e+15		1.175081e+13		9.595782e+02		1.264809e+01		8.792174e-18		2.800151e-12		3.324270e-10		6.998957e-11		1.163220e-01		1.083469e+09		4.776511e-04		1.560415e+00		1.724805e+02		4.311881e-06		8.471464e-07		5.073259e-07		2.260292e-47		5.600798e-12		2.976266e-07		3.732807e-12		9.539049e-05		2.230784e-06		4.267179e+02		1.991333e-07		2.920998e-01		4.282643e-03		1.315284e-02		9.164306e-05		0.000000e+00		3.418387e-42		4.135635e-45		2.867073e-78		0.000000e+00		0.000000e+00		0.000000e+00		0.000000e+00		0.000000e+00		0.000000e+00		0.000000e+00		0.000000e+00		0.000000e+00		0.000000e+00		2.369859e-17		0.000000e+00		0.000000e+00		0.000000e+00		5.552267e+01		4.854716e-08		9.240908e-08		2.750566e-06		2.175601e+04		2.243215e+03		1.363646e+00		7.608138e-04		6.945369e-13		1.577615e-04		3.953946e-02		1.083636e-03		1.340520e-04		6.638371e-02		3.687674e-17		4.319677e-12		1.335202e-01		4.061685e-09		2.893020e-11		4.914134e-14		5.322167e-20		1.912098e-24		1.311214e-49		8.016041e-22		1.194576e-22		0.000000e+00		0.000000e+00		0.000000e+00		0.000000e+00		3.754762e+16
39.000000		2.019620e+07		1.522049e+11		5.047554e+09		8.195699e-01		4.789875e+12		1.631554e+08		2.372974e+05		6.717804e+05		1.713606e+09		2.199140e+04		2.485871e+15		9.587871e+12		5.993087e+02		1.265808e+01		3.797821e-17		6.562085e-12		3.298686e-10		5.439919e-11		7.410563e-02		7.166339e+08		4.005948e-04		1.837050e+00		1.112725e+02		1.645948e-06		3.198109e-07		1.228789e-07		2.504453e-47		2.729441e-12		1.573669e-07		1.941768e-12		4.930812e-05		1.152807e-06		2.745878e+02		7.274290e-07		2.384146e-01		2.118876e-03		7.227383e-03		7.307549e-05		0.000000e+00		2.462248e-37		3.426927e-39		4.154767e-73		0.000000e+00		0.000000e+00		0.000000e+00		0.000000e+00		0.000000e+00		0.000000e+00		0.000000e+00		0.000000e+00		0.000000e+00		0.000000e+00		1.544382e-17		0.000000e+00		0.000000e+00		0.000000e+00		5.210409e+01		1.122314e-08		3.174706e-08		2.017399e-06		1.012586e+04		1.464807e+03		5.487426e-01		2.476480e-04		6.909492e-14		8.025947e-05		1.672711e-02		2.778451e-04		2.307496e-05		5.333862e-02		3.547301e-17		2.954462e-12		1.115242e-01		1.186390e-09		7.568996e-12		1.019796e-14		2.021142e-20		2.721685e-25		6.179334e-52		4.253797e-23		9.541478e-24		0.000000e+00		0.000000e+00		0.000000e+00		0.000000e+00		2.495462e+16
41.000000		3.036198e+07		1.013428e+11		6.632584e+09		8.558474e-01		3.859168e+12		1.131324e+08		2.234423e+05		4.116948e+05		9.373688e+08		8.268466e+03		1.650787e+15		7.726828e+12		3.738981e+02		1.256442e+01		1.590697e-16		1.473029e-11		3.264191e-10		4.157512e-11		4.246074e-02		4.736123e+08		3.406539e-04		2.163251e+00		6.967675e+01		5.521475e-07		1.050274e-07		2.522125e-08		2.454145e-47		1.175775e-12		7.995459e-08		9.868867e-13		2.506797e-05		5.859907e-07		1.770176e+02		1.566254e-05		2.296432e-01		1.013786e-03		3.880888e-03		5.830486e-05		0.000000e+00		1.584935e-32		2.272026e-33		4.349600e-68		0.000000e+00		0.000000e+00		0.000000e+00		0.000000e+00		0.000000e+00		0.000000e+00		0.000000e+00		0.000000e+00		0.000000e+00		0.000000e+00		1.007829e-17		0.000000e+00		0.000000e+00		0.000000e+00		4.798650e+01		2.547637e-09		1.059488e-08		1.418178e-06		4.842428e+03		9.547986e+02		2.210083e-01		8.081737e-05		6.723498e-15		3.984719e-05		6.867355e-03		6.952735e-05		3.833899e-06		4.269406e-02		3.512198e-17		1.984036e-12		9.261147e-02		3.407044e-10		1.960113e-12		1.826062e-15		7.199663e-21		3.597968e-26		3.011660e-54		2.088688e-24		7.179523e-25		0.000000e+00		0.000000e+00		0.000000e+00		0.000000e+00		1.658515e+16
43.000000		4.595680e+07		6.745853e+10		8.746429e+09		8.828355e-01		3.081910e+12		7.750065e+07		2.038120e+05		2.509118e+05		5.000569e+08		3.069729e+03		1.096095e+15		6.173692e+12		2.297417e+02		1.243284e+01		6.080293e-16		2.970720e-11		3.212135e-10		3.268836e-11		2.264531e-02		3.126384e+08		2.870708e-04		2.516033e+00		4.210932e+01		1.687032e-07		3.130749e-08		4.680823e-09		2.308696e-47		4.824081e-13		4.050625e-08		5.017649e-13		1.276407e-05		2.983645e-07		1.141230e+02		3.564081e-04		3.066814e-01		4.743821e-04		2.065565e-03		4.570895e-05		0.000000e+00		1.193100e-37		2.789628e-39		3.368938e-73		0.000000e+00		0.000000e+00		0.000000e+00		0.000000e+00		0.000000e+00		0.000000e+00		0.000000e+00		0.000000e+00		0.000000e+00		0.000000e+00		6.576449e-18		0.000000e+00		0.000000e+00		0.000000e+00		4.406435e+01		6.399932e-10		3.741675e-09		9.959565e-07		2.368202e+03		6.197358e+02		9.006492e-02		2.627599e-05		6.445730e-16		1.975738e-05		2.717111e-03		1.706536e-05		6.396980e-07		3.423254e-02		3.331454e-17		1.339917e-12		7.691161e-02		1.005551e-10		4.962150e-13		3.089200e-16		2.548974e-21		4.752547e-27		1.654171e-56		1.093576e-25		5.986425e-26		0.000000e+00		0.000000e+00		0.000000e+00		0.000000e+00		1.102270e+16
45.000000		6.983550e+07		4.488093e+10		1.226853e+10		9.449700e-01		2.424700e+12		5.507279e+07		1.739613e+05		1.422312e+05		2.621671e+08		9.905099e+02		7.277192e+14		4.862359e+12		1.405830e+02		1.210701e+01		9.157219e-15		2.316365e-10		3.264949e-10		4.547872e-10		1.131957e-02		2.061266e+08		2.517386e-04		2.803113e+00		2.363194e+01		4.776718e-08		8.511303e-09		7.528595e-10		1.862828e-47		1.689051e-13		1.896498e-08		2.444181e-13		6.308718e-06		1.474605e-07		7.356352e+01		4.668326e-03		5.224891e-01		2.373014e-04		1.064260e-03		3.554281e-05		0.000000e+00		7.341757e-43		4.333695e-45		2.979870e-78		0.000000e+00		0.000000e+00		0.000000e+00		0.000000e+00		0.000000e+00		0.000000e+00		0.000000e+00		0.000000e+00		0.000000e+00		0.000000e+00		4.289728e-18		0.000000e+00		0.000000e+00		0.000000e+00		4.150507e+01		1.855887e-10		1.485639e-09		6.766570e-07		1.203129e+03		3.984108e+02		3.645099e-02		8.615287e-06		6.087649e-17		9.155357e-06		9.956874e-04		3.913385e-06		9.871746e-08		2.735608e-02		1.143569e-16		8.832196e-13		6.351108e-02		3.179075e-11		1.269696e-13		5.293057e-17		8.337780e-22		6.587560e-28		1.113740e-58		7.145575e-27		6.259617e-27		0.000000e+00		0.000000e+00		0.000000e+00		0.000000e+00		7.325822e+15
47.000000		9.732316e+07		2.984110e+10		2.093713e+10		1.214517e+00		1.886830e+12		4.692696e+07		1.178745e+05		6.018947e+04		1.338331e+08		1.855812e+02		4.830873e+14		3.795050e+12		8.932152e+01		1.018390e+01		1.156512e-11		1.633531e-07		1.233129e-08		7.356340e-07		5.323375e-03		1.356576e+08		2.580173e-04		2.884063e+00		1.027770e+01		1.265723e-08		2.133413e-09		8.937929e-11		1.188000e-47		5.075689e-14		9.166292e-09		1.090123e-13		2.954857e-06		6.808796e-08		4.731171e+01		3.632189e-02		9.269980e-01		1.808299e-04		5.137392e-04		3.017608e-05		0.000000e+00		3.230936e-48		8.252405e-51		3.186015e-83		0.000000e+00		0.000000e+00		0.000000e+00		0.000000e+00		0.000000e+00		0.000000e+00		0.000000e+00		0.000000e+00		0.000000e+00		0.000000e+00		2.792890e-18		0.000000e+00		0.000000e+00		0.000000e+00		4.273154e+01		5.318841e-11		6.191361e-10		3.785857e-07		6.349387e+02		2.490493e+02		1.439240e-02		2.933219e-06		5.739993e-18		3.108377e-06		2.816960e-04		7.073288e-07		1.118546e-08		2.190822e-02		3.115655e-14		5.593894e-13		5.252545e-02		1.191060e-11		3.623987e-14		8.839212e-18		2.243445e-22		9.061983e-29		9.067504e-61		5.773131e-28		7.246668e-28		0.000000e+00		0.000000e+00		0.000000e+00		0.000000e+00		4.868827e+15
49.000000		1.092951e+08		1.983129e+10		3.834541e+10		1.690506e+00		1.448572e+12		4.319048e+07		5.730194e+04		1.887978e+04		6.672639e+07		2.038619e+01		3.206523e+14		2.935807e+12		5.564118e+01		6.164598e+00		1.153096e-10		1.113353e-06		1.514896e-07		1.224735e-05		2.577051e-03		8.906556e+07		2.683720e-04		2.463301e+00		3.043433e+00		3.346862e-09		5.393774e-10		8.369941e-12		1.972976e-47		4.846789e-14		1.505567e-08		5.642922e-14		1.603860e-06		3.510444e-08		3.032390e+01		1.656234e-01		1.439498e+00		2.459489e-04		2.724128e-04		3.173907e-05		0.000000e+00		9.445333e-54		1.902257e-56		4.118469e-88		0.000000e+00		0.000000e+00		0.000000e+00		0.000000e+00		0.000000e+00		0.000000e+00		0.000000e+00		0.000000e+00		0.000000e+00		0.000000e+00		1.812556e-18		0.000000e+00		0.000000e+00		0.000000e+00		4.489107e+01		1.345471e-11		2.496657e-10		1.621868e-07		3.457706e+02		1.487683e+02		5.624256e-03		9.483777e-07		5.057313e-19		7.565947e-07		5.470012e-05		9.346583e-08		9.371299e-10		1.755065e-02		7.849751e-14		3.898457e-13		4.342161e-02		4.668735e-12		1.025718e-14		1.447477e-18		6.661302e-23		1.319041e-29		8.879389e-63		5.601747e-29		7.958743e-29		0.000000e+00		0.000000e+00		0.000000e+00		0.000000e+00		3.235884e+15
51.000000		1.009493e+08		1.317639e+10		5.937346e+10		2.019830e+00		1.093645e+12		3.389266e+07		2.359505e+04		5.661835e+03		3.320285e+07		1.992827e+00		2.128138e+14		2.246880e+12		3.295894e+01		2.835186e+00		1.421132e-09		1.121443e-05		2.266817e-06		2.764050e-04		1.367953e-03		5.830257e+07		2.265127e-04		1.659582e+00		7.245236e-01		9.467551e-10		1.463032e-10		7.653480e-13		1.228190e-46		2.156493e-13		9.893862e-08		4.580084e-14		1.323335e-06		2.077394e-08		1.937684e+01		5.051462e-01		1.825511e+00		4.046012e-04		1.630777e-04		3.494487e-05		0.000000e+00		2.168926e-59		5.338059e-62		6.480370e-93		0.000000e+00		0.000000e+00		0.000000e+00		0.000000e+00		0.000000e+00		0.000000e+00		0.000000e+00		0.000000e+00		0.000000e+00		0.000000e+00		1.171187e-18		0.000000e+00		0.000000e+00		0.000000e+00		4.227179e+01		3.324213e-12		1.074734e-10		6.056415e-08		1.926449e+02		8.633524e+01		2.171355e-03		2.726694e-07		3.927030e-20		1.740082e-07		8.741426e-06		1.046476e-08		7.371040e-11		1.392787e-02		3.466177e-13		3.034327e-13		3.545276e-02		1.506151e-12		2.330073e-15		2.580082e-19		3.288061e-23		2.552237e-30		1.072517e-64		7.463062e-30		9.856083e-30		0.000000e+00		0.000000e+00		0.000000e+00		0.000000e+00		2.150609e+15
53.000000		8.581576e+07		8.753653e+09		8.301366e+10		2.251041e+00		8.327019e+11		2.443072e+07		9.393956e+03		1.744499e+03		1.581004e+07		1.898442e-01		1.411833e+14		1.748563e+12		2.192497e+01		1.148564e+00		5.867237e-09		4.146044e-05		1.054716e-05		2.118970e-03		8.965748e-04		3.786293e+07		1.653963e-04		9.344138e-01		1.590062e-01		3.107644e-10		4.922822e-11		7.364632e-14		4.150890e-46		5.540285e-13		3.426128e-07		4.485195e-14		1.301255e-06		1.275372e-08		1.223258e+01		1.183006e+00		2.118886e+00		6.482948e-04		1.007079e-04		3.719358e-05		0.000000e+00		0.000000e+00		1.497938e-67		1.019663e-97		0.000000e+00		0.000000e+00		0.000000e+00		0.000000e+00		0.000000e+00		0.000000e+00		0.000000e+00		0.000000e+00		0.000000e+00		0.000000e+00		7.465177e-19		0.000000e+00		0.000000e+00		0.000000e+00		3.648554e+01		8.366710e-13		4.991292e-11		2.112679e-08		1.061558e+02		4.894647e+01		8.207951e-04		7.316254e-08		2.733856e-21		3.986941e-08		1.315756e-06		1.065206e-09		5.735315e-12		1.118047e-02		6.222189e-13		2.469898e-13		2.925275e-02		4.170252e-13		4.429193e-16		5.168514e-20		1.987745e-23		6.314070e-31		1.376816e-66		1.235258e-30		1.397000e-30		0.000000e+00		0.000000e+00		0.000000e+00		0.000000e+00		1.429320e+15
55.000000		6.887531e+07		5.815016e+09		1.079329e+11		2.432260e+00		6.370647e+11		1.649932e+07		3.665238e+03		5.481888e+02		7.216432e+06		1.845797e-02		9.361213e+13		1.382158e+12		2.399703e+01		4.347573e-01		2.114550e-08		1.423869e-04		4.106839e-05		1.415827e-02		1.058237e-03		2.428377e+07		1.106116e-04		4.591892e-01		3.303035e-02		1.743690e-10		2.988602e-11		1.087786e-14		1.337249e-45		1.411343e-12		1.100604e-06		5.678079e-14		1.643624e-06		7.824287e-09		7.597491e+00		2.270293e+00		2.230752e+00		9.635511e-04		6.199217e-05		3.778465e-05		0.000000e+00		0.000000e+00		4.203414e-73		1.604397e-102		0.000000e+00		0.000000e+00		0.000000e+00		0.000000e+00		4.193158e-23		0.000000e+00		0.000000e+00		0.000000e+00		0.000000e+00		0.000000e+00		4.653854e-19		0.000000e+00		0.000000e+00		0.000000e+00		2.944724e+01		2.102036e-13		2.401409e-11		6.996713e-09		5.796883e+01		2.731835e+01		3.053487e-04		1.884314e-08		1.782983e-22		9.141370e-09		1.909620e-07		1.034500e-10		4.471093e-13		8.903893e-03		1.113903e-12		2.049746e-13		2.383973e-02		1.068855e-13		7.524205e-17		1.658551e-20		1.562069e-23		2.171274e-31		2.109155e-68		2.352747e-31		2.137972e-31		0.000000e+00		0.000000e+00		0.000000e+00		0.000000e+00		9.499437e+14
57.000000		5.333316e+07		3.862683e+09		1.342321e+11		2.692552e+00		4.870304e+11		1.063586e+07		1.406478e+03		1.735922e+02		3.159070e+06		1.823893e-03		6.202604e+13		1.108356e+12		5.521278e+01		1.612307e-01		7.525188e-08		5.000085e-04		1.544546e-04		9.285873e-02		2.581349e-03		1.526660e+07		7.251749e-05		2.088503e-01		6.583858e-03		1.913882e-10		3.738600e-11		3.472665e-15		4.485202e-45		3.852716e-12		3.629197e-06		9.090830e-14		2.618925e-06		4.720137e-09		4.608639e+00		3.615565e+00		2.141765e+00		1.279115e-03		3.747943e-05		3.682049e-05		0.000000e+00		0.000000e+00		1.179531e-78		2.524452e-107		0.000000e+00		0.000000e+00		0.000000e+00		0.000000e+00		1.753477e-22		0.000000e+00		0.000000e+00		0.000000e+00		0.000000e+00		0.000000e+00		2.795082e-19		0.000000e+00		0.000000e+00		0.000000e+00		2.270534e+01		5.135972e-14		1.151409e-11		2.233025e-09		3.149853e+01		1.502045e+01		1.118424e-04		4.716354e-09		1.107261e-23		2.087137e-09		2.684451e-08		9.705481e-12		3.459120e-14		6.908016e-03		2.127457e-12		1.738418e-13		1.881463e-02		2.965943e-14		1.223123e-17		1.099160e-20		1.550541e-23		9.846544e-32		4.513306e-70		4.679541e-32		3.269928e-32		0.000000e+00		0.000000e+00		0.000000e+00		0.000000e+00		6.313445e+14
59.000000		4.045065e+07		2.565707e+09		1.616303e+11		3.226069e+00		3.692679e+11		6.562680e+06		5.317476e+02		5.514713e+01		1.325151e+06		1.817768e-04		4.105970e+13		9.002073e+11		1.288335e+02		6.446938e-02		1.886524e-07		1.252047e-03		4.015809e-04		4.211374e-01		6.040058e-03		9.296517e+06		5.006574e-05		9.430386e-02		1.275954e-03		2.138039e-10		4.442093e-11		1.245549e-15		1.141571e-44		7.912552e-12		8.646029e-06		1.189240e-13		3.405373e-06		2.760989e-09		2.697264e+00		4.644565e+00		1.885483e+00		1.433491e-03		2.195593e-05		3.419626e-05		8.173918e-24		0.000000e+00		3.309904e-84		3.972111e-112		1.223328e-20		9.960367e-21		4.849423e-28		8.004696e-28		4.046785e-22		5.318589e-41		5.014736e-34		1.795452e-30		9.922404e-31		2.871704e-33		1.576659e-19		0.000000e+00		0.000000e+00		0.000000e+00		1.696589e+01		1.209917e-14		5.403747e-12		6.988506e-10		1.711692e+01		8.110706e+00		4.021207e-05		1.149671e-09		6.557632e-25		4.753473e-10		3.650613e-09		8.809423e-13		2.636007e-15		5.157934e-03		2.987006e-12		1.410123e-13		1.420705e-02		1.053359e-14		2.038392e-18		7.864984e-21		1.258727e-23		3.974521e-32		1.328843e-71		9.211547e-33		4.806165e-33		1.867359e-38		2.099500e-50		0.000000e+00		0.000000e+00		4.195994e+14
61.000000		3.028760e+07		1.704139e+09		1.885555e+11		4.292989e+00		2.751369e+11		3.842240e+06		1.976758e+02		1.754160e+01		5.312607e+05		1.819004e-05		2.714822e+13		7.388563e+11		2.194902e+02		3.360860e-02		3.252551e-07		2.145405e-03		7.024620e-04		1.267231e+00		1.020122e-02		5.392782e+06		3.761817e-05		4.475010e-02		2.432805e-04		1.790751e-10		3.738954e-11		3.359238e-16		2.191700e-44		1.179283e-11		1.412088e-05		1.141793e-13		3.244326e-06		1.538846e-09		1.496433e+00		4.843211e+00		1.535962e+00		1.340365e-03		1.224974e-05		2.975826e-05		2.125137e-23		9.134906e-65		9.287980e-90		6.249941e-117		2.366802e-20		1.499001e-20		7.723521e-28		1.203297e-27		6.506851e-22		5.186548e-41		3.193253e-34		1.482999e-30		7.778942e-31		9.348012e-34		8.054980e-20		0.000000e+00		0.000000e+00		0.000000e+00		1.239443e+01		2.764251e-15		2.486353e-12		2.179799e-10		9.347177e+00		4.276838e+00		1.411345e-05		2.720447e-10		3.677705e-26		1.085583e-10		4.766548e-10		7.692816e-14		1.964030e-16		3.699754e-03		2.957201e-12		1.030674e-13		1.026050e-02		4.253267e-15		3.592038e-19		4.238955e-21		7.568032e-24		1.224613e-32		4.555570e-73		1.780817e-33		6.789886e-34		3.797995e-38		6.272077e-50		0.000000e+00		0.000000e+00		2.788710e+14
63.000000		2.240034e+07		1.131829e+09		2.119825e+11		6.155345e+00		1.994519e+11		2.103067e+06		7.178687e+01		5.564079e+00		2.027511e+05		1.815691e-06		1.792318e+13		6.109041e+11		2.730128e+02		2.393159e-02		4.119535e-07		2.658575e-03		8.804211e-04		2.658660e+00		1.258712e-02		2.924404e+06		2.924232e-05		2.225204e-02		4.599131e-05		1.101495e-10		2.234705e-11		6.590489e-17		3.474628e-44		1.369033e-11		1.661093e-05		8.505536e-14		2.390837e-06		8.013567e-10		7.712097e-01		4.244957e+00		1.174173e+00		1.073573e-03		6.383320e-06		2.376539e-05		3.631932e-23		4.308597e-64		2.606311e-95		9.833990e-122		2.928744e-20		1.388190e-20		7.440752e-28		1.112016e-27		7.167469e-22		2.728410e-41		1.409961e-34		8.029909e-31		4.048425e-31		1.885478e-34		3.581957e-20		0.000000e+00		0.000000e+00		0.000000e+00		8.898167e+00		6.190807e-16		1.135187e-12		6.853328e-11		5.145084e+00		2.186683e+00		4.801592e-06		6.212304e-11		1.930661e-27		2.501370e-11		5.895265e-11		6.388491e-15		1.415512e-17		2.567240e-03		2.193541e-12		6.813867e-14		7.151369e-03		1.537868e-15		6.357599e-20		1.699161e-21		3.600064e-24		2.963262e-33		1.661628e-74		3.452082e-34		9.426480e-35		3.890882e-38		7.082454e-50		0.000000e+00		0.000000e+00		1.853409e+14
65.000000		1.630418e+07		7.516777e+08		2.281995e+11		8.971055e+00		1.393469e+11		1.059871e+06		2.529622e+01		1.748188e+00		7.337617e+04		1.788671e-07		1.181108e+13		5.069051e+11		2.601596e+02		1.857487e-02		4.086262e-07		2.524911e-03		8.414345e-04		4.094281e+00		1.193379e-02		1.458772e+06		2.164309e-05		1.097043e-02		8.663219e-06		5.136876e-11		9.883096e-12		9.718520e-18		4.870340e-44		1.317752e-11		1.487543e-05		5.334413e-14		1.476318e-06		3.834468e-10		3.628519e-01		3.271776e+00		8.558274e-01		7.683069e-04		3.055592e-06		1.712213e-05		5.177557e-23		4.731869e-64		8.045382e-101		1.547332e-126		2.913551e-20		9.879469e-21		5.441132e-28		7.897554e-28		5.476955e-22		9.944351e-42		5.505193e-35		3.592624e-31		1.740777e-31		2.948932e-35		1.345153e-20		0.000000e+00		0.000000e+00		0.000000e+00		6.294725e+00		1.371501e-16		5.211879e-13		2.185712e-11		2.855858e+00		1.076540e+00		1.572618e-06		1.360561e-11		9.371988e-29		5.878550e-12		6.813178e-12		4.981803e-16		9.738976e-19		1.740574e-03		1.300443e-12		4.263563e-14		4.868320e-03		4.490490e-16		1.036307e-20		5.329517e-22		1.483737e-24		6.024581e-34		6.470948e-76		6.910534e-35		1.320189e-35		2.610040e-38		4.191474e-50		0.000000e+00		0.000000e+00		1.231799e+14
67.000000		1.164627e+07		4.991769e+08		2.342270e+11		1.274234e+01		9.311306e+10		4.862119e+05		8.660107e+00		5.407135e-01		2.512828e+04		1.720090e-08		7.766224e+12		4.204609e+11		1.991329e+02		1.322786e-02		3.352196e-07		1.931083e-03		6.458308e-04		4.841718e+00		9.119355e-03		6.631692e+05		1.450788e-05		5.096652e-03		1.639307e-06		1.883807e-11		3.367291e-12		1.118975e-18		6.135007e-44		1.090319e-11		1.064595e-05		3.010947e-14		8.150958e-07		1.671021e-10		1.543347e-01		2.317997e+00		6.034131e-01		5.120094e-04		1.331868e-06		1.103076e-05		6.653192e-23		4.372040e-64		4.522928e-102		2.434657e-131		2.498906e-20		5.765736e-21		3.234635e-28		4.601141e-28		2.998317e-22		2.846912e-42		2.068234e-35		1.426380e-31		6.565734e-32		3.843027e-36		4.215623e-21		0.000000e+00		0.000000e+00		0.000000e+00		4.394491e+00		3.029094e-17		2.432453e-13		7.110275e-12		1.595217e+00		5.077223e-01		4.933277e-07		2.844538e-12		4.167527e-30		1.445926e-12		7.328430e-13		3.627831e-17		6.325086e-20		1.162720e-03		6.536325e-13		2.647057e-14		3.269881e-03		1.047245e-16		1.471800e-21		1.377095e-22		5.696168e-25		1.094213e-34		2.797421e-77		1.466204e-35		1.906835e-36		1.267193e-38		1.516340e-50		0.000000e+00		0.000000e+00		8.186691e+13
69.000000		8.170951e+06		3.314723e+08		2.290468e+11		1.737149e+01		5.920941e+10		2.019231e+05		2.929305e+00		1.640689e-01		8.146696e+03		1.603040e-09		5.093496e+12		3.474707e+11		1.275536e+02		8.259829e-03		2.394872e-07		1.239865e-03		4.155200e-04		4.579425e+00		5.852410e-03		2.743836e+05		8.709576e-06		2.187311e-03		3.175486e-07		5.620965e-12		9.164430e-13		1.043512e-19		6.773360e-44		7.922321e-12		6.348715e-06		1.582632e-14		4.155726e-07		6.636603e-11		5.927470e-02		1.566148e+00		4.161999e-01		3.278474e-04		5.290361e-07		6.356471e-06		8.111857e-23		4.051206e-64		2.995115e-102		3.832058e-136		1.935296e-20		2.887612e-21		1.640284e-28		2.301346e-28		1.226846e-22		7.061612e-43		7.928108e-36		5.271590e-32		2.266144e-32		4.448762e-37		1.109336e-21		0.000000e+00		0.000000e+00		0.000000e+00		3.031513e+00		6.725914e-18		1.163060e-13		2.382559e-12		8.937060e-01		2.288582e-01		1.478856e-07		5.665437e-13		1.690049e-31		3.909804e-13		7.441717e-14		2.489580e-18		3.854300e-21		7.690494e-04		3.197366e-13		1.669265e-14		2.181277e-03		1.990150e-17		1.794178e-22		3.061127e-23		2.112142e-25		1.850982e-35		1.398702e-78		3.357476e-36		2.886949e-37		4.757521e-39		3.737863e-51		0.000000e+00		0.000000e+00		5.440971e+13
71.000000		5.649963e+06		2.200929e+08		2.138936e+11		2.276893e+01		3.574110e+10		7.592957e+04		1.017522e+00		4.876942e-02		2.507543e+03		1.442283e-10		3.330756e+12		2.853791e+11		7.076622e+01		4.550405e-03		1.743020e-05		6.919127e-04		2.321765e-04		3.595073e+00		3.265157e-03		1.038398e+05		4.728174e-06		8.693691e-04		6.533148e-08		1.407165e-12		2.057632e-13		8.153941e-21		6.431643e-44		5.150990e-12		3.268867e-06		7.812066e-15		1.968865e-07		2.423289e-11		2.067069e-02		1.035492e+00		2.830696e-01		2.058239e-04		1.932225e-07		3.302513e-06		9.762107e-23		4.021892e-64		2.258230e-102		7.712785e-140		1.404423e-20		1.291909e-21		7.400230e-29		1.028643e-28		3.925873e-23		1.634783e-43		3.234039e-36		1.883909e-32		7.451091e-33		4.940938e-38		2.495402e-22		0.000000e+00		0.000000e+00		0.000000e+00		2.069824e+00		1.513471e-18		5.722715e-14		8.389782e-13		5.004588e-01		9.865450e-02		4.239032e-08		1.075612e-13		6.254913e-33		1.235528e-13		7.415909e-15		1.658127e-19		2.201131e-22		5.044932e-04		2.839106e-13		1.068721e-14		1.450376e-03		3.169916e-18		1.893833e-23		6.060524e-24		7.622714e-26		2.982515e-36		8.327929e-80		8.384860e-37		4.625852e-38		1.460365e-39		6.886735e-52		0.000000e+00		0.000000e+00		3.616137e+13
73.000000		3.865138e+06		1.461220e+08		1.915824e+11		2.891305e+01		2.046989e+10		2.595887e+04		3.876737e-01		1.418586e-02		7.360845e+02		1.249460e-11		2.170804e+12		2.325244e+11		3.497215e+01		2.253604e-03		1.872547e-03		3.453123e-04		1.159668e-04		2.420951e+00		1.629374e-03		3.626365e+04		2.359437e-06		3.235401e-04		1.518504e-08		3.036156e-13		3.919788e-14		5.502839e-22		5.344471e-44		3.054770e-12		1.496421e-06		3.626615e-15		8.659365e-08		8.250531e-12		6.606268e-03		6.800516e-01		1.908427e-01		1.283295e-04		6.583111e-08		1.567527e-06		1.191312e-22		4.399307e-64		1.976400e-102		4.978873e-140		9.806267e-21		5.331374e-22		3.071029e-29		4.242135e-29		1.025434e-23		3.699422e-44		1.433846e-36		6.680962e-33		2.419120e-33		5.783123e-39		4.909072e-23		0.000000e+00		0.000000e+00		0.000000e+00		1.401468e+00		3.469571e-19		2.900687e-14		3.232452e-13		2.792563e-01		4.079370e-02		1.165396e-08		1.952026e-14		2.123470e-34		4.710056e-14		7.765586e-16		1.133672e-20		1.180029e-23		3.279552e-04		5.906908e-13		6.876044e-15		9.629273e-04		4.354571e-19		1.762590e-24		1.097736e-24		2.675082e-26		4.628337e-37		5.993067e-81		2.294896e-37		7.865970e-39		3.838108e-40		1.960956e-52		0.000000e+00		0.000000e+00		2.403330e+13
75.000000		2.623668e+06		9.699446e+07		1.654420e+11		3.579706e+01		1.113020e+10		8.117549e+03		1.765195e-01		4.031333e-03		2.071923e+02		1.039958e-12		1.409576e+12		1.877039e+11		1.574152e+01		1.022916e-03		1.152219e-01		1.577031e-04		5.299152e-05		1.438530e+00		7.441335e-04		1.180904e+04		1.099103e-06		1.139731e-04		4.322172e-09		5.778452e-14		6.488919e-15		3.294352e-23		4.035763e-44		1.681412e-12		6.234993e-07		1.591645e-15		3.544164e-08		2.662893e-12		1.955711e-03		4.466908e-01		1.279707e-01		8.017680e-05		2.128097e-08		6.904997e-07		1.496285e-22		5.357282e-64		2.018167e-102		4.263188e-140		6.690866e-21		2.073696e-22		1.198984e-29		1.649273e-29		2.270038e-24		8.358235e-45		6.925382e-37		2.382456e-33		8.017538e-34		7.903227e-40		8.643521e-24		0.000000e+00		0.000000e+00		0.000000e+00		9.429703e-01		8.118351e-20		1.512252e-14		1.459924e-13		1.548189e-01		1.625811e-02		3.087566e-09		3.400647e-15		6.666647e-36		2.111422e-14		9.353492e-17		8.650308e-22		5.956385e-25		2.107410e-04		1.347166e-12		4.401573e-15		6.388191e-04		5.296104e-20		1.474638e-25		1.856301e-25		9.147586e-27		6.966336e-38		5.240806e-82		6.898269e-38		1.415603e-39		8.933653e-41		1.599345e-51		0.000000e+00		0.000000e+00		1.597281e+13
77.000000		1.770553e+06		6.436567e+07		1.384462e+11		4.329085e+01		5.751179e+09		2.336404e+03		1.018840e-01		1.116811e-03		5.624414e+01		8.339156e-14		9.116228e+11		1.499495e+11		6.566540e+00		4.327710e-04		2.538453e+00		6.713473e-05		2.256818e-05		7.723082e-01		3.168056e-04		3.624300e+03		4.833802e-07		3.829393e-05		1.589478e-09		9.895430e-15		9.526078e-16		1.792039e-24		2.870858e-44		8.709839e-13		2.408420e-07		6.667955e-16		1.359013e-08		8.279752e-13		5.420650e-04		2.941164e-01		8.552776e-02		5.050002e-05		6.638397e-09		2.867735e-07		1.943494e-22		7.252029e-64		2.393063e-102		4.428063e-140		4.486748e-21		7.689424e-23		4.457019e-30		6.113737e-30		4.396225e-25		1.893470e-45		3.608956e-37		8.565318e-34		2.825764e-34		1.346249e-40		1.391233e-24		0.000000e+00		0.000000e+00		0.000000e+00		6.316551e-01		1.937600e-20		8.085473e-15		8.283262e-14		8.498856e-02		6.282480e-03		7.929917e-10		5.715931e-16		1.955194e-37		1.053882e-14		1.383854e-17		7.976396e-23		2.841142e-26		1.334396e-04		2.983257e-12		2.783445e-15		4.236138e-04		5.835777e-21		1.127835e-26		2.975859e-26		3.067607e-27		1.024075e-38		5.580912e-83		2.280826e-38		2.680961e-40		1.880674e-41		8.796602e-51		0.000000e+00		0.000000e+00		1.061573e+13
79.000000		1.189271e+06		4.269426e+07		1.127876e+11		5.105334e+01		2.824188e+09		6.219139e+02		7.292729e-02		3.006010e-04		1.480796e+01		6.682563e-15		5.870976e+11		1.184366e+11		2.572795e+00		1.730811e-04		2.674108e+01		2.703982e-05		9.092988e-06		3.820799e-01		1.276166e-04		1.058997e+03		2.022205e-07		1.232790e-05		7.352407e-10		1.551033e-15		1.262106e-16		9.053416e-26		1.974246e-44		4.290632e-13		8.750624e-08		2.697625e-16		4.925523e-09		2.513095e-13		1.421080e-04		1.941576e-01		5.704499e-02		3.216249e-05		2.027254e-09		1.138912e-07		2.599418e-22		1.075554e-63		3.228636e-102		5.434645e-140		2.944481e-21		2.719954e-23		1.579185e-30		2.162139e-30		7.645905e-26		4.273104e-46		1.995089e-37		3.080922e-34		1.126313e-34		2.785724e-41		2.084854e-25		0.000000e+00		0.000000e+00		0.000000e+00		4.218602e-01		4.707750e-21		4.418773e-15		5.898450e-14		4.597146e-02		2.368732e-03		1.986798e-10		9.316392e-17		5.413807e-39		5.598185e-15		2.478860e-18		9.000230e-24		1.284420e-27		8.302627e-05		6.812526e-12		1.731159e-15		2.808177e-04		5.942521e-22		7.993880e-28		4.576076e-27		1.017412e-27		1.481595e-39		7.250993e-84		8.308256e-39		5.307742e-41		3.611622e-42		2.184076e-50		0.000000e+00		0.000000e+00		7.055347e+12
81.000000		7.957099e+05		2.830064e+07		8.981674e+10		5.862908e+01		1.311661e+09		1.530019e+02		5.994400e-02		7.797557e-05		3.801369e+00		6.722917e-16		3.764664e+11		9.244049e+10		9.564454e-01		6.620264e-05		1.737089e+02		1.042971e-05		3.508575e-06		1.770730e-01		4.923238e-05		2.973114e+02		8.097593e-08		3.814850e-06		3.944686e-10		2.258241e-16		1.532171e-17		4.331218e-27		1.333689e-44		2.026342e-13		3.025707e-08		1.066006e-16		1.702886e-09		7.516213e-14		3.557108e-05		1.284395e-01		3.799933e-02		2.071559e-05		6.129558e-10		4.381460e-08		3.527883e-22		1.690994e-63		4.730568e-102		7.420777e-140		1.854565e-21		9.041055e-24		5.254972e-31		7.185886e-31		1.220140e-26		9.447294e-47		1.141326e-37		1.083771e-34		5.443590e-35		6.361822e-42		2.953815e-26		0.000000e+00		0.000000e+00		0.000000e+00		2.812086e-01		1.161605e-21		2.460302e-15		4.887877e-14		2.428245e-02		8.749185e-04		4.875170e-11		1.475843e-17		1.425143e-40		3.082511e-15		4.999659e-19		1.168451e-24		5.485592e-29		5.068368e-05		1.467304e-11		1.056664e-15		1.861084e-04		5.676133e-23		5.305080e-29		6.812177e-28		3.365419e-28		2.126400e-40		1.150147e-84		3.336812e-39		1.091245e-41		6.289969e-43		3.102828e-50		0.000000e+00		0.000000e+00		4.689072e+12
83.000000		5.305608e+05		1.874130e+07		7.016797e+10		6.571654e+01		5.631658e+08		3.413153e+01		5.288782e-02		1.899422e-05		9.561035e-01		1.514388e-16		2.403468e+11		7.129459e+10		3.398955e-01		2.445304e-05		8.423030e+02		3.890844e-06		1.309581e-06		7.794652e-02		1.837025e-05		8.084661e+01		3.127597e-08		1.138735e-06		2.286820e-10		3.092559e-17		1.725583e-18		1.994071e-28		8.930447e-45		9.236985e-14		1.005259e-08		4.155681e-17		5.664751e-10		2.230633e-14		8.573839e-06		8.509480e-02		2.529214e-02		1.347141e-05		1.852908e-10		1.655764e-08		4.726865e-22		2.660085e-63		6.924243e-102		1.010677e-139		1.066150e-21		2.699566e-24		1.570234e-31		2.145430e-31		1.818018e-27		1.985611e-47		6.514823e-38		3.534634e-35		3.231872e-35		1.427655e-42		4.006818e-27		0.000000e+00		0.000000e+00		0.000000e+00		1.872297e-01		2.903196e-22		1.391260e-15		4.365953e-14		1.226284e-02		3.136441e-04		1.160626e-11		2.246243e-18		3.518226e-42		1.735687e-15		1.051184e-19		1.608510e-25		2.146768e-30		3.035653e-05		2.797642e-11		6.328578e-16		1.233130e-04		5.086225e-24		3.296571e-30		9.889137e-29		1.118115e-28		3.050039e-41		2.218092e-85		1.474975e-39		2.315181e-42		9.660269e-44		2.957761e-50		0.000000e+00		0.000000e+00		3.116416e+12
85.000000		3.526205e+05		1.239336e+07		5.394769e+10		7.225169e+01		2.029419e+08		6.288917e+00		4.822717e-02		3.933117e-06		2.366014e-01		6.999300e-17		1.527667e+11		5.435376e+10		1.160741e-01		8.793228e-06		3.782819e+03		1.415213e-06		4.770726e-07		3.297289e-02		6.683449e-06		2.143861e+01		1.175124e-08		3.291978e-07		1.375776e-10		4.024050e-18		1.816180e-19		8.939646e-30		5.955023e-45		4.089244e-14		3.235108e-09		1.610944e-17		1.827323e-10		6.606133e-15		2.004825e-06		5.643699e-02		1.682560e-02		8.824258e-06		5.651933e-11		6.247644e-09		6.026909e-22		3.877923e-63		9.049460e-102		1.184153e-139		4.896259e-22		6.793009e-25		3.953164e-32		5.398281e-32		2.566145e-28		3.797221e-48		3.537895e-38		9.327265e-36		2.276905e-35		2.835077e-43		5.257093e-28		0.000000e+00		0.000000e+00		0.000000e+00		1.245708e-01		7.330254e-23		7.966850e-16		4.027477e-14		5.565949e-03		1.007392e-04		2.474482e-12		3.024096e-19		7.257731e-44		9.922341e-16		2.048038e-20		2.089329e-26		6.614785e-32		1.786495e-05		4.843824e-11		3.724363e-16		8.168892e-05		3.981909e-25		1.810476e-31		1.408096e-29		3.750870e-29		4.399512e-42		5.137673e-86		7.133673e-40		5.038740e-43		1.281818e-44		2.293318e-50		0.000000e+00		0.000000e+00		2.071206e+12
87.000000		2.335717e+05		8.178915e+06		4.092726e+10		7.811748e+01		2.835549e+07		4.443828e-01		4.454170e-02		3.189434e-07		5.781411e-02		3.905917e-17		9.667095e+10		4.098376e+10		3.822230e-02		3.099933e-06		1.695387e+05		5.068424e-07		1.862119e-07		1.353644e-02		2.386374e-06		5.575112e+00		4.319992e-09		9.251934e-08		8.400777e-11		5.019179e-19		1.761645e-20		3.929905e-31		3.963485e-45		1.768068e-14		1.015215e-09		6.245966e-18		5.754659e-11		1.956763e-15		4.576667e-07		3.745713e-02		1.118951e-02		5.809448e-06		1.751573e-11		2.394086e-09		7.109960e-22		4.926322e-63		9.632104e-102		1.056030e-139		8.221902e-23		1.674690e-24		1.074902e-31		1.463640e-31		3.592576e-29		5.717648e-49		1.809129e-38		9.282369e-37		3.431667e-35		0.000000e+00		6.725655e-29		0.000000e+00		0.000000e+00		0.000000e+00		8.285466e-02		1.864777e-23		4.607084e-16		3.758495e-14		1.738426e-03		1.171336e-05		1.908653e-13		1.450548e-20		6.098582e-46		5.733325e-16		1.485133e-21		1.253661e-27		6.087308e-34		1.035665e-05		3.044447e-10		2.159085e-16		5.410522e-05		1.127984e-26		4.736023e-33		1.975670e-30		1.275006e-29		6.410743e-43		1.399602e-86		3.736572e-40		1.118731e-43		4.831675e-45		5.104883e-49		0.000000e+00		0.000000e+00		1.376550e+12
89.000000		1.541169e+05		5.381853e+06		3.064532e+10		8.501923e+01		1.816271e+04		2.807066e-04		4.219506e-02		1.199245e-10		1.399114e-02		2.331750e-17		6.090788e+10		3.051311e+10		1.220443e-02		1.081877e-06		6.616859e+07		5.775419e-07		3.717298e-06		5.438193e-03		8.422712e-07		1.428228e+00		1.590067e-09		2.547366e-08		5.261802e-11		6.947328e-20		3.898846e-21		1.734497e-32		2.635820e-45		7.531478e-15		3.128975e-10		2.440383e-18		1.782794e-11		5.911707e-16		1.025287e-07		2.487210e-02		7.439709e-03		3.837459e-06		5.684668e-12		9.392473e-10		5.279244e-22		2.405570e-63		2.324823e-102		1.259982e-140		3.684143e-25		8.154923e-28		4.748293e-35		6.480149e-35		4.594839e-30		1.120003e-51		5.824629e-39		2.386472e-39		2.288076e-35		2.317613e-46		8.443676e-30		0.000000e+00		0.000000e+00		0.000000e+00		5.507513e-02		4.774744e-24		2.688465e-16		3.599276e-14		7.936152e-06		7.051386e-09		7.591922e-17		3.591423e-24		4.113947e-48		3.344800e-16		3.173270e-24		2.540508e-29		3.548904e-36		5.933872e-06		9.823141e-11		1.237056e-16		3.582987e-05		1.171349e-29		5.280066e-35		2.745121e-31		4.422398e-30		9.490104e-44		4.364640e-87		2.091792e-40		2.529570e-44		1.650657e-48		9.091075e-50		0.000000e+00		0.000000e+00		9.148721e+11
91.000000		1.011894e+05		3.526430e+06		2.269192e+10		9.365683e+01		3.774043e+02		1.530931e-06		4.091817e-02		1.465646e-12		3.362018e-03		1.459288e-17		3.822311e+10		2.246868e+10		3.776722e-03		3.753721e-07		1.116521e+08		4.586666e-07		3.650646e-06		2.153676e-03		2.950396e-07		3.617331e-01		5.901520e-10		6.907626e-09		3.373769e-11		1.209827e-20		1.164463e-21		7.723369e-34		1.752258e-45		3.172722e-15		9.508936e-11		9.629949e-19		5.456992e-12		1.832380e-16		2.263475e-08		1.652068e-02		4.945813e-03		2.540422e-06		1.942367e-12		3.858131e-10		3.511080e-22		9.508390e-64		4.061832e-103		9.731246e-142		2.210326e-27		2.454465e-31		1.429345e-38		1.950361e-38		5.815718e-31		5.937308e-53		1.815023e-39		8.438493e-42		1.520660e-35		6.315469e-50		1.045360e-30		0.000000e+00		0.000000e+00		0.000000e+00		3.660424e-02		1.226921e-24		1.578469e-16		3.537329e-14		1.730942e-07		5.966349e-10		4.129415e-18		1.141239e-25		2.775155e-50		1.963339e-16		3.559783e-26		5.171922e-31		2.069019e-38		3.373862e-06		2.169887e-11		7.033625e-17		2.372485e-05		4.080315e-32		5.894990e-37		3.789774e-32		1.566364e-30		1.430030e-44		1.514080e-87		1.234090e-40		5.791716e-45		3.337396e-52		4.419070e-53		0.000000e+00		0.000000e+00		6.080347e+11
93.000000		6.599126e+04		2.296561e+06		1.660952e+10		1.043692e+02		1.213575e+02		2.261873e-07		4.045283e-02		2.790812e-13		8.043299e-04		9.484077e-18		2.392492e+10		1.636206e+10		1.133642e-03		1.302547e-07		1.237506e+08		2.814933e-07		2.386316e-06		8.465977e-04		1.031136e-07		9.084267e-02		2.217407e-10		1.851322e-09		2.206246e-11		2.682061e-21		3.477886e-22		3.462895e-35		1.164704e-45		1.330780e-15		2.862864e-11		3.856313e-19		1.659609e-12		5.833916e-17		4.940673e-09		1.097579e-02		3.287595e-03		1.684303e-06		7.039170e-13		1.691191e-10		2.333520e-22		3.790060e-64		7.151554e-104		7.568079e-143		2.184484e-28		6.128417e-34		3.569190e-41		4.869657e-41		7.269251e-32		5.086436e-54		5.718716e-40		4.937462e-43		1.010638e-35		1.372945e-52		1.281052e-31		0.000000e+00		0.000000e+00		0.000000e+00		2.432802e-02		3.159925e-25		9.312370e-17		3.562183e-14		6.837984e-08		1.787528e-10		8.044985e-19		1.289882e-26		1.872044e-52		1.157896e-16		5.970053e-27		1.130644e-32		1.206254e-40		1.914075e-06		1.120459e-11		3.990362e-17		1.570959e-05		2.149881e-33		6.717886e-39		5.216493e-33		5.695487e-31		2.199314e-45		5.691855e-88		7.575076e-41		1.339118e-45		6.148137e-56		1.321622e-56		0.000000e+00		0.000000e+00		4.041075e+11
95.000000		4.262144e+04		1.482205e+06		1.198482e+10		1.159781e+02		4.667788e+01		4.170701e-08		4.014285e-02		6.386130e-14		1.924562e-04		6.211087e-18		1.498779e+10		1.175452e+10		3.311532e-04		4.557535e-08		1.151634e+08		1.513126e-07		1.318709e-06		3.330666e-04		3.623817e-08		2.269998e-02		8.394742e-11		4.914077e-10		1.449194e-11		6.957330e-22		1.025846e-22		1.561042e-36		7.741151e-46		5.615219e-16		8.591515e-12		1.580459e-19		5.052588e-13		1.888326e-17		1.069891e-09		7.292994e-03		2.185198e-03		1.117914e-06		2.735857e-13		8.025617e-11		1.550887e-22		1.528413e-64		1.273891e-104		5.954613e-144		7.039676e-29		8.110448e-35		4.723825e-42		6.444525e-42		8.985003e-33		5.170698e-55		1.843017e-40		9.465816e-44		6.716799e-36		1.651625e-53		1.558431e-32		0.000000e+00		0.000000e+00		0.000000e+00		1.616893e-02		8.166649e-26		5.520571e-17		3.631504e-14		3.602020e-08		6.506871e-11		1.905059e-19		1.716200e-27		1.262833e-54		6.860839e-17		1.429413e-27		3.730425e-34		7.032672e-43		1.092723e-06		6.342054e-12		2.278058e-17		1.040455e-05		1.827672e-34		8.499040e-41		7.196088e-34		2.150017e-31		3.473441e-46		2.269880e-88		4.787264e-41		3.126328e-46		5.495834e-59		1.410390e-59		0.000000e+00		0.000000e+00		2.685749e+11
97.000000		2.713325e+04		9.438001e+05		8.486632e+09		1.266954e+02		2.006857e+01		8.438187e-09		3.939721e-02		1.640523e-14		4.692911e-05		3.982815e-18		9.458684e+09		8.295605e+09		9.572708e-05		1.637386e-08		9.552189e+07		7.396838e-08		6.533665e-07		1.342161e-04		1.309519e-08		5.734092e-03		3.230111e-11		1.310274e-10		9.423986e-12		1.947732e-22		2.988061e-23		7.068166e-38		5.144978e-46		2.436047e-16		2.611892e-12		6.767259e-20		1.567662e-13		6.211182e-18		2.327190e-10		4.846396e-03		1.452393e-03		7.425858e-07		1.161311e-13		4.194741e-11		1.030739e-22		6.254948e-65		2.302778e-105		4.754550e-145		2.576962e-29		1.439181e-35		8.382678e-43		1.143561e-42		1.103211e-33		6.115240e-56		6.214631e-41		2.070376e-44		4.464060e-36		2.701316e-54		1.890387e-33		0.000000e+00		0.000000e+00		0.000000e+00		1.074618e-02		2.127351e-26		3.288966e-17		3.711691e-14		2.094814e-08		2.779107e-11		5.291958e-20		2.578281e-28		8.518800e-57		4.084446e-17		3.980043e-28		3.405088e-35		4.100549e-45		6.369888e-07		4.047437e-12		1.327970e-17		6.894932e-06		1.879907e-35		1.684064e-42		1.008809e-34		8.640540e-32		5.732224e-47		9.451869e-89		3.090715e-41		7.371610e-47		3.995107e-60		1.147723e-60		0.000000e+00		0.000000e+00		1.784982e+11
99.000000		1.689161e+04		5.886100e+05		5.856741e+09		1.362954e+02		9.674898e+00		1.866034e-09		3.828040e-02		4.741254e-15		1.343986e-05		2.507551e-18		6.078007e+09		5.713647e+09		3.131972e-05		6.734945e-09		7.155265e+07		3.321553e-08		2.939378e-07		6.386598e-05		5.616689e-09		1.680330e-03		1.460871e-11		4.021600e-11		6.075658e-12		6.402256e-23		9.866166e-24		3.354665e-39		3.419447e-46		1.258723e-16		9.245110e-13		3.513136e-20		5.721363e-14		2.391032e-18		5.825020e-11		3.220794e-03		9.653025e-04		4.935150e-07		5.581419e-14		2.462068e-11		6.850423e-23		2.609201e-65		4.243007e-106		3.869656e-146		1.022949e-29		3.110819e-36		1.811983e-43		2.471821e-43		1.489563e-34		1.065558e-56		2.461764e-41		4.926936e-45		2.966868e-36		5.467145e-55		2.528902e-34		0.000000e+00		0.000000e+00		0.000000e+00		7.142088e-03		5.725608e-27		1.968265e-17		3.837923e-14		1.328199e-08		1.434375e-11		1.773632e-20		4.463950e-29		5.785481e-59		2.441555e-17		1.326789e-28		6.523417e-36		2.407257e-47		3.889027e-07		3.000396e-12		8.107723e-18		4.574105e-06		2.765373e-36		9.425756e-44		1.636749e-35		4.319897e-32		1.140776e-47		4.081096e-89		2.027700e-41		1.766815e-47		5.944120e-61		1.853118e-61		0.000000e+00		0.000000e+00		1.186321e+11
