# z		 z0		 z1		 T		 P		1		2		3		4		5		6		7		8		9		10		11		12		13		14		15		16		17		18		19		20		21		22		23		24		25		26		27		28		29		30		31		32		33		34		35		36		37		38		39		40		41		42		43		44		45		46		47		48		49		50		51		52		53		54		55		56		57		58		59		60		61		62		63		64		65		66		67		68		69		70		71		72		73		74		75		76		77		78		79		80		81		82		83		84		85		86		87		88		89		90		91		92		93		94		95		96		97		98		99		100		101		102		103		104		105		106		107		108		109		110		111		
#  km		 km		 km		 K		 Pa		
1.000000 0.000000 2.000000 303.687834 9.457176e+04 9.877612e+03 5.353215e-07 7.569575e+08 6.041308e+05 6.142897e+00 2.692411e+04 4.511053e+17 1.846023e-08 8.997637e-07 1.118127e-10 2.417387e+06 6.891646e+03 2.203208e-03 1.289439e-09 7.095660e-23 1.036387e+03 4.031826e+01 1.690801e-03 4.854412e-19 1.529873e+12 1.614358e+12 1.918074e+09 2.116147e-01 4.026322e+08 2.464137e-08 2.136531e-40 2.820190e-06 3.678035e-09 2.298136e+00 9.421229e-01 5.123658e+05 4.600853e-14 9.632391e+01 6.489840e-01 8.090993e+04 5.507357e-01 6.375402e-02 6.273582e-16 4.305575e-15 0.000000e+00 1.938297e-33 0.000000e+00 0.000000e+00 0.000000e+00 0.000000e+00 0.000000e+00 0.000000e+00 0.000000e+00 2.864646e-37 4.271459e-55 0.000000e+00 2.255526e+18 3.243440e+14 7.731669e+01 2.029973e+19 6.380112e-11 8.100586e-06 3.000849e-15 3.020096e-07 3.827187e+04 1.223712e+07 4.148251e+03 1.124209e+09 4.582058e-17 6.843564e-01 1.167448e-05 1.682547e-21 0.000000e+00 0.000000e+00 8.753915e-14 4.571982e-11 1.384379e-07 0.000000e+00 0.000000e+00 0.000000e+00 4.470394e-36 0.000000e+00 0.000000e+00 0.000000e+00 4.561300e-09 0.000000e+00 0.000000e+00 0.000000e+00 0.000000e+00 0.000000e+00 0.000000e+00 0.000000e+00 0.000000e+00 0.000000e+00 0.000000e+00 0.000000e+00 0.000000e+00 0.000000e+00 0.000000e+00 0.000000e+00 0.000000e+00 0.000000e+00 0.000000e+00 0.000000e+00 0.000000e+00 0.000000e+00 0.000000e+00 0.000000e+00 0.000000e+00 0.000000e+00 7.576528e-47 5.310286e-27 5.954851e-26 1.295406e-09 1.079516e-18 0.000000e+00
3.000000 2.000000 4.000000 295.910202 7.480135e+04 4.979426e+05 1.166010e-03 5.804567e+08 4.782123e+05 1.944794e+02 2.248441e+04 1.149014e+17 1.066858e-08 9.946794e-06 2.115104e-09 1.984681e+06 6.014219e+03 5.152058e-02 5.284844e-07 1.174491e-18 7.459282e+02 2.382957e+01 3.195990e-02 1.044118e-18 1.339622e+12 1.309713e+12 1.297208e+09 2.035469e+00 3.138443e+08 2.679919e-07 1.021859e-39 7.741851e-06 1.977679e-08 1.865086e+00 6.876150e-01 4.016474e+05 1.427830e-13 1.903047e+02 8.638518e-01 5.967350e+04 3.498412e-01 5.305612e-02 9.510906e-16 5.901791e-13 0.000000e+00 0.000000e+00 0.000000e+00 0.000000e+00 0.000000e+00 0.000000e+00 0.000000e+00 0.000000e+00 0.000000e+00 1.038733e-36 2.710773e-55 0.000000e+00 1.830884e+18 2.631754e+14 3.786990e+03 1.647806e+19 1.079953e-10 8.206545e-07 5.669994e-15 1.812365e-07 2.676874e+04 9.169191e+06 2.297716e+03 9.121782e+08 8.315146e-16 2.965764e-01 6.655992e-05 3.631152e-22 0.000000e+00 0.000000e+00 1.828867e-10 1.510148e-09 1.017134e-06 0.000000e+00 0.000000e+00 0.000000e+00 0.000000e+00 0.000000e+00 0.000000e+00 0.000000e+00 5.104263e-09 0.000000e+00 0.000000e+00 0.000000e+00 0.000000e+00 0.000000e+00 0.000000e+00 0.000000e+00 0.000000e+00 0.000000e+00 0.000000e+00 0.000000e+00 0.000000e+00 0.000000e+00 0.000000e+00 0.000000e+00 0.000000e+00 0.000000e+00 0.000000e+00 0.000000e+00 0.000000e+00 0.000000e+00 0.000000e+00 0.000000e+00 0.000000e+00 0.000000e+00 9.133950e-46 2.906974e-25 3.280357e-24 2.548783e-09 1.141328e-18 0.000000e+00
5.000000 4.000000 6.000000 287.698056 5.876264e+04 6.467254e+06 3.408182e-01 7.578913e+08 6.996352e+05 2.854073e+03 4.104762e+04 6.801403e+16 3.351928e-09 3.734181e-05 9.665750e-09 1.654814e+06 5.276352e+03 4.026664e-01 4.188994e-05 2.270138e-15 5.015266e+02 2.596370e+01 2.125974e-01 5.581063e-18 1.231740e+12 1.057462e+12 1.050231e+09 1.040917e+01 2.228206e+08 2.972915e-06 4.222439e-39 3.477317e-05 1.152387e-07 1.626383e+00 5.235775e-01 3.044854e+05 1.495165e-12 4.679033e+02 1.697920e+00 3.281898e+04 1.692184e-01 4.422377e-02 1.341814e-15 7.723342e-12 0.000000e+00 0.000000e+00 0.000000e+00 0.000000e+00 0.000000e+00 0.000000e+00 0.000000e+00 0.000000e+00 0.000000e+00 5.993229e-36 3.124010e-55 0.000000e+00 1.479361e+18 2.124965e+14 1.237028e+05 1.331437e+19 1.430156e-10 2.559039e-08 1.546626e-14 2.124613e-07 2.003725e+04 7.032253e+06 1.370284e+03 4.026070e+08 9.002724e-15 1.398177e-01 2.398261e-04 4.623295e-23 0.000000e+00 0.000000e+00 7.025488e-08 3.530142e-08 5.783556e-06 0.000000e+00 0.000000e+00 0.000000e+00 0.000000e+00 0.000000e+00 0.000000e+00 0.000000e+00 5.674314e-09 0.000000e+00 0.000000e+00 0.000000e+00 0.000000e+00 0.000000e+00 0.000000e+00 0.000000e+00 0.000000e+00 0.000000e+00 0.000000e+00 0.000000e+00 0.000000e+00 0.000000e+00 0.000000e+00 0.000000e+00 0.000000e+00 0.000000e+00 0.000000e+00 0.000000e+00 0.000000e+00 0.000000e+00 0.000000e+00 0.000000e+00 0.000000e+00 0.000000e+00 1.530984e-44 3.763769e-24 4.807717e-23 5.236337e-09 1.648812e-18 0.000000e+00
7.000000 6.000000 8.000000 278.892391 4.582836e+04 5.169482e+07 4.404285e+01 8.893679e+08 9.640162e+05 2.743884e+04 1.168560e+05 3.713914e+16 4.844502e-09 9.139205e-05 2.945042e-08 1.412900e+06 4.714796e+03 2.199606e+00 1.497449e-03 1.445954e-12 2.534663e+02 2.739637e+01 1.049655e+00 2.488055e-17 1.189721e+12 8.498977e+11 7.600913e+08 4.516311e+01 1.419529e+08 3.845924e-05 1.355980e-38 1.639955e-04 4.913240e-07 1.491831e+00 3.779029e-01 2.257660e+05 2.415330e-11 1.284913e+03 4.045067e+00 1.747327e+04 1.422391e-01 3.697264e-02 1.647819e-15 4.827558e-11 0.000000e+00 0.000000e+00 0.000000e+00 0.000000e+00 0.000000e+00 0.000000e+00 0.000000e+00 0.000000e+00 0.000000e+00 4.891326e-35 8.749925e-55 0.000000e+00 1.190164e+18 1.707596e+14 2.584426e+06 1.071158e+19 4.531157e-10 4.557057e-09 3.874717e-14 2.328833e-07 1.509273e+04 5.404160e+06 7.754136e+02 9.316728e+07 1.030209e-13 6.482634e-02 6.175607e-04 3.545333e-23 0.000000e+00 0.000000e+00 1.717406e-05 5.279981e-07 3.328155e-05 0.000000e+00 0.000000e+00 0.000000e+00 0.000000e+00 0.000000e+00 0.000000e+00 0.000000e+00 5.867733e-09 0.000000e+00 0.000000e+00 0.000000e+00 0.000000e+00 0.000000e+00 0.000000e+00 0.000000e+00 0.000000e+00 0.000000e+00 0.000000e+00 0.000000e+00 0.000000e+00 0.000000e+00 0.000000e+00 0.000000e+00 0.000000e+00 0.000000e+00 0.000000e+00 0.000000e+00 0.000000e+00 0.000000e+00 0.000000e+00 0.000000e+00 0.000000e+00 0.000000e+00 3.059183e-43 2.746153e-23 3.881712e-22 9.160109e-09 2.904707e-18 0.000000e+00
9.000000 8.000000 10.000000 269.587387 3.544861e+04 1.720331e+08 1.405199e+03 8.381355e+08 1.100902e+06 1.806641e+05 1.384220e+06 1.686911e+16 2.850031e-08 1.348554e-04 6.095774e-08 1.242785e+06 4.206707e+03 6.162625e+00 1.239583e-02 1.425061e-10 9.391770e+01 2.424487e+01 3.552263e+00 6.758144e-17 1.185122e+12 6.792656e+11 4.313388e+08 1.736314e+02 8.184643e+07 5.664617e-04 1.793663e-38 4.590630e-04 8.974594e-07 1.312845e+00 2.321484e-01 1.661960e+05 1.992258e-10 3.132452e+03 8.913922e+00 8.413383e+03 2.083826e-01 3.101328e-02 1.531366e-15 1.012086e-10 0.000000e+00 4.436855e-33 0.000000e+00 0.000000e+00 0.000000e+00 0.000000e+00 0.000000e+00 0.000000e+00 0.000000e+00 5.220722e-34 6.442947e-54 0.000000e+00 9.523749e+17 1.364134e+14 2.573310e+07 8.571487e+18 1.247309e-08 6.606842e-09 7.283593e-14 1.964428e-07 1.069442e+04 3.948434e+06 4.178591e+02 2.984151e+07 7.818201e-13 2.966271e-02 8.893546e-04 1.171219e-22 0.000000e+00 0.000000e+00 5.993160e-03 3.530253e-06 1.773989e-04 0.000000e+00 0.000000e+00 0.000000e+00 4.481259e-35 0.000000e+00 0.000000e+00 0.000000e+00 5.141117e-09 0.000000e+00 0.000000e+00 0.000000e+00 0.000000e+00 0.000000e+00 0.000000e+00 0.000000e+00 0.000000e+00 0.000000e+00 0.000000e+00 0.000000e+00 0.000000e+00 0.000000e+00 0.000000e+00 0.000000e+00 0.000000e+00 0.000000e+00 0.000000e+00 0.000000e+00 0.000000e+00 0.000000e+00 0.000000e+00 0.000000e+00 0.000000e+00 0.000000e+00 7.020352e-42 1.951433e-22 1.769151e-21 1.376493e-08 5.130275e-18 0.000000e+00
11.000000 10.000000 12.000000 259.207710 2.716365e+04 2.161234e+08 1.804701e+05 4.921065e+08 2.635078e+06 1.056380e+07 3.773179e+07 5.969012e+15 9.140526e-08 1.236474e-04 1.160346e-07 1.168630e+06 3.755516e+03 1.630340e+01 4.304840e-02 1.058850e-08 3.891850e+01 4.537546e+01 1.904643e+01 5.051949e-16 1.248095e+12 5.404537e+11 1.461967e+08 8.173962e+02 4.041447e+07 1.099860e-02 1.372437e-38 1.800918e-03 2.096238e-06 2.922223e+00 3.715584e-01 1.220590e+05 1.849885e-09 7.024655e+03 4.277105e+01 1.035491e+04 6.909486e-01 2.653571e-02 2.542584e-15 1.020013e-10 0.000000e+00 0.000000e+00 0.000000e+00 0.000000e+00 0.000000e+00 0.000000e+00 0.000000e+00 0.000000e+00 0.000000e+00 7.360401e-33 6.469104e-52 0.000000e+00 7.590110e+17 1.084215e+14 1.896448e+09 6.831196e+18 2.167237e-06 1.137020e-08 6.024259e-13 8.981242e-07 2.095171e+04 2.565958e+06 3.897191e+02 2.459435e+07 9.380197e-12 2.901532e-02 1.964179e-03 7.254392e-22 0.000000e+00 0.000000e+00 2.324578e+00 4.839910e-04 8.906993e-04 0.000000e+00 0.000000e+00 0.000000e+00 0.000000e+00 0.000000e+00 0.000000e+00 0.000000e+00 1.173689e-08 0.000000e+00 0.000000e+00 0.000000e+00 0.000000e+00 0.000000e+00 0.000000e+00 0.000000e+00 0.000000e+00 0.000000e+00 0.000000e+00 0.000000e+00 0.000000e+00 0.000000e+00 0.000000e+00 0.000000e+00 0.000000e+00 0.000000e+00 0.000000e+00 0.000000e+00 0.000000e+00 0.000000e+00 0.000000e+00 0.000000e+00 0.000000e+00 0.000000e+00 2.265688e-40 7.347488e-20 7.782293e-21 2.883734e-08 9.219780e-18 0.000000e+00
13.000000 12.000000 14.000000 246.272727 2.056450e+04 2.612195e+07 2.495063e+07 2.511593e+06 1.574632e+06 2.743669e+08 3.995281e+09 1.373718e+15 2.144452e-06 2.547981e-05 4.902782e-08 1.951808e+06 2.379733e+03 1.063425e+03 7.759952e-01 4.644531e-06 5.106693e-01 1.586812e+01 4.341979e+02 3.171491e-21 3.019607e+12 4.282712e+11 8.974091e+06 4.360722e+03 8.789211e+06 1.158654e+00 9.275519e-41 1.885181e-02 3.482560e-06 1.537312e+01 1.186752e+00 7.142769e+04 1.448465e-08 1.647968e+02 5.094075e-01 1.750355e+02 9.645415e-01 2.980382e-02 1.072467e-15 1.713380e-09 2.175892e-22 1.331205e-35 1.799763e-18 1.484965e-17 1.057539e-23 0.000000e+00 8.618858e-23 6.037285e-22 6.115214e-22 0.000000e+00 0.000000e+00 0.000000e+00 6.047942e+17 8.592107e+13 7.709553e+11 5.443246e+18 4.041045e-04 2.472041e-09 1.060319e-15 5.590311e-08 2.113468e+03 7.675624e+02 1.465682e+00 1.504339e+05 3.108599e-10 4.631926e-02 4.909631e-04 2.411837e-19 7.168065e-23 0.000000e+00 1.216173e+03 1.892241e-02 9.429334e-03 0.000000e+00 2.340920e-28 1.586241e-27 9.737441e-38 6.976780e-71 0.000000e+00 0.000000e+00 5.349810e-08 0.000000e+00 0.000000e+00 0.000000e+00 0.000000e+00 0.000000e+00 0.000000e+00 0.000000e+00 0.000000e+00 0.000000e+00 0.000000e+00 0.000000e+00 0.000000e+00 0.000000e+00 0.000000e+00 0.000000e+00 0.000000e+00 0.000000e+00 0.000000e+00 0.000000e+00 0.000000e+00 0.000000e+00 0.000000e+00 0.000000e+00 0.000000e+00 0.000000e+00 3.799295e-38 1.993816e-16 2.228218e-21 2.270298e-09 7.765555e-18 0.000000e+00
15.000000 14.000000 16.000000 229.993454 1.530318e+04 3.870359e+07 2.045936e+08 3.266895e+05 4.226972e+05 1.897263e+08 2.094871e+09 1.806410e+14 5.649307e-04 7.628379e-05 2.493361e-07 5.241730e+06 6.626913e+03 2.219788e+03 1.670253e+00 2.002808e-05 1.082652e-01 1.121504e+01 2.282845e+02 6.811201e-24 1.095861e+13 3.401971e+11 1.055994e+06 9.749543e+01 1.973639e+06 1.516766e-01 6.960739e-44 4.117070e-03 2.852309e-07 1.972613e+00 9.847676e-02 4.573465e+04 2.391447e-09 5.241251e+00 3.477953e-02 2.106650e+01 2.402850e-02 4.930713e-02 2.057003e-16 7.650175e-10 0.000000e+00 2.874677e-40 0.000000e+00 0.000000e+00 0.000000e+00 0.000000e+00 0.000000e+00 0.000000e+00 0.000000e+00 0.000000e+00 0.000000e+00 0.000000e+00 4.819081e+17 6.827221e+13 4.793412e+12 4.337332e+18 4.379918e-03 7.257571e-09 6.798479e-17 1.586341e-09 4.198716e+01 3.329657e+01 1.714846e-02 2.197031e+04 1.671331e-10 1.897052e-03 1.264325e-05 3.690725e-18 0.000000e+00 0.000000e+00 1.731016e+03 2.222790e-03 3.349695e-02 0.000000e+00 0.000000e+00 0.000000e+00 1.637264e-44 5.534866e-77 0.000000e+00 0.000000e+00 6.315482e-09 0.000000e+00 0.000000e+00 0.000000e+00 0.000000e+00 0.000000e+00 0.000000e+00 0.000000e+00 0.000000e+00 0.000000e+00 0.000000e+00 0.000000e+00 0.000000e+00 0.000000e+00 0.000000e+00 0.000000e+00 0.000000e+00 0.000000e+00 0.000000e+00 0.000000e+00 0.000000e+00 0.000000e+00 0.000000e+00 0.000000e+00 0.000000e+00 0.000000e+00 1.615634e-35 8.903787e-15 1.958751e-19 1.375738e-10 3.190436e-18 0.000000e+00
17.000000 16.000000 18.000000 211.938914 1.112431e+04 8.005088e+07 8.368033e+08 1.338174e+05 1.770175e+05 9.560625e+07 5.515237e+08 2.395127e+13 1.229361e-01 1.778984e-03 1.583852e-05 1.059276e+07 1.492391e+04 2.508406e+03 2.481792e+00 3.063009e-05 4.294190e-02 9.508798e+00 9.364204e+01 1.204054e-24 2.378151e+13 2.678218e+11 1.896162e+05 1.314358e+00 4.730757e+05 1.731834e-02 6.895398e-47 4.774972e-04 2.456247e-08 2.473649e-01 9.634225e-03 3.151075e+04 3.626215e-10 4.588512e-01 1.086670e-02 4.334871e+00 2.628493e-03 7.610983e-02 5.442215e-17 1.768856e-10 2.456580e-23 3.743003e-45 2.150695e-18 1.355962e-17 1.467975e-23 1.229455e-28 4.172293e-25 4.006117e-24 4.977567e-24 0.000000e+00 0.000000e+00 0.000000e+00 3.801394e+17 5.377912e+13 1.131035e+13 3.421520e+18 2.408896e-02 4.410441e-07 6.866599e-17 3.253861e-10 3.511387e+00 7.694824e+00 2.895338e-03 7.629654e+03 3.803472e-11 1.740856e-04 2.219004e-06 3.502885e-17 6.524477e-25 0.000000e+00 8.852367e+02 4.045337e-04 6.406234e-02 0.000000e+00 3.906344e-28 2.652915e-27 1.898892e-51 3.533310e-83 0.000000e+00 0.000000e+00 8.970037e-10 0.000000e+00 0.000000e+00 0.000000e+00 0.000000e+00 0.000000e+00 0.000000e+00 0.000000e+00 0.000000e+00 0.000000e+00 0.000000e+00 0.000000e+00 0.000000e+00 0.000000e+00 0.000000e+00 0.000000e+00 0.000000e+00 0.000000e+00 0.000000e+00 0.000000e+00 0.000000e+00 0.000000e+00 0.000000e+00 0.000000e+00 0.000000e+00 0.000000e+00 1.240141e-33 8.764685e-14 1.389547e-16 4.801432e-10 1.203389e-17 0.000000e+00
19.000000 18.000000 20.000000 198.739343 7.892953e+03 1.382953e+08 1.636066e+09 1.190036e+05 1.318929e+05 5.911815e+07 2.035252e+08 6.140815e+12 7.376396e-01 2.312516e-03 4.075597e-05 1.332926e+07 2.128228e+04 2.101060e+03 2.629626e+00 2.393817e-05 2.462329e-02 8.353398e+00 4.640207e+01 9.102397e-25 3.479467e+13 2.022679e+11 8.043642e+04 4.071931e-02 1.068524e+05 4.869404e-03 1.136576e-48 9.438942e-05 4.632086e-09 6.729626e-02 2.211395e-03 2.146212e+04 1.280946e-10 1.483570e-01 7.282302e-03 1.615229e+00 8.261988e-04 9.614538e-02 3.130253e-17 7.254745e-11 2.662556e-24 4.004673e-50 2.968014e-19 2.130613e-18 0.000000e+00 4.037924e-30 2.202359e-26 2.495985e-25 2.968226e-25 1.233700e-34 7.571291e-57 0.000000e+00 2.876145e+17 4.064899e+13 1.693528e+13 2.588880e+18 6.630946e-02 1.398744e-06 8.923690e-17 1.605367e-10 1.089759e+00 4.639798e+00 2.777868e-03 4.628602e+03 1.369563e-11 4.386665e-05 1.618588e-06 2.364030e-17 5.240753e-26 0.000000e+00 3.807029e+02 1.701531e-04 8.744651e-02 0.000000e+00 8.707079e-29 5.911493e-28 2.071579e-58 2.131323e-89 0.000000e+00 0.000000e+00 3.085260e-10 0.000000e+00 0.000000e+00 0.000000e+00 0.000000e+00 0.000000e+00 0.000000e+00 0.000000e+00 0.000000e+00 0.000000e+00 0.000000e+00 0.000000e+00 0.000000e+00 0.000000e+00 0.000000e+00 0.000000e+00 0.000000e+00 0.000000e+00 0.000000e+00 0.000000e+00 0.000000e+00 0.000000e+00 0.000000e+00 0.000000e+00 0.000000e+00 0.000000e+00 1.073786e-32 2.782191e-13 7.384585e-16 3.301153e-10 4.950603e-18 0.000000e+00
21.000000 20.000000 22.000000 191.571391 5.505087e+03 2.006764e+08 2.013173e+09 1.482450e+05 1.271882e+05 4.278119e+07 1.023968e+08 2.307047e+12 1.854912e+00 1.725513e-03 4.958925e-05 1.144867e+07 2.289379e+04 1.542930e+03 2.118149e+00 1.249840e-05 1.667970e-02 6.932117e+00 2.542965e+01 1.525339e-24 4.001168e+13 1.460995e+11 5.261025e+04 5.513771e-03 2.337358e+04 2.384341e-03 1.319764e-49 3.638849e-05 1.439055e-09 2.815754e-02 8.163981e-04 1.426808e+04 9.669785e-11 8.664759e-02 5.878486e-03 8.222462e-01 4.310026e-04 1.021555e-01 2.501809e-17 4.012788e-11 0.000000e+00 4.236806e-55 0.000000e+00 0.000000e+00 0.000000e+00 0.000000e+00 0.000000e+00 0.000000e+00 0.000000e+00 0.000000e+00 0.000000e+00 0.000000e+00 2.080930e+17 2.938900e+13 1.965856e+13 1.873226e+18 1.174643e-01 2.217832e-06 1.421536e-16 1.161255e-10 6.599554e-01 4.194853e+00 2.922259e-03 3.504947e+03 9.316516e-12 1.938779e-05 1.129960e-06 1.299092e-17 0.000000e+00 0.000000e+00 1.646185e+02 1.087958e-04 9.638945e-02 0.000000e+00 0.000000e+00 0.000000e+00 2.547091e-65 1.456468e-95 0.000000e+00 0.000000e+00 1.722938e-10 0.000000e+00 0.000000e+00 0.000000e+00 0.000000e+00 0.000000e+00 0.000000e+00 0.000000e+00 0.000000e+00 0.000000e+00 0.000000e+00 0.000000e+00 0.000000e+00 0.000000e+00 0.000000e+00 0.000000e+00 0.000000e+00 0.000000e+00 0.000000e+00 0.000000e+00 0.000000e+00 0.000000e+00 0.000000e+00 0.000000e+00 0.000000e+00 0.000000e+00 1.045151e-32 2.897792e-13 8.798551e-16 2.168961e-10 1.599129e-18 0.000000e+00
23.000000 22.000000 24.000000 186.170371 3.795854e+03 2.901828e+08 2.125463e+09 2.203923e+05 1.413292e+05 3.149812e+07 5.380841e+07 1.024111e+12 3.737688e+00 1.045578e-03 4.696051e-05 8.174769e+06 2.113007e+04 9.649719e+02 1.421314e+00 4.655395e-06 1.133245e-02 5.535571e+00 1.351059e+01 4.350024e-24 4.049640e+13 1.034942e+11 4.099739e+04 1.366735e-03 5.130445e+03 1.409736e-03 3.523129e-50 1.828255e-05 5.458424e-10 1.367970e-02 3.575215e-04 9.444630e+03 1.080804e-10 6.230825e-02 5.769887e-03 4.898469e-01 2.970166e-04 9.804840e-02 2.268927e-17 2.378096e-11 0.000000e+00 0.000000e+00 0.000000e+00 0.000000e+00 0.000000e+00 0.000000e+00 0.000000e+00 0.000000e+00 0.000000e+00 0.000000e+00 0.000000e+00 0.000000e+00 1.476343e+17 2.084028e+13 1.999471e+13 1.329094e+18 1.799703e-01 2.966842e-06 2.824441e-16 1.019511e-10 5.514299e-01 4.593085e+00 3.089603e-03 2.980970e+03 8.046302e-12 1.017180e-05 6.747656e-07 6.980567e-18 0.000000e+00 0.000000e+00 6.072171e+01 8.322393e-05 9.465524e-02 0.000000e+00 0.000000e+00 0.000000e+00 3.876514e-72 1.236749e-101 0.000000e+00 0.000000e+00 1.139727e-10 0.000000e+00 0.000000e+00 0.000000e+00 0.000000e+00 0.000000e+00 0.000000e+00 0.000000e+00 0.000000e+00 0.000000e+00 0.000000e+00 0.000000e+00 0.000000e+00 0.000000e+00 0.000000e+00 0.000000e+00 0.000000e+00 0.000000e+00 0.000000e+00 0.000000e+00 0.000000e+00 0.000000e+00 0.000000e+00 0.000000e+00 0.000000e+00 0.000000e+00 3.187928e-33 1.669084e-13 6.258553e-16 1.566290e-10 4.991000e-19 0.000000e+00
25.000000 24.000000 26.000000 181.996202 2.593134e+03 4.249286e+08 2.067235e+09 3.650515e+05 1.706678e+05 2.310655e+07 2.832422e+07 5.205589e+11 6.630967e+00 5.431054e-04 3.740140e-05 5.259679e+06 1.760363e+04 5.271871e+02 8.259728e-01 1.311267e-06 7.507005e-03 4.228289e+00 6.697420e+00 1.797026e-23 3.787601e+13 7.221640e+10 3.399207e+04 4.469611e-04 1.136771e+03 8.840936e-04 1.644036e-50 1.052919e-05 2.337707e-10 7.156878e-03 1.715974e-04 6.231752e+03 1.600885e-10 5.474545e-02 6.480639e-03 3.186851e-01 2.421402e-04 8.792854e-02 2.180787e-17 1.462129e-11 0.000000e+00 0.000000e+00 0.000000e+00 0.000000e+00 0.000000e+00 0.000000e+00 0.000000e+00 0.000000e+00 0.000000e+00 0.000000e+00 0.000000e+00 0.000000e+00 1.031598e+17 1.455819e+13 1.875717e+13 9.287927e+17 2.556056e-01 3.545573e-06 6.712302e-16 1.014068e-10 5.439130e-01 5.610728e+00 3.256618e-03 2.689765e+03 7.787649e-12 5.539015e-06 3.496061e-07 3.670804e-18 0.000000e+00 0.000000e+00 1.913521e+01 6.830651e-05 8.647470e-02 0.000000e+00 0.000000e+00 0.000000e+00 7.517849e-79 1.341873e-107 0.000000e+00 0.000000e+00 8.243220e-11 0.000000e+00 0.000000e+00 0.000000e+00 0.000000e+00 0.000000e+00 0.000000e+00 0.000000e+00 0.000000e+00 0.000000e+00 0.000000e+00 0.000000e+00 0.000000e+00 0.000000e+00 0.000000e+00 0.000000e+00 0.000000e+00 0.000000e+00 0.000000e+00 0.000000e+00 0.000000e+00 0.000000e+00 0.000000e+00 0.000000e+00 0.000000e+00 0.000000e+00 4.032006e-34 6.120873e-14 3.083190e-16 1.144872e-10 1.503947e-19 0.000000e+00
27.000000 26.000000 28.000000 178.017889 1.757013e+03 6.333123e+08 1.967022e+09 6.183647e+05 2.097831e+05 1.624575e+07 1.399465e+07 2.517926e+11 9.693941e+00 2.167267e-04 2.336866e-05 3.189777e+06 1.373929e+04 2.542662e+02 4.268600e-01 2.895467e-07 4.610026e-03 3.054370e+00 2.957244e+00 8.526249e-23 3.393784e+13 4.995440e+10 2.846541e+04 1.419247e-04 2.522104e+02 5.426926e-04 7.311759e-51 6.311033e-06 9.832265e-11 3.732921e-03 8.162243e-05 4.112537e+03 3.000552e-10 5.853120e-02 7.611379e-03 2.072031e-01 2.092905e-04 7.577216e-02 1.812470e-17 8.529034e-12 0.000000e+00 0.000000e+00 0.000000e+00 0.000000e+00 0.000000e+00 0.000000e+00 0.000000e+00 0.000000e+00 0.000000e+00 0.000000e+00 0.000000e+00 0.000000e+00 7.145169e+16 1.008270e+13 1.684176e+13 6.433801e+17 3.546787e-01 3.496453e-06 1.716913e-15 1.032277e-10 5.708618e-01 6.845342e+00 3.479094e-03 2.447874e+03 7.785686e-12 2.881172e-06 1.627993e-07 1.535822e-18 0.000000e+00 0.000000e+00 5.072492e+00 5.644332e-05 7.599498e-02 0.000000e+00 0.000000e+00 0.000000e+00 1.811425e-85 1.814027e-113 0.000000e+00 0.000000e+00 5.875351e-11 0.000000e+00 0.000000e+00 0.000000e+00 0.000000e+00 0.000000e+00 0.000000e+00 0.000000e+00 0.000000e+00 0.000000e+00 0.000000e+00 0.000000e+00 0.000000e+00 0.000000e+00 0.000000e+00 0.000000e+00 0.000000e+00 0.000000e+00 0.000000e+00 0.000000e+00 0.000000e+00 0.000000e+00 0.000000e+00 0.000000e+00 0.000000e+00 0.000000e+00 2.022519e-35 1.394755e-14 9.145988e-17 7.105835e-11 3.590530e-20 0.000000e+00
29.000000 28.000000 30.000000 173.851945 1.179825e+03 9.308023e+08 1.781736e+09 1.037429e+06 2.532965e+05 1.104935e+07 6.560691e+06 1.187162e+11 1.217782e+01 7.147238e-05 1.226390e-05 1.832928e+06 1.019162e+04 1.128617e+02 1.969875e-01 5.204018e-08 2.659439e-03 2.032075e+00 1.162404e+00 4.194464e-22 2.947801e+13 3.430206e+10 2.321143e+04 4.283506e-05 5.821442e+01 3.142571e-04 3.104161e-51 3.882991e-06 4.108114e-11 1.937455e-03 3.852032e-05 2.715427e+03 6.788736e-10 7.028593e-02 8.658133e-03 1.313560e-01 1.832716e-04 6.327441e-02 1.253736e-17 4.791591e-12 0.000000e+00 0.000000e+00 0.000000e+00 0.000000e+00 0.000000e+00 0.000000e+00 0.000000e+00 0.000000e+00 0.000000e+00 0.000000e+00 0.000000e+00 0.000000e+00 4.912300e+16 6.932794e+12 1.465071e+13 4.423788e+17 4.696523e-01 3.020120e-06 4.456838e-15 1.042807e-10 6.070745e-01 8.091484e+00 3.635373e-03 2.163503e+03 7.925071e-12 1.415771e-06 6.791501e-08 5.563378e-19 0.000000e+00 0.000000e+00 1.181189e+00 4.511509e-05 6.497702e-02 0.000000e+00 0.000000e+00 0.000000e+00 0.000000e+00 0.000000e+00 0.000000e+00 0.000000e+00 4.149963e-11 0.000000e+00 0.000000e+00 0.000000e+00 0.000000e+00 0.000000e+00 0.000000e+00 0.000000e+00 0.000000e+00 0.000000e+00 0.000000e+00 0.000000e+00 0.000000e+00 0.000000e+00 0.000000e+00 0.000000e+00 0.000000e+00 0.000000e+00 0.000000e+00 0.000000e+00 0.000000e+00 0.000000e+00 0.000000e+00 0.000000e+00 0.000000e+00 0.000000e+00 4.851921e-37 2.163300e-15 1.859836e-17 3.793416e-11 7.214669e-21 0.000000e+00
31.000000 30.000000 32.000000 170.839973 7.858350e+02 1.244355e+09 1.400793e+09 1.724196e+06 2.935974e+05 7.889840e+06 3.358742e+06 7.073446e+10 1.443964e+01 2.467026e-05 6.336578e-06 9.677876e+05 7.224675e+03 5.056631e+01 8.115316e-02 8.232388e-09 1.573628e-03 1.197222e+00 4.267635e-01 2.048777e-21 2.513104e+13 2.321842e+10 1.724158e+04 1.567531e-05 1.481163e+01 1.692770e-04 2.454596e-51 2.634268e-06 2.005174e-11 1.062685e-03 1.978950e-05 1.775124e+03 1.582783e-09 8.432401e-02 8.547976e-03 8.320148e-02 1.572219e-04 5.164424e-02 8.915018e-18 2.998850e-12 0.000000e+00 0.000000e+00 0.000000e+00 0.000000e+00 0.000000e+00 0.000000e+00 0.000000e+00 0.000000e+00 0.000000e+00 0.000000e+00 0.000000e+00 0.000000e+00 3.329060e+16 4.700169e+12 1.250561e+13 2.998459e+17 5.477073e-01 2.702448e-06 1.131584e-14 1.066262e-10 6.111012e-01 9.472770e+00 3.360427e-03 1.779602e+03 8.651813e-12 6.556397e-07 2.456048e-08 2.431842e-19 0.000000e+00 0.000000e+00 2.801602e-01 3.271144e-05 5.470116e-02 0.000000e+00 0.000000e+00 0.000000e+00 0.000000e+00 0.000000e+00 0.000000e+00 0.000000e+00 3.213533e-11 0.000000e+00 0.000000e+00 0.000000e+00 0.000000e+00 0.000000e+00 0.000000e+00 0.000000e+00 0.000000e+00 0.000000e+00 0.000000e+00 0.000000e+00 0.000000e+00 0.000000e+00 0.000000e+00 0.000000e+00 0.000000e+00 0.000000e+00 0.000000e+00 0.000000e+00 0.000000e+00 0.000000e+00 0.000000e+00 0.000000e+00 0.000000e+00 0.000000e+00 7.226249e-39 2.608892e-16 3.545040e-18 1.900069e-11 1.592334e-21 0.000000e+00
33.000000 32.000000 34.000000 169.258130 5.207493e+02 1.547763e+09 9.790500e+08 2.844001e+06 3.276914e+05 5.810985e+06 1.811517e+06 4.583046e+10 1.638233e+01 8.675955e-06 3.179861e-06 4.758467e+05 4.944771e+03 2.260473e+01 3.029712e-02 1.147923e-09 9.509780e-04 6.343888e-01 1.453792e-01 1.027697e-20 2.101463e+13 1.550812e+10 1.173773e+04 7.254113e-06 5.588660e+00 8.298462e-05 3.649686e-51 1.882553e-06 1.130502e-11 6.061607e-04 1.091770e-05 1.149729e+03 3.537007e-09 9.645579e-02 7.414426e-03 5.288818e-02 1.329007e-04 4.117561e-02 6.998410e-18 2.068319e-12 0.000000e+00 0.000000e+00 0.000000e+00 0.000000e+00 0.000000e+00 0.000000e+00 0.000000e+00 0.000000e+00 0.000000e+00 1.789113e-35 6.858744e-56 0.000000e+00 2.226264e+16 3.145248e+12 1.046755e+13 2.005559e+17 5.755099e-01 2.528785e-06 2.897763e-14 1.111998e-10 5.804066e-01 1.098169e+01 2.815736e-03 1.368098e+03 9.602262e-12 2.815875e-07 7.758409e-09 1.256572e-19 0.000000e+00 0.000000e+00 6.573598e-02 2.146391e-05 4.534975e-02 0.000000e+00 0.000000e+00 0.000000e+00 0.000000e+00 0.000000e+00 0.000000e+00 0.000000e+00 2.688883e-11 0.000000e+00 0.000000e+00 0.000000e+00 0.000000e+00 0.000000e+00 0.000000e+00 0.000000e+00 0.000000e+00 0.000000e+00 0.000000e+00 0.000000e+00 0.000000e+00 0.000000e+00 0.000000e+00 0.000000e+00 0.000000e+00 0.000000e+00 0.000000e+00 0.000000e+00 0.000000e+00 0.000000e+00 0.000000e+00 0.000000e+00 0.000000e+00 0.000000e+00 8.003484e-41 2.674943e-17 6.220803e-19 8.790459e-12 3.886439e-22 0.000000e+00
35.000000 34.000000 36.000000 168.850890 3.443341e+02 1.853928e+09 6.361919e+08 4.640569e+06 3.525536e+05 4.300805e+06 9.760595e+05 2.890137e+10 1.782683e+01 2.938086e-06 1.504574e-06 2.226088e+05 3.310094e+03 9.940067e+00 1.048583e-02 1.424983e-10 5.752162e-04 3.077093e-01 4.549877e-02 5.310702e-20 1.736555e+13 1.026348e+10 7.546704e+03 4.225393e-06 3.848577e+00 3.669426e-05 9.086422e-51 1.328485e-06 7.010842e-12 3.500184e-04 6.282253e-06 7.401026e+02 7.464583e-09 1.030993e-01 5.678668e-03 3.353494e-02 1.105582e-04 3.229581e-02 6.262372e-18 1.528948e-12 0.000000e+00 0.000000e+00 0.000000e+00 0.000000e+00 0.000000e+00 0.000000e+00 0.000000e+00 0.000000e+00 0.000000e+00 0.000000e+00 0.000000e+00 0.000000e+00 1.475275e+16 2.086233e+12 8.656738e+12 1.329330e+17 5.682440e-01 2.386440e-06 7.592360e-14 1.183794e-10 5.245332e-01 1.252447e+01 2.222782e-03 9.881847e+02 1.006260e-11 1.120192e-07 2.191256e-09 7.081433e-20 0.000000e+00 0.000000e+00 1.469167e-02 1.295527e-05 3.731893e-02 0.000000e+00 0.000000e+00 0.000000e+00 0.000000e+00 0.000000e+00 0.000000e+00 0.000000e+00 2.356866e-11 0.000000e+00 0.000000e+00 0.000000e+00 0.000000e+00 0.000000e+00 0.000000e+00 0.000000e+00 0.000000e+00 0.000000e+00 0.000000e+00 0.000000e+00 0.000000e+00 0.000000e+00 0.000000e+00 0.000000e+00 0.000000e+00 0.000000e+00 0.000000e+00 0.000000e+00 0.000000e+00 0.000000e+00 0.000000e+00 0.000000e+00 0.000000e+00 0.000000e+00 6.982289e-43 2.383489e-18 9.534343e-20 3.662485e-12 9.704634e-23 0.000000e+00
37.000000 36.000000 38.000000 169.461626 2.278193e+02 2.184355e+09 3.965547e+08 7.488392e+06 3.686797e+05 3.148048e+06 5.117151e+05 1.779350e+10 1.851469e+01 9.275645e-07 6.588763e-07 1.020280e+05 2.187050e+03 4.283888e+00 3.452793e-03 1.624735e-11 3.452073e-04 1.406943e-01 1.330909e-02 2.819004e-19 1.417650e+13 6.754701e+09 4.678365e+03 2.790605e-06 3.783115e+00 1.453705e-05 3.017161e-50 8.979069e-07 4.538050e-12 2.020708e-04 3.689119e-06 4.752046e+02 1.513546e-08 1.000191e-01 3.795888e-03 2.110822e-02 9.123579e-05 2.495539e-02 6.330589e-18 1.169823e-12 0.000000e+00 0.000000e+00 0.000000e+00 0.000000e+00 0.000000e+00 0.000000e+00 0.000000e+00 0.000000e+00 0.000000e+00 0.000000e+00 0.000000e+00 0.000000e+00 9.722854e+15 1.376602e+12 7.071260e+12 8.763461e+16 5.409125e-01 2.198985e-06 2.032991e-13 1.278115e-10 4.506243e-01 1.400471e+01 1.702604e-03 6.826208e+02 9.556859e-12 4.145746e-08 5.749245e-10 4.029315e-20 0.000000e+00 0.000000e+00 3.105896e-03 7.183655e-06 3.048575e-02 0.000000e+00 0.000000e+00 0.000000e+00 0.000000e+00 0.000000e+00 0.000000e+00 0.000000e+00 2.109651e-11 0.000000e+00 0.000000e+00 0.000000e+00 0.000000e+00 0.000000e+00 0.000000e+00 0.000000e+00 0.000000e+00 0.000000e+00 0.000000e+00 0.000000e+00 0.000000e+00 0.000000e+00 0.000000e+00 0.000000e+00 0.000000e+00 0.000000e+00 0.000000e+00 0.000000e+00 0.000000e+00 0.000000e+00 0.000000e+00 0.000000e+00 0.000000e+00 0.000000e+00 5.020448e-45 1.854859e-19 1.241563e-20 1.345251e-12 2.309828e-23 0.000000e+00
39.000000 38.000000 40.000000 170.077592 1.510214e+02 2.580424e+09 2.482851e+08 1.183683e+07 3.773473e+05 2.254650e+06 2.586382e+05 1.075871e+10 1.844645e+01 2.710700e-07 2.678801e-07 4.687368e+04 1.441457e+03 1.816676e+00 1.121116e-03 1.784336e-12 2.022469e-04 6.299330e-02 3.759545e-03 1.438190e-18 1.153108e+13 4.452885e+09 2.863169e+03 1.632079e-06 4.201746e+00 5.166274e-06 8.069668e-50 5.772587e-07 2.826002e-12 1.144573e-04 2.117285e-06 3.063740e+02 3.062708e-08 8.768583e-02 2.191094e-03 1.297976e-02 7.393060e-05 1.918657e-02 6.764676e-18 8.684604e-13 0.000000e+00 0.000000e+00 0.000000e+00 0.000000e+00 0.000000e+00 0.000000e+00 0.000000e+00 0.000000e+00 0.000000e+00 0.000000e+00 0.000000e+00 0.000000e+00 6.419772e+15 9.102475e+11 5.754255e+12 5.788259e+16 5.147763e-01 1.927505e-06 5.325116e-13 1.345531e-10 3.602993e-01 1.511394e+01 1.310337e-03 4.624709e+02 8.093557e-12 1.427194e-08 1.489731e-10 2.111673e-20 0.000000e+00 0.000000e+00 6.321513e-04 3.619356e-06 2.493955e-02 0.000000e+00 0.000000e+00 0.000000e+00 0.000000e+00 0.000000e+00 0.000000e+00 0.000000e+00 1.836588e-11 0.000000e+00 0.000000e+00 0.000000e+00 0.000000e+00 0.000000e+00 0.000000e+00 0.000000e+00 0.000000e+00 0.000000e+00 0.000000e+00 0.000000e+00 0.000000e+00 0.000000e+00 0.000000e+00 0.000000e+00 0.000000e+00 0.000000e+00 0.000000e+00 0.000000e+00 0.000000e+00 0.000000e+00 0.000000e+00 0.000000e+00 0.000000e+00 0.000000e+00 3.131646e-47 1.271738e-20 1.390682e-21 4.261171e-13 4.860483e-24 0.000000e+00
41.000000 40.000000 42.000000 170.716387 1.002803e+02 3.139636e+09 1.577685e+08 1.862193e+07 3.792848e+05 1.548700e+06 1.200359e+05 6.395564e+09 1.766608e+01 7.088842e-08 9.911191e-08 2.195244e+04 9.488113e+02 7.432358e-01 3.568004e-04 1.814321e-13 1.145181e-04 2.746005e-02 1.001308e-03 7.437128e-18 9.306873e+12 2.939194e+09 1.752749e+03 9.058068e-07 4.850122e+00 1.546107e-06 2.005137e-49 3.378231e-07 1.684570e-12 6.271439e-05 1.183463e-06 1.982200e+02 6.106333e-08 7.559879e-02 1.156536e-03 7.768049e-03 5.949331e-05 1.467302e-02 7.883229e-18 6.292250e-13 0.000000e+00 0.000000e+00 0.000000e+00 0.000000e+00 0.000000e+00 0.000000e+00 0.000000e+00 0.000000e+00 0.000000e+00 0.000000e+00 0.000000e+00 0.000000e+00 4.245187e+15 6.028831e+11 4.645620e+12 3.829101e+16 4.972069e-01 1.578015e-06 1.407598e-12 1.404426e-10 2.637721e-01 1.611692e+01 1.031973e-03 3.060885e+02 5.659391e-12 4.459922e-09 3.753934e-11 9.876900e-21 0.000000e+00 0.000000e+00 1.178664e-04 1.600599e-06 2.035170e-02 0.000000e+00 0.000000e+00 0.000000e+00 0.000000e+00 0.000000e+00 0.000000e+00 0.000000e+00 1.554757e-11 0.000000e+00 0.000000e+00 0.000000e+00 0.000000e+00 0.000000e+00 0.000000e+00 0.000000e+00 0.000000e+00 0.000000e+00 0.000000e+00 0.000000e+00 0.000000e+00 0.000000e+00 0.000000e+00 0.000000e+00 0.000000e+00 0.000000e+00 0.000000e+00 0.000000e+00 0.000000e+00 0.000000e+00 0.000000e+00 0.000000e+00 0.000000e+00 0.000000e+00 1.802225e-49 7.444791e-22 1.290361e-22 1.125290e-13 8.864861e-25 0.000000e+00
43.000000 42.000000 44.000000 172.602052 6.679115e+01 3.983143e+09 1.007016e+08 2.947249e+07 3.691233e+05 1.008395e+06 4.922396e+04 3.707692e+09 1.646982e+01 1.653911e-08 3.331897e-08 1.040413e+04 6.203022e+02 2.896663e-01 1.091674e-04 1.617165e-14 6.228673e-05 1.121092e-02 2.399992e-04 4.054538e-17 7.446193e+12 1.931118e+09 1.082407e+03 5.882440e-07 5.664344e+00 3.634957e-07 7.353604e-49 1.725575e-07 1.004556e-12 3.306900e-05 6.588543e-07 1.277965e+02 1.213033e-07 7.511022e-02 5.962731e-04 4.484297e-03 4.751972e-05 1.117703e-02 9.953624e-18 4.738526e-13 0.000000e+00 0.000000e+00 0.000000e+00 0.000000e+00 0.000000e+00 0.000000e+00 0.000000e+00 0.000000e+00 0.000000e+00 0.000000e+00 0.000000e+00 0.000000e+00 2.795279e+15 3.976749e+11 3.717242e+12 2.522489e+16 4.867228e-01 1.210150e-06 3.839902e-12 1.504371e-10 1.740417e-01 1.736550e+01 8.258653e-04 1.916621e+02 3.031633e-12 1.245236e-09 8.727979e-12 4.292524e-21 0.000000e+00 0.000000e+00 1.920588e-05 5.985540e-07 1.656541e-02 0.000000e+00 0.000000e+00 0.000000e+00 0.000000e+00 0.000000e+00 0.000000e+00 0.000000e+00 1.315325e-11 0.000000e+00 0.000000e+00 0.000000e+00 0.000000e+00 0.000000e+00 0.000000e+00 0.000000e+00 0.000000e+00 0.000000e+00 0.000000e+00 0.000000e+00 0.000000e+00 0.000000e+00 0.000000e+00 0.000000e+00 0.000000e+00 0.000000e+00 0.000000e+00 0.000000e+00 0.000000e+00 0.000000e+00 0.000000e+00 0.000000e+00 0.000000e+00 0.000000e+00 1.029595e-51 3.580580e-23 9.890265e-24 2.424266e-14 1.438636e-25 0.000000e+00
45.000000 44.000000 46.000000 175.685940 4.476013e+01 5.211922e+09 6.439513e+07 4.652258e+07 3.448811e+05 6.265933e+05 1.825508e+04 2.113881e+09 1.517185e+01 3.680279e-09 1.064784e-08 5.069363e+03 4.040305e+02 1.106106e-01 3.292645e-05 1.336445e-15 3.280005e-05 4.325743e-03 5.358744e-05 2.141356e-16 5.892756e+12 1.267459e+09 6.707988e+02 3.985946e-07 6.467666e+00 6.910335e-08 3.270805e-48 8.063887e-08 6.046608e-13 1.702599e-05 3.662342e-07 8.240309e+01 6.006293e-07 9.909715e-02 3.047807e-04 2.483215e-03 3.741084e-05 8.503716e-03 1.219660e-17 3.701833e-13 0.000000e+00 0.000000e+00 0.000000e+00 0.000000e+00 0.000000e+00 0.000000e+00 0.000000e+00 0.000000e+00 0.000000e+00 0.000000e+00 0.000000e+00 0.000000e+00 1.839386e+15 2.621541e+11 2.941391e+12 1.660776e+16 4.781424e-01 8.881126e-07 1.002054e-11 1.622530e-10 1.028451e-01 1.869416e+01 6.679152e-04 1.137378e+02 1.314042e-12 3.260196e-10 1.919967e-12 1.797854e-21 0.000000e+00 0.000000e+00 2.878502e-06 1.897284e-07 1.342873e-02 0.000000e+00 0.000000e+00 0.000000e+00 0.000000e+00 0.000000e+00 0.000000e+00 0.000000e+00 1.109111e-11 0.000000e+00 0.000000e+00 0.000000e+00 0.000000e+00 0.000000e+00 0.000000e+00 0.000000e+00 0.000000e+00 0.000000e+00 0.000000e+00 0.000000e+00 0.000000e+00 0.000000e+00 0.000000e+00 0.000000e+00 0.000000e+00 0.000000e+00 0.000000e+00 0.000000e+00 0.000000e+00 0.000000e+00 0.000000e+00 0.000000e+00 0.000000e+00 0.000000e+00 6.770520e-54 1.534816e-24 6.882110e-25 4.437624e-15 2.216345e-26 0.000000e+00
47.000000 46.000000 48.000000 178.581428 3.021465e+01 6.817675e+09 4.159281e+07 7.207078e+07 3.098153e+05 3.875939e+05 6.755634e+03 1.194753e+09 1.409342e+01 8.877711e-10 3.542442e-09 2.552870e+03 2.642483e+02 4.355356e-02 1.023589e-05 1.151647e-16 1.714130e-05 1.640965e-03 1.206457e-05 9.693953e-16 4.673975e+12 8.385120e+08 4.113214e+02 2.206865e-07 7.227405e+00 1.215991e-08 1.017769e-47 3.812735e-08 3.571366e-13 8.787802e-06 2.013937e-07 5.357764e+01 1.223588e-05 1.740130e-01 1.513473e-04 1.344520e-03 2.801671e-05 6.560889e-03 1.352884e-17 2.881631e-13 0.000000e+00 0.000000e+00 0.000000e+00 0.000000e+00 0.000000e+00 0.000000e+00 0.000000e+00 0.000000e+00 0.000000e+00 0.000000e+00 0.000000e+00 0.000000e+00 1.220757e+15 1.742907e+11 2.332100e+12 1.102904e+16 4.685955e-01 6.515969e-07 2.294311e-11 1.680919e-10 5.606118e-02 1.958030e+01 5.396355e-04 6.570969e+01 5.336256e-13 8.792197e-11 4.290226e-13 7.467933e-22 0.000000e+00 0.000000e+00 4.504420e-07 5.523156e-08 1.101104e-02 0.000000e+00 0.000000e+00 0.000000e+00 0.000000e+00 2.677879e-68 0.000000e+00 0.000000e+00 9.889695e-12 0.000000e+00 0.000000e+00 0.000000e+00 0.000000e+00 0.000000e+00 0.000000e+00 0.000000e+00 0.000000e+00 0.000000e+00 0.000000e+00 0.000000e+00 0.000000e+00 0.000000e+00 0.000000e+00 0.000000e+00 0.000000e+00 0.000000e+00 0.000000e+00 0.000000e+00 0.000000e+00 0.000000e+00 0.000000e+00 0.000000e+00 0.000000e+00 0.000000e+00 5.316198e-56 6.906939e-26 5.155673e-26 7.525629e-16 3.377932e-27 0.000000e+00
49.000000 48.000000 50.000000 180.364369 2.050731e+01 9.313940e+09 2.855885e+07 1.101009e+08 2.644076e+05 2.310222e+05 2.359333e+03 6.727821e+08 1.358310e+01 2.395300e-10 1.265605e-09 1.338813e+03 1.734397e+02 1.753174e-02 3.359640e-06 1.073044e-17 8.539373e-06 6.100937e-04 2.722474e-06 3.596627e-14 3.723372e+12 5.608744e+08 2.507665e+02 9.096263e-08 7.858875e+00 2.013133e-09 1.606477e-47 1.735313e-08 1.898585e-13 4.378635e-06 1.039167e-07 3.522055e+01 2.299549e-04 3.431574e-01 7.439410e-05 6.992309e-04 1.954152e-05 5.155091e-03 1.190337e-16 2.084138e-13 0.000000e+00 0.000000e+00 0.000000e+00 0.000000e+00 0.000000e+00 0.000000e+00 0.000000e+00 0.000000e+00 0.000000e+00 0.000000e+00 0.000000e+00 0.000000e+00 8.197801e+14 1.172259e+11 1.856097e+12 7.411642e+15 4.807033e-01 4.737115e-07 4.405688e-10 1.779771e-10 2.827162e-02 1.980944e+01 4.552970e-04 3.674585e+01 1.918363e-13 2.589548e-11 1.030295e-13 2.785663e-22 0.000000e+00 0.000000e+00 7.173096e-08 1.515105e-08 9.167489e-03 0.000000e+00 0.000000e+00 0.000000e+00 0.000000e+00 2.910187e-73 0.000000e+00 0.000000e+00 3.043263e-10 0.000000e+00 0.000000e+00 0.000000e+00 0.000000e+00 0.000000e+00 0.000000e+00 0.000000e+00 0.000000e+00 0.000000e+00 0.000000e+00 0.000000e+00 0.000000e+00 0.000000e+00 0.000000e+00 0.000000e+00 0.000000e+00 0.000000e+00 0.000000e+00 0.000000e+00 0.000000e+00 0.000000e+00 0.000000e+00 0.000000e+00 0.000000e+00 0.000000e+00 5.033375e-58 3.651301e-27 4.453064e-27 1.236255e-16 5.067670e-28 0.000000e+00
51.000000 50.000000 52.000000 181.281786 1.396038e+01 1.510938e+10 2.338676e+07 1.550561e+08 1.835982e+05 1.076793e+05 5.340230e+02 3.776432e+08 1.439497e+01 6.361329e-11 4.631791e-10 7.347361e+02 1.122686e+02 6.965437e-03 1.187069e-06 1.064618e-18 3.267769e-06 1.848883e-04 5.162168e-07 6.434986e-12 2.958016e+12 3.777512e+08 1.535674e+02 3.020074e-08 8.029329e+00 2.625470e-10 1.222101e-47 6.570149e-09 8.523305e-14 1.979195e-06 4.683908e-08 2.330579e+01 2.782791e-03 6.467422e-01 4.682552e-05 3.255072e-04 1.362971e-05 4.100181e-03 4.983699e-15 1.364717e-13 0.000000e+00 0.000000e+00 0.000000e+00 0.000000e+00 0.000000e+00 0.000000e+00 0.000000e+00 0.000000e+00 0.000000e+00 0.000000e+00 0.000000e+00 0.000000e+00 5.548060e+14 7.943453e+10 1.470853e+12 5.019954e+15 5.838994e-01 2.958350e-07 4.419669e-08 2.454619e-09 1.262456e-02 1.753973e+01 4.461550e-04 1.662496e+01 4.896907e-14 9.097606e-12 2.832652e-14 8.145716e-23 0.000000e+00 0.000000e+00 9.084237e-09 3.689769e-09 7.701571e-03 0.000000e+00 0.000000e+00 0.000000e+00 0.000000e+00 4.484098e-78 0.000000e+00 0.000000e+00 5.661328e-08 0.000000e+00 0.000000e+00 0.000000e+00 0.000000e+00 0.000000e+00 0.000000e+00 0.000000e+00 0.000000e+00 0.000000e+00 0.000000e+00 0.000000e+00 0.000000e+00 0.000000e+00 0.000000e+00 0.000000e+00 0.000000e+00 0.000000e+00 0.000000e+00 0.000000e+00 0.000000e+00 0.000000e+00 0.000000e+00 0.000000e+00 0.000000e+00 0.000000e+00 5.808533e-60 2.309499e-28 4.103326e-28 1.958729e-17 7.464800e-29 0.000000e+00
53.000000 52.000000 54.000000 182.062280 9.522023e+00 2.737509e+10 2.197925e+07 1.931740e+08 1.000466e+05 4.055945e+04 8.031333e+01 2.032483e+08 1.605561e+01 1.703358e-11 1.785875e-10 4.046851e+02 6.996978e+01 2.820997e-03 4.262208e-07 1.074651e-19 9.546223e-07 4.241617e-05 7.845759e-08 6.333685e-10 2.398159e+12 2.544295e+08 9.638528e+01 9.598523e-09 7.580881e+00 2.803161e-11 2.797271e-47 9.576835e-09 8.223419e-14 1.934747e-06 2.362564e-08 1.534835e+01 2.389586e-02 1.180143e+00 6.434576e-05 1.662635e-04 1.185061e-05 3.389062e-03 1.199151e-13 1.058502e-13 0.000000e+00 0.000000e+00 0.000000e+00 0.000000e+00 0.000000e+00 0.000000e+00 0.000000e+00 0.000000e+00 0.000000e+00 0.000000e+00 0.000000e+00 0.000000e+00 3.764077e+14 5.395604e+10 1.185000e+12 3.409304e+15 8.147039e-01 1.542484e-07 2.803540e-06 2.770790e-07 5.866730e-03 1.250457e+01 4.636799e-04 5.666642e+00 4.325994e-14 3.643147e-12 8.290175e-15 4.824580e-23 0.000000e+00 0.000000e+00 9.447331e-10 9.459955e-10 6.766727e-03 0.000000e+00 0.000000e+00 0.000000e+00 0.000000e+00 7.074287e-83 0.000000e+00 0.000000e+00 8.269647e-06 0.000000e+00 0.000000e+00 0.000000e+00 0.000000e+00 0.000000e+00 0.000000e+00 0.000000e+00 0.000000e+00 0.000000e+00 0.000000e+00 0.000000e+00 0.000000e+00 0.000000e+00 0.000000e+00 0.000000e+00 0.000000e+00 0.000000e+00 0.000000e+00 0.000000e+00 0.000000e+00 0.000000e+00 0.000000e+00 0.000000e+00 0.000000e+00 0.000000e+00 6.713165e-62 1.796319e-29 4.097209e-29 2.925388e-18 1.341635e-29 0.000000e+00
55.000000 54.000000 56.000000 182.880645 6.507799e+00 4.677108e+10 2.025438e+07 2.049860e+08 4.693050e+04 1.393850e+04 9.834975e+00 1.047775e+08 1.661339e+01 4.755808e-12 7.669317e-11 2.233859e+02 4.192552e+01 1.143363e-03 1.400850e-07 9.951535e-21 2.424665e-07 8.064265e-06 1.024626e-08 4.274481e-09 1.973453e+12 1.709991e+08 6.132672e+01 3.348589e-09 5.961861e+00 2.864723e-12 1.038834e-46 2.556686e-08 1.090478e-13 2.533816e-06 1.458212e-08 1.002607e+01 9.724227e-02 1.893550e+00 1.239805e-04 1.017115e-04 1.275891e-05 2.898020e-03 2.502723e-13 9.654174e-14 0.000000e+00 0.000000e+00 0.000000e+00 0.000000e+00 0.000000e+00 0.000000e+00 0.000000e+00 0.000000e+00 0.000000e+00 0.000000e+00 0.000000e+00 0.000000e+00 2.557619e+14 3.670655e+10 9.630807e+11 2.319651e+15 1.118634e+00 6.749474e-08 1.444172e-05 2.399447e-06 3.180181e-03 6.896839e+00 4.335805e-04 1.572561e+00 7.278968e-14 1.345346e-12 2.179637e-15 3.863863e-23 0.000000e+00 0.000000e+00 8.933517e-11 2.845099e-10 6.163634e-03 0.000000e+00 0.000000e+00 0.000000e+00 0.000000e+00 1.119026e-87 0.000000e+00 0.000000e+00 1.012447e-04 0.000000e+00 0.000000e+00 0.000000e+00 0.000000e+00 0.000000e+00 0.000000e+00 0.000000e+00 0.000000e+00 0.000000e+00 0.000000e+00 0.000000e+00 0.000000e+00 0.000000e+00 0.000000e+00 0.000000e+00 0.000000e+00 0.000000e+00 0.000000e+00 0.000000e+00 0.000000e+00 0.000000e+00 0.000000e+00 0.000000e+00 0.000000e+00 0.000000e+00 7.760477e-64 2.032823e-30 5.025569e-30 4.644392e-19 3.710169e-30 0.000000e+00
57.000000 56.000000 58.000000 183.520998 4.455803e+00 7.063366e+10 1.712456e+07 1.925285e+08 2.121211e+04 4.833747e+03 1.174886e+00 5.190819e+07 1.540376e+01 1.420237e-12 3.774494e-11 1.235064e+02 2.454772e+01 4.583979e-04 4.230577e-08 8.390543e-22 6.039351e-08 1.450338e-06 1.263736e-09 2.436933e-08 1.644206e+12 1.145680e+08 4.313302e+01 1.379580e-09 3.848007e+00 3.304002e-13 4.940806e-46 9.813031e-08 2.030873e-13 4.623266e-06 9.599680e-09 6.490449e+00 3.220985e-01 2.665906e+00 2.664213e-04 6.617717e-05 1.398331e-05 2.540774e-03 5.699350e-13 9.594921e-14 0.000000e+00 0.000000e+00 0.000000e+00 0.000000e+00 0.000000e+00 0.000000e+00 0.000000e+00 0.000000e+00 0.000000e+00 0.000000e+00 0.000000e+00 0.000000e+00 1.742080e+14 2.503638e+10 7.866116e+11 1.582693e+15 1.420465e+00 2.657361e-08 7.141733e-05 1.624597e-05 2.151311e-03 3.224260e+00 3.516188e-04 4.038974e-01 1.949656e-13 4.335740e-13 4.929502e-16 4.409001e-23 0.000000e+00 0.000000e+00 8.432038e-12 1.076691e-10 5.737692e-03 0.000000e+00 0.000000e+00 0.000000e+00 0.000000e+00 1.772765e-92 0.000000e+00 0.000000e+00 1.086340e-03 0.000000e+00 0.000000e+00 0.000000e+00 0.000000e+00 0.000000e+00 0.000000e+00 0.000000e+00 0.000000e+00 0.000000e+00 0.000000e+00 0.000000e+00 0.000000e+00 0.000000e+00 0.000000e+00 0.000000e+00 0.000000e+00 0.000000e+00 0.000000e+00 0.000000e+00 0.000000e+00 0.000000e+00 0.000000e+00 0.000000e+00 0.000000e+00 0.000000e+00 8.987391e-66 3.453189e-31 8.124865e-31 9.087925e-20 1.812753e-30 0.000000e+00
59.000000 58.000000 60.000000 183.832085 3.054401e+00 9.659078e+10 1.345100e+07 1.668079e+08 9.499460e+03 1.717328e+03 1.453911e-01 2.476452e+07 1.314592e+01 4.398404e-13 2.025704e-11 6.837880e+01 1.420426e+01 1.823903e-04 1.222452e-08 6.725777e-23 1.518194e-08 2.573518e-07 1.534314e-10 6.336152e-08 1.384061e+12 7.630579e+07 3.778896e+01 7.201940e-10 2.148652e+00 5.037074e-14 1.188504e-45 2.174559e-07 2.349919e-13 5.303585e-06 6.203505e-09 4.157518e+00 7.905843e-01 3.354617e+00 4.921784e-04 4.262374e-05 1.445491e-05 2.246788e-03 7.133425e-13 8.849072e-14 0.000000e+00 0.000000e+00 0.000000e+00 0.000000e+00 0.000000e+00 0.000000e+00 0.000000e+00 0.000000e+00 0.000000e+00 0.000000e+00 0.000000e+00 0.000000e+00 1.189566e+14 1.712409e+10 6.436159e+11 1.083081e+15 1.708097e+00 9.840590e-09 1.751699e-04 4.734733e-05 1.927889e-03 1.386954e+00 2.601594e-04 1.007796e-01 3.284713e-13 1.288078e-13 1.013313e-16 3.181373e-23 0.000000e+00 0.000000e+00 8.151146e-13 5.446436e-11 5.343094e-03 0.000000e+00 0.000000e+00 0.000000e+00 0.000000e+00 2.812430e-97 0.000000e+00 0.000000e+00 5.287001e-03 0.000000e+00 0.000000e+00 0.000000e+00 0.000000e+00 0.000000e+00 0.000000e+00 0.000000e+00 0.000000e+00 0.000000e+00 0.000000e+00 0.000000e+00 0.000000e+00 0.000000e+00 0.000000e+00 0.000000e+00 0.000000e+00 0.000000e+00 0.000000e+00 0.000000e+00 0.000000e+00 0.000000e+00 0.000000e+00 0.000000e+00 0.000000e+00 0.000000e+00 1.046186e-67 7.725169e-32 1.585853e-31 2.573542e-20 7.878186e-31 0.000000e+00
61.000000 60.000000 62.000000 183.641894 2.094488e+00 1.235206e+11 1.003523e+07 1.372992e+08 4.220455e+03 6.219332e+02 1.880606e-02 1.139089e+07 1.062527e+01 1.342370e-13 1.103280e-11 3.797069e+01 8.157931e+00 7.228115e-05 3.468509e-09 5.303557e-24 3.857233e-09 4.545202e-08 1.859155e-11 1.866096e-07 1.175293e+12 5.029285e+07 5.831285e+01 5.713827e-10 1.122647e+00 1.417467e-14 2.822659e-45 5.900277e-07 3.401670e-13 7.841244e-06 3.783187e-09 2.628690e+00 1.818689e+00 3.838693e+00 8.978029e-04 2.637379e-05 1.376880e-05 1.971614e-03 1.144027e-12 8.104136e-14 0.000000e+00 0.000000e+00 0.000000e+00 0.000000e+00 0.000000e+00 0.000000e+00 0.000000e+00 0.000000e+00 0.000000e+00 0.000000e+00 0.000000e+00 0.000000e+00 8.143110e+13 1.174569e+10 5.258038e+11 7.434681e+14 2.029518e+00 3.517380e-09 5.126500e-04 1.521960e-04 3.098186e-03 5.751501e-01 1.860609e-04 2.484938e-02 7.190947e-13 3.884747e-14 2.023349e-17 2.914090e-23 0.000000e+00 0.000000e+00 8.102457e-14 4.991135e-11 4.886596e-03 0.000000e+00 0.000000e+00 0.000000e+00 0.000000e+00 4.468400e-102 0.000000e+00 0.000000e+00 2.876695e-02 0.000000e+00 0.000000e+00 0.000000e+00 0.000000e+00 0.000000e+00 0.000000e+00 0.000000e+00 0.000000e+00 0.000000e+00 0.000000e+00 0.000000e+00 0.000000e+00 0.000000e+00 0.000000e+00 0.000000e+00 0.000000e+00 0.000000e+00 0.000000e+00 0.000000e+00 0.000000e+00 0.000000e+00 0.000000e+00 0.000000e+00 0.000000e+00 0.000000e+00 1.245284e-69 1.907097e-32 3.231191e-32 1.361699e-20 3.986837e-31 0.000000e+00
63.000000 62.000000 64.000000 182.330367 1.434693e+00 1.514173e+11 7.314335e+06 1.097282e+08 1.864727e+03 2.294852e+02 2.569479e-03 5.062644e+06 8.303893e+00 3.774545e-14 5.537159e-12 2.125990e+01 4.662547e+00 2.871139e-05 9.905352e-10 4.299656e-25 9.899267e-10 8.127891e-09 2.294700e-12 5.186763e-07 1.007250e+12 3.262949e+07 1.432057e+02 5.313405e-10 6.022812e-01 6.865969e-15 4.245082e-45 1.654680e-06 4.735354e-13 1.203100e-05 2.018676e-09 1.635036e+00 3.491805e+00 3.999556e+00 1.345851e-03 1.492628e-05 1.139755e-05 1.685150e-03 1.883410e-12 6.850666e-14 0.000000e+00 0.000000e+00 0.000000e+00 0.000000e+00 0.000000e+00 0.000000e+00 0.000000e+00 0.000000e+00 0.000000e+00 0.000000e+00 0.000000e+00 0.000000e+00 5.598388e+13 8.093153e+09 4.278584e+11 5.129282e+14 2.508986e+00 1.237955e-09 1.460138e-03 4.565792e-04 7.303280e-03 2.395712e-01 1.365884e-04 6.177291e-03 1.694159e-12 1.399049e-14 4.273450e-18 2.600611e-23 0.000000e+00 0.000000e+00 8.450638e-15 6.872948e-11 4.302177e-03 0.000000e+00 0.000000e+00 0.000000e+00 0.000000e+00 7.109055e-107 0.000000e+00 0.000000e+00 1.456281e-01 0.000000e+00 0.000000e+00 0.000000e+00 0.000000e+00 0.000000e+00 0.000000e+00 0.000000e+00 0.000000e+00 0.000000e+00 0.000000e+00 0.000000e+00 0.000000e+00 0.000000e+00 0.000000e+00 0.000000e+00 0.000000e+00 0.000000e+00 0.000000e+00 0.000000e+00 0.000000e+00 0.000000e+00 0.000000e+00 0.000000e+00 0.000000e+00 0.000000e+00 1.602590e-71 4.223298e-33 5.692839e-33 1.079142e-20 1.874890e-31 0.000000e+00
65.000000 64.000000 66.000000 180.962103 9.807386e-01 1.799301e+11 4.996314e+06 8.585393e+07 7.984950e+02 8.347943e+01 3.452591e-04 2.167452e+06 6.314710e+00 1.007659e-14 2.716548e-12 1.198207e+01 2.622516e+00 1.116576e-05 2.730763e-10 3.282119e-26 2.526993e-10 1.372881e-09 2.700274e-13 1.087557e-06 8.632234e+11 2.048678e+07 3.118584e+02 4.644648e-10 3.297647e-01 2.964666e-15 5.850438e-45 3.513372e-06 5.115795e-13 1.399850e-05 1.076598e-09 9.827917e-01 5.049580e+00 3.762718e+00 1.601943e-03 8.343940e-06 9.301621e-06 1.365584e-03 2.401477e-12 5.540878e-14 0.000000e+00 0.000000e+00 0.000000e+00 0.000000e+00 0.000000e+00 0.000000e+00 0.000000e+00 0.000000e+00 0.000000e+00 0.000000e+00 0.000000e+00 0.000000e+00 3.838980e+13 5.567476e+09 3.416055e+11 3.532823e+14 3.266698e+00 4.266592e-10 3.139705e-03 1.011503e-03 1.506477e-02 1.107984e-01 1.044671e-04 1.469316e-03 3.148772e-12 5.990923e-15 9.091684e-19 1.805893e-23 0.000000e+00 0.000000e+00 8.453943e-16 8.022330e-11 3.549025e-03 0.000000e+00 0.000000e+00 0.000000e+00 0.000000e+00 1.137551e-111 0.000000e+00 0.000000e+00 5.408856e-01 0.000000e+00 0.000000e+00 0.000000e+00 0.000000e+00 0.000000e+00 0.000000e+00 0.000000e+00 0.000000e+00 0.000000e+00 0.000000e+00 0.000000e+00 0.000000e+00 0.000000e+00 0.000000e+00 0.000000e+00 0.000000e+00 0.000000e+00 0.000000e+00 0.000000e+00 0.000000e+00 0.000000e+00 0.000000e+00 0.000000e+00 0.000000e+00 0.000000e+00 2.589510e-73 9.053746e-34 9.476745e-34 7.740178e-21 6.989513e-32 0.000000e+00
67.000000 66.000000 68.000000 180.660004 6.697334e-01 2.080663e+11 3.123727e+06 6.598529e+07 3.277661e+02 2.937417e+01 4.305367e-05 8.836298e+05 4.686831e+00 2.662738e-15 1.376114e-12 6.767502e+00 1.431979e+00 4.170677e-06 7.062834e-11 2.206214e-27 6.354360e-11 2.103397e-10 2.874820e-14 1.690361e-06 7.373212e+11 1.218943e+07 4.875587e+02 3.732277e-10 1.775470e-01 8.692262e-16 1.028639e-44 5.215613e-06 4.192424e-13 1.140002e-05 6.137186e-10 5.573163e-01 5.608221e+00 3.226351e+00 1.598381e-03 4.760545e-06 7.960358e-06 1.041242e-03 2.252902e-12 4.168520e-14 0.000000e+00 0.000000e+00 0.000000e+00 0.000000e+00 0.000000e+00 0.000000e+00 0.000000e+00 0.000000e+00 0.000000e+00 0.000000e+00 0.000000e+00 0.000000e+00 2.611288e+13 3.805436e+09 2.645982e+11 2.416553e+14 4.514168e+00 1.438366e-10 4.914977e-03 1.611539e-03 2.333891e-02 6.642834e-02 8.278373e-05 3.271721e-04 4.301634e-12 2.566940e-15 1.852994e-19 9.498870e-24 0.000000e+00 0.000000e+00 7.639467e-17 6.600782e-11 2.730647e-03 0.000000e+00 0.000000e+00 0.000000e+00 0.000000e+00 1.807750e-116 0.000000e+00 0.000000e+00 1.433076e+00 0.000000e+00 0.000000e+00 0.000000e+00 0.000000e+00 0.000000e+00 0.000000e+00 0.000000e+00 0.000000e+00 0.000000e+00 0.000000e+00 0.000000e+00 0.000000e+00 0.000000e+00 0.000000e+00 0.000000e+00 0.000000e+00 0.000000e+00 0.000000e+00 0.000000e+00 0.000000e+00 0.000000e+00 0.000000e+00 0.000000e+00 0.000000e+00 0.000000e+00 6.730243e-75 2.064808e-34 1.653304e-34 4.290865e-21 2.064757e-32 0.000000e+00
69.000000 68.000000 70.000000 180.660004 4.573520e-01 2.326493e+11 1.824130e+06 5.001561e+07 1.306440e+02 1.021013e+01 5.202477e-06 3.436613e+05 3.423205e+00 6.792764e-16 6.783584e-13 3.858871e+00 7.597578e-01 1.513192e-06 1.767189e-11 1.387127e-28 1.604831e-11 3.044210e-11 2.872793e-15 2.033251e-06 6.297060e+11 6.796350e+06 5.824379e+02 2.328833e-10 9.536835e-02 1.888761e-16 1.548904e-44 5.866581e-06 2.566471e-13 6.917269e-06 3.273073e-10 2.945113e-01 5.130487e+00 2.567943e+00 1.323169e-03 2.540525e-06 6.279488e-06 7.578967e-04 1.655819e-12 2.739646e-14 0.000000e+00 0.000000e+00 0.000000e+00 0.000000e+00 0.000000e+00 0.000000e+00 0.000000e+00 0.000000e+00 0.000000e+00 0.000000e+00 0.000000e+00 0.000000e+00 1.770593e+13 2.596463e+09 1.985074e+11 1.650232e+14 6.494699e+00 4.868670e-11 5.846318e-03 1.936419e-03 2.766520e-02 5.070427e-02 6.564759e-05 7.164158e-05 4.759945e-12 9.708510e-16 3.669592e-20 3.798366e-24 0.000000e+00 0.000000e+00 6.611526e-18 4.028362e-11 1.996050e-03 0.000000e+00 0.000000e+00 0.000000e+00 0.000000e+00 2.868008e-121 0.000000e+00 0.000000e+00 2.795035e+00 0.000000e+00 0.000000e+00 0.000000e+00 0.000000e+00 0.000000e+00 0.000000e+00 0.000000e+00 0.000000e+00 0.000000e+00 0.000000e+00 0.000000e+00 0.000000e+00 0.000000e+00 0.000000e+00 0.000000e+00 0.000000e+00 0.000000e+00 0.000000e+00 0.000000e+00 0.000000e+00 0.000000e+00 0.000000e+00 0.000000e+00 0.000000e+00 0.000000e+00 2.624036e-76 4.593827e-35 2.755160e-35 1.814597e-21 4.662519e-33 0.000000e+00
71.000000 70.000000 72.000000 180.660004 3.123196e-01 2.503376e+11 9.840785e+05 3.732563e+07 5.041654e+01 3.498264e+00 6.116431e-07 1.272806e+05 2.469909e+00 1.691726e-16 3.317269e-13 2.224310e+00 3.901527e-01 5.312378e-07 4.263626e-12 8.138432e-30 4.116870e-12 4.128807e-12 2.693309e-16 1.986723e-06 5.373407e+11 3.506316e+06 5.525174e+02 1.138474e-10 4.946451e-02 3.157787e-17 2.116813e-44 5.216372e-06 1.232852e-13 3.280308e-06 1.612411e-10 1.430646e-01 4.073800e+00 1.934926e+00 9.573283e-04 1.252041e-06 4.497555e-06 5.344467e-04 1.003651e-12 1.673408e-14 0.000000e+00 0.000000e+00 0.000000e+00 0.000000e+00 0.000000e+00 0.000000e+00 0.000000e+00 0.000000e+00 0.000000e+00 0.000000e+00 0.000000e+00 0.000000e+00 1.198383e+13 1.771352e+09 1.434866e+11 1.126921e+14 9.345019e+00 1.666568e-11 5.526347e-03 1.841195e-03 2.611267e-02 4.043879e-02 4.911662e-05 1.552917e-05 4.486470e-12 3.033539e-16 6.654017e-21 1.223476e-24 0.000000e+00 0.000000e+00 5.459594e-19 1.884908e-11 1.411653e-03 0.000000e+00 0.000000e+00 0.000000e+00 0.000000e+00 4.550112e-126 0.000000e+00 0.000000e+00 4.169573e+00 0.000000e+00 0.000000e+00 0.000000e+00 0.000000e+00 0.000000e+00 0.000000e+00 0.000000e+00 0.000000e+00 0.000000e+00 0.000000e+00 0.000000e+00 0.000000e+00 0.000000e+00 0.000000e+00 0.000000e+00 0.000000e+00 0.000000e+00 0.000000e+00 0.000000e+00 0.000000e+00 0.000000e+00 0.000000e+00 0.000000e+00 0.000000e+00 0.000000e+00 1.219054e-77 1.023165e-35 4.509428e-36 6.123060e-22 8.388048e-34 0.000000e+00
73.000000 72.000000 74.000000 180.660004 2.132789e-01 2.582916e+11 4.861258e+05 2.736373e+07 1.887208e+01 1.176239e+00 6.957182e-08 4.478900e+04 1.762771e+00 4.160446e-17 1.632308e-13 1.292644e+00 1.930490e-01 1.796675e-07 9.879551e-13 4.422303e-31 1.094209e-12 5.233685e-13 2.363553e-17 1.641653e-06 4.570143e+11 1.658541e+06 4.310602e+02 4.471702e-11 2.398570e-02 4.185663e-18 2.704799e-44 3.799006e-06 4.906998e-14 1.281940e-06 7.273413e-11 6.326813e-02 2.938397e+00 1.404378e+00 6.353507e-04 5.649066e-07 2.896963e-06 3.692640e-04 5.228418e-13 1.010544e-14 0.000000e+00 0.000000e+00 0.000000e+00 0.000000e+00 0.000000e+00 0.000000e+00 0.000000e+00 0.000000e+00 0.000000e+00 0.000000e+00 0.000000e+00 0.000000e+00 8.093526e+12 1.208248e+09 9.935069e+10 7.695599e+13 1.307700e+01 5.788975e-12 4.306044e-03 1.439588e-03 2.033136e-02 2.955040e-02 3.344594e-05 3.357024e-06 3.702518e-12 7.760296e-17 1.061095e-21 3.368453e-25 0.000000e+00 0.000000e+00 4.265196e-20 6.965498e-12 9.794126e-04 0.000000e+00 0.000000e+00 0.000000e+00 0.000000e+00 7.217694e-131 0.000000e+00 0.000000e+00 4.916912e+00 0.000000e+00 0.000000e+00 0.000000e+00 0.000000e+00 0.000000e+00 0.000000e+00 0.000000e+00 0.000000e+00 0.000000e+00 0.000000e+00 0.000000e+00 0.000000e+00 0.000000e+00 0.000000e+00 0.000000e+00 0.000000e+00 0.000000e+00 0.000000e+00 0.000000e+00 0.000000e+00 0.000000e+00 0.000000e+00 0.000000e+00 0.000000e+00 0.000000e+00 6.242888e-79 2.350618e-36 7.456433e-37 1.722503e-22 1.264820e-34 0.000000e+00
75.000000 74.000000 76.000000 180.660004 1.456452e-01 2.553264e+11 2.189167e+05 1.972143e+07 6.950490e+00 3.871517e-01 7.622091e-09 1.496865e+04 1.245771e+00 1.021518e-17 8.166025e-14 7.544881e-01 9.183172e-02 5.840790e-08 2.194345e-13 2.216235e-32 3.130883e-13 6.274006e-14 1.958409e-18 1.189717e-06 3.866009e+11 7.172158e+05 2.852723e+02 1.447778e-11 1.073688e-02 4.524565e-19 3.214510e-44 2.337997e-06 1.735136e-14 4.420137e-07 2.999895e-11 2.539886e-02 2.002202e+00 9.953773e-01 4.036187e-04 2.330198e-07 1.673703e-06 2.518108e-04 2.467091e-13 6.268364e-15 0.000000e+00 0.000000e+00 0.000000e+00 0.000000e+00 0.000000e+00 0.000000e+00 0.000000e+00 0.000000e+00 0.000000e+00 0.000000e+00 0.000000e+00 0.000000e+00 5.452444e+12 8.239733e+08 6.562974e+10 5.255214e+13 1.761908e+01 2.050239e-12 2.853795e-03 9.560691e-04 1.346878e-02 1.907789e-02 2.053113e-05 7.355843e-07 2.716850e-12 1.647064e-17 1.469519e-22 8.515408e-26 0.000000e+00 0.000000e+00 3.137090e-21 2.088624e-12 6.728268e-04 0.000000e+00 0.000000e+00 0.000000e+00 0.000000e+00 0.000000e+00 0.000000e+00 0.000000e+00 4.725527e+00 0.000000e+00 0.000000e+00 0.000000e+00 0.000000e+00 0.000000e+00 0.000000e+00 0.000000e+00 0.000000e+00 0.000000e+00 0.000000e+00 0.000000e+00 0.000000e+00 0.000000e+00 0.000000e+00 0.000000e+00 0.000000e+00 0.000000e+00 0.000000e+00 0.000000e+00 0.000000e+00 0.000000e+00 0.000000e+00 0.000000e+00 0.000000e+00 0.000000e+00 3.553907e-80 5.689532e-37 1.272333e-37 4.192937e-23 1.686566e-35 0.000000e+00
77.000000 76.000000 78.000000 180.660004 9.945904e-02 2.422077e+11 8.985322e+04 1.401463e+07 2.598530e+00 1.246254e-01 8.025256e-10 4.758468e+03 8.728478e-01 2.527703e-18 4.179533e-14 4.406153e-01 4.200725e-02 1.825658e-08 4.673438e-14 1.024622e-33 1.015820e-13 7.338108e-15 1.571331e-19 1.694087e-06 3.247581e+11 2.842871e+05 1.645095e+02 3.957709e-12 4.449332e-03 4.096525e-20 3.426862e-44 1.249830e-06 5.922625e-15 1.458610e-07 1.137266e-11 9.283134e-03 1.328328e+00 6.953995e-01 2.533419e-04 8.834738e-08 8.706576e-07 1.700514e-04 1.319586e-13 4.016438e-15 0.000000e+00 0.000000e+00 0.000000e+00 0.000000e+00 0.000000e+00 0.000000e+00 0.000000e+00 0.000000e+00 0.000000e+00 0.000000e+00 0.000000e+00 0.000000e+00 3.662644e+12 5.617492e+08 4.126990e+10 3.588711e+13 2.290040e+01 7.460560e-13 1.652912e-03 5.544808e-04 7.799281e-03 1.091723e-02 1.143311e-05 1.684074e-07 1.795467e-12 2.961815e-18 1.777372e-23 2.146812e-26 0.000000e+00 0.000000e+00 2.170391e-22 5.209799e-13 4.600447e-04 0.000000e+00 0.000000e+00 0.000000e+00 0.000000e+00 0.000000e+00 0.000000e+00 0.000000e+00 3.809565e+00 0.000000e+00 0.000000e+00 0.000000e+00 0.000000e+00 0.000000e+00 0.000000e+00 0.000000e+00 0.000000e+00 0.000000e+00 0.000000e+00 0.000000e+00 0.000000e+00 0.000000e+00 0.000000e+00 0.000000e+00 0.000000e+00 0.000000e+00 0.000000e+00 0.000000e+00 0.000000e+00 0.000000e+00 0.000000e+00 0.000000e+00 0.000000e+00 0.000000e+00 2.296556e-81 1.467956e-37 2.270286e-38 9.102316e-24 2.102681e-36 0.000000e+00
79.000000 78.000000 80.000000 180.660004 6.791926e-02 2.212233e+11 3.371212e+04 9.853168e+06 1.039381e+00 3.920428e-02 8.106942e-11 1.443353e+03 6.071995e-01 6.343119e-19 2.193967e-14 2.566160e-01 1.852629e-02 5.501025e-09 9.567710e-15 4.389791e-35 3.880965e-14 8.845203e-16 1.279383e-20 6.002809e-04 2.705983e+11 1.039481e+05 8.458668e+01 9.337727e-13 1.723366e-03 3.183392e-21 3.195315e-44 5.943536e-07 2.092394e-15 4.929636e-08 4.003792e-12 3.109832e-03 8.750945e-01 4.816570e-01 1.600251e-04 3.111058e-08 4.115915e-07 1.137609e-04 1.475127e-13 2.622926e-15 0.000000e+00 0.000000e+00 0.000000e+00 0.000000e+00 0.000000e+00 0.000000e+00 0.000000e+00 0.000000e+00 0.000000e+00 0.000000e+00 0.000000e+00 0.000000e+00 2.452345e+12 3.828163e+08 2.468383e+10 2.450682e+13 2.891791e+01 2.827405e-13 8.563683e-04 2.875230e-04 4.040363e-03 5.619042e-03 5.850832e-06 4.233681e-08 1.083520e-12 4.617979e-19 1.904990e-24 5.776614e-27 0.000000e+00 0.000000e+00 1.414753e-23 1.105714e-13 3.138852e-04 0.000000e+00 0.000000e+00 0.000000e+00 0.000000e+00 0.000000e+00 0.000000e+00 0.000000e+00 2.645885e+00 0.000000e+00 0.000000e+00 0.000000e+00 0.000000e+00 0.000000e+00 0.000000e+00 0.000000e+00 0.000000e+00 0.000000e+00 0.000000e+00 0.000000e+00 0.000000e+00 0.000000e+00 0.000000e+00 0.000000e+00 0.000000e+00 0.000000e+00 0.000000e+00 0.000000e+00 0.000000e+00 0.000000e+00 0.000000e+00 0.000000e+00 0.000000e+00 0.000000e+00 1.704792e-82 4.055135e-38 4.259906e-39 1.804608e-24 2.586144e-37 0.000000e+00
81.000000 80.000000 82.000000 180.660004 4.638116e-02 1.953498e+11 1.161445e+04 6.871880e+06 4.776024e-01 1.203443e-02 7.841340e-12 4.194613e+02 4.200441e-01 1.618660e-19 1.180712e-14 1.486183e-01 7.913538e-03 1.605197e-09 1.890836e-15 1.756916e-36 1.734753e-14 1.185022e-16 1.133647e-21 3.960806e-02 2.234392e+11 3.535727e+04 3.952957e+01 1.939391e-13 6.303600e-04 2.170427e-22 2.643349e-44 2.565347e-07 7.820486e-16 1.740190e-08 1.326599e-12 9.630529e-04 5.783408e-01 3.318809e-01 1.024642e-04 1.031410e-08 1.791477e-07 7.525354e-05 2.972446e-13 1.718546e-15 0.000000e+00 0.000000e+00 0.000000e+00 0.000000e+00 0.000000e+00 0.000000e+00 0.000000e+00 0.000000e+00 0.000000e+00 0.000000e+00 0.000000e+00 0.000000e+00 1.636023e+12 2.607196e+08 1.404221e+10 1.673539e+13 3.572875e+01 1.145932e-13 4.047629e-04 1.359791e-04 1.909662e-03 2.644113e-03 2.789799e-06 1.250001e-08 6.054958e-13 6.387594e-20 1.841382e-25 1.691395e-27 0.000000e+00 0.000000e+00 8.714504e-25 2.037288e-14 2.139511e-04 0.000000e+00 0.000000e+00 0.000000e+00 0.000000e+00 0.000000e+00 0.000000e+00 0.000000e+00 1.621688e+00 0.000000e+00 0.000000e+00 0.000000e+00 0.000000e+00 0.000000e+00 0.000000e+00 0.000000e+00 0.000000e+00 0.000000e+00 0.000000e+00 0.000000e+00 0.000000e+00 0.000000e+00 0.000000e+00 0.000000e+00 0.000000e+00 0.000000e+00 0.000000e+00 0.000000e+00 0.000000e+00 0.000000e+00 0.000000e+00 0.000000e+00 0.000000e+00 0.000000e+00 1.456699e-83 1.199488e-38 8.402293e-40 3.328048e-25 3.270030e-38 0.000000e+00
83.000000 82.000000 84.000000 180.660004 3.167308e-02 1.674702e+11 3.691730e+03 4.762216e+06 2.680996e-01 3.596817e-03 7.264074e-13 1.173436e+02 2.893765e-01 4.200205e-20 6.500956e-15 8.532193e-02 3.294432e-03 4.564337e-10 3.627606e-16 6.641334e-38 8.701214e-15 1.888916e-17 1.177091e-22 1.092419e+00 1.826733e+11 1.129091e+04 1.705731e+01 3.609048e-14 2.194758e-04 1.324780e-23 2.009152e-44 1.021760e-07 3.028014e-16 6.267189e-09 4.197073e-13 2.782183e-04 3.848158e-01 2.279485e-01 6.656401e-05 3.267166e-09 7.287155e-08 4.907678e-05 6.737479e-13 1.116922e-15 0.000000e+00 0.000000e+00 0.000000e+00 0.000000e+00 0.000000e+00 0.000000e+00 0.000000e+00 0.000000e+00 0.000000e+00 0.000000e+00 0.000000e+00 0.000000e+00 1.087129e+12 1.774068e+08 7.599871e+09 1.142837e+13 4.334791e+01 5.211968e-14 1.774432e-04 5.963756e-05 8.372250e-04 1.154961e-03 1.253686e-06 4.589629e-09 3.172349e-13 8.010905e-21 1.632840e-26 5.262753e-28 0.000000e+00 0.000000e+00 5.092221e-26 3.317854e-15 1.457599e-04 0.000000e+00 0.000000e+00 0.000000e+00 0.000000e+00 0.000000e+00 0.000000e+00 0.000000e+00 8.957611e-01 0.000000e+00 0.000000e+00 0.000000e+00 0.000000e+00 0.000000e+00 0.000000e+00 0.000000e+00 0.000000e+00 0.000000e+00 0.000000e+00 0.000000e+00 0.000000e+00 0.000000e+00 0.000000e+00 0.000000e+00 0.000000e+00 0.000000e+00 0.000000e+00 0.000000e+00 0.000000e+00 0.000000e+00 0.000000e+00 0.000000e+00 0.000000e+00 0.000000e+00 1.428837e-84 3.793815e-39 1.735318e-40 5.790841e-26 4.329701e-39 0.000000e+00
85.000000 84.000000 86.000000 180.660004 2.162911e-02 1.399010e+11 1.086716e+03 3.282149e+06 1.847737e-01 1.043482e-03 6.569237e-14 3.175411e+01 1.987759e-01 1.106498e-20 3.652268e-15 4.834468e-02 1.346562e-03 1.274057e-10 6.800166e-17 2.402183e-39 4.686377e-15 3.630078e-18 1.476689e-23 1.402576e+01 1.477277e+11 3.416244e+03 6.884676e+00 6.115859e-15 7.311187e-05 7.380273e-25 1.450220e-44 3.807024e-08 1.180756e-16 2.232826e-09 1.285149e-13 7.565900e-05 2.578136e-01 1.562488e-01 4.379489e-05 1.002700e-09 2.811346e-08 3.145338e-05 1.693977e-12 7.150236e-16 0.000000e+00 0.000000e+00 0.000000e+00 0.000000e+00 0.000000e+00 0.000000e+00 0.000000e+00 0.000000e+00 0.000000e+00 0.000000e+00 0.000000e+00 0.000000e+00 7.194027e+11 1.205603e+08 3.912198e+09 7.804284e+12 5.161791e+01 2.828952e-14 7.316914e-05 2.459994e-05 3.452702e-04 4.746607e-04 5.352711e-07 2.097544e-09 1.574177e-13 9.296355e-22 1.348514e-27 1.687457e-28 0.000000e+00 0.000000e+00 2.834704e-27 4.858832e-16 9.927167e-05 0.000000e+00 0.000000e+00 0.000000e+00 0.000000e+00 0.000000e+00 0.000000e+00 0.000000e+00 4.540886e-01 0.000000e+00 0.000000e+00 0.000000e+00 0.000000e+00 0.000000e+00 0.000000e+00 0.000000e+00 0.000000e+00 0.000000e+00 0.000000e+00 0.000000e+00 0.000000e+00 0.000000e+00 0.000000e+00 0.000000e+00 0.000000e+00 0.000000e+00 0.000000e+00 0.000000e+00 0.000000e+00 0.000000e+00 0.000000e+00 0.000000e+00 0.000000e+00 0.000000e+00 1.604779e-85 1.281935e-39 3.732776e-41 9.614245e-27 5.983937e-40 0.000000e+00
87.000000 86.000000 88.000000 180.660004 1.477021e-02 1.142423e+11 2.964456e+02 2.250396e+06 1.481517e-01 2.922394e-04 6.602791e-15 8.352646e+00 1.362685e-01 2.952436e-21 2.087849e-15 2.683248e-02 5.439403e-04 3.513892e-11 1.252094e-17 8.411580e-41 2.631252e-15 8.025829e-19 2.161042e-24 1.066268e+02 1.180646e+11 9.879167e+02 2.626776e+00 9.586915e-16 2.337907e-05 3.824253e-26 1.017405e-44 1.342294e-08 4.566821e-17 7.730986e-10 3.850776e-14 1.953610e-05 1.737057e-01 1.069635e-01 2.911061e-05 3.016430e-10 1.042555e-08 1.976633e-05 4.299704e-12 4.491834e-16 0.000000e+00 0.000000e+00 0.000000e+00 0.000000e+00 0.000000e+00 0.000000e+00 0.000000e+00 0.000000e+00 0.000000e+00 0.000000e+00 0.000000e+00 0.000000e+00 4.740866e+11 8.177568e+07 1.910342e+09 5.329439e+12 6.018872e+01 1.887248e-14 2.872331e-05 9.659782e-06 1.355589e-04 1.857380e-04 2.184579e-07 1.126490e-09 7.460376e-14 1.015801e-22 1.050282e-28 5.479129e-29 0.000000e+00 0.000000e+00 1.505271e-28 6.523360e-17 6.759478e-05 0.000000e+00 0.000000e+00 0.000000e+00 0.000000e+00 0.000000e+00 0.000000e+00 0.000000e+00 2.146176e-01 0.000000e+00 0.000000e+00 0.000000e+00 0.000000e+00 0.000000e+00 0.000000e+00 0.000000e+00 0.000000e+00 0.000000e+00 0.000000e+00 0.000000e+00 0.000000e+00 0.000000e+00 0.000000e+00 0.000000e+00 0.000000e+00 0.000000e+00 0.000000e+00 0.000000e+00 0.000000e+00 0.000000e+00 0.000000e+00 0.000000e+00 0.000000e+00 0.000000e+00 2.064955e-86 4.631009e-40 8.316576e-42 1.537036e-27 8.525326e-41 0.000000e+00
89.000000 88.000000 90.000000 180.660004 1.008638e-02 9.142548e+10 7.429204e+01 1.534781e+06 1.296166e-01 7.790295e-05 1.182042e-15 2.145607e+00 9.329057e-02 7.957496e-22 1.211237e-15 1.435629e-02 2.168497e-04 9.562120e-12 2.257467e-18 2.847043e-42 1.515117e-15 1.911925e-19 3.453608e-25 5.769044e+02 9.317620e+10 2.752382e+02 9.555011e-01 1.414062e-16 7.199656e-06 1.877122e-27 7.034839e-45 4.523467e-09 1.747139e-17 2.588788e-10 1.139230e-14 4.828960e-06 1.175336e-01 7.316238e-02 1.950226e-05 8.982876e-11 3.764094e-09 1.217463e-05 9.824357e-12 2.766343e-16 0.000000e+00 0.000000e+00 0.000000e+00 0.000000e+00 0.000000e+00 0.000000e+00 0.000000e+00 0.000000e+00 0.000000e+00 0.000000e+00 0.000000e+00 0.000000e+00 3.111958e+11 5.531843e+07 8.748182e+08 3.639399e+12 6.872385e+01 1.493534e-14 1.084743e-05 3.649353e-06 5.120266e-05 6.994062e-05 8.582139e-08 6.647572e-10 3.402084e-14 1.053959e-23 7.762456e-30 1.793194e-29 0.000000e+00 0.000000e+00 7.521826e-30 8.260908e-18 4.601789e-05 0.000000e+00 0.000000e+00 0.000000e+00 0.000000e+00 0.000000e+00 0.000000e+00 0.000000e+00 9.589417e-02 0.000000e+00 0.000000e+00 0.000000e+00 0.000000e+00 0.000000e+00 0.000000e+00 0.000000e+00 0.000000e+00 0.000000e+00 0.000000e+00 0.000000e+00 0.000000e+00 0.000000e+00 0.000000e+00 0.000000e+00 0.000000e+00 0.000000e+00 0.000000e+00 0.000000e+00 0.000000e+00 0.000000e+00 0.000000e+00 0.000000e+00 0.000000e+00 0.000000e+00 3.058128e-87 1.793249e-40 1.908903e-42 2.384401e-28 1.238679e-41 0.000000e+00
91.000000 90.000000 92.000000 180.660004 6.887854e-03 7.184061e+10 1.645130e+01 1.040478e+06 1.187196e-01 1.892405e-05 4.856129e-16 5.405653e-01 6.380880e-02 2.159745e-22 7.113083e-16 7.100514e-03 8.251424e-05 2.482721e-12 3.845492e-19 8.817893e-44 8.869716e-16 4.553123e-20 5.578431e-26 2.602011e+03 7.256257e+10 7.440277e+01 3.336252e-01 2.007872e-17 2.144414e-06 8.872442e-29 4.830586e-45 1.470155e-09 6.638673e-18 8.404390e-11 3.357219e-15 1.151187e-06 7.976797e-02 5.001468e-02 1.314167e-05 2.674738e-11 1.341899e-09 7.363902e-06 1.989873e-11 1.673188e-16 0.000000e+00 0.000000e+00 0.000000e+00 0.000000e+00 0.000000e+00 0.000000e+00 0.000000e+00 0.000000e+00 0.000000e+00 0.000000e+00 0.000000e+00 0.000000e+00 2.035777e+11 3.727514e+07 3.606099e+08 2.485298e+12 7.719356e+01 1.316318e-14 3.977789e-06 1.339565e-06 1.877954e-05 2.558959e-05 3.277334e-08 4.125672e-10 1.504019e-14 1.013965e-24 5.341076e-31 5.930909e-30 0.000000e+00 0.000000e+00 3.302789e-31 1.043380e-18 3.132511e-05 0.000000e+00 0.000000e+00 0.000000e+00 0.000000e+00 0.000000e+00 0.000000e+00 0.000000e+00 4.101191e-02 0.000000e+00 0.000000e+00 0.000000e+00 0.000000e+00 0.000000e+00 0.000000e+00 0.000000e+00 0.000000e+00 0.000000e+00 0.000000e+00 0.000000e+00 0.000000e+00 0.000000e+00 0.000000e+00 0.000000e+00 0.000000e+00 0.000000e+00 0.000000e+00 0.000000e+00 0.000000e+00 0.000000e+00 0.000000e+00 0.000000e+00 0.000000e+00 0.000000e+00 5.256535e-88 7.475990e-41 4.490994e-43 3.613057e-29 1.826066e-42 0.000000e+00
93.000000 92.000000 94.000000 180.660004 4.703624e-03 5.548437e+10 2.720718e+00 7.001984e+05 1.115860e-01 3.527658e-06 2.803075e-16 1.341082e-01 4.361732e-02 5.882191e-23 4.218774e-16 2.802380e-03 2.510302e-05 5.151306e-13 5.168525e-20 1.911558e-45 5.253189e-16 8.906855e-21 7.588190e-27 1.552000e+04 5.571074e+10 1.963652e+01 1.124268e-01 2.853635e-18 6.210558e-07 4.078155e-30 3.306553e-45 4.647279e-10 2.523502e-18 2.660883e-11 9.944352e-16 2.664500e-07 5.425299e-02 3.417775e-02 8.893793e-06 8.049257e-12 4.799501e-10 4.396184e-06 4.469026e-11 9.988717e-17 0.000000e+00 0.000000e+00 0.000000e+00 0.000000e+00 0.000000e+00 0.000000e+00 0.000000e+00 0.000000e+00 0.000000e+00 0.000000e+00 0.000000e+00 0.000000e+00 1.328618e+11 2.497498e+07 1.129452e+08 1.697175e+12 8.584716e+01 1.233294e-14 1.428969e-06 4.849762e-07 6.746155e-06 9.180558e-06 1.230166e-08 2.634905e-10 6.499713e-15 7.658515e-26 2.980896e-32 1.995361e-30 0.000000e+00 0.000000e+00 9.501000e-33 1.474224e-19 2.132297e-05 0.000000e+00 0.000000e+00 0.000000e+00 0.000000e+00 0.000000e+00 0.000000e+00 0.000000e+00 1.698144e-02 0.000000e+00 0.000000e+00 0.000000e+00 0.000000e+00 0.000000e+00 0.000000e+00 0.000000e+00 0.000000e+00 0.000000e+00 0.000000e+00 0.000000e+00 0.000000e+00 0.000000e+00 0.000000e+00 0.000000e+00 0.000000e+00 0.000000e+00 0.000000e+00 0.000000e+00 0.000000e+00 0.000000e+00 0.000000e+00 0.000000e+00 0.000000e+00 0.000000e+00 1.061136e-88 3.375668e-41 1.077972e-43 5.379963e-30 2.731545e-43 0.000000e+00
95.000000 94.000000 96.000000 180.660004 3.212042e-03 4.210143e+10 1.176363e-02 4.666105e+05 1.078241e-01 1.639201e-08 1.791460e-16 3.291758e-02 2.980374e-02 1.601205e-23 2.522231e-16 1.463427e-04 1.460785e-07 2.043013e-15 1.308036e-22 1.298439e-47 3.138431e-16 4.970537e-23 1.714908e-28 5.665733e+06 4.209220e+10 5.092907e+00 3.677841e-02 4.421099e-19 1.766754e-07 1.794107e-31 2.260234e-45 1.441807e-10 9.691843e-19 8.284912e-12 3.013170e-16 6.026445e-08 3.695490e-02 2.334948e-02 6.038841e-06 2.497060e-12 1.765265e-10 2.615037e-06 1.222875e-10 5.941736e-17 0.000000e+00 0.000000e+00 0.000000e+00 0.000000e+00 0.000000e+00 0.000000e+00 0.000000e+00 0.000000e+00 0.000000e+00 0.000000e+00 0.000000e+00 0.000000e+00 8.667577e+10 1.659504e+07 8.747704e+05 1.158979e+12 9.606697e+01 1.213329e-14 6.067972e-07 1.080369e-06 2.396910e-06 3.262629e-06 4.632548e-09 1.732582e-10 2.775199e-15 1.774837e-28 3.590573e-34 6.900966e-31 0.000000e+00 0.000000e+00 5.590235e-35 2.819779e-20 1.451605e-05 0.000000e+00 0.000000e+00 0.000000e+00 0.000000e+00 0.000000e+00 0.000000e+00 0.000000e+00 6.889689e-03 0.000000e+00 0.000000e+00 0.000000e+00 0.000000e+00 0.000000e+00 0.000000e+00 0.000000e+00 0.000000e+00 0.000000e+00 0.000000e+00 0.000000e+00 0.000000e+00 0.000000e+00 0.000000e+00 0.000000e+00 0.000000e+00 0.000000e+00 0.000000e+00 0.000000e+00 0.000000e+00 0.000000e+00 0.000000e+00 0.000000e+00 0.000000e+00 0.000000e+00 2.555455e-89 1.663882e-41 2.629691e-44 7.923857e-31 4.165280e-44 0.000000e+00
97.000000 96.000000 98.000000 180.660004 2.193458e-03 3.125847e+10 1.829976e-05 3.066457e+05 1.135528e-01 2.613994e-11 1.362622e-16 8.130100e-03 2.035290e-02 4.342787e-24 1.520318e-16 1.403616e-06 1.169243e-09 1.099809e-17 4.384086e-25 8.813623e-50 1.891371e-16 2.835801e-25 3.553740e-30 6.094164e+07 3.113682e+10 1.322631e+00 1.194039e-02 9.497643e-20 5.123051e-08 7.975356e-33 1.544105e-45 4.483113e-11 3.861088e-19 2.592634e-12 1.005001e-16 1.352052e-08 2.519927e-02 1.594892e-02 4.111664e-06 8.576043e-13 7.084190e-11 1.576096e-06 1.540845e-11 3.581114e-17 0.000000e+00 0.000000e+00 0.000000e+00 0.000000e+00 0.000000e+00 0.000000e+00 0.000000e+00 0.000000e+00 0.000000e+00 0.000000e+00 0.000000e+00 0.000000e+00 5.673994e+10 1.089097e+07 2.306359e+03 7.914505e+11 1.153972e+02 1.324316e-14 8.283258e-07 5.967685e-06 8.641083e-07 1.177420e-06 1.889025e-09 1.242031e-10 1.202173e-15 3.782856e-31 4.070417e-36 2.528705e-31 0.000000e+00 0.000000e+00 3.283651e-37 9.783974e-21 9.885382e-06 0.000000e+00 0.000000e+00 0.000000e+00 0.000000e+00 0.000000e+00 0.000000e+00 0.000000e+00 2.809399e-03 0.000000e+00 0.000000e+00 0.000000e+00 0.000000e+00 0.000000e+00 0.000000e+00 0.000000e+00 0.000000e+00 0.000000e+00 0.000000e+00 0.000000e+00 0.000000e+00 0.000000e+00 0.000000e+00 0.000000e+00 0.000000e+00 0.000000e+00 0.000000e+00 0.000000e+00 0.000000e+00 0.000000e+00 0.000000e+00 0.000000e+00 0.000000e+00 0.000000e+00 7.496516e-90 9.046492e-42 6.521139e-45 1.173463e-31 6.603312e-45 0.000000e+00
99.000000 98.000000 100.000000 180.660004 1.497882e-03 2.253402e+10 1.694744e-06 1.973187e+05 1.353126e-01 3.744602e-12 1.299758e-16 2.331447e-03 1.389881e-02 1.186646e-24 9.249053e-17 3.637841e-07 3.349769e-10 2.123242e-18 5.095057e-26 6.023055e-52 1.150305e-16 4.614766e-26 8.406270e-32 7.033447e+07 2.239351e+10 3.967501e-01 4.419151e-03 3.341468e-20 1.769888e-08 3.735383e-34 1.054604e-45 1.621539e-11 1.867182e-19 9.464573e-13 4.469326e-17 3.462615e-09 1.719701e-02 1.089248e-02 2.806192e-06 3.785117e-13 3.572718e-11 9.901245e-07 7.772026e-12 2.249710e-17 0.000000e+00 0.000000e+00 0.000000e+00 0.000000e+00 0.000000e+00 0.000000e+00 0.000000e+00 0.000000e+00 0.000000e+00 0.000000e+00 0.000000e+00 0.000000e+00 3.758757e+10 7.013324e+06 5.421992e+02 5.404699e+11 1.546681e+02 1.671234e-14 5.322332e-07 4.184762e-06 3.682654e-07 4.873348e-07 1.007888e-09 1.008768e-10 6.189688e-16 1.958550e-32 4.886415e-38 1.158392e-31 0.000000e+00 0.000000e+00 1.940112e-39 4.530815e-21 6.737525e-06 0.000000e+00 0.000000e+00 0.000000e+00 0.000000e+00 0.000000e+00 0.000000e+00 0.000000e+00 1.339319e-03 0.000000e+00 0.000000e+00 0.000000e+00 0.000000e+00 0.000000e+00 0.000000e+00 0.000000e+00 0.000000e+00 0.000000e+00 0.000000e+00 0.000000e+00 0.000000e+00 0.000000e+00 0.000000e+00 0.000000e+00 0.000000e+00 0.000000e+00 0.000000e+00 0.000000e+00 0.000000e+00 0.000000e+00 0.000000e+00 0.000000e+00 0.000000e+00 0.000000e+00 2.754222e-90 5.490658e-42 1.659062e-45 2.006270e-32 1.264414e-45 0.000000e+00
