Layer	Altitude [km]	Pressure [Pa]	C2H6		C2H6_mr		CH4			CH4_mr		CO2			CO2_mr		H2			H2_mr		H2O			H2O_mr		N2			N2_mr		O2			O2_mr		O3			O3_mr
0		9.90e+01		3.961e-04		5.124e-11	2.934e-22	2.720e-03	1.557e-14	8.914e+09	5.105e-02	3.456e+05	1.979e-06	1.447e-05	8.288e-17	1.501e+11	8.596e-01	2.270e+01	1.300e-10	9.111e-09	5.217e-20
1		9.70e+01		5.913e-04		2.034e-10	7.817e-22	9.222e-03	3.544e-14	1.376e+10	5.287e-02	5.503e+05	2.115e-06	5.138e-05	1.975e-16	2.241e+11	8.611e-01	5.263e+01	2.023e-10	4.519e-08	1.737e-19
2		9.50e+01		8.827e-04		9.285e-10	2.397e-21	3.628e-02	9.367e-14	2.159e+10	5.576e-02	8.574e+05	2.214e-06	2.119e-04	5.472e-16	3.345e+11	8.636e-01	1.346e+02	3.476e-10	2.409e-07	6.219e-19
3		9.30e+01		1.318e-03		4.249e-09	7.374e-21	1.441e-01	2.501e-13	3.411e+10	5.920e-02	1.317e+06	2.286e-06	8.840e-04	1.534e-15	4.993e+11	8.665e-01	4.056e+02	7.039e-10	1.541e-06	2.675e-18
4		9.10e+01		1.967e-03		1.924e-08	2.245e-20	5.683e-01	6.631e-13	5.390e+10	6.288e-02	2.005e+06	2.340e-06	3.672e-03	4.285e-15	7.453e+11	8.696e-01	1.390e+04	1.622e-08	1.978e-04	2.308e-16
5		8.90e+01		2.936e-03		8.592e-08	6.740e-20	2.218e+00	1.740e-12	8.493e+10	6.662e-02	3.034e+06	2.380e-06	1.515e-02	1.189e-14	1.112e+12	8.727e-01	2.077e+07	1.629e-05	3.054e-01	2.396e-13
6		8.70e+01		4.382e-03		3.767e-07	1.987e-19	8.532e+00	4.500e-12	1.333e+11	7.031e-02	4.572e+06	2.411e-06	6.193e-02	3.266e-14	1.661e+12	8.758e-01	1.791e+08	9.446e-05	5.154e+00	2.718e-12
7		8.50e+01		6.542e-03		1.614e-06	5.721e-19	3.222e+01	1.142e-11	2.084e+11	7.389e-02	6.870e+06	2.435e-06	2.501e-01	8.867e-14	2.479e+12	8.788e-01	5.059e+08	1.794e-04	2.820e+01	9.997e-12
8		8.30e+01		9.765e-03		6.714e-06	1.600e-18	1.188e+02	2.831e-11	3.244e+11	7.731e-02	1.030e+07	2.455e-06	9.946e-01	2.370e-13	3.700e+12	8.817e-01	1.184e+09	2.821e-04	1.258e+02	2.998e-11
9		8.10e+01		1.458e-02		2.694e-05	4.313e-18	4.252e+02	6.808e-11	5.028e+11	8.051e-02	1.543e+07	2.470e-06	3.880e+00	6.212e-13	5.523e+12	8.844e-01	2.553e+09	4.087e-04	5.077e+02	8.130e-11
10		7.90e+01		2.176e-02		1.034e-04	1.112e-17	1.465e+03	1.576e-10	7.760e+11	8.347e-02	2.308e+07	2.483e-06	1.478e+01	1.590e-12	8.245e+12	8.869e-01	5.199e+09	5.592e-04	1.893e+03	2.036e-10
11		7.70e+01		3.248e-02		3.760e-04	2.717e-17	4.822e+03	3.484e-10	1.192e+12	8.615e-02	3.452e+07	2.494e-06	5.467e+01	3.950e-12	1.231e+13	8.893e-01	1.006e+10	7.268e-04	6.527e+03	4.716e-10
12		7.50e+01		4.848e-02		1.284e-03	6.228e-17	1.500e+04	7.278e-10	1.825e+12	8.853e-02	5.160e+07	2.503e-06	1.955e+02	9.483e-12	1.837e+13	8.913e-01	1.849e+10	8.972e-04	2.074e+04	1.006e-09
13		7.30e+01		7.237e-02		4.070e-03	1.326e-16	4.369e+04	1.423e-09	2.782e+12	9.060e-02	7.711e+07	2.511e-06	6.715e+02	2.187e-11	2.742e+13	8.932e-01	3.227e+10	1.051e-03	6.035e+04	1.965e-09
14		7.10e+01		1.080e-01		1.186e-02	2.592e-16	1.179e+05	2.576e-09	4.226e+12	9.236e-02	1.152e+08	2.518e-06	2.205e+03	4.818e-11	4.094e+13	8.947e-01	5.342e+10	1.167e-03	1.599e+05	3.495e-09
15		6.90e+01		1.613e-01		3.144e-02	4.609e-16	2.920e+05	4.281e-09	6.400e+12	9.384e-02	1.721e+08	2.524e-06	6.886e+03	1.010e-10	6.111e+13	8.960e-01	8.391e+10	1.230e-03	3.844e+05	5.636e-09
16		6.70e+01		2.407e-01		7.531e-02	7.406e-16	6.598e+05	6.488e-09	9.667e+12	9.506e-02	2.571e+08	2.528e-06	2.039e+04	2.005e-10	9.122e+13	8.970e-01	1.254e+11	1.233e-03	8.384e+05	8.244e-09
17		6.50e+01		3.593e-01		1.628e-01	1.074e-15	1.359e+06	8.958e-09	1.457e+13	9.605e-02	3.840e+08	2.532e-06	5.719e+04	3.770e-10	1.362e+14	8.977e-01	1.790e+11	1.180e-03	1.668e+06	1.099e-08
18		6.30e+01		5.364e-01		3.197e-01	1.413e-15	2.566e+06	1.134e-08	2.191e+13	9.683e-02	5.735e+08	2.535e-06	1.521e+05	6.720e-10	2.032e+14	8.983e-01	2.459e+11	1.087e-03	3.062e+06	1.353e-08
19		6.10e+01		8.007e-01		5.788e-01	1.714e-15	4.503e+06	1.334e-08	3.290e+13	9.744e-02	8.565e+08	2.537e-06	3.846e+05	1.139e-09	3.034e+14	8.987e-01	3.278e+11	9.711e-04	5.287e+06	1.566e-08
20		5.90e+01		1.195e+00		9.766e-01	1.955e-15	7.413e+06	1.484e-08	4.891e+13	9.792e-02	1.269e+09	2.541e-06	9.216e+05	1.845e-09	4.491e+14	8.990e-01	4.243e+11	8.495e-04	8.441e+06	1.690e-08
21		5.70e+01		1.778e+00		1.576e+00	2.142e-15	1.170e+07	1.591e-08	7.231e+13	9.829e-02	1.872e+09	2.544e-06	2.116e+06	2.876e-09	6.615e+14	8.992e-01	5.397e+11	7.336e-04	1.284e+07	1.745e-08
22		5.50e+01		2.641e+00		2.494e+00	2.287e-15	1.816e+07	1.664e-08	1.075e+14	9.858e-02	2.777e+09	2.546e-06	4.694e+06	4.303e-09	9.811e+14	8.994e-01	6.893e+11	6.319e-04	1.973e+07	1.808e-08
23		5.30e+01		3.926e+00		3.900e+00	2.400e-15	2.786e+07	1.714e-08	1.606e+14	9.880e-02	4.140e+09	2.547e-06	1.004e+07	6.177e-09	1.462e+15	8.995e-01	8.875e+11	5.461e-04	2.995e+07	1.843e-08
24		5.10e+01		5.844e+00		6.042e+00	2.488e-15	4.243e+07	1.747e-08	2.403e+14	9.898e-02	6.187e+09	2.548e-06	2.066e+07	8.508e-09	2.184e+15	8.995e-01	1.154e+12	4.753e-04	4.380e+07	1.804e-08
25		4.90e+01		8.717e+00		9.306e+00	2.557e-15	6.441e+07	1.770e-08	3.607e+14	9.911e-02	9.275e+09	2.549e-06	4.087e+07	1.123e-08	3.274e+15	8.996e-01	1.520e+12	4.178e-04	6.084e+07	1.672e-08
26		4.70e+01		1.303e+01		1.434e+01	2.622e-15	9.780e+07	1.789e-08	5.426e+14	9.924e-02	1.394e+10	2.549e-06	8.097e+07	1.481e-08	4.919e+15	8.997e-01	1.977e+12	3.615e-04	7.322e+07	1.339e-08
27		4.50e+01		1.953e+01		2.209e+01	2.682e-15	1.486e+08	1.804e-08	8.184e+14	9.935e-02	2.099e+10	2.548e-06	1.574e+08	1.911e-08	7.412e+15	8.997e-01	2.541e+12	3.084e-04	8.878e+07	1.078e-08
28		4.30e+01		2.935e+01		3.422e+01	2.738e-15	2.270e+08	1.816e-08	1.243e+15	9.945e-02	3.180e+10	2.545e-06	2.995e+08	2.397e-08	1.125e+16	8.998e-01	3.246e+12	2.597e-04	1.271e+08	1.017e-08
29		4.10e+01		4.436e+01		5.360e+01	2.794e-15	3.505e+08	1.827e-08	1.910e+15	9.955e-02	4.872e+10	2.540e-06	5.632e+08	2.936e-08	1.726e+16	8.998e-01	4.129e+12	2.153e-04	2.010e+08	1.048e-08
30		3.90e+01		6.753e+01		8.460e+01	2.848e-15	5.452e+08	1.836e-08	2.959e+15	9.963e-02	7.528e+10	2.535e-06	1.037e+09	3.490e-08	2.673e+16	8.998e-01	5.259e+12	1.771e-04	3.245e+08	1.093e-08
31		3.70e+01		1.034e+02		1.334e+02	2.904e-15	8.465e+08	1.843e-08	4.579e+15	9.970e-02	1.162e+11	2.529e-06	1.854e+09	4.036e-08	4.133e+16	8.999e-01	6.622e+12	1.442e-04	5.240e+08	1.141e-08
32		3.50e+01		1.588e+02		2.094e+02	2.963e-15	1.307e+09	1.850e-08	7.049e+15	9.976e-02	1.784e+11	2.524e-06	3.205e+09	4.535e-08	6.359e+16	8.999e-01	8.226e+12	1.164e-04	8.412e+08	1.190e-08
33		3.30e+01		2.441e+02		3.294e+02	3.028e-15	2.018e+09	1.855e-08	1.086e+16	9.980e-02	2.742e+11	2.520e-06	5.392e+09	4.957e-08	9.789e+16	8.999e-01	1.011e+13	9.295e-05	1.350e+09	1.241e-08
34		3.10e+01		3.755e+02		5.192e+02	3.101e-15	3.116e+09	1.861e-08	1.672e+16	9.984e-02	4.215e+11	2.517e-06	8.814e+09	5.264e-08	1.507e+17	8.999e-01	1.237e+13	7.388e-05	2.123e+09	1.268e-08
35		2.90e+01		5.773e+02		8.157e+02	3.184e-15	4.780e+09	1.866e-08	2.559e+16	9.988e-02	6.444e+11	2.516e-06	1.395e+10	5.444e-08	2.305e+17	8.999e-01	1.493e+13	5.829e-05	3.153e+09	1.231e-08
36		2.70e+01		8.850e+02		1.275e+03	3.280e-15	7.271e+09	1.871e-08	3.882e+16	9.990e-02	9.774e+11	2.515e-06	2.134e+10	5.490e-08	3.497e+17	9.000e-01	1.780e+13	4.581e-05	4.353e+09	1.120e-08
37		2.50e+01		1.349e+03		1.977e+03	3.398e-15	1.092e+10	1.877e-08	5.814e+16	9.993e-02	1.464e+12	2.516e-06	4.025e+10	6.918e-08	5.236e+17	9.000e-01	2.051e+13	3.525e-05	5.324e+09	9.151e-09
38		2.30e+01		2.039e+03		3.052e+03	3.546e-15	1.620e+10	1.883e-08	8.601e+16	9.994e-02	2.167e+12	2.518e-06	8.632e+10	1.003e-07	7.745e+17	9.000e-01	2.255e+13	2.620e-05	5.936e+09	6.898e-09
39		2.10e+01		3.057e+03		4.732e+03	3.735e-15	2.394e+10	1.890e-08	1.266e+17	9.996e-02	3.194e+12	2.521e-06	1.629e+11	1.286e-07	1.140e+18	9.000e-01	2.317e+13	1.829e-05	6.532e+09	5.156e-09
40		1.90e+01		4.552e+03		7.347e+03	3.972e-15	3.508e+10	1.897e-08	1.849e+17	9.998e-02	4.670e+12	2.525e-06	3.160e+11	1.709e-07	1.664e+18	9.000e-01	2.138e+13	1.156e-05	7.055e+09	3.815e-09
41		1.70e+01		6.721e+03		1.136e+04	4.265e-15	5.074e+10	1.904e-08	2.665e+17	9.999e-02	6.742e+12	2.530e-06	7.038e+11	2.641e-07	2.398e+18	9.000e-01	1.632e+13	6.125e-06	7.253e+09	2.722e-09
42		1.50e+01		9.825e+03		1.741e+04	4.600e-15	7.230e+10	1.910e-08	3.786e+17	9.999e-02	9.594e+12	2.534e-06	1.762e+12	4.655e-07	3.407e+18	9.000e-01	9.239e+12	2.441e-06	6.646e+09	1.756e-09
43		1.30e+01		1.420e+04		2.615e+04	4.944e-15	1.012e+11	1.913e-08	5.290e+17	1.000e-01	1.342e+13	2.537e-06	5.020e+12	9.489e-07	4.761e+18	9.000e-01	3.330e+12	6.294e-07	4.401e+09	8.320e-10
44		1.10e+01		2.028e+04		3.801e+04	5.200e-15	1.400e+11	1.915e-08	7.309e+17	1.000e-01	1.856e+13	2.539e-06	1.358e+13	1.857e-06	6.578e+18	9.000e-01	1.267e+12	1.734e-07	1.886e+09	2.580e-10
45		9.00e+00		2.855e+04		5.184e+04	5.325e-15	1.864e+11	1.915e-08	9.735e+17	1.000e-01	2.472e+13	2.539e-06	6.691e+13	6.873e-06	8.761e+18	9.000e-01	9.861e+11	1.013e-07	4.689e+08	4.816e-11
46		7.00e+00		3.932e+04		6.799e+04	5.502e-15	2.367e+11	1.916e-08	1.236e+18	9.999e-02	3.139e+13	2.540e-06	5.922e+14	4.792e-05	1.112e+19	9.000e-01	7.035e+11	5.693e-08	9.984e+07	8.079e-12
47		5.00e+00		5.280e+04		8.949e+04	5.813e-15	2.951e+11	1.917e-08	1.539e+18	9.997e-02	3.912e+13	2.541e-06	3.820e+15	2.482e-04	1.385e+19	8.998e-01	3.736e+11	2.427e-08	2.142e+07	1.391e-12
48		3.00e+00		6.955e+04		1.225e+05	6.408e-15	3.667e+11	1.919e-08	1.910e+18	9.992e-02	4.862e+13	2.544e-06	1.510e+16	7.901e-04	1.719e+19	8.993e-01	9.333e+10	4.883e-09	2.374e+06	1.242e-13
49		1.00e+00		9.029e+04		1.514e+05	6.330e-15	4.556e+11	1.905e-08	2.364e+18	9.885e-02	6.041e+13	2.526e-06	2.742e+17	1.147e-02	2.128e+19	8.897e-01	9.789e+07	4.093e-12	3.532e+02	1.477e-17
