   7.1428571428571427E-011
   7.1428571428571427E-011
   7.1428571428571427E-011
   7.1428571428571427E-011
   7.1428571428571427E-011
   7.1428571428571427E-011
   7.1428571428571427E-011
   7.1428571428571427E-011
   7.1428571428571427E-011
   7.1428571428571427E-011
   7.1428571428571427E-011
   7.1428571428571427E-011
   7.1428571428571427E-011
   7.1428571428571427E-011
   7.1428571428571427E-011
   7.1428571428571427E-011
   7.1428571428571427E-011
   7.1428571428571427E-011
   7.1428571428571427E-011
   7.1428571428571427E-011
   7.1428571428571427E-011
   7.1428571428571427E-011
   7.1428571428571427E-011
   7.1428571428571427E-011
   7.1428571428571427E-011
   7.1428571428571427E-011
   7.1428571428571427E-011
   7.1428571428571427E-011
   7.1428571428571427E-011
   7.1428571428571427E-011
   7.1428571428571427E-011
   7.1428571428571427E-011
   7.1428571428571427E-011
   7.1428571428571427E-011
   7.1428571428571427E-011
   7.1428571428571427E-011
   7.1428571428571427E-011
   7.1428571428571427E-011
   7.1428571428571427E-011
   7.1428571428571427E-011
   7.1428571428571427E-011
   7.1428571428571427E-011
   7.1428571428571427E-011
   7.1428571428571427E-011
   7.1428571428571427E-011
   7.1428571428571427E-011
   7.1428571428571427E-011
   7.1428571428571427E-011
   7.1428571428571427E-011
   7.1428571428571427E-011
   7.1428571428571427E-011
   8.7151471547358293E-004
   2.6760757888188418E-003
   4.6690855513020569E-003
   6.8668180824664219E-003
   9.2865434466508825E-003
   1.1946541624034954E-002
   1.4866110630678707E-002
   1.8065568091807208E-002
   2.1566245516270923E-002
   2.5390474510785084E-002
   2.9561564171092878E-002
   3.4103768894529610E-002
   3.9042245875409033E-002
   4.4403001572061757E-002
   5.0212826472928983E-002
   5.6499217539557979E-002
   6.3290287767164069E-002
   7.0614662379104381E-002
   7.8501361260372007E-002
   8.6979667337263811E-002
   9.6078980725564436E-002
  0.10582865859775743     
  0.11625784086035781     
  0.12739526188487624     
  0.13926904869914167     
  0.15190650621867241     
  0.16533389027897138     
  0.17957616941751858     
  0.19465677654679511     
  0.21059735185496836     
  0.22741747846638455     
  0.24513441258744012     
  0.26376281005182800     
  0.28331445136000610     
  0.30379796747783949     
  0.32521856881597455     
  0.34757777995135614     
  0.37087318277268178     
  0.39509817082926063     
  0.42024171773526786     
  0.44628816252577158     
  0.47321701487515061     
  0.50100278307008184     
  0.52961482757683731     
  0.55901724295432975     
  0.58916877073966312     
  0.62002274577090366     
  0.65152707821291334     
  0.68362427331628561     
  0.69999999999999996     
