   180.00000000000000     
   180.00000000000000     
   181.59020630483161     
   163.43118567434846     
   162.77016377872033     
   162.64921379452392     
   162.57437713160917     
   162.53354908561013     
   162.52615802985588     
   162.53770025047800     
   162.55190257671214     
   162.59314708564594     
   162.61683033809507     
   162.62743278945439     
   162.64695075875511     
   162.63856695765563     
   162.62282053126663     
   162.60464040122426     
   162.58567801840377     
   162.56768172950859     
