z		z0		z1		T		P		1		2		3		4		5		6		7		8		9		10		11		12		13		14		15		16		17		18		19		20		21		22		23		24		25		26		27		28		29		30		31		32		33		34		35		36		37		38		39		40		41		42		43		44		45		46		47		48		49		50		51		52		53		54		55		56		57		58		59		60		61		62		63		64		65		66		67		68		69		70		71		72		73		74		75		76		77		78		79		80		81		82		83		84		85		86		87		88		89		90		91		92		93		94		95		96		97		98		99		100		101		102		103		104		105		106		107		108		109		110		111		
km		km		km		K		Pa		
1.000000	0.000000	2.000000	208.600000	5.739526e+02	1.648365e+07	2.232568e+09	3.312840e+04	4.928507e+04	1.729097e+08	4.159352e+09	3.786423e+13	1.928645e-01	1.663688e-01	3.505746e-04	3.287349e+05	6.075172e+06	5.558682e+06	1.321224e+03	1.108435e+02	2.587355e+00	6.289609e+02	3.935803e+04	1.505928e-27	7.930538e+13	2.164474e-09	9.735499e-05	2.908239e-15	1.621795e-09	1.560223e-16	2.781406e-51	0.000000e+00	0.000000e+00	0.000000e+00	0.000000e+00	0.000000e+00	1.586162e-25	9.105445e-18	3.494145e-26	0.000000e+00	0.000000e+00	4.997125e+01	5.386278e-13	1.703471e-08	0.000000e+00	0.000000e+00	0.000000e+00	0.000000e+00	0.000000e+00	0.000000e+00	0.000000e+00	0.000000e+00	0.000000e+00	0.000000e+00	0.000000e+00	0.000000e+00	1.893212e+17	2.992129e+12	3.645990e+14	9.964272e+15	1.459352e-01	4.041450e-13	2.601328e-30	0.000000e+00	6.998232e-22	6.197751e-02	1.959321e-18	2.440407e+01	1.427255e-71	2.788413e-19	8.245900e-18	0.000000e+00	0.000000e+00	0.000000e+00	2.766522e+06	1.089419e-18	5.398741e-05	0.000000e+00	0.000000e+00	0.000000e+00	0.000000e+00	0.000000e+00	0.000000e+00	0.000000e+00	4.945498e-92	0.000000e+00	0.000000e+00	0.000000e+00	0.000000e+00	0.000000e+00	0.000000e+00	0.000000e+00	0.000000e+00	0.000000e+00	0.000000e+00	0.000000e+00	0.000000e+00	0.000000e+00	0.000000e+00	0.000000e+00	0.000000e+00	0.000000e+00	0.000000e+00	0.000000e+00	0.000000e+00	0.000000e+00	0.000000e+00	0.000000e+00	0.000000e+00	0.000000e+00	1.044489e-24	1.628227e-09	1.222089e-13	1.176050e-22	0.000000e+00	0.000000e+00	
3.000000	2.000000	4.000000	205.800000	4.757683e+02	1.767279e+07	1.723507e+09	4.266419e+04	5.456807e+04	1.566758e+08	3.455072e+09	3.073989e+13	3.334862e-01	1.548569e-01	3.762769e-04	2.766814e+05	5.556933e+06	4.635954e+06	9.568536e+02	6.859224e+01	2.412382e+00	5.532372e+02	3.207622e+04	2.779103e-27	6.664517e+13	1.818619e-09	1.019773e-04	1.896102e-15	1.367682e-09	8.601458e-17	9.075965e-52	0.000000e+00	0.000000e+00	0.000000e+00	0.000000e+00	0.000000e+00	3.382537e-26	7.814976e-18	5.011127e-27	0.000000e+00	0.000000e+00	4.198641e+01	4.849774e-13	1.150059e-08	0.000000e+00	0.000000e+00	0.000000e+00	0.000000e+00	0.000000e+00	0.000000e+00	0.000000e+00	0.000000e+00	0.000000e+00	0.000000e+00	0.000000e+00	0.000000e+00	1.590698e+17	2.514051e+12	3.063463e+14	8.372093e+15	1.350471e-01	2.885388e-13	7.102873e-31	0.000000e+00	7.353541e-22	6.547473e-02	2.735611e-18	2.321085e+01	4.773950e-72	3.234086e-19	8.896158e-18	0.000000e+00	0.000000e+00	0.000000e+00	1.917830e+06	2.306484e-19	4.536045e-05	0.000000e+00	0.000000e+00	0.000000e+00	0.000000e+00	0.000000e+00	0.000000e+00	0.000000e+00	2.474931e-93	0.000000e+00	0.000000e+00	0.000000e+00	0.000000e+00	0.000000e+00	0.000000e+00	0.000000e+00	0.000000e+00	0.000000e+00	0.000000e+00	0.000000e+00	0.000000e+00	0.000000e+00	0.000000e+00	0.000000e+00	0.000000e+00	0.000000e+00	0.000000e+00	0.000000e+00	0.000000e+00	0.000000e+00	0.000000e+00	0.000000e+00	0.000000e+00	0.000000e+00	7.721213e-25	1.373108e-09	1.295621e-13	1.189813e-22	0.000000e+00	0.000000e+00	
5.000000	4.000000	6.000000	203.000000	3.933675e+02	1.888306e+07	1.322190e+09	5.468783e+04	5.998005e+04	1.406864e+08	2.824419e+09	2.469373e+13	8.460606e-01	1.591201e-01	4.708422e-04	2.328266e+05	5.077981e+06	3.828780e+06	6.625382e+02	3.819102e+01	2.238860e+00	4.847009e+02	2.545793e+04	7.400169e-27	5.588489e+13	1.524389e-09	1.148490e-04	1.191444e-15	1.156022e-09	4.741830e-17	1.978492e-52	0.000000e+00	0.000000e+00	0.000000e+00	0.000000e+00	0.000000e+00	0.000000e+00	6.870977e-18	0.000000e+00	0.000000e+00	0.000000e+00	3.519339e+01	4.284409e-13	7.616879e-09	0.000000e+00	0.000000e+00	0.000000e+00	0.000000e+00	0.000000e+00	0.000000e+00	0.000000e+00	0.000000e+00	0.000000e+00	0.000000e+00	0.000000e+00	0.000000e+00	1.333337e+17	2.107334e+12	2.567936e+14	7.017564e+15	1.241346e-01	2.391959e-13	0.000000e+00	0.000000e+00	7.757496e-22	6.864954e-02	4.082980e-18	2.187045e+01	1.053753e-72	3.992832e-19	1.017310e-17	0.000000e+00	0.000000e+00	0.000000e+00	1.256377e+06	2.273890e-19	3.802104e-05	0.000000e+00	0.000000e+00	0.000000e+00	0.000000e+00	0.000000e+00	0.000000e+00	0.000000e+00	1.145343e-94	0.000000e+00	0.000000e+00	0.000000e+00	0.000000e+00	0.000000e+00	0.000000e+00	0.000000e+00	0.000000e+00	0.000000e+00	0.000000e+00	0.000000e+00	0.000000e+00	0.000000e+00	0.000000e+00	0.000000e+00	0.000000e+00	0.000000e+00	0.000000e+00	0.000000e+00	0.000000e+00	0.000000e+00	0.000000e+00	0.000000e+00	0.000000e+00	0.000000e+00	5.512718e-25	1.161481e-09	1.769187e-13	1.407635e-22	0.000000e+00	0.000000e+00	
7.000000	6.000000	8.000000	200.200000	3.243799e+02	2.049911e+07	1.027770e+09	7.064152e+04	6.626525e+04	1.250923e+08	2.270553e+09	1.957644e+13	2.322861e+00	1.739167e-01	6.517483e-04	1.959791e+05	4.611405e+06	3.104088e+06	4.491350e+02	2.008048e+01	2.049468e+00	4.240568e+02	1.977610e+04	2.115318e-26	4.675966e+13	1.274637e-09	1.335909e-04	6.999469e-16	9.804238e-10	1.490280e-17	3.964098e-53	0.000000e+00	0.000000e+00	0.000000e+00	0.000000e+00	0.000000e+00	0.000000e+00	6.215890e-18	0.000000e+00	0.000000e+00	0.000000e+00	2.942718e+01	3.745691e-13	4.985429e-09	0.000000e+00	0.000000e+00	0.000000e+00	0.000000e+00	0.000000e+00	0.000000e+00	0.000000e+00	0.000000e+00	0.000000e+00	0.000000e+00	0.000000e+00	0.000000e+00	1.114878e+17	1.762095e+12	2.147354e+14	5.867780e+15	1.156348e-01	2.201288e-13	0.000000e+00	0.000000e+00	8.427967e-22	7.232374e-02	6.339480e-18	2.066926e+01	2.105554e-73	5.077935e-19	1.188171e-17	0.000000e+00	0.000000e+00	0.000000e+00	7.944037e+05	0.000000e+00	3.179101e-05	0.000000e+00	0.000000e+00	0.000000e+00	0.000000e+00	0.000000e+00	0.000000e+00	0.000000e+00	4.890115e-96	0.000000e+00	0.000000e+00	0.000000e+00	0.000000e+00	0.000000e+00	0.000000e+00	0.000000e+00	0.000000e+00	0.000000e+00	0.000000e+00	0.000000e+00	0.000000e+00	0.000000e+00	0.000000e+00	0.000000e+00	0.000000e+00	0.000000e+00	0.000000e+00	0.000000e+00	0.000000e+00	0.000000e+00	0.000000e+00	0.000000e+00	0.000000e+00	0.000000e+00	3.925868e-25	9.875625e-10	2.766099e-13	1.838900e-22	0.000000e+00	0.000000e+00	
9.000000	8.000000	10.000000	197.400000	2.667657e+02	2.272649e+07	8.134000e+08	9.248641e+04	7.400111e+04	1.100908e+08	1.792115e+09	1.525776e+13	5.822427e+00	1.914642e-01	9.140771e-04	1.651018e+05	4.160226e+06	2.463494e+06	3.003869e+02	1.011337e+01	1.851441e+00	3.721308e+02	1.507545e+04	5.477207e-26	3.903855e+13	1.063124e-09	1.596188e-04	4.137885e-16	8.353927e-10	3.038229e-18	8.706823e-54	0.000000e+00	0.000000e+00	0.000000e+00	0.000000e+00	0.000000e+00	0.000000e+00	5.804861e-18	0.000000e+00	0.000000e+00	0.000000e+00	2.454379e+01	3.241227e-13	3.222555e-09	0.000000e+00	0.000000e+00	0.000000e+00	0.000000e+00	0.000000e+00	0.000000e+00	0.000000e+00	0.000000e+00	0.000000e+00	0.000000e+00	0.000000e+00	0.000000e+00	9.298659e+16	1.469713e+12	1.791198e+14	4.894031e+15	1.097432e-01	2.058655e-13	8.212116e-32	0.000000e+00	9.704971e-22	7.699964e-02	1.024087e-17	1.970399e+01	4.522618e-74	6.648938e-19	1.412327e-17	0.000000e+00	0.000000e+00	0.000000e+00	4.858357e+05	0.000000e+00	2.651485e-05	0.000000e+00	0.000000e+00	0.000000e+00	0.000000e+00	0.000000e+00	0.000000e+00	0.000000e+00	1.921798e-97	0.000000e+00	0.000000e+00	0.000000e+00	0.000000e+00	0.000000e+00	0.000000e+00	0.000000e+00	0.000000e+00	0.000000e+00	0.000000e+00	0.000000e+00	0.000000e+00	0.000000e+00	0.000000e+00	0.000000e+00	0.000000e+00	0.000000e+00	0.000000e+00	0.000000e+00	0.000000e+00	0.000000e+00	0.000000e+00	0.000000e+00	0.000000e+00	0.000000e+00	2.830860e-25	8.463209e-10	4.320349e-13	2.529679e-22	0.000000e+00	0.000000e+00	
11.000000	10.000000	12.000000	194.600000	2.187726e+02	2.579807e+07	6.568803e+08	1.231709e+05	8.382671e+04	9.575897e+07	1.384697e+09	1.162424e+13	1.285322e+01	2.029302e-01	1.213511e-03	1.392970e+05	3.729854e+06	1.909688e+06	1.987324e+02	4.902751e+00	1.651717e+00	3.286017e+02	1.128974e+04	1.232994e-25	3.252063e+13	8.844172e-10	1.961420e-04	2.468336e-16	7.162242e-10	5.529719e-19	2.174159e-54	0.000000e+00	0.000000e+00	0.000000e+00	0.000000e+00	0.000000e+00	0.000000e+00	5.605352e-18	0.000000e+00	0.000000e+00	0.000000e+00	2.041780e+01	2.761833e-13	2.054416e-09	0.000000e+00	0.000000e+00	0.000000e+00	0.000000e+00	0.000000e+00	0.000000e+00	0.000000e+00	0.000000e+00	0.000000e+00	0.000000e+00	0.000000e+00	0.000000e+00	7.735487e+16	1.222677e+12	1.490309e+14	4.071309e+15	1.063827e-01	1.826878e-13	0.000000e+00	2.094246e-31	1.247443e-21	8.313915e-02	1.728995e-17	1.901365e+01	1.074560e-74	9.005370e-19	1.711918e-17	0.000000e+00	0.000000e+00	0.000000e+00	2.866077e+05	0.000000e+00	2.205704e-05	0.000000e+00	0.000000e+00	0.000000e+00	0.000000e+00	0.000000e+00	0.000000e+00	0.000000e+00	6.935775e-99	0.000000e+00	0.000000e+00	0.000000e+00	0.000000e+00	0.000000e+00	0.000000e+00	0.000000e+00	0.000000e+00	0.000000e+00	0.000000e+00	0.000000e+00	0.000000e+00	0.000000e+00	0.000000e+00	0.000000e+00	0.000000e+00	0.000000e+00	0.000000e+00	0.000000e+00	0.000000e+00	0.000000e+00	0.000000e+00	0.000000e+00	0.000000e+00	0.000000e+00	2.088083e-25	7.334681e-10	6.163939e-13	3.566314e-22	0.000000e+00	0.000000e+00	
13.000000	12.000000	14.000000	191.800000	1.788988e+02	3.001906e+07	5.417544e+08	1.670649e+05	9.643302e+04	8.208436e+07	1.042048e+09	8.577219e+12	2.522835e+01	2.021929e-01	1.476177e-03	1.177881e+05	3.325451e+06	1.440934e+06	1.301706e+02	2.288514e+00	1.454455e+00	2.922581e+02	8.292858e+03	2.409903e-25	2.703142e+13	7.337937e-10	2.476924e-04	1.496329e-16	6.189098e-10	2.854244e-18	6.092929e-55	0.000000e+00	0.000000e+00	0.000000e+00	0.000000e+00	0.000000e+00	0.000000e+00	5.597038e-18	0.000000e+00	0.000000e+00	0.000000e+00	1.694017e+01	2.292153e-13	1.290147e-09	0.000000e+00	0.000000e+00	0.000000e+00	0.000000e+00	0.000000e+00	0.000000e+00	0.000000e+00	0.000000e+00	0.000000e+00	0.000000e+00	0.000000e+00	0.000000e+00	6.417951e+16	1.014459e+12	1.236724e+14	3.377869e+15	1.054489e-01	1.491608e-13	6.696133e-32	4.599450e-31	1.937154e-21	9.114852e-02	3.051570e-17	1.859392e+01	2.743501e-75	1.262595e-18	2.108371e-17	0.000000e+00	0.000000e+00	0.000000e+00	1.621244e+05	8.946168e-20	1.829978e-05	0.000000e+00	0.000000e+00	0.000000e+00	0.000000e+00	0.000000e+00	0.000000e+00	0.000000e+00	2.293316e-100	0.000000e+00	0.000000e+00	0.000000e+00	0.000000e+00	0.000000e+00	0.000000e+00	0.000000e+00	0.000000e+00	0.000000e+00	0.000000e+00	0.000000e+00	0.000000e+00	0.000000e+00	0.000000e+00	0.000000e+00	0.000000e+00	0.000000e+00	0.000000e+00	0.000000e+00	0.000000e+00	0.000000e+00	0.000000e+00	0.000000e+00	0.000000e+00	0.000000e+00	1.591221e-25	6.455350e-10	7.763707e-13	5.085458e-22	0.000000e+00	0.000000e+00	
15.000000	14.000000	16.000000	189.000000	1.458601e+02	3.581793e+07	4.563020e+08	2.302886e+05	1.124161e+05	6.897841e+07	7.574470e+08	6.031147e+12	4.536016e+01	1.896428e-01	1.644593e-03	9.990517e+04	2.951421e+06	1.051243e+06	8.437608e+01	1.023274e+00	1.260380e+00	2.612247e+02	5.939529e+03	4.141367e-25	2.241975e+13	6.071559e-10	3.199758e-04	8.864394e-17	5.400498e-10	6.761042e-19	1.847706e-55	0.000000e+00	0.000000e+00	0.000000e+00	0.000000e+00	0.000000e+00	0.000000e+00	5.772384e-18	0.000000e+00	0.000000e+00	0.000000e+00	1.401631e+01	1.821161e-13	7.974433e-10	0.000000e+00	0.000000e+00	0.000000e+00	0.000000e+00	0.000000e+00	0.000000e+00	0.000000e+00	0.000000e+00	0.000000e+00	0.000000e+00	0.000000e+00	0.000000e+00	5.310216e+16	8.393949e+11	1.023537e+14	2.794851e+15	1.069083e-01	1.126545e-13	4.188398e-32	6.437816e-31	3.878592e-21	1.012445e-01	5.590932e-17	1.838826e+01	6.989602e-76	1.821381e-18	2.600733e-17	0.000000e+00	0.000000e+00	0.000000e+00	8.700218e+04	0.000000e+00	1.514087e-05	0.000000e+00	0.000000e+00	0.000000e+00	0.000000e+00	0.000000e+00	0.000000e+00	0.000000e+00	6.930470e-102	0.000000e+00	0.000000e+00	0.000000e+00	0.000000e+00	0.000000e+00	0.000000e+00	0.000000e+00	0.000000e+00	0.000000e+00	0.000000e+00	0.000000e+00	0.000000e+00	0.000000e+00	0.000000e+00	0.000000e+00	0.000000e+00	0.000000e+00	0.000000e+00	0.000000e+00	0.000000e+00	0.000000e+00	0.000000e+00	0.000000e+00	0.000000e+00	0.000000e+00	1.267423e-25	5.800390e-10	8.939473e-13	7.291621e-22	0.000000e+00	0.000000e+00	
17.000000	16.000000	18.000000	186.200000	1.185610e+02	4.393283e+07	3.933517e+08	3.209508e+05	1.321192e+05	5.629595e+07	5.253053e+08	3.911962e+12	8.031841e+01	1.730783e-01	1.753894e-03	8.507297e+04	2.610135e+06	7.326593e+05	5.392107e+01	4.330838e-01	1.066558e+00	2.334250e+02	4.102738e+03	6.578655e-25	1.855496e+13	5.009579e-10	4.203492e-04	5.251257e-17	4.767720e-10	6.346686e-19	5.573746e-56	0.000000e+00	0.000000e+00	0.000000e+00	0.000000e+00	0.000000e+00	0.000000e+00	6.138011e-18	0.000000e+00	0.000000e+00	0.000000e+00	1.156436e+01	1.354505e-13	4.850211e-10	0.000000e+00	0.000000e+00	0.000000e+00	0.000000e+00	0.000000e+00	0.000000e+00	0.000000e+00	0.000000e+00	0.000000e+00	0.000000e+00	0.000000e+00	0.000000e+00	4.381268e+16	6.925824e+11	8.447698e+13	2.305931e+15	1.111294e-01	8.340609e-14	0.000000e+00	6.738369e-31	9.885006e-21	1.133530e-01	1.051380e-16	1.829642e+01	1.456995e-76	2.675529e-18	3.137040e-17	0.000000e+00	0.000000e+00	0.000000e+00	4.351181e+04	1.634368e-20	1.249184e-05	0.000000e+00	0.000000e+00	0.000000e+00	0.000000e+00	0.000000e+00	0.000000e+00	0.000000e+00	1.909240e-103	0.000000e+00	0.000000e+00	0.000000e+00	0.000000e+00	0.000000e+00	0.000000e+00	0.000000e+00	0.000000e+00	0.000000e+00	0.000000e+00	0.000000e+00	0.000000e+00	0.000000e+00	0.000000e+00	0.000000e+00	0.000000e+00	0.000000e+00	0.000000e+00	0.000000e+00	0.000000e+00	0.000000e+00	0.000000e+00	0.000000e+00	0.000000e+00	0.000000e+00	1.069764e-25	5.356378e-10	1.089173e-12	1.048432e-21	0.000000e+00	0.000000e+00	
19.000000	18.000000	20.000000	183.400000	9.606905e+01	5.561176e+07	3.483142e+08	4.503246e+05	1.558086e+05	4.418946e+07	3.424874e+08	2.403274e+12	1.641079e+02	1.641225e-01	2.022012e-03	7.279909e+04	2.298420e+06	4.800551e+05	3.377848e+01	1.704037e-01	8.728805e-01	2.072267e+02	2.691054e+03	1.107669e-24	1.532431e+13	4.121355e-10	5.605824e-04	3.073340e-17	4.266544e-10	1.511262e-19	1.397354e-56	0.000000e+00	0.000000e+00	0.000000e+00	0.000000e+00	0.000000e+00	0.000000e+00	6.716990e-18	0.000000e+00	0.000000e+00	0.000000e+00	9.513571e+00	9.228308e-14	2.902970e-10	0.000000e+00	0.000000e+00	0.000000e+00	0.000000e+00	0.000000e+00	0.000000e+00	0.000000e+00	0.000000e+00	0.000000e+00	0.000000e+00	0.000000e+00	0.000000e+00	3.604306e+16	5.697861e+11	6.952600e+13	1.897003e+15	1.188963e-01	6.988962e-14	2.935632e-32	7.608394e-31	2.993985e-20	1.273727e-01	2.016641e-16	1.823162e+01	9.368018e-78	3.974230e-18	3.617037e-17	0.000000e+00	0.000000e+00	0.000000e+00	1.982805e+04	4.374650e-21	1.027626e-05	0.000000e+00	0.000000e+00	0.000000e+00	0.000000e+00	0.000000e+00	0.000000e+00	0.000000e+00	4.780600e-105	0.000000e+00	0.000000e+00	0.000000e+00	0.000000e+00	0.000000e+00	0.000000e+00	0.000000e+00	0.000000e+00	0.000000e+00	0.000000e+00	0.000000e+00	0.000000e+00	0.000000e+00	0.000000e+00	0.000000e+00	0.000000e+00	0.000000e+00	0.000000e+00	0.000000e+00	0.000000e+00	0.000000e+00	0.000000e+00	0.000000e+00	0.000000e+00	0.000000e+00	9.696625e-26	5.121322e-10	1.748732e-12	1.509825e-21	0.000000e+00	0.000000e+00	
21.000000	20.000000	22.000000	180.600000	7.759246e+01	7.326373e+07	3.193960e+08	6.344661e+05	1.837939e+05	3.297484e+07	2.056912e+08	1.454224e+12	4.646828e+02	1.707599e-01	2.973117e-03	6.265697e+04	2.011491e+06	2.889933e+05	2.052446e+01	6.003729e-02	6.824091e-01	1.818681e+02	1.637145e+03	2.329892e-24	1.263077e+13	3.380486e-10	7.641890e-04	1.763365e-17	3.876616e-10	0.000000e+00	2.369115e-57	0.000000e+00	0.000000e+00	0.000000e+00	0.000000e+00	0.000000e+00	0.000000e+00	7.553144e-18	0.000000e+00	0.000000e+00	0.000000e+00	7.802996e+00	5.651690e-14	1.709760e-10	0.000000e+00	0.000000e+00	0.000000e+00	0.000000e+00	0.000000e+00	0.000000e+00	0.000000e+00	0.000000e+00	0.000000e+00	0.000000e+00	0.000000e+00	0.000000e+00	2.956237e+16	4.673565e+11	5.705585e+13	1.555914e+15	1.320140e-01	8.067164e-14	1.639498e-32	1.955461e-30	1.025949e-19	1.432797e-01	3.961463e-16	1.813752e+01	1.229383e-101	5.982637e-18	3.910612e-17	0.000000e+00	0.000000e+00	0.000000e+00	7.927056e+03	0.000000e+00	8.428267e-06	0.000000e+00	0.000000e+00	0.000000e+00	0.000000e+00	0.000000e+00	0.000000e+00	0.000000e+00	1.084243e-106	0.000000e+00	0.000000e+00	0.000000e+00	0.000000e+00	0.000000e+00	0.000000e+00	0.000000e+00	0.000000e+00	0.000000e+00	0.000000e+00	0.000000e+00	0.000000e+00	0.000000e+00	0.000000e+00	0.000000e+00	0.000000e+00	0.000000e+00	0.000000e+00	0.000000e+00	0.000000e+00	0.000000e+00	0.000000e+00	0.000000e+00	0.000000e+00	0.000000e+00	9.488485e-26	5.102595e-10	3.827748e-12	2.176184e-21	0.000000e+00	0.000000e+00	
23.000000	22.000000	24.000000	177.800000	6.246058e+01	9.869802e+07	2.978924e+08	8.980572e+05	2.171004e+05	2.377115e+07	1.196053e+08	8.661545e+11	1.500446e+03	1.801356e-01	4.927218e-03	5.371383e+04	1.735589e+06	1.610377e+05	1.213777e+01	2.035456e-02	5.145255e-01	1.569128e+02	9.609643e+02	5.135414e-24	1.037963e+13	2.764228e-10	1.003946e-03	1.061346e-17	3.506959e-10	0.000000e+00	3.219899e-58	0.000000e+00	0.000000e+00	0.000000e+00	0.000000e+00	0.000000e+00	0.000000e+00	8.261308e-18	0.000000e+00	0.000000e+00	0.000000e+00	6.380198e+00	3.171055e-14	9.913541e-11	0.000000e+00	0.000000e+00	0.000000e+00	0.000000e+00	0.000000e+00	0.000000e+00	0.000000e+00	0.000000e+00	0.000000e+00	0.000000e+00	0.000000e+00	0.000000e+00	2.417195e+16	3.821515e+11	4.667820e+13	1.272208e+15	1.494397e-01	1.114681e-13	1.735792e-34	6.399752e-30	3.571145e-19	1.612767e-01	7.516810e-16	1.801871e+01	9.988598e-103	8.539971e-18	3.766438e-17	0.000000e+00	0.000000e+00	0.000000e+00	2.965596e+03	4.684940e-21	6.891252e-06	0.000000e+00	0.000000e+00	0.000000e+00	0.000000e+00	0.000000e+00	0.000000e+00	0.000000e+00	2.172317e-108	0.000000e+00	0.000000e+00	0.000000e+00	0.000000e+00	0.000000e+00	0.000000e+00	0.000000e+00	0.000000e+00	0.000000e+00	0.000000e+00	0.000000e+00	0.000000e+00	0.000000e+00	0.000000e+00	0.000000e+00	0.000000e+00	0.000000e+00	0.000000e+00	0.000000e+00	0.000000e+00	0.000000e+00	0.000000e+00	0.000000e+00	0.000000e+00	0.000000e+00	9.465275e-26	5.105214e-10	8.370452e-12	2.893827e-21	0.000000e+00	0.000000e+00	
25.000000	24.000000	26.000000	175.000000	5.010678e+01	1.386256e+08	2.879988e+08	1.273197e+06	2.558127e+05	1.624348e+07	6.565081e+07	5.074148e+11	4.973069e+03	1.848334e-01	8.321811e-03	4.600970e+04	1.480369e+06	8.039040e+04	6.804619e+00	6.246021e-03	3.693445e-01	1.331082e+02	5.286888e+02	1.056945e-23	8.507702e+12	2.253115e-10	1.316263e-03	6.481664e-18	3.188734e-10	0.000000e+00	3.780352e-59	0.000000e+00	0.000000e+00	0.000000e+00	0.000000e+00	0.000000e+00	0.000000e+00	9.094338e-18	0.000000e+00	0.000000e+00	0.000000e+00	5.200183e+00	1.613618e-14	5.657042e-11	0.000000e+00	0.000000e+00	0.000000e+00	0.000000e+00	0.000000e+00	0.000000e+00	0.000000e+00	0.000000e+00	0.000000e+00	0.000000e+00	0.000000e+00	0.000000e+00	1.970135e+16	3.114808e+11	3.806889e+13	1.036913e+15	1.757961e-01	1.687493e-13	4.350008e-32	2.174283e-29	1.306091e-18	1.811544e-01	1.422006e-15	1.781400e+01	6.243268e-104	1.196333e-17	3.227583e-17	0.000000e+00	0.000000e+00	0.000000e+00	9.836950e+02	0.000000e+00	5.616555e-06	0.000000e+00	0.000000e+00	0.000000e+00	0.000000e+00	0.000000e+00	0.000000e+00	0.000000e+00	3.858887e-110	0.000000e+00	0.000000e+00	0.000000e+00	0.000000e+00	0.000000e+00	0.000000e+00	0.000000e+00	0.000000e+00	0.000000e+00	0.000000e+00	0.000000e+00	0.000000e+00	0.000000e+00	0.000000e+00	0.000000e+00	0.000000e+00	0.000000e+00	0.000000e+00	0.000000e+00	0.000000e+00	0.000000e+00	0.000000e+00	0.000000e+00	0.000000e+00	0.000000e+00	9.731212e-26	5.207426e-10	1.761786e-11	3.782076e-21	0.000000e+00	0.000000e+00	
27.000000	26.000000	28.000000	172.200000	4.005373e+01	2.035282e+08	2.891906e+08	1.803194e+06	2.997178e+05	1.048163e+07	3.424590e+07	2.921538e+11	1.530835e+04	1.767051e-01	1.302158e-02	3.928810e+04	1.250667e+06	3.550244e+04	3.559107e+00	1.747043e-03	2.542556e-01	1.109908e+02	2.733862e+02	1.849319e-23	6.955033e+12	1.830474e-10	1.709359e-03	4.020286e-18	2.912127e-10	0.000000e+00	3.962613e-60	0.000000e+00	0.000000e+00	0.000000e+00	0.000000e+00	0.000000e+00	0.000000e+00	1.007479e-17	0.000000e+00	0.000000e+00	0.000000e+00	4.224452e+00	7.492280e-15	3.177261e-11	0.000000e+00	0.000000e+00	0.000000e+00	0.000000e+00	0.000000e+00	0.000000e+00	0.000000e+00	0.000000e+00	0.000000e+00	0.000000e+00	0.000000e+00	0.000000e+00	1.600469e+16	2.530407e+11	3.094757e+13	8.423523e+14	2.153690e-01	2.510314e-13	0.000000e+00	8.586133e-29	4.944682e-18	2.024987e-01	2.654377e-15	1.746902e+01	2.989451e-105	1.630980e-17	2.404760e-17	0.000000e+00	0.000000e+00	0.000000e+00	2.908547e+02	5.509201e-21	4.562571e-06	0.000000e+00	0.000000e+00	0.000000e+00	0.000000e+00	0.000000e+00	0.000000e+00	0.000000e+00	6.036106e-112	0.000000e+00	0.000000e+00	0.000000e+00	0.000000e+00	0.000000e+00	0.000000e+00	0.000000e+00	0.000000e+00	0.000000e+00	0.000000e+00	0.000000e+00	0.000000e+00	0.000000e+00	0.000000e+00	0.000000e+00	0.000000e+00	0.000000e+00	0.000000e+00	0.000000e+00	0.000000e+00	0.000000e+00	0.000000e+00	0.000000e+00	0.000000e+00	0.000000e+00	1.011318e-25	5.365614e-10	3.370007e-11	4.849124e-21	0.000000e+00	0.000000e+00	
29.000000	28.000000	30.000000	169.400000	3.190032e+01	3.083457e+08	2.975286e+08	2.538347e+06	3.469030e+05	6.445300e+06	1.723388e+07	1.652018e+11	4.273190e+04	1.577014e-01	1.883783e-02	3.336224e+04	1.054606e+06	1.414058e+04	1.734489e+00	4.590154e-04	1.739316e-01	9.121434e+01	1.346509e+02	2.728695e-23	5.670497e+12	1.482067e-10	2.195615e-03	2.528710e-18	2.668999e-10	1.960111e-20	3.179487e-61	0.000000e+00	0.000000e+00	0.000000e+00	0.000000e+00	0.000000e+00	0.000000e+00	1.122791e-17	0.000000e+00	0.000000e+00	0.000000e+00	3.420129e+00	3.224648e-15	1.755659e-11	0.000000e+00	0.000000e+00	0.000000e+00	0.000000e+00	0.000000e+00	0.000000e+00	0.000000e+00	0.000000e+00	0.000000e+00	0.000000e+00	0.000000e+00	0.000000e+00	1.295744e+16	2.048638e+11	2.507491e+13	6.819703e+14	2.711090e-01	3.534462e-13	0.000000e+00	4.202931e-29	1.889418e-17	2.240986e-01	4.856220e-15	1.688104e+01	1.102546e-106	2.166021e-17	1.577324e-17	0.000000e+00	0.000000e+00	0.000000e+00	7.883938e+01	3.450814e-21	3.693771e-06	0.000000e+00	0.000000e+00	0.000000e+00	0.000000e+00	0.000000e+00	0.000000e+00	0.000000e+00	8.252576e-114	0.000000e+00	0.000000e+00	0.000000e+00	0.000000e+00	0.000000e+00	0.000000e+00	0.000000e+00	0.000000e+00	0.000000e+00	0.000000e+00	0.000000e+00	0.000000e+00	0.000000e+00	0.000000e+00	0.000000e+00	0.000000e+00	0.000000e+00	0.000000e+00	0.000000e+00	0.000000e+00	0.000000e+00	0.000000e+00	0.000000e+00	0.000000e+00	0.000000e+00	1.036913e-25	5.520519e-10	5.911201e-11	6.095690e-21	0.000000e+00	0.000000e+00	
31.000000	30.000000	32.000000	166.600000	2.531040e+01	4.665298e+08	3.035737e+08	3.541696e+06	3.942542e+05	3.894897e+06	8.537354e+06	9.168129e+10	1.085521e+05	1.353151e-01	2.636943e-02	2.812614e+04	9.012576e+05	5.472377e+03	8.157344e-01	1.184831e-04	1.276984e-01	7.475513e+01	6.455698e+01	3.521465e-23	4.610567e+12	1.195768e-10	2.804242e-03	1.612343e-18	2.452465e-10	2.655351e-20	4.206656e-63	0.000000e+00	0.000000e+00	0.000000e+00	0.000000e+00	0.000000e+00	2.142042e-18	1.257707e-17	6.195553e-20	0.000000e+00	0.000000e+00	2.759213e+00	1.329410e-15	9.537565e-12	0.000000e+00	0.000000e+00	0.000000e+00	0.000000e+00	0.000000e+00	0.000000e+00	0.000000e+00	0.000000e+00	0.000000e+00	0.000000e+00	0.000000e+00	0.000000e+00	1.045349e+16	1.652747e+11	2.024708e+13	5.501839e+14	3.394632e-01	4.663252e-13	0.000000e+00	1.467761e-27	7.015755e-17	2.448043e-01	8.727637e-15	1.597697e+01	3.250938e-108	2.851878e-17	9.833471e-18	0.000000e+00	0.000000e+00	0.000000e+00	2.054920e+01	3.625239e-21	2.979900e-06	0.000000e+00	0.000000e+00	0.000000e+00	0.000000e+00	0.000000e+00	0.000000e+00	0.000000e+00	9.783129e-116	0.000000e+00	0.000000e+00	0.000000e+00	0.000000e+00	0.000000e+00	0.000000e+00	0.000000e+00	0.000000e+00	0.000000e+00	0.000000e+00	0.000000e+00	0.000000e+00	0.000000e+00	0.000000e+00	0.000000e+00	0.000000e+00	0.000000e+00	0.000000e+00	0.000000e+00	0.000000e+00	0.000000e+00	0.000000e+00	0.000000e+00	0.000000e+00	0.000000e+00	1.021514e-25	5.598294e-10	9.808472e-11	7.511118e-21	0.000000e+00	0.000000e+00	
33.000000	32.000000	34.000000	163.800000	2.000320e+01	6.889333e+08	3.005799e+08	5.027961e+06	4.491306e+05	2.430870e+06	4.236907e+06	4.991502e+10	2.541873e+05	1.145093e-01	3.774325e-02	2.352088e+04	7.965868e+05	2.277764e+03	3.987206e-01	3.120479e-05	1.109664e-01	6.350938e+01	3.078431e+01	4.218770e-23	3.738282e+12	9.612805e-11	3.601140e-03	1.041657e-18	2.256459e-10	2.985205e-20	1.334904e-62	0.000000e+00	0.000000e+00	0.000000e+00	0.000000e+00	0.000000e+00	3.855216e-18	1.407066e-17	8.433729e-20	0.000000e+00	0.000000e+00	2.217927e+00	5.500454e-16	5.089126e-12	0.000000e+00	0.000000e+00	0.000000e+00	0.000000e+00	0.000000e+00	0.000000e+00	0.000000e+00	0.000000e+00	0.000000e+00	0.000000e+00	0.000000e+00	0.000000e+00	8.402782e+15	1.328500e+11	1.629097e+13	4.422517e+14	4.137620e-01	5.774349e-13	5.673745e-23	8.340184e-27	2.534873e-16	2.709222e-01	1.598951e-14	1.511736e+01	2.673328e-81	3.942514e-17	6.692424e-18	1.086217e-31	0.000000e+00	0.000000e+00	5.396606e+00	2.228307e-21	2.395263e-06	0.000000e+00	0.000000e+00	0.000000e+00	0.000000e+00	0.000000e+00	0.000000e+00	0.000000e+00	9.968105e-118	0.000000e+00	0.000000e+00	0.000000e+00	0.000000e+00	0.000000e+00	0.000000e+00	0.000000e+00	0.000000e+00	0.000000e+00	0.000000e+00	0.000000e+00	0.000000e+00	0.000000e+00	0.000000e+00	0.000000e+00	0.000000e+00	0.000000e+00	0.000000e+00	0.000000e+00	0.000000e+00	0.000000e+00	0.000000e+00	0.000000e+00	0.000000e+00	0.000000e+00	9.386642e-26	5.493956e-10	1.558810e-10	9.066086e-21	0.000000e+00	0.000000e+00	
35.000000	34.000000	36.000000	161.000000	1.574483e+01	1.052089e+09	3.054912e+08	7.688844e+06	5.370357e+05	1.566638e+06	2.118118e+06	2.666874e+10	5.590567e+05	9.416104e-02	5.561213e-02	1.949237e+04	7.390511e+05	1.006825e+03	2.091756e-01	8.520440e-06	1.161054e-01	5.820802e+01	1.474191e+01	4.738022e-23	3.022388e+12	7.698805e-11	4.625039e-03	6.816314e-19	2.075098e-10	3.675580e-20	4.013631e-63	0.000000e+00	0.000000e+00	0.000000e+00	0.000000e+00	0.000000e+00	7.652007e-18	1.570160e-17	1.000011e-19	0.000000e+00	0.000000e+00	1.776128e+00	2.263329e-16	2.665593e-12	0.000000e+00	0.000000e+00	0.000000e+00	0.000000e+00	0.000000e+00	0.000000e+00	0.000000e+00	0.000000e+00	0.000000e+00	0.000000e+00	0.000000e+00	0.000000e+00	6.728986e+15	1.063841e+11	1.305991e+13	3.541572e+14	5.193466e-01	6.834672e-13	0.000000e+00	3.895786e-26	9.579064e-16	3.214705e-01	3.143478e-14	1.497266e+01	4.096071e-82	6.113963e-17	5.167609e-18	0.000000e+00	0.000000e+00	0.000000e+00	1.449245e+00	1.281553e-20	1.918096e-06	0.000000e+00	0.000000e+00	0.000000e+00	0.000000e+00	0.000000e+00	0.000000e+00	0.000000e+00	1.934219e-108	0.000000e+00	0.000000e+00	0.000000e+00	0.000000e+00	0.000000e+00	0.000000e+00	0.000000e+00	0.000000e+00	0.000000e+00	0.000000e+00	0.000000e+00	0.000000e+00	0.000000e+00	0.000000e+00	0.000000e+00	0.000000e+00	0.000000e+00	0.000000e+00	0.000000e+00	0.000000e+00	0.000000e+00	0.000000e+00	0.000000e+00	0.000000e+00	0.000000e+00	7.797535e-26	5.076906e-10	2.300284e-10	1.068886e-20	0.000000e+00	0.000000e+00	
37.000000	36.000000	38.000000	158.200000	1.234103e+01	1.853098e+09	3.527628e+08	1.221357e+07	6.282634e+05	9.024413e+05	1.060393e+06	1.401315e+10	1.185405e+06	7.043350e-02	7.568995e-02	1.598911e+04	7.058233e+05	3.958072e+02	1.058721e-01	2.408216e-06	1.259163e-01	5.238740e+01	7.049940e+00	4.301343e-23	2.436608e+12	6.141957e-11	5.629468e-03	4.516779e-19	1.900284e-10	3.882479e-20	6.292945e-64	0.000000e+00	0.000000e+00	0.000000e+00	0.000000e+00	0.000000e+00	2.531061e-17	1.750905e-17	1.463800e-19	0.000000e+00	0.000000e+00	1.416797e+00	7.779826e-17	1.371067e-12	0.000000e+00	0.000000e+00	0.000000e+00	0.000000e+00	0.000000e+00	0.000000e+00	0.000000e+00	0.000000e+00	0.000000e+00	0.000000e+00	0.000000e+00	0.000000e+00	5.367629e+15	8.485779e+10	1.042991e+13	2.825068e+14	7.431844e-01	8.175544e-13	0.000000e+00	1.779171e-25	3.457522e-15	3.940663e-01	6.055934e-14	1.446510e+01	2.563715e-83	9.523236e-17	3.461856e-18	3.802773e-31	0.000000e+00	0.000000e+00	3.889532e-01	3.211832e-20	1.530012e-06	0.000000e+00	0.000000e+00	0.000000e+00	0.000000e+00	0.000000e+00	0.000000e+00	0.000000e+00	2.019807e-89	0.000000e+00	0.000000e+00	0.000000e+00	0.000000e+00	0.000000e+00	0.000000e+00	0.000000e+00	0.000000e+00	0.000000e+00	0.000000e+00	0.000000e+00	0.000000e+00	0.000000e+00	0.000000e+00	0.000000e+00	0.000000e+00	0.000000e+00	0.000000e+00	0.000000e+00	0.000000e+00	0.000000e+00	0.000000e+00	0.000000e+00	0.000000e+00	0.000000e+00	5.736202e-26	4.305529e-10	2.919073e-10	1.215749e-20	0.000000e+00	0.000000e+00	
39.000000	38.000000	40.000000	155.400000	9.631091e+00	3.599229e+09	4.432134e+08	1.750546e+07	5.906333e+05	4.219993e+05	5.339215e+05	7.288361e+09	2.447230e+06	4.609180e-02	8.664607e-02	1.298431e+04	6.345933e+05	1.462374e+02	5.033858e-02	7.081624e-07	1.242735e-01	3.680868e+01	3.368234e+00	2.736185e-23	1.958725e+12	4.880125e-11	5.962028e-03	3.030651e-19	1.715765e-10	3.262006e-20	1.335312e-64	0.000000e+00	7.941884e-29	0.000000e+00	0.000000e+00	0.000000e+00	6.981663e-17	1.942085e-17	1.892794e-19	0.000000e+00	0.000000e+00	1.125610e+00	1.917071e-17	6.921225e-13	0.000000e+00	0.000000e+00	0.000000e+00	0.000000e+00	0.000000e+00	0.000000e+00	0.000000e+00	0.000000e+00	0.000000e+00	0.000000e+00	0.000000e+00	0.000000e+00	4.264440e+15	6.741339e+10	8.296432e+12	2.244442e+14	1.161358e+00	1.050034e-12	5.778207e-23	4.218688e-25	8.133904e-15	4.326296e-01	9.105898e-14	1.118871e+01	6.634050e-85	1.085251e-16	1.693320e-18	3.798105e-31	0.000000e+00	0.000000e+00	1.054972e-01	5.371605e-20	1.215534e-06	0.000000e+00	0.000000e+00	0.000000e+00	0.000000e+00	0.000000e+00	0.000000e+00	0.000000e+00	2.598482e-74	0.000000e+00	0.000000e+00	0.000000e+00	0.000000e+00	0.000000e+00	0.000000e+00	0.000000e+00	0.000000e+00	0.000000e+00	0.000000e+00	0.000000e+00	0.000000e+00	0.000000e+00	0.000000e+00	0.000000e+00	0.000000e+00	0.000000e+00	0.000000e+00	0.000000e+00	0.000000e+00	0.000000e+00	0.000000e+00	0.000000e+00	0.000000e+00	0.000000e+00	3.756940e-26	3.348154e-10	2.996795e-10	1.278794e-20	0.000000e+00	0.000000e+00	
41.000000	40.000000	42.000000	152.600000	7.482419e+00	6.621652e+09	5.260943e+08	2.143265e+07	4.231993e+05	1.763202e+05	2.738415e+05	3.805045e+09	4.717679e+06	2.739367e-02	8.572866e-02	1.044716e+04	4.871315e+05	6.237163e+01	2.432271e-02	2.181583e-07	1.132077e-01	1.810472e+01	1.625040e+00	1.285437e-23	1.569735e+12	3.861053e-11	5.257874e-03	2.057824e-19	1.502369e-10	2.214075e-20	4.223598e-66	0.000000e+00	0.000000e+00	0.000000e+00	0.000000e+00	0.000000e+00	1.729464e-16	2.106043e-17	2.346401e-19	0.000000e+00	0.000000e+00	8.905360e-01	3.720882e-18	3.421133e-13	0.000000e+00	0.000000e+00	0.000000e+00	0.000000e+00	0.000000e+00	0.000000e+00	0.000000e+00	0.000000e+00	0.000000e+00	0.000000e+00	0.000000e+00	0.000000e+00	3.373844e+15	5.333075e+10	6.571674e+12	1.775707e+14	1.721139e+00	1.377636e-12	5.137588e-26	4.219511e-25	1.067694e-14	4.014544e-01	9.664300e-14	6.563774e+00	9.319648e-87	7.422544e-17	6.717353e-19	6.099776e-33	0.000000e+00	0.000000e+00	2.984940e-02	4.727496e-20	9.616664e-07	0.000000e+00	0.000000e+00	0.000000e+00	0.000000e+00	0.000000e+00	0.000000e+00	0.000000e+00	2.344829e-62	0.000000e+00	0.000000e+00	0.000000e+00	0.000000e+00	0.000000e+00	0.000000e+00	0.000000e+00	0.000000e+00	0.000000e+00	0.000000e+00	0.000000e+00	0.000000e+00	0.000000e+00	0.000000e+00	0.000000e+00	0.000000e+00	0.000000e+00	0.000000e+00	0.000000e+00	0.000000e+00	0.000000e+00	0.000000e+00	0.000000e+00	0.000000e+00	0.000000e+00	2.246328e-26	2.440713e-10	2.531303e-10	1.176548e-20	0.000000e+00	0.000000e+00	
43.000000	42.000000	44.000000	149.800000	5.785994e+00	1.066058e+10	5.471310e+08	2.321641e+07	2.569172e+05	7.375617e+04	1.438996e+05	2.037285e+09	8.040936e+06	1.550736e-02	7.644584e-02	8.327697e+03	3.217769e+05	2.877415e+01	1.109081e-02	7.049870e-08	9.737202e-02	6.811251e+00	7.975201e-01	5.077658e-24	1.253692e+12	3.041171e-11	3.940505e-03	1.412354e-19	1.263468e-10	1.369777e-20	1.313713e-67	0.000000e+00	0.000000e+00	0.000000e+00	0.000000e+00	0.000000e+00	3.682513e-16	2.190121e-17	2.688516e-19	0.000000e+00	0.000000e+00	7.015054e-01	6.838273e-19	1.653146e-13	0.000000e+00	0.000000e+00	0.000000e+00	0.000000e+00	0.000000e+00	0.000000e+00	0.000000e+00	0.000000e+00	0.000000e+00	0.000000e+00	0.000000e+00	0.000000e+00	2.657686e+15	4.200684e+10	5.182381e+12	1.398782e+14	2.243532e+00	1.622241e-12	3.394219e-26	2.160935e-25	9.161049e-15	3.251135e-01	7.638820e-14	3.242120e+00	1.410928e-88	3.240011e-17	2.136546e-19	0.000000e+00	0.000000e+00	0.000000e+00	8.906886e-03	2.747681e-20	7.575281e-07	0.000000e+00	0.000000e+00	0.000000e+00	0.000000e+00	0.000000e+00	0.000000e+00	0.000000e+00	6.172482e-53	0.000000e+00	0.000000e+00	0.000000e+00	0.000000e+00	0.000000e+00	0.000000e+00	0.000000e+00	0.000000e+00	0.000000e+00	0.000000e+00	0.000000e+00	0.000000e+00	0.000000e+00	0.000000e+00	0.000000e+00	0.000000e+00	0.000000e+00	0.000000e+00	0.000000e+00	0.000000e+00	0.000000e+00	0.000000e+00	0.000000e+00	0.000000e+00	0.000000e+00	1.258545e-26	1.699895e-10	1.835446e-10	9.498548e-21	0.000000e+00	0.000000e+00	
45.000000	44.000000	46.000000	147.000000	4.452521e+00	1.499045e+10	4.964379e+08	2.320973e+07	1.447068e+05	3.227756e+04	7.753668e+04	1.144160e+09	1.195612e+07	8.608564e-03	6.289654e-02	6.577117e+03	1.971677e+05	1.332690e+01	4.642395e-03	2.389824e-08	7.902444e-02	2.212918e+00	3.996307e-01	1.826636e-24	9.975325e+11	2.384326e-11	2.621661e-03	9.785829e-20	1.024496e-10	8.311053e-21	4.469957e-69	0.000000e+00	1.254340e-29	2.032262e-21	2.119387e-23	0.000000e+00	6.585834e-16	2.170335e-17	3.932401e-19	3.284133e-19	1.069261e-20	5.501161e-01	1.305979e-19	7.801347e-14	0.000000e+00	0.000000e+00	0.000000e+00	0.000000e+00	0.000000e+00	0.000000e+00	0.000000e+00	0.000000e+00	0.000000e+00	0.000000e+00	0.000000e+00	0.000000e+00	2.084136e+15	3.293834e+10	4.067766e+12	1.096914e+14	2.561454e+00	1.607381e-12	1.880376e-26	1.087554e-25	6.058495e-15	2.392822e-01	4.894134e-14	1.475176e+00	2.608892e-90	1.058966e-17	5.504160e-20	2.156159e-32	0.000000e+00	0.000000e+00	2.805222e-03	1.151159e-20	5.940431e-07	0.000000e+00	0.000000e+00	0.000000e+00	0.000000e+00	0.000000e+00	0.000000e+00	0.000000e+00	1.319348e-27	0.000000e+00	0.000000e+00	0.000000e+00	0.000000e+00	0.000000e+00	0.000000e+00	0.000000e+00	0.000000e+00	0.000000e+00	0.000000e+00	0.000000e+00	0.000000e+00	0.000000e+00	0.000000e+00	0.000000e+00	0.000000e+00	0.000000e+00	0.000000e+00	0.000000e+00	0.000000e+00	0.000000e+00	0.000000e+00	0.000000e+00	0.000000e+00	0.000000e+00	6.751450e-27	1.145166e-10	1.185403e-10	7.040368e-21	0.000000e+00	0.000000e+00	
47.000000	46.000000	48.000000	144.200000	3.409145e+00	1.887171e+10	4.014974e+08	2.201497e+07	7.850170e+04	1.481748e+04	4.281494e+04	6.852331e+08	1.579053e+07	4.760751e-03	4.861286e-02	5.150636e+03	1.190862e+05	6.207979e+00	1.856063e-03	8.496112e-09	6.076237e-02	6.719297e-01	2.048185e-01	6.167497e-25	7.905497e+11	1.860451e-11	1.610731e-03	6.837116e-20	8.092532e-11	5.095258e-21	1.715118e-70	0.000000e+00	0.000000e+00	8.378841e-22	6.986298e-24	0.000000e+00	1.005838e-15	2.033274e-17	3.953046e-19	3.144416e-19	6.507199e-21	4.293851e-01	2.623053e-20	3.591634e-14	0.000000e+00	0.000000e+00	0.000000e+00	0.000000e+00	0.000000e+00	0.000000e+00	0.000000e+00	0.000000e+00	0.000000e+00	0.000000e+00	0.000000e+00	0.000000e+00	1.626738e+15	2.570682e+10	3.177393e+12	8.561781e+13	2.616908e+00	1.348394e-12	8.276143e-27	3.934654e-26	3.407993e-15	1.645002e-01	2.716673e-14	6.416168e-01	5.829318e-92	2.943266e-18	1.229808e-20	5.055048e-33	0.000000e+00	0.000000e+00	9.313292e-04	4.254625e-21	4.636680e-07	0.000000e+00	0.000000e+00	0.000000e+00	0.000000e+00	0.000000e+00	0.000000e+00	0.000000e+00	5.577939e-28	0.000000e+00	0.000000e+00	0.000000e+00	0.000000e+00	0.000000e+00	0.000000e+00	0.000000e+00	0.000000e+00	0.000000e+00	0.000000e+00	0.000000e+00	0.000000e+00	0.000000e+00	0.000000e+00	0.000000e+00	0.000000e+00	0.000000e+00	0.000000e+00	0.000000e+00	0.000000e+00	0.000000e+00	0.000000e+00	0.000000e+00	0.000000e+00	0.000000e+00	3.530963e-27	7.546164e-11	7.033245e-11	5.002628e-21	0.000000e+00	0.000000e+00	
49.000000	48.000000	50.000000	141.400000	2.596636e+00	2.182616e+10	2.957522e+08	2.013798e+07	4.147329e+04	7.065474e+03	2.421273e+04	4.412359e+08	1.899685e+07	2.646644e-03	3.580570e-02	4.003360e+03	7.288957e+04	2.938720e+00	7.313055e-04	3.167141e-09	4.465980e-02	1.987880e-01	1.074668e-01	1.972970e-25	6.238969e+11	1.444537e-11	9.403452e-04	4.811862e-20	6.286736e-11	3.178076e-21	7.168627e-72	0.000000e+00	0.000000e+00	1.077064e-21	8.789128e-24	0.000000e+00	1.354085e-15	1.818331e-17	3.695209e-19	3.405726e-19	1.222116e-20	3.335258e-01	5.452668e-21	1.611214e-14	0.000000e+00	0.000000e+00	0.000000e+00	0.000000e+00	0.000000e+00	0.000000e+00	0.000000e+00	0.000000e+00	0.000000e+00	0.000000e+00	0.000000e+00	0.000000e+00	1.263569e+15	1.996550e+10	2.469400e+12	6.650365e+13	2.444916e+00	9.852619e-13	1.574122e-27	2.550714e-26	1.724277e-15	1.074304e-01	1.366163e-14	2.697043e-01	1.473432e-93	7.477978e-19	2.517851e-21	0.000000e+00	0.000000e+00	0.000000e+00	3.255789e-04	1.425617e-21	3.601527e-07	0.000000e+00	0.000000e+00	0.000000e+00	0.000000e+00	0.000000e+00	0.000000e+00	0.000000e+00	9.042123e-28	0.000000e+00	0.000000e+00	0.000000e+00	0.000000e+00	0.000000e+00	0.000000e+00	0.000000e+00	0.000000e+00	0.000000e+00	0.000000e+00	0.000000e+00	0.000000e+00	0.000000e+00	0.000000e+00	0.000000e+00	0.000000e+00	0.000000e+00	0.000000e+00	0.000000e+00	0.000000e+00	0.000000e+00	0.000000e+00	0.000000e+00	0.000000e+00	0.000000e+00	1.827884e-27	4.921928e-11	3.929834e-11	3.501869e-21	0.000000e+00	0.000000e+00	
51.000000	50.000000	52.000000	140.000000	1.969786e+00	2.346725e+10	1.931491e+08	1.778036e+07	2.120164e+04	3.405310e+03	1.389898e+04	3.030982e+08	2.109541e+07	1.475203e-03	2.495229e-02	3.064210e+03	4.507401e+04	1.389834e+00	2.742759e-04	1.229986e-09	3.109327e-02	5.749633e-02	5.729857e-02	7.908756e-26	4.860097e+11	1.106264e-11	5.262565e-04	3.378523e-20	4.792194e-11	2.000095e-21	8.751192e-73	0.000000e+00	1.642875e-29	5.913880e-22	4.117759e-24	0.000000e+00	1.640623e-15	1.553321e-17	3.426913e-19	2.810550e-19	9.636353e-21	2.555407e-01	1.513110e-21	9.304792e-15	0.000000e+00	0.000000e+00	0.000000e+00	0.000000e+00	0.000000e+00	0.000000e+00	0.000000e+00	0.000000e+00	0.000000e+00	0.000000e+00	0.000000e+00	0.000000e+00	9.681184e+14	1.529526e+10	1.892674e+12	5.095360e+13	2.068402e+00	9.613102e-13	8.904169e-27	1.491640e-26	9.317626e-16	6.797638e-02	7.358703e-15	1.064376e-01	9.005443e-95	1.974573e-19	5.220591e-22	1.507739e-32	0.000000e+00	0.000000e+00	1.190505e-04	5.042984e-22	2.759400e-07	0.000000e+00	0.000000e+00	0.000000e+00	0.000000e+00	0.000000e+00	0.000000e+00	0.000000e+00	5.533663e-28	0.000000e+00	0.000000e+00	0.000000e+00	0.000000e+00	0.000000e+00	0.000000e+00	0.000000e+00	0.000000e+00	0.000000e+00	0.000000e+00	0.000000e+00	0.000000e+00	0.000000e+00	0.000000e+00	0.000000e+00	0.000000e+00	0.000000e+00	0.000000e+00	0.000000e+00	0.000000e+00	0.000000e+00	0.000000e+00	0.000000e+00	0.000000e+00	0.000000e+00	9.403757e-28	3.188785e-11	2.085199e-11	2.426621e-21	0.000000e+00	0.000000e+00	
53.000000	52.000000	54.000000	140.000000	1.492219e+00	2.385993e+10	1.141302e+08	1.529420e+07	1.060803e+04	1.654721e+03	8.088666e+03	2.177515e+08	2.208420e+07	8.274119e-04	1.670783e-02	2.316945e+03	2.814613e+04	6.570193e-01	9.873101e-05	4.962564e-10	2.081002e-02	1.653200e-02	3.101776e-02	4.121557e-26	3.746689e+11	8.376092e-12	2.870513e-04	2.368043e-20	3.603702e-11	1.268838e-21	2.917150e-73	0.000000e+00	2.925535e-30	1.410523e-21	1.156503e-23	0.000000e+00	1.837658e-15	1.280625e-17	3.296994e-19	2.768134e-19	2.647560e-20	1.935865e-01	5.707173e-22	7.049654e-15	0.000000e+00	0.000000e+00	0.000000e+00	0.000000e+00	0.000000e+00	0.000000e+00	0.000000e+00	0.000000e+00	0.000000e+00	0.000000e+00	0.000000e+00	0.000000e+00	7.334018e+14	1.158545e+10	1.434055e+12	3.860009e+13	1.614147e+00	1.310337e-12	0.000000e+00	3.920351e-26	5.562251e-16	4.228421e-02	4.385338e-15	3.998040e-02	2.759794e-131	5.601528e-20	1.132931e-22	2.437638e-32	0.000000e+00	0.000000e+00	4.538929e-05	2.243134e-22	2.090389e-07	0.000000e+00	0.000000e+00	0.000000e+00	0.000000e+00	0.000000e+00	0.000000e+00	0.000000e+00	2.090314e-27	0.000000e+00	0.000000e+00	0.000000e+00	0.000000e+00	0.000000e+00	0.000000e+00	0.000000e+00	0.000000e+00	0.000000e+00	0.000000e+00	0.000000e+00	0.000000e+00	0.000000e+00	0.000000e+00	0.000000e+00	0.000000e+00	0.000000e+00	0.000000e+00	0.000000e+00	0.000000e+00	0.000000e+00	0.000000e+00	0.000000e+00	0.000000e+00	0.000000e+00	4.847243e-28	2.072603e-11	1.074551e-11	1.675150e-21	0.000000e+00	0.000000e+00	
55.000000	54.000000	56.000000	140.000000	1.130444e+00	2.337154e+10	6.476287e+07	1.300221e+07	5.295795e+03	8.247111e+02	4.818396e+03	1.612962e+08	2.227610e+07	4.732592e-04	1.106267e-02	1.751309e+03	1.790548e+04	3.165796e-01	3.595959e-05	2.097840e-10	1.377517e-02	4.927691e-03	1.722061e-02	2.169667e-26	2.891049e+11	6.341500e-12	1.568410e-04	1.674248e-20	2.707512e-11	8.191353e-22	5.288378e-74	4.353948e-24	0.000000e+00	0.000000e+00	0.000000e+00	0.000000e+00	1.952567e-15	1.034364e-17	2.697326e-19	5.766794e-20	0.000000e+00	1.466538e-01	2.256420e-22	5.341087e-15	0.000000e+00	0.000000e+00	0.000000e+00	0.000000e+00	0.000000e+00	0.000000e+00	0.000000e+00	0.000000e+00	0.000000e+00	0.000000e+00	0.000000e+00	0.000000e+00	5.555952e+14	8.775336e+09	1.086402e+12	2.924185e+13	1.210025e+00	1.704759e-12	0.000000e+00	0.000000e+00	3.271940e-16	2.589800e-02	2.577560e-15	1.495068e-02	7.902985e-30	1.595491e-20	2.465388e-23	0.000000e+00	0.000000e+00	0.000000e+00	1.819288e-05	9.819933e-23	1.583590e-07	0.000000e+00	0.000000e+00	0.000000e+00	0.000000e+00	0.000000e+00	0.000000e+00	0.000000e+00	4.014997e-27	0.000000e+00	0.000000e+00	0.000000e+00	0.000000e+00	0.000000e+00	0.000000e+00	0.000000e+00	0.000000e+00	0.000000e+00	0.000000e+00	0.000000e+00	0.000000e+00	0.000000e+00	0.000000e+00	0.000000e+00	0.000000e+00	0.000000e+00	0.000000e+00	0.000000e+00	0.000000e+00	0.000000e+00	0.000000e+00	0.000000e+00	0.000000e+00	0.000000e+00	2.545752e-28	1.373940e-11	5.552420e-12	1.166546e-21	0.000000e+00	0.000000e+00	
57.000000	56.000000	58.000000	140.000000	8.563770e-01	2.221283e+10	3.564988e+07	1.094474e+07	2.646610e+03	4.193747e+02	2.933259e+03	1.211920e+08	2.183327e+07	2.762529e-04	7.265213e-03	1.323680e+03	1.153921e+04	1.545583e-01	1.318791e-05	9.265996e-11	9.045099e-03	1.566066e-03	9.792792e-03	1.167349e-26	2.232964e+11	4.800672e-12	8.672718e-05	1.193010e-20	2.033936e-11	5.373187e-22	9.669620e-111	9.084287e-24	1.412692e-29	4.278133e-24	1.176982e-25	0.000000e+00	1.992257e-15	8.235470e-18	2.337813e-19	2.403880e-20	0.000000e+00	1.110993e-01	9.382198e-23	4.046507e-15	0.000000e+00	0.000000e+00	0.000000e+00	0.000000e+00	0.000000e+00	0.000000e+00	0.000000e+00	0.000000e+00	0.000000e+00	0.000000e+00	0.000000e+00	0.000000e+00	4.208957e+14	6.646677e+09	8.229203e+11	2.215240e+13	8.812944e-01	2.131653e-12	1.805598e-26	9.006520e-28	1.922115e-16	1.567121e-02	1.513658e-15	5.587125e-03	1.783635e-29	4.596619e-21	5.419737e-24	1.705710e-32	0.000000e+00	0.000000e+00	7.643462e-06	0.000000e+00	1.199659e-07	0.000000e+00	0.000000e+00	0.000000e+00	0.000000e+00	0.000000e+00	0.000000e+00	0.000000e+00	1.426158e-25	0.000000e+00	0.000000e+00	0.000000e+00	0.000000e+00	0.000000e+00	0.000000e+00	0.000000e+00	0.000000e+00	0.000000e+00	0.000000e+00	0.000000e+00	0.000000e+00	0.000000e+00	0.000000e+00	0.000000e+00	0.000000e+00	0.000000e+00	0.000000e+00	0.000000e+00	0.000000e+00	0.000000e+00	0.000000e+00	0.000000e+00	0.000000e+00	0.000000e+00	1.366238e-28	9.312779e-12	2.909931e-12	8.194519e-22	0.000000e+00	0.000000e+00	
59.000000	58.000000	60.000000	140.000000	6.487554e-01	2.060410e+10	1.915371e+07	9.132833e+06	1.326883e+03	2.165803e+02	1.822010e+03	9.139874e+07	2.092705e+07	1.645660e-04	4.740489e-03	1.000560e+03	7.494004e+03	7.604462e-02	4.846620e-06	4.264899e-11	5.901164e-03	5.473263e-04	5.696946e-03	6.509531e-27	1.726413e+11	3.633845e-12	4.884435e-05	8.560933e-21	1.528378e-11	3.576412e-22	2.478292e-111	1.328948e-23	7.404696e-28	4.209474e-23	3.620279e-25	0.000000e+00	1.970382e-15	6.484728e-18	2.045318e-19	1.379296e-20	1.198875e-21	8.416461e-02	4.133213e-23	3.065661e-15	0.000000e+00	0.000000e+00	0.000000e+00	0.000000e+00	0.000000e+00	0.000000e+00	0.000000e+00	0.000000e+00	0.000000e+00	0.000000e+00	0.000000e+00	0.000000e+00	3.188530e+14	5.034245e+09	6.232743e+11	1.678173e+13	6.296169e-01	2.575843e-12	9.938746e-26	1.069468e-26	1.137244e-16	9.391407e-03	8.954571e-16	2.091905e-03	2.890554e-29	1.343660e-21	1.207497e-24	4.194948e-31	0.000000e+00	0.000000e+00	3.356562e-06	1.590171e-23	9.088098e-08	0.000000e+00	0.000000e+00	0.000000e+00	0.000000e+00	0.000000e+00	0.000000e+00	0.000000e+00	2.252913e-24	0.000000e+00	0.000000e+00	0.000000e+00	0.000000e+00	0.000000e+00	0.000000e+00	0.000000e+00	0.000000e+00	0.000000e+00	0.000000e+00	0.000000e+00	0.000000e+00	0.000000e+00	0.000000e+00	0.000000e+00	0.000000e+00	0.000000e+00	0.000000e+00	0.000000e+00	0.000000e+00	0.000000e+00	0.000000e+00	0.000000e+00	0.000000e+00	0.000000e+00	7.501623e-29	6.454143e-12	1.556418e-12	5.803495e-22	0.000000e+00	0.000000e+00	
61.000000	60.000000	62.000000	140.000000	4.914700e-01	1.873953e+10	1.009201e+07	7.561364e+06	6.696343e+02	1.131682e+02	1.153099e+03	6.892582e+07	1.971082e+07	9.999643e-05	3.076258e-03	7.564421e+02	4.888258e+03	3.757793e-02	1.779072e-06	2.040402e-11	3.829111e-03	2.164614e-04	3.386252e-03	3.839218e-27	1.336176e+11	2.750287e-12	2.811800e-05	6.182101e-21	1.149038e-11	2.412444e-22	7.335390e-112	7.818235e-24	1.921589e-29	2.586814e-24	1.145442e-29	0.000000e+00	1.902235e-15	5.061599e-18	1.773882e-19	6.300566e-21	2.255174e-22	6.375997e-02	1.953718e-23	2.322540e-15	0.000000e+00	0.000000e+00	0.000000e+00	0.000000e+00	0.000000e+00	0.000000e+00	0.000000e+00	0.000000e+00	0.000000e+00	0.000000e+00	0.000000e+00	0.000000e+00	2.415497e+14	3.812864e+09	4.720237e+11	1.271314e+13	4.473322e-01	3.014892e-12	7.509663e-25	7.444220e-26	6.811771e-17	5.583649e-03	5.363454e-16	7.876869e-04	1.919986e-29	3.992269e-22	2.731766e-25	6.965233e-35	0.000000e+00	0.000000e+00	1.536549e-06	0.000000e+00	6.884750e-08	0.000000e+00	0.000000e+00	0.000000e+00	0.000000e+00	0.000000e+00	0.000000e+00	0.000000e+00	2.042843e-23	0.000000e+00	0.000000e+00	0.000000e+00	0.000000e+00	0.000000e+00	0.000000e+00	0.000000e+00	0.000000e+00	0.000000e+00	0.000000e+00	0.000000e+00	0.000000e+00	0.000000e+00	0.000000e+00	0.000000e+00	0.000000e+00	0.000000e+00	0.000000e+00	0.000000e+00	0.000000e+00	0.000000e+00	0.000000e+00	0.000000e+00	0.000000e+00	0.000000e+00	4.214639e-29	4.564884e-12	8.521540e-13	4.140986e-22	0.000000e+00	0.000000e+00	
63.000000	62.000000	64.000000	140.000000	3.723175e-01	1.677362e+10	5.234748e+06	6.216140e+06	3.422379e+02	5.965568e+01	7.424919e+02	5.197747e+07	1.831028e+07	6.192905e-05	1.986744e-03	5.719961e+02	3.201797e+03	1.864505e-02	6.520436e-07	1.012184e-11	2.472765e-03	9.811893e-05	2.054043e-03	2.514723e-27	1.035285e+11	2.081275e-12	1.657025e-05	4.489525e-21	8.643231e-12	1.647260e-22	2.679098e-112	4.688610e-24	1.954943e-33	1.963085e-25	4.965830e-34	0.000000e+00	1.802052e-15	3.923524e-18	1.525502e-19	2.995116e-21	5.378682e-23	4.830227e-02	1.011976e-23	1.759542e-15	0.000000e+00	0.000000e+00	0.000000e+00	0.000000e+00	0.000000e+00	0.000000e+00	0.000000e+00	0.000000e+00	0.000000e+00	0.000000e+00	0.000000e+00	0.000000e+00	1.829881e+14	2.887714e+09	3.574535e+11	9.630955e+12	3.245306e-01	3.412453e-12	4.336591e-24	4.801567e-25	4.142204e-17	3.298071e-03	3.261635e-16	3.001700e-04	1.319860e-29	1.208827e-22	6.292762e-26	2.549055e-36	0.000000e+00	0.000000e+00	7.313609e-07	0.000000e+00	5.215594e-08	0.000000e+00	0.000000e+00	0.000000e+00	0.000000e+00	0.000000e+00	0.000000e+00	0.000000e+00	1.389624e-22	0.000000e+00	0.000000e+00	0.000000e+00	0.000000e+00	0.000000e+00	0.000000e+00	0.000000e+00	0.000000e+00	0.000000e+00	0.000000e+00	0.000000e+00	0.000000e+00	0.000000e+00	0.000000e+00	0.000000e+00	0.000000e+00	0.000000e+00	0.000000e+00	0.000000e+00	0.000000e+00	0.000000e+00	0.000000e+00	0.000000e+00	0.000000e+00	0.000000e+00	2.421663e-29	3.285389e-12	4.780825e-13	2.974818e-22	0.000000e+00	0.000000e+00	
65.000000	64.000000	66.000000	140.000000	2.820525e-01	1.481951e+10	2.681347e+06	5.077772e+06	1.789998e+02	3.165459e+01	4.857918e+02	3.919693e+07	1.682238e+07	3.905199e-05	1.277635e-03	4.326103e+02	2.121495e+03	9.357451e-03	2.403072e-07	5.194442e-12	1.590067e-03	5.039425e-05	1.269957e-03	2.293750e-27	8.030730e+10	1.574749e-12	9.997576e-06	3.276794e-21	6.505062e-12	1.137353e-22	1.634690e-112	2.935429e-24	1.877327e-34	1.845429e-26	0.000000e+00	0.000000e+00	1.681832e-15	3.024780e-18	1.300027e-19	1.509871e-21	1.582233e-23	3.659211e-02	6.219476e-24	1.333012e-15	0.000000e+00	0.000000e+00	0.000000e+00	0.000000e+00	0.000000e+00	0.000000e+00	0.000000e+00	0.000000e+00	0.000000e+00	0.000000e+00	0.000000e+00	0.000000e+00	1.386243e+14	2.186955e+09	2.706770e+11	7.296017e+12	2.552646e-01	3.709095e-12	2.307705e-23	2.821235e-24	2.560500e-17	1.937469e-03	2.016321e-16	1.170099e-04	9.589756e-30	3.762684e-23	1.489030e-26	2.532858e-37	0.000000e+00	0.000000e+00	3.610688e-07	0.000000e+00	3.951111e-08	0.000000e+00	0.000000e+00	0.000000e+00	0.000000e+00	0.000000e+00	0.000000e+00	0.000000e+00	8.602916e-22	0.000000e+00	0.000000e+00	0.000000e+00	0.000000e+00	0.000000e+00	0.000000e+00	0.000000e+00	0.000000e+00	0.000000e+00	0.000000e+00	0.000000e+00	0.000000e+00	0.000000e+00	0.000000e+00	0.000000e+00	0.000000e+00	0.000000e+00	0.000000e+00	0.000000e+00	0.000000e+00	0.000000e+00	0.000000e+00	0.000000e+00	0.000000e+00	0.000000e+00	1.421756e-29	2.398234e-12	2.747934e-13	2.150129e-22	0.000000e+00	0.000000e+00	
67.000000	66.000000	68.000000	140.000000	2.136712e-01	1.295356e+10	1.359695e+06	4.124289e+06	9.747049e+01	1.687977e+01	3.225477e+02	2.955984e+07	1.531842e+07	2.504714e-05	8.185059e-04	3.272525e+02	1.465409e+03	4.895190e-03	9.173756e-08	2.751716e-12	1.018587e-03	2.852383e-05	7.993554e-04	4.949231e-27	6.236934e+10	1.191276e-12	6.170676e-06	2.402378e-21	4.898238e-12	7.932612e-23	4.412000e-112	1.908301e-24	3.347632e-35	2.145366e-27	0.000000e+00	0.000000e+00	1.551049e-15	2.321945e-18	1.097184e-19	8.080527e-22	5.586795e-24	2.772090e-02	7.084166e-24	1.009872e-15	0.000000e+00	0.000000e+00	0.000000e+00	0.000000e+00	0.000000e+00	0.000000e+00	0.000000e+00	0.000000e+00	0.000000e+00	0.000000e+00	0.000000e+00	0.000000e+00	1.050160e+14	1.656173e+09	2.049571e+11	5.527158e+12	2.492301e-01	3.816235e-12	1.101858e-22	1.470710e-23	1.609486e-17	1.133038e-03	1.267502e-16	4.747352e-05	7.318403e-30	1.241171e-23	3.731511e-27	4.694048e-38	0.000000e+00	0.000000e+00	1.844648e-07	1.071355e-22	2.993189e-08	0.000000e+00	0.000000e+00	0.000000e+00	0.000000e+00	0.000000e+00	0.000000e+00	0.000000e+00	4.731053e-21	0.000000e+00	0.000000e+00	0.000000e+00	0.000000e+00	0.000000e+00	0.000000e+00	0.000000e+00	0.000000e+00	0.000000e+00	0.000000e+00	0.000000e+00	0.000000e+00	0.000000e+00	0.000000e+00	0.000000e+00	0.000000e+00	0.000000e+00	0.000000e+00	0.000000e+00	0.000000e+00	0.000000e+00	0.000000e+00	0.000000e+00	0.000000e+00	0.000000e+00	8.519708e-30	1.770035e-12	1.616817e-13	1.562574e-22	0.000000e+00	0.000000e+00	
69.000000	68.000000	70.000000	140.000000	1.618684e-01	1.122229e+10	6.839865e+05	3.332939e+06	5.667735e+01	9.035155e+00	2.170723e+02	2.229323e+07	1.384844e+07	1.632097e-05	5.226324e-04	2.475972e+02	1.145599e+03	2.897874e-03	3.936221e-08	1.501603e-12	6.503387e-04	1.728311e-05	5.116244e-04	6.613774e-26	4.849845e+10	9.009945e-13	3.891103e-06	1.768314e-21	3.689892e-12	5.583568e-23	1.219750e-109	1.280846e-24	7.980097e-36	3.065029e-28	0.000000e+00	0.000000e+00	1.416820e-15	1.776495e-18	9.166214e-20	4.572123e-22	2.307833e-24	2.100042e-02	1.324949e-22	7.650642e-16	0.000000e+00	0.000000e+00	0.000000e+00	0.000000e+00	0.000000e+00	0.000000e+00	0.000000e+00	0.000000e+00	0.000000e+00	0.000000e+00	0.000000e+00	0.000000e+00	7.955573e+13	1.254148e+09	1.551879e+11	4.187144e+12	3.578865e-01	3.632063e-12	4.255077e-22	6.141810e-23	1.028728e-17	6.601496e-04	8.100851e-17	2.056506e-05	5.853918e-30	4.709765e-24	1.075104e-27	1.167570e-38	0.000000e+00	0.000000e+00	9.730794e-08	3.790559e-22	2.267509e-08	0.000000e+00	0.000000e+00	0.000000e+00	0.000000e+00	0.000000e+00	0.000000e+00	0.000000e+00	2.086671e-20	0.000000e+00	0.000000e+00	0.000000e+00	0.000000e+00	0.000000e+00	0.000000e+00	0.000000e+00	0.000000e+00	0.000000e+00	0.000000e+00	0.000000e+00	0.000000e+00	0.000000e+00	0.000000e+00	0.000000e+00	0.000000e+00	0.000000e+00	0.000000e+00	0.000000e+00	0.000000e+00	0.000000e+00	0.000000e+00	0.000000e+00	0.000000e+00	0.000000e+00	5.204939e-30	1.317251e-12	9.726343e-14	1.141130e-22	0.000000e+00	0.000000e+00	
71.000000	70.000000	72.000000	140.000000	1.226247e-01	9.649442e+09	3.418816e+05	2.681407e+06	3.631673e+01	4.850779e+00	1.479073e+02	1.681392e+07	1.244573e+07	1.079215e-05	3.327828e-04	1.873605e+02	1.147574e+03	2.197639e-03	2.147639e-08	8.424493e-13	4.140672e-04	1.096925e-05	3.325982e-04	7.867344e-24	3.776019e+10	6.812871e-13	2.502911e-06	1.306192e-21	2.780625e-12	3.962756e-23	1.898730e-105	8.826904e-25	2.452936e-36	5.271573e-29	0.000000e+00	0.000000e+00	1.284254e-15	1.355694e-18	7.578371e-20	2.719014e-22	1.089120e-24	1.590923e-02	1.558233e-20	5.796007e-16	0.000000e+00	0.000000e+00	0.000000e+00	0.000000e+00	0.000000e+00	0.000000e+00	0.000000e+00	0.000000e+00	0.000000e+00	0.000000e+00	0.000000e+00	0.000000e+00	6.026809e+13	9.496560e+08	1.175001e+11	3.172005e+12	7.106313e-01	3.104589e-12	1.281835e-21	1.984391e-22	6.687375e-18	3.834823e-04	5.262740e-17	9.816430e-06	4.934994e-30	2.327232e-24	4.031088e-28	3.778827e-39	0.000000e+00	0.000000e+00	5.289203e-08	0.000000e+00	1.717764e-08	0.000000e+00	0.000000e+00	0.000000e+00	0.000000e+00	0.000000e+00	0.000000e+00	0.000000e+00	7.127809e-20	0.000000e+00	0.000000e+00	0.000000e+00	0.000000e+00	0.000000e+00	0.000000e+00	0.000000e+00	0.000000e+00	0.000000e+00	0.000000e+00	0.000000e+00	0.000000e+00	0.000000e+00	0.000000e+00	0.000000e+00	0.000000e+00	0.000000e+00	0.000000e+00	0.000000e+00	0.000000e+00	0.000000e+00	0.000000e+00	0.000000e+00	0.000000e+00	0.000000e+00	3.238187e-30	9.862301e-13	5.974329e-14	8.369811e-23	0.000000e+00	0.000000e+00	
73.000000	72.000000	74.000000	140.000000	9.289546e-02	8.242222e+09	1.700045e+05	2.148649e+06	2.637138e+01	2.611053e+00	1.019263e+02	1.268221e+07	1.113088e+07	7.233582e-06	2.114396e-04	1.417989e+02	1.511921e+03	2.190999e-03	1.528075e-08	4.850295e-13	2.630660e-04	7.194018e-06	2.193595e-04	9.144984e-22	2.943581e+10	5.150279e-13	1.639712e-06	9.678490e-22	2.096036e-12	2.833525e-23	2.434612e-101	6.213991e-25	8.807095e-37	9.535783e-30	0.000000e+00	0.000000e+00	1.156848e-15	1.032549e-18	6.200938e-20	1.688631e-22	5.744681e-25	1.205234e-02	1.537281e-18	4.390967e-16	0.000000e+00	0.000000e+00	0.000000e+00	0.000000e+00	0.000000e+00	0.000000e+00	0.000000e+00	0.000000e+00	0.000000e+00	0.000000e+00	0.000000e+00	0.000000e+00	4.565664e+13	7.190422e+08	8.896238e+10	2.402981e+12	1.525296e+00	2.321062e-12	3.061615e-21	5.046844e-22	4.427285e-18	2.222479e-04	3.476037e-17	5.310624e-06	4.433598e-30	1.537387e-24	2.019171e-28	1.404877e-39	0.000000e+00	0.000000e+00	2.956559e-08	0.000000e+00	1.301303e-08	0.000000e+00	0.000000e+00	0.000000e+00	0.000000e+00	0.000000e+00	0.000000e+00	0.000000e+00	1.918132e-19	0.000000e+00	0.000000e+00	0.000000e+00	0.000000e+00	0.000000e+00	0.000000e+00	0.000000e+00	0.000000e+00	0.000000e+00	0.000000e+00	0.000000e+00	0.000000e+00	0.000000e+00	0.000000e+00	0.000000e+00	0.000000e+00	0.000000e+00	0.000000e+00	0.000000e+00	0.000000e+00	0.000000e+00	0.000000e+00	0.000000e+00	0.000000e+00	0.000000e+00	2.049296e-30	7.415697e-13	3.741795e-14	6.162723e-23	0.000000e+00	0.000000e+00	
75.000000	74.000000	76.000000	140.000000	7.037380e-02	6.996861e+09	8.417436e+04	1.715440e+06	2.188361e+01	1.408948e+00	7.096709e+01	9.566576e+06	9.915112e+06	4.909182e-06	1.341475e-04	1.073303e+02	2.309384e+03	2.531189e-03	1.248871e-08	2.860707e-13	1.668917e-04	4.838082e-06	1.466191e-04	7.932107e-20	2.297195e+10	3.892480e-13	1.092418e-06	7.191223e-22	1.580379e-12	2.039714e-23	1.746346e-97	4.449001e-25	2.615982e-37	0.000000e+00	0.000000e+00	0.000000e+00	1.036848e-15	7.852713e-19	5.023284e-20	1.088243e-22	3.318881e-25	9.130507e-03	1.132443e-16	3.326530e-16	0.000000e+00	0.000000e+00	0.000000e+00	0.000000e+00	0.000000e+00	0.000000e+00	0.000000e+00	0.000000e+00	0.000000e+00	0.000000e+00	0.000000e+00	0.000000e+00	3.458760e+13	5.443876e+08	6.735417e+10	1.820400e+12	3.054961e+00	1.506878e-12	5.996582e-21	1.045785e-21	2.994827e-18	1.285762e-04	2.336661e-17	3.283989e-06	4.267763e-30	1.198136e-24	1.192255e-28	4.495774e-40	0.000000e+00	0.000000e+00	1.696421e-08	1.873163e-22	9.858100e-09	0.000000e+00	0.000000e+00	0.000000e+00	0.000000e+00	0.000000e+00	0.000000e+00	0.000000e+00	4.207745e-19	0.000000e+00	0.000000e+00	0.000000e+00	0.000000e+00	0.000000e+00	0.000000e+00	0.000000e+00	0.000000e+00	0.000000e+00	0.000000e+00	0.000000e+00	0.000000e+00	0.000000e+00	0.000000e+00	0.000000e+00	0.000000e+00	0.000000e+00	0.000000e+00	0.000000e+00	0.000000e+00	0.000000e+00	0.000000e+00	0.000000e+00	0.000000e+00	0.000000e+00	1.317851e-30	5.592659e-13	2.386332e-14	4.553189e-23	0.000000e+00	0.000000e+00	
77.000000	76.000000	78.000000	140.000000	5.331225e-02	5.903560e+09	4.152383e+04	1.364748e+06	2.031954e+01	7.622154e-01	4.987603e+01	7.217101e+06	8.802919e+06	3.369975e-06	8.505010e-05	8.124923e+01	3.608228e+03	2.989560e-03	1.033543e-08	1.725647e-13	1.058063e-04	3.322515e-06	9.921524e-05	4.853552e-18	1.794308e+10	2.941243e-13	7.391310e-07	5.356121e-22	1.191842e-12	1.477135e-23	6.280385e-94	3.227692e-25	0.000000e+00	0.000000e+00	0.000000e+00	0.000000e+00	9.255633e-16	5.965571e-19	4.031203e-20	7.234084e-23	2.061615e-25	6.917015e-03	5.909219e-15	2.520128e-16	0.000000e+00	0.000000e+00	0.000000e+00	0.000000e+00	0.000000e+00	0.000000e+00	0.000000e+00	0.000000e+00	0.000000e+00	0.000000e+00	0.000000e+00	0.000000e+00	2.620212e+13	4.121185e+08	5.099345e+10	1.379059e+12	5.490490e+00	8.683414e-13	9.981972e-21	1.830875e-21	2.081350e-18	7.428479e-05	1.602019e-17	2.273246e-06	4.353070e-30	9.739843e-25	7.337733e-29	0.000000e+00	0.000000e+00	0.000000e+00	9.974214e-09	0.000000e+00	7.468051e-09	0.000000e+00	0.000000e+00	0.000000e+00	0.000000e+00	0.000000e+00	0.000000e+00	0.000000e+00	7.798832e-19	0.000000e+00	0.000000e+00	0.000000e+00	0.000000e+00	0.000000e+00	0.000000e+00	0.000000e+00	0.000000e+00	0.000000e+00	0.000000e+00	0.000000e+00	0.000000e+00	0.000000e+00	0.000000e+00	0.000000e+00	0.000000e+00	0.000000e+00	0.000000e+00	0.000000e+00	0.000000e+00	0.000000e+00	0.000000e+00	0.000000e+00	0.000000e+00	0.000000e+00	8.603065e-31	4.226292e-13	1.547647e-14	3.374229e-23	0.000000e+00	0.000000e+00	
79.000000	78.000000	80.000000	140.000000	4.038713e-02	4.950220e+09	2.041868e+04	1.081913e+06	2.028931e+01	4.134455e-01	3.535168e+01	5.445387e+06	7.794125e+06	2.337696e-06	5.392149e-05	6.151160e+01	5.440171e+03	3.405234e-03	8.162757e-09	1.063030e-13	6.708089e-05	2.324206e-06	6.790601e-05	1.977391e-16	1.402270e+10	2.222135e-13	5.072858e-07	3.997842e-22	8.990238e-13	1.075491e-23	1.005824e-90	2.365878e-25	0.000000e+00	0.000000e+00	0.000000e+00	0.000000e+00	8.236102e-16	4.528286e-19	3.207363e-20	4.933410e-23	1.354416e-25	5.240151e-03	2.056712e-13	1.909221e-16	0.000000e+00	0.000000e+00	0.000000e+00	0.000000e+00	0.000000e+00	0.000000e+00	0.000000e+00	0.000000e+00	0.000000e+00	0.000000e+00	0.000000e+00	0.000000e+00	1.984963e+13	3.119542e+08	3.860644e+10	1.044717e+12	8.891453e+00	4.624039e-13	1.458985e-20	2.799248e-21	1.496596e-18	4.287246e-05	1.123933e-17	1.693199e-06	4.593284e-30	7.817349e-25	4.455234e-29	0.000000e+00	0.000000e+00	0.000000e+00	5.999594e-09	4.942075e-24	5.657456e-09	0.000000e+00	0.000000e+00	0.000000e+00	0.000000e+00	0.000000e+00	0.000000e+00	0.000000e+00	1.261632e-18	0.000000e+00	0.000000e+00	0.000000e+00	0.000000e+00	0.000000e+00	0.000000e+00	0.000000e+00	0.000000e+00	0.000000e+00	0.000000e+00	0.000000e+00	0.000000e+00	0.000000e+00	0.000000e+00	0.000000e+00	0.000000e+00	0.000000e+00	0.000000e+00	0.000000e+00	0.000000e+00	0.000000e+00	0.000000e+00	0.000000e+00	0.000000e+00	0.000000e+00	5.695789e-31	3.197993e-13	1.019443e-14	2.507258e-23	0.000000e+00	0.000000e+00	
81.000000	80.000000	82.000000	140.000000	3.059560e-02	4.124545e+09	1.001382e+04	8.545962e+05	2.097662e+01	2.248781e-01	2.524977e+01	4.109330e+06	6.885371e+06	1.637211e-06	3.420396e-05	4.657255e+01	7.774999e+03	3.673931e-03	6.037367e-09	6.677969e-14	4.255352e-05	1.652911e-06	4.696761e-05	5.733376e-15	1.096080e+10	1.678719e-13	3.528160e-07	2.989625e-22	6.783061e-13	7.868219e-24	8.179463e-88	1.748175e-25	0.000000e+00	0.000000e+00	0.000000e+00	0.000000e+00	7.310966e-16	3.435269e-19	2.532350e-20	3.435117e-23	9.279491e-26	3.969814e-03	5.095873e-12	1.446684e-16	0.000000e+00	0.000000e+00	0.000000e+00	0.000000e+00	0.000000e+00	0.000000e+00	0.000000e+00	0.000000e+00	0.000000e+00	0.000000e+00	0.000000e+00	0.000000e+00	1.503725e+13	2.361062e+08	2.922828e+10	7.914343e+11	1.319978e+01	2.364221e-13	1.925578e-20	3.847410e-21	1.120526e-18	2.472065e-05	8.100152e-18	1.306803e-06	4.895832e-30	6.108909e-25	2.631360e-29	0.000000e+00	0.000000e+00	0.000000e+00	3.686541e-09	0.000000e+00	4.285830e-09	0.000000e+00	0.000000e+00	0.000000e+00	0.000000e+00	0.000000e+00	0.000000e+00	0.000000e+00	1.831692e-18	0.000000e+00	0.000000e+00	0.000000e+00	0.000000e+00	0.000000e+00	0.000000e+00	0.000000e+00	0.000000e+00	0.000000e+00	0.000000e+00	0.000000e+00	0.000000e+00	0.000000e+00	0.000000e+00	0.000000e+00	0.000000e+00	0.000000e+00	0.000000e+00	0.000000e+00	0.000000e+00	0.000000e+00	0.000000e+00	0.000000e+00	0.000000e+00	0.000000e+00	3.821004e-31	2.421940e-13	6.812334e-15	1.867478e-23	0.000000e+00	0.000000e+00	
83.000000	82.000000	84.000000	140.000000	2.317798e-02	3.414752e+09	4.901281e+03	6.725576e+05	2.190193e+01	1.226461e-01	1.815968e+01	3.101748e+06	6.071261e+06	1.156691e-06	2.171569e-05	3.526416e+01	1.051204e+04	3.746351e-03	4.169631e-09	4.272608e-14	2.701975e-05	1.192639e-06	3.280172e-05	1.319190e-13	8.565983e+09	1.268200e-13	2.484579e-07	2.239369e-22	5.119098e-13	5.780992e-24	4.201171e-85	1.299966e-25	0.000000e+00	0.000000e+00	0.000000e+00	0.000000e+00	6.477757e-16	2.604983e-19	1.985980e-20	2.432176e-23	6.555100e-26	3.007451e-03	1.003041e-10	1.102996e-16	0.000000e+00	0.000000e+00	0.000000e+00	0.000000e+00	0.000000e+00	0.000000e+00	0.000000e+00	0.000000e+00	0.000000e+00	0.000000e+00	0.000000e+00	0.000000e+00	1.139161e+13	1.786753e+08	2.212832e+10	5.995582e+11	1.833004e+01	1.190339e-13	2.349122e-20	4.901962e-21	8.768967e-19	1.424190e-05	6.020807e-18	1.019449e-06	5.191016e-30	4.657247e-25	1.514553e-29	0.000000e+00	0.000000e+00	0.000000e+00	2.310932e-09	2.273184e-22	3.246752e-09	0.000000e+00	0.000000e+00	0.000000e+00	0.000000e+00	0.000000e+00	0.000000e+00	0.000000e+00	2.442605e-18	0.000000e+00	0.000000e+00	0.000000e+00	0.000000e+00	0.000000e+00	0.000000e+00	0.000000e+00	0.000000e+00	0.000000e+00	0.000000e+00	0.000000e+00	0.000000e+00	0.000000e+00	0.000000e+00	0.000000e+00	0.000000e+00	0.000000e+00	0.000000e+00	0.000000e+00	0.000000e+00	0.000000e+00	0.000000e+00	0.000000e+00	0.000000e+00	0.000000e+00	2.595094e-31	1.835160e-13	4.613126e-15	1.393880e-23	0.000000e+00	0.000000e+00	
85.000000	84.000000	86.000000	140.000000	1.755869e-02	2.809486e+09	2.396402e+03	5.273467e+05	2.281367e+01	6.706426e-02	1.314202e+01	2.341792e+06	5.345180e+06	8.237460e-07	1.380200e-05	2.670316e+01	1.349046e+04	3.621854e-03	2.696081e-09	2.780937e-14	1.717619e-05	8.710935e-07	2.311393e-05	2.440009e-12	6.691207e+09	9.581426e-14	1.770455e-07	1.679827e-22	3.864423e-13	4.263622e-24	1.399316e-82	9.715962e-26	0.000000e+00	0.000000e+00	0.000000e+00	0.000000e+00	5.731610e-16	1.974779e-19	1.548488e-20	1.745150e-23	4.732521e-26	2.278394e-03	1.590244e-09	9.746876e-17	0.000000e+00	0.000000e+00	0.000000e+00	0.000000e+00	0.000000e+00	0.000000e+00	0.000000e+00	0.000000e+00	0.000000e+00	0.000000e+00	0.000000e+00	0.000000e+00	8.629814e+12	1.351924e+08	1.675318e+10	4.542008e+11	2.428637e+01	5.976141e-14	2.705603e-20	6.341016e-21	7.170667e-19	8.197980e-06	4.629613e-18	7.941240e-07	5.441629e-30	3.486059e-25	8.548063e-30	0.000000e+00	0.000000e+00	0.000000e+00	1.476077e-09	5.789093e-23	2.459592e-09	0.000000e+00	0.000000e+00	0.000000e+00	0.000000e+00	0.000000e+00	0.000000e+00	0.000000e+00	3.049073e-18	0.000000e+00	0.000000e+00	0.000000e+00	0.000000e+00	0.000000e+00	0.000000e+00	0.000000e+00	0.000000e+00	0.000000e+00	0.000000e+00	0.000000e+00	0.000000e+00	0.000000e+00	0.000000e+00	0.000000e+00	0.000000e+00	0.000000e+00	0.000000e+00	0.000000e+00	0.000000e+00	0.000000e+00	0.000000e+00	0.000000e+00	0.000000e+00	0.000000e+00	1.782906e-31	1.390948e-13	3.162427e-15	1.042325e-23	0.000000e+00	0.000000e+00	
87.000000	86.000000	88.000000	140.000000	1.330173e-02	2.297608e+09	1.172119e+03	4.119959e+05	2.361603e+01	3.676255e-02	9.564154e+00	1.768499e+06	4.699925e+06	5.909151e-07	8.782822e-06	2.022148e+01	1.651399e+04	3.335063e-03	1.639353e-09	1.839495e-14	1.093263e-05	6.425167e-07	1.642195e-05	3.500638e-11	5.222956e+09	7.239835e-14	1.275947e-07	1.261701e-22	2.918149e-13	3.155158e-24	2.811046e-80	7.292016e-26	0.000000e+00	0.000000e+00	0.000000e+00	0.000000e+00	5.066229e-16	1.496716e-19	1.201459e-20	1.265480e-23	3.469113e-26	1.726079e-03	1.957891e-08	2.873787e-16	0.000000e+00	0.000000e+00	0.000000e+00	0.000000e+00	0.000000e+00	0.000000e+00	0.000000e+00	0.000000e+00	0.000000e+00	0.000000e+00	0.000000e+00	0.000000e+00	6.537587e+12	1.022728e+08	1.268386e+10	3.440835e+11	3.123284e+01	3.004350e-14	3.053270e-20	1.254764e-20	6.104048e-19	4.715013e-06	3.689106e-18	6.153483e-07	5.639919e-30	2.579126e-25	4.761059e-30	0.000000e+00	0.000000e+00	0.000000e+00	9.597135e-10	0.000000e+00	1.863274e-09	0.000000e+00	0.000000e+00	0.000000e+00	0.000000e+00	0.000000e+00	0.000000e+00	0.000000e+00	3.617814e-18	0.000000e+00	0.000000e+00	0.000000e+00	0.000000e+00	0.000000e+00	0.000000e+00	0.000000e+00	0.000000e+00	0.000000e+00	0.000000e+00	0.000000e+00	0.000000e+00	0.000000e+00	0.000000e+00	0.000000e+00	0.000000e+00	0.000000e+00	0.000000e+00	0.000000e+00	0.000000e+00	0.000000e+00	0.000000e+00	0.000000e+00	0.000000e+00	0.000000e+00	1.238147e-31	1.054412e-13	2.192634e-15	7.807201e-24	0.000000e+00	0.000000e+00	
89.000000	88.000000	90.000000	140.000000	1.007683e-02	1.868157e+09	5.752339e+02	3.207589e+05	2.430321e+01	2.020074e-02	6.995436e+00	1.335923e+06	4.128150e+06	4.267092e-07	5.596333e-06	1.531376e+01	1.938152e+04	2.939163e-03	9.419719e-10	1.235496e-14	6.968384e-06	4.775336e-07	1.175619e-05	3.882247e-10	4.073062e+09	5.471429e-14	9.297084e-08	9.487123e-23	2.204287e-13	2.341886e-24	3.325590e-78	5.492044e-26	0.000000e+00	0.000000e+00	0.000000e+00	0.000000e+00	4.474623e-16	1.134218e-19	9.284020e-21	9.253505e-24	2.569836e-26	1.307661e-03	1.834501e-07	2.704072e-15	0.000000e+00	0.000000e+00	0.000000e+00	0.000000e+00	0.000000e+00	0.000000e+00	0.000000e+00	0.000000e+00	0.000000e+00	0.000000e+00	0.000000e+00	0.000000e+00	4.952602e+12	7.735269e+07	9.603140e+09	2.606633e+11	3.944314e+01	1.512395e-14	4.301623e-20	5.664903e-20	5.377508e-19	2.709700e-06	3.046520e-18	4.744728e-07	5.795693e-30	1.895795e-25	2.629776e-30	0.000000e+00	0.000000e+00	0.000000e+00	6.346370e-10	0.000000e+00	1.411530e-09	0.000000e+00	0.000000e+00	0.000000e+00	0.000000e+00	0.000000e+00	0.000000e+00	0.000000e+00	4.130289e-18	0.000000e+00	0.000000e+00	0.000000e+00	0.000000e+00	0.000000e+00	0.000000e+00	0.000000e+00	0.000000e+00	0.000000e+00	0.000000e+00	0.000000e+00	0.000000e+00	0.000000e+00	0.000000e+00	0.000000e+00	0.000000e+00	0.000000e+00	0.000000e+00	0.000000e+00	0.000000e+00	0.000000e+00	0.000000e+00	0.000000e+00	0.000000e+00	0.000000e+00	8.685139e-32	7.993377e-14	1.536260e-15	5.856245e-24	0.000000e+00	0.000000e+00	
91.000000	90.000000	92.000000	140.000000	7.633786e-03	1.510522e+09	2.857082e+02	2.489016e+05	2.487440e+01	1.113028e-02	5.139785e+00	1.009434e+06	3.622649e+06	3.099971e-07	3.572681e-06	1.159758e+01	2.191521e+04	2.493327e-03	5.145514e-10	8.420023e-15	4.452580e-06	3.569600e-07	8.474990e-06	4.676881e-09	3.172715e+09	4.135771e-14	6.847459e-08	7.140684e-23	1.665594e-13	1.742878e-24	3.256526e-76	4.149063e-26	0.000000e+00	0.000000e+00	0.000000e+00	0.000000e+00	3.949635e-16	8.594266e-20	7.150090e-21	6.811334e-24	1.917370e-26	9.906798e-04	1.308583e-06	2.396112e-14	0.000000e+00	0.000000e+00	0.000000e+00	0.000000e+00	0.000000e+00	0.000000e+00	0.000000e+00	0.000000e+00	0.000000e+00	0.000000e+00	0.000000e+00	0.000000e+00	3.751884e+12	5.849035e+07	7.270851e+09	1.974676e+11	4.912194e+01	7.623335e-15	2.938091e-19	5.367194e-19	4.869806e-19	1.556633e-06	2.602205e-18	3.642030e-07	5.923099e-30	1.388521e-25	1.445967e-30	0.000000e+00	0.000000e+00	0.000000e+00	4.265689e-10	5.117524e-23	1.069310e-09	0.000000e+00	0.000000e+00	0.000000e+00	0.000000e+00	0.000000e+00	0.000000e+00	0.000000e+00	4.580213e-18	0.000000e+00	0.000000e+00	0.000000e+00	0.000000e+00	0.000000e+00	0.000000e+00	0.000000e+00	0.000000e+00	0.000000e+00	0.000000e+00	0.000000e+00	0.000000e+00	0.000000e+00	0.000000e+00	0.000000e+00	0.000000e+00	0.000000e+00	0.000000e+00	0.000000e+00	0.000000e+00	0.000000e+00	0.000000e+00	0.000000e+00	0.000000e+00	0.000000e+00	6.149774e-32	6.059622e-14	1.086890e-15	4.398470e-24	0.000000e+00	0.000000e+00	
93.000000	92.000000	94.000000	140.000000	5.783037e-03	1.222028e+09	1.405531e+02	1.929364e+05	2.522155e+01	6.122081e-03	3.781188e+00	7.627600e+05	3.221318e+06	2.255801e-07	2.306793e-06	8.783255e+00	2.474439e+04	2.105379e-03	2.777845e-10	5.761503e-15	2.876421e-06	2.677680e-07	6.120930e-06	2.202201e-07	2.474772e+09	3.126152e-14	5.087758e-08	5.376104e-23	1.258667e-13	1.298067e-24	1.031498e-73	3.143185e-26	0.000000e+00	0.000000e+00	0.000000e+00	0.000000e+00	3.535291e-16	6.511746e-20	5.499682e-21	5.027783e-24	1.435977e-26	7.505492e-04	7.827476e-06	1.790271e-13	0.000000e+00	0.000000e+00	0.000000e+00	0.000000e+00	0.000000e+00	0.000000e+00	0.000000e+00	0.000000e+00	0.000000e+00	0.000000e+00	0.000000e+00	0.000000e+00	2.842271e+12	4.420538e+07	5.504849e+09	1.495932e+11	6.020772e+01	3.926043e-15	7.326105e-18	1.905537e-17	4.494360e-19	8.934488e-07	2.287930e-18	2.769477e-07	5.996608e-30	1.045245e-25	8.145142e-31	0.000000e+00	0.000000e+00	0.000000e+00	2.880130e-10	0.000000e+00	8.100593e-10	0.000000e+00	0.000000e+00	0.000000e+00	0.000000e+00	0.000000e+00	0.000000e+00	0.000000e+00	4.969068e-18	0.000000e+00	0.000000e+00	0.000000e+00	0.000000e+00	0.000000e+00	0.000000e+00	0.000000e+00	0.000000e+00	0.000000e+00	0.000000e+00	0.000000e+00	0.000000e+00	0.000000e+00	0.000000e+00	0.000000e+00	0.000000e+00	0.000000e+00	0.000000e+00	0.000000e+00	0.000000e+00	0.000000e+00	0.000000e+00	0.000000e+00	0.000000e+00	0.000000e+00	4.365501e-32	4.593767e-14	7.710431e-16	3.304769e-24	0.000000e+00	0.000000e+00	
95.000000	94.000000	96.000000	140.000000	4.380992e-03	9.910137e+08	6.810039e+01	1.494817e+05	2.529645e+01	3.357226e-03	2.782035e+00	5.763356e+05	2.918468e+06	1.641641e-07	1.512702e-06	6.651840e+00	2.808992e+04	1.781274e-03	1.495658e-10	3.942756e-15	1.886378e-06	2.014056e-07	4.420764e-06	1.196873e-05	1.934772e+09	2.362835e-14	3.820013e-08	4.047737e-23	9.511955e-14	9.668622e-25	3.214220e-71	2.389064e-26	0.000000e+00	0.000000e+00	0.000000e+00	0.000000e+00	3.226929e-16	4.933678e-20	4.227955e-21	3.716464e-24	1.078072e-26	5.686415e-04	4.065923e-05	1.149275e-12	0.000000e+00	0.000000e+00	0.000000e+00	0.000000e+00	0.000000e+00	0.000000e+00	0.000000e+00	0.000000e+00	0.000000e+00	0.000000e+00	0.000000e+00	0.000000e+00	2.153188e+12	3.338387e+07	4.167601e+09	1.133257e+11	7.230296e+01	2.081531e-15	1.529730e-16	6.518485e-16	4.347654e-19	5.123425e-07	2.162887e-18	2.082572e-07	6.014099e-30	8.505141e-26	4.942266e-31	0.000000e+00	0.000000e+00	0.000000e+00	1.944779e-10	7.451484e-23	6.136634e-10	0.000000e+00	0.000000e+00	0.000000e+00	0.000000e+00	0.000000e+00	0.000000e+00	0.000000e+00	5.302740e-18	0.000000e+00	0.000000e+00	0.000000e+00	0.000000e+00	0.000000e+00	0.000000e+00	0.000000e+00	0.000000e+00	0.000000e+00	0.000000e+00	0.000000e+00	0.000000e+00	0.000000e+00	0.000000e+00	0.000000e+00	0.000000e+00	0.000000e+00	0.000000e+00	0.000000e+00	0.000000e+00	0.000000e+00	0.000000e+00	0.000000e+00	0.000000e+00	0.000000e+00	3.098931e-32	3.482594e-14	5.470513e-16	2.483118e-24	0.000000e+00	0.000000e+00	
97.000000	96.000000	98.000000	140.000000	3.318861e-03	8.049115e+08	3.265627e+01	1.157150e+05	2.509972e+01	1.836769e-03	2.047235e+00	4.354596e+05	2.690251e+06	1.194860e-07	1.006851e-06	5.037631e+00	3.186285e+04	1.501143e-03	7.986949e-11	2.698551e-15	1.255443e-06	1.518283e-07	3.193101e-06	3.063766e-04	1.515629e+09	1.785807e-14	2.908495e-08	3.047742e-23	7.189051e-14	7.202483e-25	4.046658e-69	1.823505e-26	0.000000e+00	0.000000e+00	0.000000e+00	0.000000e+00	2.998942e-16	3.737935e-20	3.248583e-21	2.750426e-24	8.108787e-27	4.308413e-04	1.843361e-04	6.370730e-12	0.000000e+00	0.000000e+00	0.000000e+00	0.000000e+00	0.000000e+00	0.000000e+00	0.000000e+00	0.000000e+00	0.000000e+00	0.000000e+00	0.000000e+00	0.000000e+00	1.631167e+12	2.518608e+07	3.155073e+09	8.585090e+10	8.477422e+01	1.134052e-15	1.950077e-15	1.111448e-14	5.768235e-19	2.936028e-07	3.198508e-18	1.549100e-07	5.989367e-30	1.081603e-25	4.672183e-31	0.000000e+00	0.000000e+00	0.000000e+00	1.313369e-10	0.000000e+00	4.648826e-10	0.000000e+00	0.000000e+00	0.000000e+00	0.000000e+00	0.000000e+00	0.000000e+00	0.000000e+00	5.588915e-18	0.000000e+00	0.000000e+00	0.000000e+00	0.000000e+00	0.000000e+00	0.000000e+00	0.000000e+00	0.000000e+00	0.000000e+00	0.000000e+00	0.000000e+00	0.000000e+00	0.000000e+00	0.000000e+00	0.000000e+00	0.000000e+00	0.000000e+00	0.000000e+00	0.000000e+00	0.000000e+00	0.000000e+00	0.000000e+00	0.000000e+00	0.000000e+00	0.000000e+00	2.200039e-32	2.640212e-14	3.882055e-16	1.865855e-24	0.000000e+00	0.000000e+00	
99.000000	98.000000	100.000000	140.000000	2.514230e-03	6.542364e+08	1.554590e+01	8.946577e+04	2.464892e+01	1.003061e-03	1.506854e+00	3.290126e+05	2.518624e+06	8.698688e-08	6.792897e-07	3.815127e+00	3.601796e+04	1.255950e-03	4.216974e-11	1.847433e-15	8.467280e-07	1.146504e-07	2.306793e-06	3.876100e-03	1.189292e+09	1.349651e-14	2.255046e-08	2.294949e-23	5.434345e-14	5.366212e-25	2.185229e-67	1.399290e-26	0.000000e+00	0.000000e+00	0.000000e+00	0.000000e+00	2.831384e-16	2.831929e-20	2.494661e-21	2.037608e-24	6.107713e-27	3.264553e-04	7.366179e-04	3.082781e-11	0.000000e+00	0.000000e+00	0.000000e+00	0.000000e+00	0.000000e+00	0.000000e+00	0.000000e+00	0.000000e+00	0.000000e+00	0.000000e+00	0.000000e+00	0.000000e+00	1.235704e+12	1.897589e+07	2.388460e+09	6.503705e+10	9.694119e+01	6.332285e-16	1.456495e-14	9.697677e-14	1.576059e-18	1.681427e-07	1.069832e-17	1.140531e-07	5.937719e-30	3.100060e-25	9.917082e-31	0.000000e+00	0.000000e+00	0.000000e+00	8.871551e-11	0.000000e+00	3.521726e-10	0.000000e+00	0.000000e+00	0.000000e+00	0.000000e+00	0.000000e+00	0.000000e+00	0.000000e+00	5.836118e-18	0.000000e+00	0.000000e+00	0.000000e+00	0.000000e+00	0.000000e+00	0.000000e+00	0.000000e+00	0.000000e+00	0.000000e+00	0.000000e+00	0.000000e+00	0.000000e+00	0.000000e+00	0.000000e+00	0.000000e+00	0.000000e+00	0.000000e+00	0.000000e+00	0.000000e+00	0.000000e+00	0.000000e+00	0.000000e+00	0.000000e+00	0.000000e+00	0.000000e+00	1.562212e-32	2.001570e-14	2.755634e-16	1.402144e-24	0.000000e+00	0.000000e+00	
101.000000	100.000000	102.000000	140.000000	1.904676e-03	5.318016e+08	7.361180e+00	6.906018e+04	2.397355e+01	5.469518e-04	1.109462e+00	2.485869e+05	2.389942e+06	6.334922e-08	4.637415e-07	2.889291e+00	4.054006e+04	1.041549e-03	2.198171e-11	1.265263e-15	5.776757e-07	8.668603e-08	1.667046e-06	2.812540e-02	9.345190e+08	1.020009e-14	1.788560e-08	1.728250e-23	4.109000e-14	3.998958e-25	5.939300e-66	1.081090e-26	0.000000e+00	0.000000e+00	0.000000e+00	0.000000e+00	2.706970e-16	2.145484e-20	1.914471e-21	1.510954e-24	4.605410e-27	2.473830e-04	2.618188e-03	1.315846e-10	0.000000e+00	0.000000e+00	0.000000e+00	0.000000e+00	0.000000e+00	0.000000e+00	0.000000e+00	0.000000e+00	0.000000e+00	0.000000e+00	0.000000e+00	0.000000e+00	9.361177e+11	1.427147e+07	1.808073e+09	4.926935e+10	1.082457e+02	3.612769e-16	6.797834e-14	4.925892e-13	5.426259e-18	9.622772e-08	4.007947e-17	8.318247e-08	5.876386e-30	9.909441e-25	2.336711e-30	0.000000e+00	0.000000e+00	0.000000e+00	5.994772e-11	5.423564e-23	2.667888e-10	0.000000e+00	0.000000e+00	0.000000e+00	0.000000e+00	0.000000e+00	0.000000e+00	0.000000e+00	6.053660e-18	0.000000e+00	0.000000e+00	0.000000e+00	0.000000e+00	0.000000e+00	0.000000e+00	0.000000e+00	0.000000e+00	0.000000e+00	0.000000e+00	0.000000e+00	0.000000e+00	0.000000e+00	0.000000e+00	0.000000e+00	0.000000e+00	0.000000e+00	0.000000e+00	0.000000e+00	0.000000e+00	0.000000e+00	0.000000e+00	0.000000e+00	0.000000e+00	0.000000e+00	1.109715e-32	1.517381e-14	1.956914e-16	1.053792e-24	0.000000e+00	0.000000e+00	
103.000000	102.000000	104.000000	140.000000	1.442903e-03	4.321036e+08	3.471520e+00	5.320391e+04	2.311260e+01	2.978473e-04	8.172356e-01	1.878253e+05	2.293882e+06	4.615856e-08	3.197317e-07	2.188134e+00	4.543538e+04	8.554450e-04	1.130597e-11	8.671090e-16	3.978618e-07	6.560940e-08	1.205359e-06	1.348775e-01	7.351734e+08	7.708870e-15	1.457267e-08	1.301641e-23	3.108034e-14	2.980939e-25	9.460102e-65	8.424364e-27	0.000000e+00	0.000000e+00	0.000000e+00	0.000000e+00	2.608744e-16	1.625407e-20	1.468102e-21	1.121433e-24	3.475460e-27	1.874867e-04	8.346499e-03	5.003522e-10	0.000000e+00	0.000000e+00	0.000000e+00	0.000000e+00	0.000000e+00	0.000000e+00	0.000000e+00	0.000000e+00	0.000000e+00	0.000000e+00	0.000000e+00	0.000000e+00	7.091636e+11	1.070775e+07	1.368699e+09	3.732440e+10	1.183451e+02	2.099150e-16	2.206881e-13	1.665988e-12	1.560045e-17	5.502845e-08	1.181376e-16	6.015610e-08	5.823944e-30	2.481557e-24	4.289992e-30	0.000000e+00	0.000000e+00	0.000000e+00	4.053330e-11	1.774180e-23	2.021060e-10	0.000000e+00	0.000000e+00	0.000000e+00	0.000000e+00	0.000000e+00	0.000000e+00	0.000000e+00	6.251917e-18	0.000000e+00	0.000000e+00	0.000000e+00	0.000000e+00	0.000000e+00	0.000000e+00	0.000000e+00	0.000000e+00	0.000000e+00	0.000000e+00	0.000000e+00	0.000000e+00	0.000000e+00	0.000000e+00	0.000000e+00	0.000000e+00	0.000000e+00	0.000000e+00	0.000000e+00	0.000000e+00	0.000000e+00	0.000000e+00	0.000000e+00	0.000000e+00	0.000000e+00	7.887614e-33	1.150289e-14	1.390618e-16	7.921056e-25	0.000000e+00	0.000000e+00	
105.000000	104.000000	106.000000	140.000000	1.093084e-03	3.508642e+08	1.631982e+00	4.089313e+04	2.210988e+01	1.619773e-04	6.023542e-01	1.419225e+05	2.222642e+06	3.365811e-08	2.221785e-07	1.657138e+00	5.072628e+04	6.955191e-04	5.737051e-12	5.948679e-16	2.760305e-07	4.971112e-08	8.722422e-07	4.921676e-01	5.789364e+08	5.826300e-15	1.223175e-08	9.804937e-24	2.352078e-14	2.222969e-25	1.026986e-63	6.634865e-27	0.000000e+00	0.000000e+00	0.000000e+00	0.000000e+00	2.520713e-16	1.231387e-20	1.124799e-21	8.330925e-25	2.624380e-27	1.421164e-04	2.406013e-02	1.711736e-09	0.000000e+00	0.000000e+00	0.000000e+00	0.000000e+00	0.000000e+00	0.000000e+00	0.000000e+00	0.000000e+00	0.000000e+00	0.000000e+00	0.000000e+00	0.000000e+00	5.372333e+11	8.008216e+06	1.036093e+09	2.827544e+10	1.271357e+02	1.238038e-16	5.676392e-13	4.310380e-12	3.761880e-17	3.143999e-08	2.859165e-16	4.318420e-08	5.799585e-30	5.082754e-24	6.401270e-30	0.000000e+00	0.000000e+00	0.000000e+00	2.743423e-11	0.000000e+00	1.531056e-10	0.000000e+00	0.000000e+00	0.000000e+00	0.000000e+00	0.000000e+00	0.000000e+00	0.000000e+00	6.442798e-18	0.000000e+00	0.000000e+00	0.000000e+00	0.000000e+00	0.000000e+00	0.000000e+00	0.000000e+00	0.000000e+00	0.000000e+00	0.000000e+00	0.000000e+00	0.000000e+00	0.000000e+00	0.000000e+00	0.000000e+00	0.000000e+00	0.000000e+00	0.000000e+00	0.000000e+00	0.000000e+00	0.000000e+00	0.000000e+00	0.000000e+00	0.000000e+00	0.000000e+00	5.611647e-33	8.719774e-15	9.891751e-17	5.955258e-25	0.000000e+00	0.000000e+00	
107.000000	106.000000	108.000000	140.000000	8.280756e-04	2.846957e+08	7.652749e-01	3.134687e+04	2.101398e+01	8.795161e-05	4.443575e-01	1.072460e+05	2.170290e+06	2.456955e-08	1.552863e-07	1.255007e+00	5.644756e+04	5.596100e-04	2.872547e-12	4.087867e-16	1.924901e-07	3.772530e-08	6.319470e-07	1.586916e+00	4.563457e+08	4.403740e-15	1.058188e-08	7.387382e-24	1.781132e-14	1.658633e-25	8.912123e-63	5.293536e-27	0.000000e+00	0.000000e+00	0.000000e+00	0.000000e+00	2.429704e-16	9.328745e-21	8.608760e-22	6.195041e-25	1.982665e-27	1.077484e-04	6.322980e-02	5.321598e-09	0.000000e+00	0.000000e+00	0.000000e+00	0.000000e+00	0.000000e+00	0.000000e+00	0.000000e+00	0.000000e+00	0.000000e+00	0.000000e+00	0.000000e+00	0.000000e+00	4.069860e+11	5.963364e+06	7.843200e+08	2.142032e+10	1.347783e+02	7.386350e-17	1.324276e-12	9.882649e-12	8.418104e-17	1.794397e-08	6.368430e-16	3.081436e-08	5.822773e-30	9.549342e-24	8.698582e-30	0.000000e+00	0.000000e+00	0.000000e+00	1.859956e-11	9.877907e-24	1.159852e-10	0.000000e+00	0.000000e+00	0.000000e+00	0.000000e+00	0.000000e+00	0.000000e+00	0.000000e+00	6.640583e-18	0.000000e+00	0.000000e+00	0.000000e+00	0.000000e+00	0.000000e+00	0.000000e+00	0.000000e+00	0.000000e+00	0.000000e+00	0.000000e+00	0.000000e+00	0.000000e+00	0.000000e+00	0.000000e+00	0.000000e+00	0.000000e+00	0.000000e+00	0.000000e+00	0.000000e+00	0.000000e+00	0.000000e+00	0.000000e+00	0.000000e+00	0.000000e+00	0.000000e+00	3.998173e-33	6.609770e-15	7.046617e-17	4.478558e-25	0.000000e+00	0.000000e+00	
109.000000	108.000000	110.000000	140.000000	6.273155e-04	2.308701e+08	3.581514e-01	2.395605e+04	1.989593e+01	4.766596e-05	3.281977e-01	8.105115e+04	2.132136e+06	1.796292e-08	1.089335e-07	9.504676e-01	6.264435e+04	4.454526e-04	1.419692e-12	2.816709e-16	1.346140e-07	2.870782e-08	4.586596e-07	5.071236e+00	3.600874e+08	3.328825e-15	9.411298e-09	5.567473e-24	1.349832e-14	1.238477e-25	6.995012e-62	4.288601e-27	0.000000e+00	0.000000e+00	0.000000e+00	0.000000e+00	2.324287e-16	7.067217e-21	6.581002e-22	4.612025e-25	1.498432e-27	8.171279e-05	1.525691e-01	1.518545e-08	0.000000e+00	0.000000e+00	0.000000e+00	0.000000e+00	0.000000e+00	0.000000e+00	0.000000e+00	0.000000e+00	0.000000e+00	0.000000e+00	0.000000e+00	0.000000e+00	3.083156e+11	4.414501e+06	5.937407e+08	1.622714e+10	1.419385e+02	4.437341e-17	3.040922e-12	2.236321e-11	1.847388e-16	1.022902e-08	1.393571e-15	2.191429e-08	5.913491e-30	1.757759e-23	1.148808e-29	0.000000e+00	0.000000e+00	0.000000e+00	1.264484e-11	0.000000e+00	8.786447e-11	0.000000e+00	0.000000e+00	0.000000e+00	0.000000e+00	0.000000e+00	0.000000e+00	0.000000e+00	6.863671e-18	0.000000e+00	0.000000e+00	0.000000e+00	0.000000e+00	0.000000e+00	0.000000e+00	0.000000e+00	0.000000e+00	0.000000e+00	0.000000e+00	0.000000e+00	0.000000e+00	0.000000e+00	0.000000e+00	0.000000e+00	0.000000e+00	0.000000e+00	0.000000e+00	0.000000e+00	0.000000e+00	0.000000e+00	0.000000e+00	0.000000e+00	0.000000e+00	0.000000e+00	2.854813e-33	5.010106e-15	5.030900e-17	3.369279e-25	0.000000e+00	0.000000e+00	
111.000000	110.000000	112.000000	140.000000	4.752280e-04	1.871538e+08	1.673956e-01	1.824450e+04	1.890144e+01	2.577205e-05	2.428090e-01	6.126394e+04	2.103705e+06	1.316175e-08	7.650849e-08	7.198380e-01	6.937059e+04	3.507151e-04	6.929279e-13	1.949179e-16	9.415056e-08	2.194866e-08	3.337431e-07	1.644812e+01	2.844696e+08	2.516629e-15	8.549893e-09	4.197497e-24	1.023864e-14	9.256841e-26	5.115440e-61	3.535757e-27	1.765586e-34	0.000000e+00	0.000000e+00	0.000000e+00	2.191669e-16	5.353911e-21	5.024300e-22	3.438290e-25	1.132828e-27	6.198596e-05	3.394129e-01	4.013985e-08	0.000000e+00	0.000000e+00	0.000000e+00	0.000000e+00	0.000000e+00	0.000000e+00	0.000000e+00	0.000000e+00	0.000000e+00	0.000000e+00	0.000000e+00	0.000000e+00	2.335670e+11	3.241433e+06	4.494866e+08	1.229300e+10	1.507166e+02	2.659009e-17	6.829817e-12	5.074489e-11	3.883438e-16	5.823661e-09	2.943825e-15	1.564586e-08	6.092778e-30	3.116540e-23	1.448591e-29	0.000000e+00	0.000000e+00	0.000000e+00	8.635563e-12	2.275047e-23	6.656157e-11	0.000000e+00	0.000000e+00	0.000000e+00	0.000000e+00	0.000000e+00	0.000000e+00	0.000000e+00	7.138422e-18	0.000000e+00	0.000000e+00	0.000000e+00	0.000000e+00	0.000000e+00	0.000000e+00	0.000000e+00	0.000000e+00	0.000000e+00	0.000000e+00	0.000000e+00	0.000000e+00	0.000000e+00	0.000000e+00	0.000000e+00	0.000000e+00	0.000000e+00	0.000000e+00	0.000000e+00	0.000000e+00	0.000000e+00	0.000000e+00	0.000000e+00	0.000000e+00	0.000000e+00	2.045060e-33	3.797383e-15	3.603577e-17	2.536019e-25	0.000000e+00	0.000000e+00	
113.000000	112.000000	114.000000	140.000000	3.600128e-04	1.516816e+08	7.824019e-02	1.383902e+04	1.835212e+01	1.389598e-05	1.800523e-01	4.631735e+04	2.078631e+06	9.673948e-09	5.360296e-08	5.451813e-01	7.668698e+04	2.730475e-04	3.341621e-13	1.358024e-16	6.560924e-08	1.690500e-08	2.437429e-07	5.243043e+01	2.250204e+08	1.902959e-15	7.844419e-09	3.166212e-24	7.772381e-15	6.928351e-26	3.379852e-60	2.969624e-27	0.000000e+00	0.000000e+00	0.000000e+00	0.000000e+00	2.017524e-16	4.055945e-21	3.830432e-22	2.567758e-25	8.566832e-28	4.703370e-05	6.951342e-01	9.872785e-08	0.000000e+00	0.000000e+00	0.000000e+00	0.000000e+00	0.000000e+00	0.000000e+00	0.000000e+00	0.000000e+00	0.000000e+00	0.000000e+00	0.000000e+00	0.000000e+00	1.769406e+11	2.353106e+06	3.402998e+08	9.312662e+09	1.674534e+02	1.555118e-17	1.427726e-11	1.110356e-10	7.394599e-16	3.311619e-09	5.686989e-15	1.142280e-08	6.381337e-30	5.044424e-23	1.651734e-29	0.000000e+00	0.000000e+00	0.000000e+00	5.940981e-12	0.000000e+00	5.042355e-11	0.000000e+00	0.000000e+00	0.000000e+00	0.000000e+00	0.000000e+00	0.000000e+00	0.000000e+00	7.507524e-18	0.000000e+00	0.000000e+00	0.000000e+00	0.000000e+00	0.000000e+00	0.000000e+00	0.000000e+00	0.000000e+00	0.000000e+00	0.000000e+00	0.000000e+00	0.000000e+00	0.000000e+00	0.000000e+00	0.000000e+00	0.000000e+00	0.000000e+00	0.000000e+00	0.000000e+00	0.000000e+00	0.000000e+00	0.000000e+00	0.000000e+00	0.000000e+00	0.000000e+00	1.472058e-33	2.878024e-15	2.593710e-17	1.910110e-25	0.000000e+00	0.000000e+00	
115.000000	114.000000	116.000000	140.000000	2.727310e-04	1.228441e+08	3.674445e-02	1.044657e+04	1.885737e+01	7.474310e-06	1.339420e-01	3.502751e+04	2.043909e+06	7.141585e-09	3.722800e-08	4.129144e-01	8.465655e+04	2.101342e-04	1.592137e-13	9.562080e-17	4.532140e-08	1.314560e-08	1.789475e-07	1.577659e+02	1.781674e+08	1.439305e-15	7.142271e-09	2.389929e-24	5.902809e-15	5.195152e-26	1.926428e-59	2.532780e-27	0.000000e+00	0.000000e+00	0.000000e+00	0.000000e+00	1.791048e-16	3.072642e-21	2.915917e-22	1.921982e-25	6.480532e-28	3.569281e-05	1.294727e+00	2.230767e-07	0.000000e+00	0.000000e+00	0.000000e+00	0.000000e+00	0.000000e+00	0.000000e+00	0.000000e+00	0.000000e+00	0.000000e+00	0.000000e+00	0.000000e+00	0.000000e+00	1.340429e+11	1.680556e+06	2.576577e+08	7.054892e+09	2.111571e+02	8.513261e-18	2.624426e-11	2.226514e-10	1.205155e-15	1.882165e-09	9.488509e-15	8.831502e-09	6.785712e-30	7.041671e-23	1.607811e-29	0.000000e+00	0.000000e+00	0.000000e+00	4.135434e-12	1.746897e-24	3.819824e-11	0.000000e+00	0.000000e+00	0.000000e+00	0.000000e+00	0.000000e+00	0.000000e+00	0.000000e+00	8.049413e-18	0.000000e+00	0.000000e+00	0.000000e+00	0.000000e+00	0.000000e+00	0.000000e+00	0.000000e+00	0.000000e+00	0.000000e+00	0.000000e+00	0.000000e+00	0.000000e+00	0.000000e+00	0.000000e+00	0.000000e+00	0.000000e+00	0.000000e+00	0.000000e+00	0.000000e+00	0.000000e+00	0.000000e+00	0.000000e+00	0.000000e+00	0.000000e+00	0.000000e+00	1.067094e-33	2.181081e-15	1.880080e-17	1.439968e-25	0.000000e+00	0.000000e+00	
117.000000	116.000000	118.000000	140.000000	2.066098e-04	9.915298e+07	1.770010e-02	7.836724e+03	2.115361e+01	4.031585e-06	1.000754e-01	2.650004e+04	1.969450e+06	5.304327e-09	2.539832e-08	3.127497e-01	9.332993e+04	1.597907e-04	7.481723e-14	6.842107e-17	3.096472e-08	1.030204e-08	1.323479e-07	4.229498e+02	1.409448e+08	1.089009e-15	6.295242e-09	1.805582e-24	4.481811e-15	3.905218e-26	8.757943e-59	2.159166e-27	0.000000e+00	0.000000e+00	0.000000e+00	0.000000e+00	1.514024e-16	2.327719e-21	2.216275e-22	1.442889e-25	4.904075e-28	2.708206e-05	2.115608e+00	4.376835e-07	0.000000e+00	0.000000e+00	0.000000e+00	0.000000e+00	0.000000e+00	0.000000e+00	0.000000e+00	0.000000e+00	0.000000e+00	0.000000e+00	0.000000e+00	0.000000e+00	1.015454e+11	1.171540e+06	1.951084e+08	5.344497e+09	3.446734e+02	4.162069e-18	3.963321e-11	3.804071e-10	1.590563e-15	1.074080e-09	1.288056e-14	7.461313e-09	7.247523e-30	7.986773e-23	1.258139e-29	0.000000e+00	0.000000e+00	0.000000e+00	2.931730e-12	1.156660e-22	2.893697e-11	0.000000e+00	0.000000e+00	0.000000e+00	0.000000e+00	0.000000e+00	0.000000e+00	0.000000e+00	8.929031e-18	0.000000e+00	0.000000e+00	0.000000e+00	0.000000e+00	0.000000e+00	0.000000e+00	0.000000e+00	0.000000e+00	0.000000e+00	0.000000e+00	0.000000e+00	0.000000e+00	0.000000e+00	0.000000e+00	0.000000e+00	0.000000e+00	0.000000e+00	0.000000e+00	0.000000e+00	0.000000e+00	0.000000e+00	0.000000e+00	0.000000e+00	0.000000e+00	0.000000e+00	7.814256e-34	1.652755e-15	1.376722e-17	1.086839e-25	0.000000e+00	0.000000e+00	
119.000000	118.000000	120.000000	140.000000	1.565190e-04	7.898623e+07	9.513404e-03	5.828414e+03	2.441326e+01	2.273538e-06	7.521504e-02	2.005951e+04	1.788338e+06	3.972875e-09	1.711284e-08	2.368980e-01	1.027047e+05	1.202561e-04	3.448283e-14	5.013411e-17	2.138050e-08	8.037795e-09	9.888577e-08	8.821089e+02	1.106205e+08	8.243794e-16	5.208460e-09	1.365701e-24	3.399424e-15	2.945352e-26	2.616534e-58	1.771300e-27	0.000000e+00	0.000000e+00	0.000000e+00	0.000000e+00	1.208980e-16	1.763386e-21	1.681725e-22	1.087461e-25	3.712804e-28	2.053623e-05	2.751887e+00	6.428076e-07	0.000000e+00	0.000000e+00	0.000000e+00	0.000000e+00	0.000000e+00	0.000000e+00	0.000000e+00	0.000000e+00	0.000000e+00	0.000000e+00	0.000000e+00	0.000000e+00	7.692659e+10	7.864924e+05	1.477688e+08	4.048768e+09	8.196266e+02	1.858999e-18	4.473360e-11	4.835962e-10	1.613032e-15	6.373307e-10	1.334367e-14	6.497063e-09	7.600424e-30	6.900335e-23	7.435487e-30	0.000000e+00	0.000000e+00	0.000000e+00	2.136187e-12	6.924050e-24	2.192115e-11	0.000000e+00	0.000000e+00	0.000000e+00	0.000000e+00	0.000000e+00	0.000000e+00	0.000000e+00	1.056362e-17	0.000000e+00	0.000000e+00	0.000000e+00	0.000000e+00	0.000000e+00	0.000000e+00	0.000000e+00	0.000000e+00	0.000000e+00	0.000000e+00	0.000000e+00	0.000000e+00	0.000000e+00	0.000000e+00	0.000000e+00	0.000000e+00	0.000000e+00	0.000000e+00	0.000000e+00	0.000000e+00	0.000000e+00	0.000000e+00	0.000000e+00	0.000000e+00	0.000000e+00	5.804820e-34	1.252254e-15	1.022680e-17	8.216109e-26	0.000000e+00	0.000000e+00	
