Std No.	Outgassing	ChemProd	ChemLoss	DryDepo		WetDepo		Escape		Condensation	Net Flux	Global Change
3	0.000000e+00	3.102119e+12	-3.101087e+12	-8.761130e+08	-1.529388e+01	-1.559462e+08	0.000000e+00	5.551033e-01	8.541859e-18
53	3.000000e+10	1.190774e+12	-1.208218e+12	-0.000000e+00	0.000000e+00	-1.255552e+10	0.000000e+00	-4.468536e-01	-3.537784e-23
1	0.000000e+00	5.059530e+11	-5.059530e+11	-6.166050e+04	-4.349470e-02	-0.000000e+00	0.000000e+00	-3.599605e+00	-1.474648e-16
56	0.000000e+00	6.680625e+10	-6.680625e+10	-0.000000e+00	-2.694952e-20	-0.000000e+00	0.000000e+00	-1.154205e+00	-1.449223e-06
54	0.000000e+00	1.514926e+11	-1.514926e+11	-0.000000e+00	0.000000e+00	-0.000000e+00	0.000000e+00	3.878784e-02	3.410320e-18
2	0.000000e+00	1.016724e+08	-1.016724e+08	-4.414841e-10	-5.891517e-08	-0.000000e+00	0.000000e+00	1.846279e-05	1.384744e-14
4	0.000000e+00	1.760447e+12	-1.760447e+12	-2.215242e+04	-5.838534e+01	-0.000000e+00	0.000000e+00	9.812246e-01	2.278317e-14
5	0.000000e+00	1.131949e+11	-1.131949e+11	-7.406604e-01	-5.273187e+00	-0.000000e+00	0.000000e+00	1.143912e-04	1.159406e-15
7	1.000000e-02	1.251854e+12	-1.245689e+12	-0.000000e+00	0.000000e+00	-0.000000e+00	-7.052209e+26	-7.052209e+26	-1.380752e+04
6	0.000000e+00	1.552803e+07	-1.552784e+07	-2.885112e+01	-1.688816e+02	-0.000000e+00	0.000000e+00	2.482040e-05	2.016072e-16
52	3.000000e+11	1.206673e+11	-1.303249e+11	-2.780331e+11	-1.230925e+10	-0.000000e+00	0.000000e+00	1.568567e+00	5.935921e-22
20	0.000000e+00	8.235310e+11	-8.235310e+11	-1.385504e+04	0.000000e+00	-0.000000e+00	0.000000e+00	-1.220076e+00	-7.635136e-19
22	0.000000e+00	1.042930e+11	-9.508403e+10	-3.076736e+08	-8.901342e+09	-0.000000e+00	0.000000e+00	-4.097481e-01	-2.282034e-16
61	0.000000e+00	7.745041e+11	-7.745033e+11	-7.741436e+05	-5.176384e-06	-0.000000e+00	0.000000e+00	2.152985e-01	5.355817e-14
19	0.000000e+00	1.056634e+08	-1.056634e+08	-0.000000e+00	-1.715372e-16	-0.000000e+00	0.000000e+00	-2.886072e-03	-1.286915e-16
58	0.000000e+00	2.319590e+08	-2.319590e+08	-0.000000e+00	-9.121303e-18	-0.000000e+00	0.000000e+00	-2.036560e-02	-4.483741e-10
59	0.000000e+00	1.360657e+08	-1.360657e+08	-0.000000e+00	-5.481120e-18	-0.000000e+00	0.000000e+00	-5.960464e-08	-6.896363e-15
80	0.000000e+00	8.597181e+08	-8.597181e+08	-0.000000e+00	-2.652369e-19	-0.000000e+00	0.000000e+00	-1.798967e-01	-1.374292e-07
60	0.000000e+00	3.312367e+09	-3.312367e+09	-0.000000e+00	-1.123675e-08	-0.000000e+00	0.000000e+00	-1.391630e-01	-2.985647e-12
21	3.000000e+08	2.943820e+09	-3.243820e+09	-0.000000e+00	0.000000e+00	-0.000000e+00	0.000000e+00	3.422236e-01	3.038910e-20
62	0.000000e+00	5.542842e+08	-5.542839e+08	-3.194103e+02	-2.091866e-09	-0.000000e+00	0.000000e+00	-1.984576e-04	-1.837488e-13
24	0.000000e+00	3.468725e+08	-2.500895e+08	-6.131169e+07	-3.547138e+07	-0.000000e+00	0.000000e+00	1.983717e-04	4.010543e-19
63	0.000000e+00	7.407649e+09	-6.756596e+09	-2.156082e+07	-6.294919e+08	-0.000000e+00	0.000000e+00	-3.576279e-06	-1.824396e-20
23	0.000000e+00	4.711698e-11	-4.711697e-11	-4.625726e-23	-1.115972e-17	-0.000000e+00	0.000000e+00	4.457115e-23	2.084674e-17
71	0.000000e+00	9.918100e+05	-9.918100e+05	-3.008369e-10	-5.813878e-07	-0.000000e+00	0.000000e+00	-1.940758e-10	-5.834130e-16
25	0.000000e+00	1.356514e-01	-1.356514e-01	-9.181862e-12	-1.167991e-09	-0.000000e+00	0.000000e+00	3.386261e-14	6.921556e-17
26	0.000000e+00	3.339341e-29	-3.339341e-29	-0.000000e+00	-6.712430e-52	-0.000000e+00	0.000000e+00	-6.712430e-52	-4.328036e-26
64	0.000000e+00	1.235912e+03	-1.235912e+03	-0.000000e+00	-2.425440e-23	-0.000000e+00	0.000000e+00	-5.313132e-08	-2.513675e-10
27	0.000000e+00	9.407575e+03	-9.407575e+03	-0.000000e+00	0.000000e+00	-0.000000e+00	0.000000e+00	-6.601640e-07	-3.551391e-15
28	0.000000e+00	7.413097e+03	-7.413097e+03	-0.000000e+00	-9.915000e-22	-0.000000e+00	0.000000e+00	-5.120455e-09	-2.788501e-12
29	0.000000e+00	1.442724e+06	-1.442724e+06	-0.000000e+00	0.000000e+00	-0.000000e+00	0.000000e+00	-1.057982e-06	-3.095670e-15
30	0.000000e+00	1.433545e+06	-1.433545e+06	-0.000000e+00	-1.077413e-13	-0.000000e+00	0.000000e+00	-4.657690e-10	-3.801377e-16
31	0.000000e+00	4.330344e+04	-4.329416e+04	-9.285804e+00	0.000000e+00	-0.000000e+00	0.000000e+00	2.467670e-06	2.939262e-18
32	0.000000e+00	5.829467e+04	-5.829467e+04	-9.441164e-16	-1.906417e-18	-0.000000e+00	0.000000e+00	-7.276904e-12	-8.503469e-19
33	0.000000e+00	7.761361e+04	-6.393024e+04	-4.691082e+02	-1.321426e+04	-0.000000e+00	0.000000e+00	-4.183676e-11	-1.558708e-20
34	0.000000e+00	3.696922e+05	-3.696904e+05	-1.814955e+00	-1.204305e-11	-0.000000e+00	0.000000e+00	-1.765008e-10	-2.728951e-17
35	0.000000e+00	1.084451e+06	-1.080492e+06	-3.822831e+03	-1.359877e+02	-0.000000e+00	0.000000e+00	-9.808965e-07	-6.703709e-17
36	0.000000e+00	3.203717e+04	-3.203716e+04	-1.484323e-02	-9.697542e-14	-0.000000e+00	0.000000e+00	-1.641126e-12	-1.790959e-17
40	0.000000e+00	9.123001e+11	-9.123001e+11	-0.000000e+00	-2.249077e-04	-0.000000e+00	0.000000e+00	2.809223e+00	8.975209e-16
41	0.000000e+00	8.172702e+11	-8.172702e+11	-0.000000e+00	-8.470210e-05	-0.000000e+00	0.000000e+00	5.031287e+00	7.670811e-14
76	0.000000e+00	4.432880e+11	-4.432880e+11	-0.000000e+00	-2.253647e-06	-0.000000e+00	0.000000e+00	-3.255251e+00	-2.145500e-12
77	0.000000e+00	1.287527e+11	-1.287527e+11	-0.000000e+00	-4.983733e-06	-0.000000e+00	0.000000e+00	-1.025075e+00	-4.842982e-13
42	0.000000e+00	5.148464e+11	-5.148464e+11	-0.000000e+00	-8.881874e-06	-0.000000e+00	0.000000e+00	-8.165982e-01	-2.072084e-15
43	3.000000e+09	2.865626e+12	-2.868225e+12	-3.341718e+08	-6.735242e+07	-0.000000e+00	0.000000e+00	2.551344e+01	8.746986e-15
74	0.000000e+00	2.647146e+12	-2.647146e+12	-0.000000e+00	-2.015439e-16	-0.000000e+00	0.000000e+00	-2.365771e+01	-5.284677e-05
75	0.000000e+00	2.458872e+11	-2.458872e+11	-0.000000e+00	-1.363239e-15	-0.000000e+00	0.000000e+00	-4.394531e-02	-1.489308e-08
44	0.000000e+00	1.986581e+09	-1.986581e+09	-2.812742e-02	-9.742836e+01	-0.000000e+00	0.000000e+00	3.499197e-05	2.699411e-17
45	3.000000e+08	4.709495e+09	-5.009068e+09	-4.265698e+05	-3.428218e+02	-0.000000e+00	0.000000e+00	-1.840099e-03	-1.390968e-16
46	0.000000e+00	2.399404e+11	-2.399404e+11	-0.000000e+00	-2.953945e-06	-0.000000e+00	0.000000e+00	1.370337e-03	4.255848e-16
47	0.000000e+00	1.824539e+11	-1.824539e+11	-0.000000e+00	-1.364052e-07	-0.000000e+00	0.000000e+00	4.881448e-04	8.925932e-16
48	0.000000e+00	7.714195e+09	-7.714195e+09	-0.000000e+00	-4.368316e+00	-0.000000e+00	0.000000e+00	-3.451895e-04	-6.053381e-23
68	0.000000e+00	1.384066e+09	-1.384066e+09	-8.448404e+01	-1.713521e+02	-0.000000e+00	0.000000e+00	2.430385e-07	1.115677e-17
73	0.000000e+00	1.936201e+09	-1.529366e+06	-6.628215e+07	-1.899676e+08	-0.000000e+00	-1.678421e+09	2.324581e-04	1.150359e-18
78	0.000000e+00	0.000000e+00	0.000000e+00	-1.678421e+09	-6.078684e-03	-0.000000e+00	1.678421e+09	-2.145767e-06	-8.502361e-24
79	0.000000e+00	1.204222e+08	0.000000e+00	-0.000000e+00	-3.524127e-03	-0.000000e+00	-1.204222e+08	8.299947e-06	6.528996e-21
111	0.000000e+00	0.000000e+00	0.000000e+00	-1.204222e+08	-6.565414e-04	-0.000000e+00	1.204222e+08	-7.107854e-06	-1.633901e-21
