   1.2850875514237503E-004
   9.3473359538157687E-005
   6.6257859093384619E-005
   4.9182094938673999E-005
   4.1303838851261369E-005
   3.9969684112995815E-005
   4.3576665860995889E-005
   5.1869247192041678E-005
   6.6045984907632700E-005
   8.9720006567922463E-005
   1.3142020753684552E-004
   2.0882042661122865E-004
   3.4875460152666393E-004
   5.4205388807644953E-004
   6.4665358604253174E-004
   5.8890339639905355E-004
   4.7458931184585549E-004
   3.7224519844695033E-004
   2.9465151569829336E-004
   2.3718930208310745E-004
   1.9372625592204784E-004
   1.5993626403105283E-004
   1.3309965862287951E-004
   1.1146960263362314E-004
   9.3852341439567031E-005
   7.9388939984676596E-005
   6.7441732177493094E-005
   5.7526258668572060E-005
   4.9264046974628066E-005
   4.2348423768192034E-005
   3.6532454633189068E-005
   3.1617079249432482E-005
   2.7440775892440027E-005
   2.3873067475877547E-005
   2.0809898462342817E-005
   1.8169518991836152E-005
   1.5888066524844387E-005
   1.3914780553937477E-005
   1.2207339985621347E-005
   1.0728374778887111E-005
   9.4440537274626760E-006
   8.3245140860217638E-006
   7.3448976632593863E-006
   6.4856494293706970E-006
   5.7314654371379579E-006
   5.0692644899472117E-006
   4.4861063546643001E-006
   3.9726584299150149E-006
   3.5212304113721750E-006
   3.1252874928290783E-006
   2.7789726910661191E-006
   2.4767702707773972E-006
   2.2133231569066160E-006
   1.9833955926865321E-006
   1.7820054709255791E-006
   1.6046691808542557E-006
   1.4476110466037125E-006
   1.3077966686685927E-006
   1.1827500304513726E-006
   1.0703849800227846E-006
   9.6908096397667160E-007
   8.7832067581455755E-007
   7.9790373397161297E-007
   7.2700452734015255E-007
   6.6359372729532322E-007
   6.0572757411154137E-007
   5.5062367245002529E-007
   4.9908664257899948E-007
   4.5301886165151483E-007
   4.2186737325658492E-007
   4.0356232873936375E-007
   4.0493053159610778E-007
   4.1042367454816275E-007
   5.5327171736210199E-007
   1.0961166267244719E-006
   2.1056154834949846E-006
   3.8984138256371486E-006
   7.2033229667543597E-006
   1.2965483480292213E-005
   2.2749665547615526E-005
   3.8934965566914242E-005
   6.5018824905982138E-005
   1.0595362038487523E-004
   1.6845490157190983E-004
   2.6117286596165617E-004
   3.9458010974688617E-004
   5.8043604944016934E-004
   8.3076930705564434E-004
   1.1565020062306015E-003
   1.5660344701745744E-003
   2.0641872220886468E-003
   2.6517789481849290E-003
   3.3258684003662506E-003
   4.0804642398055875E-003
   4.9074216901549604E-003
   5.7972925295600381E-003
   6.7400004435096521E-003
   7.8236621468890811E-003
   8.7850662764973487E-003
   9.8244479939497021E-003
   1.0394414361885911E-002
