  0.99987153395337292     
  0.99987150934614155     
  0.99987150031797800     
  0.99987152272252766     
  0.99987154932792399     
  0.99987158941081378     
  0.99987163780712951     
  0.99987167895656592     
  0.99987170095428746     
  0.99987172688688619     
  0.99987171339038083     
  0.99987168990591857     
  0.99987168284599581     
  0.99987172531384272     
  0.99987177503074665     
  0.99987184673261364     
  0.99987193615899339     
  0.99987203073226560     
  0.99987205074516028     
  0.99987207400369282     
  0.99987211326584435     
  0.99987217509845994     
  0.99987224663028873     
  0.99987228082511204     
  0.99987230169412999     
  0.99987232572706097     
  0.99987230951456274     
  0.99987228876372114     
  0.99987227021330305     
  0.99987230575284392     
  0.99987234636651645     
  0.99987238645553589     
  0.99987238645553589     
  0.99987238645553589     
  0.99987238645553589     
  0.99987238645553589     
  0.99987238645553589     
  0.99987238645553589     
  0.99987238645553589     
  0.99987238645553589     
  0.99987238645553589     
  0.99987238645553589     
  0.99987238645553589     
  0.99987238645553589     
  0.99987238645553589     
  0.99987238645553589     
  0.99987238645553589     
  0.99987238645553589     
  0.99987238645553589     
  0.99987238645553589     
  0.99987238645553589     
  0.99987237768837622     
  0.99987236182434913     
  0.99987234430334293     
  0.99987232813236449     
  0.99987234279493853     
  0.99987235891333881     
  0.99987237660053685     
  0.99987238645553589     
  0.99987238645553589     
  0.99987238645553589     
  0.99987238645553589     
  0.99987239628880764     
  0.99987241066256438     
  0.99987242626130957     
  0.99987244316446400     
  0.99987243527315262     
  0.99987242142776112     
  0.99987240649659737     
  0.99987239042252263     
  0.99987238645553589     
  0.99987238645553589     
  0.99987238645553589     
  0.99987238645553589     
  0.99987238645553589     
  0.99987238645553589     
  0.99987238645553589     
  0.99987238645553589     
  0.99987238645553589     
  0.99987238645553589     
  0.99987238645553589     
  0.99987238645553589     
  0.99987238645553589     
  0.99987238645553589     
  0.99987238645553589     
  0.99987238645553589     
  0.99987238645553589     
  0.99987238645553589     
  0.99987237673522533     
  0.99987236454232720     
  0.99987235188846890     
  0.99987233878082937     
  0.99987232685089111     
  0.99987232685089111     
  0.99987232685089111     
  0.99987232685089111     
  0.99987232685089111     
  0.99987232685089111     
  0.99987232685089111     
  0.99987232685089111     
  0.99987232685089111     
