   2.5311862186232589E-006
   2.8292229199160701E-006
   3.1211457753130521E-006
   3.4284834579562768E-006
   3.7732215252830422E-006
   4.0755513070840571E-006
   4.3946279072101293E-006
   4.7525334185377089E-006
   5.0057461681309131E-006
   5.2802618859692901E-006
   5.5740597842597540E-006
   5.7016876192914649E-006
   5.8448466774568347E-006
   5.9554105035028566E-006
   5.8608798319828313E-006
   5.7548455809185209E-006
   5.5452077832986916E-006
   5.1070985487529971E-006
   4.6156751427575189E-006
   4.0095660706329569E-006
   3.2579106423801920E-006
   2.4147851349482379E-006
   1.8194773203795860E-006
   1.4276111846721171E-006
   9.8805826973905641E-007
   7.4588167669658396E-007
   5.8822397238289719E-007
   4.1138066499267380E-007
   3.3074706799637319E-007
   2.6658033388635083E-007
   1.9460505342769509E-007
   1.6515665164912609E-007
   1.3486027215648260E-007
   1.0258482715407340E-007
   8.7716570550196927E-008
   7.1038973445747753E-008
   5.4739431076747313E-008
   4.6388910811434843E-008
   3.7022203180016227E-008
   2.8697621897401502E-008
   2.4042707860318290E-008
   1.8821330335391840E-008
   1.4660847455907550E-008
   1.2132100846124731E-008
   9.2956272594229343E-009
   7.2980701560882588E-009
   5.9552071305638836E-009
   4.4489290844667777E-009
   3.5284497552912639E-009
   2.8303473381974729E-009
   2.0472917883694560E-009
   1.6465015044768670E-009
   1.2968066623205171E-009
   9.0455692905542354E-010
   7.4622678882343876E-010
   5.8066445082882299E-010
   4.0650297491184510E-010
   3.3900498336788042E-010
   2.6329305974959471E-010
   1.9096667432317641E-010
   1.5900988835479590E-010
   1.2316423305484551E-010
   9.2087761889953419E-011
   7.6034501717849684E-011
   5.8027696179300723E-011
   4.4018868337117497E-011
   3.5823120246852612E-011
   2.6630019249163251E-011
   2.0374585280740851E-011
   1.6319129794881901E-011
   1.1770159833565149E-011
   9.1287631717976084E-012
   7.1889909058647733E-012
   5.0131648364399551E-012
   3.9740430479702794E-012
   3.0822234829212251E-012
   2.0818770541492510E-012
   1.7118291451912741E-012
   1.3210476043350380E-012
   9.1299218833175028E-013
   7.5558944734471065E-013
   5.7903213015168805E-013
   4.0837139573444688E-013
   3.1821303724750751E-013
   2.1708317256305951E-013
   1.3357137337224610E-013
   9.4010424594774599E-014
   4.9635244480624338E-014
   2.5961562878455799E-014
   1.6659612357578089E-014
   6.3666414531188280E-015
   4.4042512909578691E-015
   2.2030549195068330E-015
   9.2860683102426163E-016
   5.1026851906751649E-016
   1.3857741148698799E-016
   8.2760474365972930E-017
   2.0363120915733770E-017
   1.9830913581352409E-017
   1.9233941136275611E-017
   1.9164462884402139E-017
