z			H			O			O(1D)			O2			O3			OH			HO2			H2O			H2O2			CO2			CO			CH2O			CHO			C			CH			CH2			CH21			CH3			CH4			CH3O			CH4O			CH2O2			CH3O2			CH4O2			C2			C2H			C2H2			C2H3			C2H4			C2H5			C2H6			C2HO			C2H2O			C2H3O			C2H4O			C2H5O			S			S2			S3			S4			SO			SO2			SO21			SO23			SO3			H2S			HS			HSO			HSO2			HSO3			H2SO4			H2SO4A			S8			S8A			CHO2			N			NH3			NH2			NH			N2O			NO			NO2			NO3			N2O5			HNO			HNO2			HNO3			HNO4			HCN			CN			CNO			HCNO			CH3NO2			CH3NO3			CH5N			C2H2N			C2H5N			N2H2			N2H3			N2H4			OCS			CS			CH3S			CH4S			Air

5.000000		4.345539e+03		7.001002e+00		6.458222e-26		8.018569e-08		1.824729e-17		8.074568e-02		1.619340e-07		2.340277e+17		2.892712e-09		2.353033e+15		1.109191e+16		4.290132e+08		2.263641e+07		0.000000e+00		0.000000e+00		3.311532e-07		1.145787e-13		8.239828e+01		3.296544e+15		6.496605e-02		1.119051e+04		1.636173e-25		3.325077e-18		3.602287e-12		2.229384e-57		4.659205e-24		1.722306e-08		4.781042e-11		6.213583e+02		1.401478e+01		3.245896e+12		0.000000e+00		2.444617e+01		5.541470e+01		1.525295e+03		1.098408e-05		2.663201e+06		6.025280e+06		3.392020e+03		4.090685e+04		1.731492e+07		1.163988e+09		3.961259e-04		2.683137e-03		3.728013e-07		3.497148e+10		1.379141e+07		4.818651e+07		1.043730e+09		2.866828e+01		1.454994e+04		1.745825e+04		6.419586e+09		2.558792e+08		2.091013e+07		5.277724e-22		4.042629e-08		6.889516e-17		2.621667e-12		5.302001e-07		2.314904e-07		6.672111e-16		8.648970e-25		1.103595e-49		1.492876e-06		1.318309e-15		5.383624e-23		1.042637e-32		8.247817e-05		5.839210e-30		6.737367e-21		2.110763e-08		2.645349e-15		7.178272e-22		3.019759e-15		1.427697e-21		1.287587e-18		1.488401e-56		3.297983e-26		1.477761e-33		1.193747e-17		1.542203e-29		0.000000e+00		0.000000e+00		2.340277e+19
15.000000		9.096507e+03		1.686656e+01		1.357194e-24		1.383219e-07		4.939833e-17		7.051601e-02		2.638742e-07		2.276877e+16		1.080495e-08		2.018985e+15		9.517393e+15		7.063450e+08		2.664389e+07		1.452414e-33		3.870066e-20		9.986175e-07		3.455098e-13		1.477914e+02		2.828591e+15		1.194436e-01		1.425865e+04		3.330276e-24		1.154015e-17		6.572120e-12		8.676256e-56		7.052099e-22		6.691696e-07		2.485467e-09		5.366255e+02		2.348524e+01		2.785180e+12		4.144623e-20		4.910383e+02		1.545608e+02		3.327349e+03		2.456915e-04		9.187316e+06		1.445116e+07		2.418117e+04		2.179826e+05		2.334987e+07		3.618630e+08		1.804226e-04		1.221787e-03		6.156343e-06		2.992376e+10		2.172093e+07		2.920693e+07		8.953257e+08		3.732272e+01		1.299295e+05		2.243741e+05		1.036378e+09		4.762919e+09		2.774409e+08		1.272175e-21		9.381694e-08		1.048401e-15		2.251288e-12		4.551986e-07		2.776314e-07		1.367762e-15		3.790623e-24		5.869468e-48		1.305627e-06		1.209512e-15		6.800134e-22		2.200700e-31		7.329114e-05		3.513499e-30		7.531634e-20		1.811321e-08		4.927220e-15		1.273803e-21		3.462151e-15		1.226227e-21		1.268384e-18		7.440487e-57		2.885586e-26		3.740595e-33		1.720601e-17		1.346126e-29		0.000000e+00		0.000000e+00		2.008069e+19
25.000000		1.820903e+04		1.857544e+01		0.000000e+00		1.394594e-07		4.510554e-17		2.179977e-01		7.773115e-07		9.445064e+15		5.872124e-08		1.709408e+15		8.058172e+15		1.333264e+09		3.614689e+07		1.210388e-33		1.183097e-20		2.075485e-06		7.180905e-13		2.429998e+02		2.394903e+15		2.090141e-01		1.691683e+04		1.378162e-23		2.171204e-17		9.207827e-12		9.300877e-55		2.553681e-20		1.071137e-05		5.578578e-08		4.624976e+02		3.048681e+01		2.358197e+12		1.683390e-20		1.816566e+03		3.435317e+02		6.586362e+03		2.099207e-03		6.071928e+06		7.536812e+06		6.781179e+03		5.248218e+04		5.185553e+06		9.143564e+07		6.673172e-05		4.522497e-04		1.316137e-05		2.498198e+10		2.101392e+07		1.139724e+07		7.576892e+08		3.635391e+01		1.408626e+05		7.447406e+05		1.969601e+08		4.783105e+09		9.313609e+08		1.411465e-21		1.383653e-07		6.757476e-15		1.913097e-12		3.863070e-07		3.150879e-07		1.515338e-15		3.821823e-24		3.302451e-47		1.146068e-06		3.433310e-15		2.482770e-21		3.887257e-30		6.480987e-05		7.769237e-30		6.274125e-20		1.534020e-08		8.143330e-15		1.928121e-21		5.173476e-15		1.041806e-21		1.310474e-18		3.871271e-57		2.600528e-26		1.856182e-32		3.725606e-17		1.163031e-29		0.000000e+00		0.000000e+00		1.700187e+19
35.000000		3.276325e+04		2.942427e+01		0.000000e+00		2.087558e-07		8.663843e-17		4.937460e-01		2.331857e-06		3.632220e+15		2.051823e-07		1.437443e+15		6.776221e+15		1.714231e+09		4.120669e+07		3.235732e-32		1.273090e-19		3.193104e-06		1.104739e-12		2.911155e+02		2.013901e+15		2.562226e-01		1.832012e+04		4.189585e-23		4.441861e-17		1.604942e-11		2.699422e-54		3.292094e-19		6.876902e-05		4.808144e-07		4.028303e+02		3.179839e+01		1.983082e+12		2.507180e-19		4.302004e+03		4.663552e+02		8.952962e+03		2.526238e-02		5.327464e+06		5.598486e+06		3.579042e+03		2.562031e+04		1.724016e+06		1.909005e+07		1.978600e-05		1.342522e-04		2.616094e-05		2.047889e+10		2.119686e+07		4.482330e+06		6.367425e+08		2.269612e+01		1.016679e+05		1.342530e+06		4.037588e+07		4.216899e+09		1.990885e+09		2.737895e-21		1.750727e-07		3.535484e-14		1.621320e-12		3.267550e-07		3.341834e-07		2.163438e-15		7.092328e-24		5.709538e-46		1.027224e-06		6.774761e-15		7.911863e-21		9.258213e-29		5.742570e-05		1.227288e-29		5.117519e-20		1.290666e-08		9.027837e-15		2.971741e-21		9.426347e-15		8.818199e-22		1.453844e-18		2.646484e-57		2.526589e-26		1.241644e-31		7.188249e-17		1.001666e-29		0.000000e+00		0.000000e+00		1.429707e+19
45.000000		5.226419e+04		9.143308e+01		0.000000e+00		6.861184e-07		6.987323e-16		8.077918e-01		9.062342e-06		1.282360e+15		4.329062e-07		1.199810e+15		5.656091e+15		1.530034e+09		4.010920e+07		6.668961e-32		1.173851e-19		4.196471e-06		1.451783e-12		2.797773e+02		1.680993e+15		2.179978e-01		1.791520e+04		1.103391e-22		1.609577e-16		4.535102e-11		3.542971e-54		2.616078e-18		3.002192e-04		2.452039e-06		3.563606e+02		2.951118e+01		1.655315e+12		3.383417e-19		7.450273e+03		3.571142e+02		8.380918e+03		1.812825e-01		7.617280e+06		7.614410e+06		5.643405e+03		4.226956e+04		1.587991e+06		3.384773e+06		4.915134e-06		3.339593e-05		5.994701e-05		1.650321e+10		2.360769e+07		3.083786e+06		5.310677e+08		1.001782e+01		7.718244e+04		1.856417e+06		1.132146e+07		3.611311e+09		3.057644e+09		1.039495e-16		2.046215e-07		1.465936e-13		1.373940e-12		2.760626e-07		3.627016e-07		6.128531e-15		5.135084e-23		2.328521e-44		9.148188e-07		9.978427e-15		2.689128e-20		2.371991e-27		5.097943e-05		1.359573e-29		8.476774e-20		1.078286e-08		7.227773e-15		6.067112e-21		1.858295e-14		7.446153e-22		1.770850e-18		2.575618e-57		2.765934e-26		9.446008e-31		1.318685e-16		8.601917e-30		0.000000e+00		0.000000e+00		1.193369e+19
55.000000		8.174966e+04		3.232062e+02		0.000000e+00		3.366059e-06		9.396033e-15		1.211570e+00		3.774557e-05		4.108847e+14		7.631915e-07		9.933961e+14		4.683112e+15		1.178518e+09		3.636731e+07		4.667247e-31		3.689277e-19		5.460665e-06		1.888881e-12		2.559417e+02		1.391818e+15		1.621748e-01		1.621953e+04		2.805411e-22		8.337618e-16		1.649399e-10		3.371614e-54		1.907237e-17		1.269015e-03		9.381713e-06		3.210475e+02		2.751701e+01		1.370605e+12		9.591140e-19		1.052396e+04		1.769281e+02		6.694162e+03		5.165884e-01		1.316271e+07		1.269290e+07		1.322598e+04		1.059077e+05		2.613165e+06		5.512523e+05		1.119455e-06		7.616314e-06		1.656802e-04		1.305225e+10		2.641161e+07		3.104022e+06		4.392916e+08		3.426518e+00		6.539399e+04		2.268160e+06		5.266920e+06		3.062855e+09		3.719878e+09		6.270317e-16		2.276296e-07		5.325750e-13		1.180075e-12		2.335603e-07		4.002718e-07		1.962841e-14		4.806182e-22		6.003545e-43		8.042422e-07		1.377910e-14		8.808366e-20		3.118306e-26		4.533727e-05		1.333348e-29		1.617869e-19		8.940166e-09		5.196202e-15		1.277725e-20		3.698245e-14		6.322327e-22		2.388579e-18		3.774102e-57		3.497608e-26		7.436171e-30		3.174525e-16		7.374693e-30		0.000000e+00		0.000000e+00		9.880786e+18
65.000000		1.457807e+05		1.238071e+03		1.913845e-21		2.454818e-05		1.841312e-13		1.683246e+00		1.469793e-04		1.178573e+14		1.151264e-06		8.152475e+14		3.843377e+15		7.992610e+08		3.090881e+07		5.025823e-30		1.538380e-18		7.575462e-06		2.619592e-12		2.308138e+02		1.142244e+15		1.243531e-01		1.394974e+04		7.914395e-22		6.371127e-15		7.049862e-10		3.114458e-54		1.515643e-16		5.759279e-03		2.912647e-05		2.977833e+02		2.720130e+01		1.124887e+12		9.524771e-18		1.362905e+04		6.903223e+01		5.377872e+03		1.064124e+00		3.305868e+07		3.103777e+07		6.635508e+04		5.779136e+05		7.586972e+06		1.586375e+05		4.520629e-07		3.079247e-06		5.428760e-04		9.982174e+09		2.966282e+07		3.708322e+06		3.600539e+08		9.179654e-01		5.851343e+04		2.672073e+06		5.540463e+06		2.588429e+09		3.854631e+09		2.379563e-15		2.513580e-07		1.987164e-12		1.088926e-12		1.992332e-07		4.534908e-07		6.139381e-14		4.784561e-21		1.343935e-41		7.027352e-07		1.819724e-14		2.640238e-19		3.070082e-25		4.075774e-05		1.172877e-29		3.445121e-19		7.353010e-09		3.979572e-15		2.672792e-20		7.619122e-14		5.591122e-22		3.715880e-18		1.098894e-56		5.422931e-26		6.472285e-29		1.159241e-15		6.369427e-30		0.000000e+00		0.000000e+00		8.109012e+18
75.000000		2.802344e+05		4.710272e+03		0.000000e+00		2.273152e-04		4.324000e-12		2.447760e+00		7.184744e-04		2.977063e+13		1.928741e-06		6.625391e+14		3.123774e+15		5.238281e+08		2.526478e+07		6.739452e-29		7.274678e-18		1.160347e-05		4.008271e-12		2.148760e+02		9.283611e+14		1.008647e-01		1.158044e+04		5.945063e-21		6.427231e-14		5.152269e-09		3.882998e-54		2.004968e-15		4.064524e-02		1.126818e-04		3.564452e+02		2.909073e+01		9.144181e+11		7.635104e-17		2.657941e+04		2.400622e+01		4.655086e+03		2.411233e+00		7.213601e+07		5.638350e+07		2.154273e+05		1.758947e+06		1.589796e+07		3.367224e+05		1.355186e-06		9.239736e-06		2.671087e-03		6.086391e+09		2.831164e+07		3.233182e+06		2.911807e+08		3.100204e-01		6.624365e+04		4.679110e+06		1.406798e+07		2.313562e+09		3.854874e+09		1.231114e-14		4.039682e-07		1.215149e-11		1.969991e-12		1.920470e-07		6.905158e-07		2.386196e-13		5.891899e-20		6.027947e-40		7.813391e-07		3.393836e-14		1.217877e-18		5.081981e-24		4.434871e-05		1.244593e-29		8.257052e-19		6.032540e-09		4.348615e-15		7.589930e-20		3.062527e-13		7.980814e-22		1.308416e-17		2.255966e-55		2.259942e-25		1.542848e-27		1.387522e-14		6.485572e-30		0.000000e+00		0.000000e+00		6.590627e+18
85.000000		4.034626e+05		1.799645e+04		2.034225e-21		4.352705e-03		2.538645e-10		3.660799e+00		6.789533e-03		6.492095e+12		3.335825e-06		5.325920e+14		2.511947e+15		3.322793e+08		2.020796e+07		5.536694e-28		2.757787e-17		1.842556e-05		6.338763e-12		1.955494e+02		7.464816e+14		6.636938e-02		7.660844e+03		1.034954e-19		1.320737e-12		9.068030e-08		4.944869e-54		5.034149e-14		4.924685e-01		6.429271e-04		5.816112e+02		3.135158e+01		7.357042e+11		8.155524e-16		6.235775e+04		7.121030e+00		3.974346e+03		7.284766e+00		8.421634e+07		4.754243e+07		1.742920e+05		1.163635e+06		1.407843e+07		4.023341e+05		2.303456e-06		1.570637e-05		2.243279e-02		2.956352e+09		2.333339e+07		2.004783e+06		2.302776e+08		3.366497e-01		1.092818e+05		1.023392e+07		9.777368e+06		2.046963e+09		2.128202e+09		9.053557e-14		8.358634e-07		1.123351e-10		1.130165e-11		2.559352e-07		1.468937e-06		1.637750e-12		1.297334e-18		8.917861e-38		1.153170e-06		9.112150e-14		9.527619e-18		2.916785e-22		6.567548e-05		1.858287e-29		2.490667e-18		5.016218e-09		5.413930e-15		2.933347e-19		1.772929e-12		3.755120e-21		9.374418e-17		1.951478e-53		2.678413e-24		7.797002e-26		3.847017e-13		1.143418e-29		0.000000e+00		0.000000e+00		5.299456e+18
95.000000		5.556697e+05		1.080188e+05		4.857005e-19		5.078512e-01		1.448629e-07		5.210165e+00		1.496458e-01		1.192899e+12		5.328894e-06		4.228992e+14		1.996262e+15		1.879529e+08		1.542246e+07		5.245458e-27		1.232824e-16		3.477449e-05		1.164297e-11		1.788437e+02		5.931375e+14		4.159564e-02		3.245276e+03		3.806935e-18		1.675180e-10		6.120625e-06		6.258435e-54		1.933101e-12		8.485483e+00		4.669134e-03		1.139038e+03		3.850215e+01		5.854207e+11		4.457893e-14		1.307200e+05		1.953588e+00		3.301978e+03		4.098494e+01		9.026658e+07		3.520124e+07		1.142546e+05		6.004336e+05		1.593936e+07		1.288092e+06		1.051324e-05		7.163227e-05		4.145373e-01		1.277855e+09		1.821045e+07		1.623123e+06		1.754414e+08		9.627813e-01		2.225835e+05		1.995981e+07		5.169051e+06		1.652870e+09		3.758653e+08		6.722262e-13		1.458178e-06		1.010906e-09		9.223080e-11		4.844315e-07		3.319097e-06		1.919408e-11		7.736654e-17		3.904222e-35		1.782860e-06		2.488907e-13		1.136556e-16		5.694421e-20		1.111076e-04		1.386006e-28		1.292897e-17		4.329483e-09		7.046871e-15		1.770123e-18		1.023985e-11		2.921125e-20		1.188884e-15		3.348224e-51		5.401735e-23		4.071227e-24		2.332253e-11		5.082921e-29		0.000000e+00		0.000000e+00		4.210883e+18
105.000000		8.523662e+05		5.972091e+05		1.675927e-16		2.831516e+01		3.489237e-05		8.017355e+00		1.818483e+00		1.792362e+11		1.302266e-05		3.312353e+14		1.565691e+15		9.148427e+07		1.093461e+07		7.989301e-26		7.763993e-16		7.962110e-05		2.352307e-11		1.772799e+02		4.650820e+14		2.636532e-02		9.647736e+02		1.818383e-16		1.110079e-08		2.531549e-04		4.617073e-54		6.129864e-11		1.186298e+02		2.438578e-02		2.188525e+03		5.169299e+01		4.601571e+11		3.578598e-12		2.138182e+05		1.342880e+00		3.080603e+03		2.101199e+02		1.097217e+08		2.800414e+07		9.199929e+04		3.633237e+05		3.178217e+07		8.470743e+06		9.813527e-05		6.680283e-04		3.565118e+01		4.884312e+08		1.324845e+07		1.860962e+06		1.275270e+08		4.378072e+00		4.852619e+05		2.963778e+07		3.147060e+06		1.216166e+09		6.853507e+07		4.095200e-12		9.444019e-07		3.704023e-09		3.366373e-10		1.088501e-06		6.856214e-06		1.699638e-10		3.220446e-15		1.074059e-32		2.414420e-06		6.814689e-13		1.111569e-15		5.022515e-18		1.656792e-04		7.142649e-27		5.038746e-17		3.867694e-09		9.987858e-15		8.270893e-18		2.784485e-11		1.715064e-19		1.070616e-14		1.275048e-49		3.908278e-22		3.963829e-23		1.868253e-09		8.901588e-28		0.000000e+00		0.000000e+00		3.301847e+18
115.000000		1.351962e+06		2.609430e+06		1.607450e-14		5.697060e+02		2.349093e-03		1.475137e+01		1.213184e+01		2.121432e+10		8.747889e-05		2.555541e+14		1.209902e+15		3.519516e+07		6.818817e+06		1.329033e-24		5.027424e-15		1.728740e-04		3.562524e-11		1.768823e+02		3.592827e+14		3.105175e-02		3.869765e+02		4.097053e-15		2.696745e-07		4.114737e-03		8.276416e-55		7.862443e-10		6.802635e+02		4.288520e-02		3.029837e+03		5.227440e+01		3.566464e+11		1.040072e-10		2.853189e+05		5.781135e+00		4.142624e+03		6.266079e+02		1.410918e+08		2.022654e+07		7.175950e+04		1.844280e+05		6.252760e+07		4.674800e+07		7.637089e-04		5.193442e-03		3.954896e+03		1.438174e+08		8.164117e+06		1.637357e+06		8.800581e+07		1.602666e+01		1.115000e+06		3.481936e+07		1.623259e+06		8.255931e+08		1.964617e+07		1.731014e-11		1.290501e-07		2.922024e-09		2.656516e-10		2.786493e-06		1.103619e-05		8.567131e-10		6.035159e-14		8.451438e-31		1.990629e-06		1.780868e-12		7.548990e-15		1.439919e-16		2.095092e-04		1.086146e-25		1.039827e-16		3.487190e-09		2.326533e-14		4.224960e-17		1.747086e-11		3.033729e-19		1.012216e-14		1.427382e-50		1.456787e-22		1.829059e-23		8.131405e-08		3.797767e-26		0.000000e+00		0.000000e+00		2.550802e+18
125.000000		1.491491e+06		5.700472e+06		2.742178e-13		3.503209e+03		2.748980e-02		2.667919e+01		5.923200e+01		6.793207e+09		1.145155e-03		1.885381e+14		8.941195e+14		2.085586e+07		5.359887e+06		8.464160e-24		1.615113e-14		2.681112e-04		3.908682e-11		1.537976e+02		2.654212e+14		5.214576e-02		3.229587e+02		2.018624e-14		1.823672e-06		1.871811e-02		3.350616e-55		3.059190e-09		1.325290e+03		3.366350e-02		2.567519e+03		3.764422e+01		2.645407e+11		5.780076e-10		3.208799e+05		1.187594e+01		4.988128e+03		9.272120e+02		9.832093e+07		8.998055e+06		1.726048e+04		3.493923e+04		6.758299e+07		6.927542e+07		1.632666e-03		1.108902e-02		1.938447e+04		6.173976e+07		5.662456e+06		1.465238e+06		5.537182e+07		2.233398e+01		1.387084e+06		3.220014e+07		4.808282e+05		5.128279e+08		9.875707e+06		5.028524e-11		3.864383e-08		2.732781e-09		2.484476e-10		6.599449e-06		1.303924e-05		2.213358e-09		2.699056e-13		8.458687e-30		1.440419e-06		3.145845e-12		2.516946e-14		1.469352e-15		2.290900e-04		4.208297e-25		1.139667e-16		3.035481e-09		4.452135e-14		1.543815e-16		1.183348e-11		3.230721e-19		5.393617e-15		5.823334e-51		1.020603e-22		1.186521e-23		3.986615e-07		3.206967e-25		0.000000e+00		0.000000e+00		1.884482e+18
135.000000		1.740797e+06		7.728820e+06		8.029888e-13		6.707820e+03		5.430401e-02		4.287123e+01		1.062744e+02		7.011255e+09		3.095642e-03		1.340530e+14		6.367610e+14		1.834418e+07		5.143710e+06		6.572327e-23		5.458047e-14		4.210333e-04		5.325714e-11		1.539837e+02		1.889608e+14		7.220248e-02		3.359710e+02		3.156972e-14		4.546217e-06		3.121405e-02		1.401102e-54		7.245467e-09		1.796375e+03		3.015178e-02		2.255678e+03		3.341094e+01		1.892321e+11		1.516026e-09		3.169134e+05		1.484307e+01		5.498179e+03		9.549927e+02		6.710710e+07		4.689049e+06		4.368006e+03		8.852044e+03		5.843853e+07		4.915854e+07		1.700880e-03		1.153408e-02		1.306709e+04		3.939376e+07		4.571041e+06		1.262852e+06		3.246764e+07		1.717804e+01		1.180063e+06		2.414486e+07		1.916537e+05		2.982279e+08		6.296712e+06		1.169293e-10		2.728234e-08		3.190412e-09		2.900510e-10		7.796008e-06		1.317997e-05		2.794765e-09		3.392078e-13		1.174099e-29		1.157733e-06		3.820265e-12		3.559902e-14		2.535834e-15		2.254737e-04		1.223316e-24		1.381069e-16		2.548407e-09		5.313478e-14		2.218895e-16		1.208834e-11		4.959850e-19		4.282139e-15		5.011578e-51		1.013589e-22		1.208025e-23		5.998813e-07		1.194186e-24		0.000000e+00		0.000000e+00		1.341674e+18
145.000000		2.187070e+06		1.018491e+07		1.833802e-12		1.092910e+04		8.513610e-02		6.245718e+01		1.366338e+02		7.011101e+09		4.612905e-03		9.541230e+13		4.538576e+14		1.408330e+07		4.557309e+06		5.552888e-22		1.867151e-13		6.118262e-04		6.646249e-11		1.418549e+02		1.346425e+14		8.985148e-02		3.480083e+02		3.773861e-14		8.685441e-06		4.073251e-02		4.584190e-54		1.344482e-08		2.010181e+03		2.255616e-02		1.873585e+03		2.787110e+01		1.355772e+11		3.172744e-09		2.940928e+05		1.692398e+01		5.631397e+03		8.355974e+02		5.218724e+07		2.520146e+06		1.304446e+03		2.368472e+03		4.798156e+07		3.373586e+07		1.687138e-03		1.141790e-02		8.426408e+03		2.160309e+07		3.295925e+06		8.451001e+05		1.865173e+07		1.147746e+01		9.398632e+05		1.613618e+07		9.681371e+04		1.688424e+08		3.710206e+06		2.375155e-10		1.831107e-08		3.306527e-09		3.006120e-10		7.456427e-06		1.273818e-05		3.014261e-09		3.531079e-13		1.166294e-29		7.947965e-07		3.992698e-12		4.033667e-14		2.707021e-15		2.119762e-04		2.608376e-24		1.528877e-16		2.135832e-09		5.267463e-14		2.533576e-16		1.049956e-11		5.719314e-19		2.692618e-15		2.304392e-51		7.212818e-23		9.792446e-24		7.047353e-07		3.636415e-24		0.000000e+00		0.000000e+00		9.560463e+17
155.000000		2.851253e+06		1.283890e+07		3.329808e-12		1.520816e+04		1.073755e-01		8.433285e+01		1.370520e+02		7.010575e+09		4.376417e-03		6.792599e+13		3.234756e+14		9.661972e+06		3.789012e+06		4.767138e-21		6.251370e-13		8.287186e-04		7.814527e-11		1.231278e+02		9.593771e+13		1.000695e-01		3.513714e+02		3.577123e-14		1.302700e-05		4.237105e-02		1.295914e-53		2.077317e-08		1.953628e+03		1.522024e-02		1.494764e+03		2.231670e+01		9.721075e+10		5.507636e-09		2.602595e+05		1.718785e+01		5.398440e+03		6.469647e+02		4.382268e+07		1.380291e+06		4.289546e+02		6.481923e+02		3.705298e+07		2.154055e+07		1.541231e-03		1.040268e-02		4.858627e+03		1.078915e+07		2.222717e+06		4.789952e+05		1.063379e+07		6.709980e+00		7.048396e+05		9.887667e+06		5.657327e+04		9.286085e+07		2.097349e+06		4.350317e-10		1.212249e-08		3.172104e-09		2.883983e-10		6.070406e-06		1.185052e-05		2.856563e-09		3.076220e-13		8.541231e-30		4.987594e-07		3.692601e-12		3.794646e-14		1.979827e-15		1.929017e-04		4.523403e-24		1.562777e-16		1.784160e-09		4.434604e-14		2.320023e-16		8.164967e-12		5.607367e-19		1.474095e-15		7.036684e-52		4.123590e-23		6.804430e-24		6.567774e-07		8.992712e-24		0.000000e+00		0.000000e+00		6.812569e+17
165.000000		3.777718e+06		1.549311e+07		5.116140e-12		1.891434e+04		1.155229e-01		1.081992e+02		1.180000e+02		7.009851e+09		3.181551e-03		4.837012e+13		2.305373e+14		6.059262e+06		2.995258e+06		4.027171e-20		2.025777e-12		1.059298e-03		8.848247e-11		1.027657e+02		6.835852e+13		1.014382e-01		3.523047e+02		2.876882e-14		1.631618e-05		3.722136e-02		3.273318e-53		2.821787e-08		1.723747e+03		9.818777e-03		1.164449e+03		1.744107e+01		6.976748e+10		8.320893e-09		2.220259e+05		1.550232e+01		4.913601e+03		4.605219e+02		3.779149e+07		7.451451e+05		1.427807e+02		1.688182e+02		2.690151e+07		1.268372e+07		1.289286e-03		8.670706e-03		2.486166e+03		5.027216e+06		1.429125e+06		2.420440e+05		6.060636e+06		3.511183e+00		4.996524e+05		5.637260e+06		3.592398e+04		4.933154e+07		1.167694e+06		7.427056e-10		8.053781e-09		2.899184e-09		2.635961e-10		4.425106e-06		1.073002e-05		2.466076e-09		2.327433e-13		4.925413e-30		2.992464e-07		3.139888e-12		3.116087e-14		1.125000e-15		1.719329e-04		6.990384e-24		1.489553e-16		1.488772e-09		3.300026e-14		1.776260e-16		5.925436e-12		5.117777e-19		7.565473e-16		1.661423e-52		2.051848e-23		4.269174e-24		5.049184e-07		1.855483e-23		0.000000e+00		0.000000e+00		4.854482e+17
175.000000		5.065215e+06		1.802093e+07		7.057928e-12		2.201124e+04		1.122129e-01		1.347079e+02		9.318287e+01		7.009085e+09		2.036871e-03		3.445217e+13		1.642939e+14		3.553096e+06		2.277641e+06		3.359809e-19		6.404565e-12		1.296343e-03		9.820564e-11		8.394613e+01		4.870695e+13		9.520842e-02		3.564297e+02		2.093856e-14		1.811607e-05		2.923027e-02		7.645967e-53		3.502662e-08		1.423774e+03		6.319334e-03		8.976204e+02		1.348907e+01		5.013426e+10		1.139604e-08		1.840292e+05		1.254017e+01		4.316781e+03		3.089840e+02		3.243650e+07		3.853383e+05		4.529351e+01		3.936061e+01		1.837055e+07		6.890891e+06		9.901837e-04		6.626161e-03		1.138942e+03		2.202515e+06		8.799297e+05		1.115877e+05		3.451050e+06		1.673968e+00		3.390864e+05		3.003293e+06		2.390344e+04		2.506655e+07		6.504975e+05		1.217354e-09		5.441878e-09		2.573786e-09		2.340264e-10		3.096049e-06		9.557456e-06		1.995740e-09		1.585054e-13		2.373168e-30		1.761180e-07		2.537980e-12		2.330499e-14		5.446603e-16		1.514998e-04		1.034688e-23		1.344170e-16		1.245234e-09		2.246924e-14		1.179628e-16		4.139384e-12		4.641497e-19		3.828107e-16		3.305802e-53		9.304781e-24		2.507274e-24		3.313272e-07		3.308277e-23		0.000000e+00		0.000000e+00		3.459194e+17
185.000000		6.905972e+06		2.041477e+07		9.220255e-12		2.497298e+04		1.036043e-01		1.655022e+02		7.038554e+01		7.008143e+09		1.272709e-03		2.454328e+13		1.170811e+14		1.979669e+06		1.677562e+06		2.820942e-18		2.003603e-11		1.535787e-03		1.080995e-10		6.797956e+01		3.470428e+13		8.330635e-02		3.612952e+02		1.458401e-14		1.873248e-05		2.151180e-02		1.684706e-52		4.033250e-08		1.110635e+03		4.133983e-03		6.900412e+02		1.041608e+01		3.607881e+10		1.448883e-08		1.487490e+05		9.262380e+00		3.717023e+03		1.982467e+02		2.727837e+07		1.867709e+05		1.318832e+01		7.845440e+00		1.179460e+07		3.472109e+06		7.027202e-04		4.670344e-03		4.761893e+02		9.035025e+05		5.163985e+05		4.708677e+04		1.959351e+06		7.340139e-01		2.242556e+05		1.499225e+06		1.635045e+04		1.210951e+07		3.654232e+05		1.952980e-09		3.762459e-09		2.233926e-09		2.031473e-10		2.381741e-06		8.411224e-06		1.539109e-09		9.982513e-14		9.954728e-31		1.022729e-07		1.993710e-12		1.634570e-14		2.380699e-16		1.323545e-04		1.523595e-23		1.159109e-16		1.044200e-09		1.421607e-14		6.911230e-17		2.821952e-12		4.299975e-19		1.938311e-16		5.656533e-54		3.892395e-24		1.395525e-24		1.887002e-07		5.200073e-23		0.000000e+00		0.000000e+00		2.464943e+17
195.000000		9.335331e+06		2.359961e+07		1.304305e-11		3.016973e+04		1.038453e-01		1.940699e+02		5.179833e+01		6.101401e+09		8.067567e-04		1.748574e+13		8.343473e+13		9.746006e+05		1.149384e+06		2.244098e-17		5.989142e-11		1.746010e-03		1.129291e-10		5.160882e+01		2.472673e+13		6.620864e-02		3.488420e+02		1.059320e-14		1.844257e-05		1.515170e-02		3.332076e-52		4.204601e-08		7.948748e+02		2.591560e-03		5.071508e+02		7.669179e+00		2.601545e+10		1.730862e-08		1.180852e+05		6.634679e+00		3.123594e+03		1.248262e+02		2.257534e+07		7.895401e+04		3.294183e+00		1.156785e+00		6.938345e+06		1.650041e+06		4.689801e-04		3.087499e-03		2.057288e+02		3.090247e+05		2.691677e+05		1.656705e+04		1.094707e+06		2.814672e-01		1.465987e+05		6.952086e+05		1.136254e+04		5.478949e+06		1.912921e+05		3.122215e-09		2.544452e-09		1.840172e-09		1.673727e-10		2.559440e-06		7.372367e-06		1.186233e-09		6.390191e-14		4.192201e-31		5.488482e-08		1.485376e-12		1.088766e-14		1.004185e-16		1.153658e-04		2.142447e-23		9.877835e-17		8.811970e-10		8.205991e-15		3.638264e-17		1.722286e-12		3.727880e-19		8.936354e-17		7.821093e-55		1.457680e-24		6.942088e-25		9.237611e-08		6.579843e-23		0.000000e+00		0.000000e+00		1.756463e+17
205.000000		1.246131e+07		2.803941e+07		2.046784e-11		3.946476e+04		1.156654e-01		2.157230e+02		3.759788e+01		4.685902e+09		5.225232e-04		1.245777e+13		5.945769e+13		4.275168e+05		7.314455e+05		1.664085e-16		1.689790e-10		1.891671e-03		1.111196e-10		3.622630e+01		1.761736e+13		4.780679e-02		3.171416e+02		8.130786e-15		1.709136e-05		1.009179e-02		5.900902e-52		3.974370e-08		5.210242e+02		1.524940e-03		3.532317e+02		5.335927e+00		1.880063e+10		1.967978e-08		9.226147e+04		4.687163e+00		2.556030e+03		7.730257e+01		1.822432e+07		2.830566e+04		6.803655e-01		1.194200e-01		3.694339e+06		7.341319e+05		2.922411e-04		1.899022e-03		9.093553e+01		8.639847e+04		1.225685e+05		4.795604e+03		5.981799e+05		9.251948e-02		9.616114e+04		2.991230e+05		7.974224e+03		2.310901e+06		9.209333e+04		4.995851e-09		1.665035e-09		1.435376e-09		1.305973e-10		4.093395e-06		6.427582e-06		9.154408e-10		4.196487e-14		1.797740e-31		2.703207e-08		1.041108e-12		6.852244e-15		4.150977e-17		1.002036e-04		2.830501e-23		8.378167e-17		7.469232e-10		4.286469e-15		1.724874e-17		9.240160e-13		2.954187e-19		3.641149e-17		8.770855e-56		4.900616e-25		3.076241e-25		3.860857e-08		6.530098e-23		0.000000e+00		0.000000e+00		1.251615e+17
215.000000		1.677352e+07		3.353244e+07		3.375753e-11		5.413635e+04		1.355612e-01		2.340528e+02		2.724565e+01		3.481562e+09		3.524676e-04		8.875391e+12		4.237152e+13		1.805797e+05		4.459935e+05		1.202307e-15		4.606284e-10		1.960269e-03		1.066958e-10		2.453757e+01		1.255170e+13		3.260575e-02		2.838335e+02		6.442666e-15		1.480696e-05		6.311638e-03		9.891654e-52		3.526306e-08		3.229760e+02		8.734062e-04		2.405524e+02		3.631021e+00		1.362494e+10		2.208313e-08		7.119882e+04		3.227347e+00		2.063730e+03		4.673548e+01		1.423965e+07		8.892448e+03		1.191386e-01		9.237737e-03		1.810827e+06		3.041923e+05		1.691272e-04		1.079563e-03		3.918692e+01		2.116377e+04		5.071394e+04		1.216894e+03		3.161090e+05		2.687864e-02		6.377798e+04		1.180557e+05		5.629079e+03		8.957484e+05		4.289517e+04		8.051817e-09		1.094843e-09		1.091666e-09		9.938290e-11		8.201683e-06		5.591717e-06		6.912028e-10		2.704628e-14		7.360316e-32		1.287409e-08		7.090894e-13		4.100630e-15		1.665367e-17		8.699998e-05		3.667127e-23		7.026418e-17		6.371602e-10		2.092389e-15		7.499631e-18		4.656378e-13		2.280292e-19		1.386406e-17		8.608581e-57		1.538585e-25		1.288618e-25		1.416038e-08		5.459549e-23		0.000000e+00		0.000000e+00		8.918728e+16
225.000000		2.293097e+07		4.013221e+07		5.738660e-11		7.697951e+04		1.638873e-01		2.511921e+02		1.996280e+01		2.569214e+09		2.493655e-04		6.322933e+12		3.019577e+13		7.708518e+04		2.641322e+05		8.506295e-15		1.210579e-09		1.926584e-03		1.015432e-10		1.638091e+01		8.942292e+12		2.182239e-02		2.633489e+02		5.233278e-15		1.190978e-05		3.680834e-03		1.639820e-51		3.046459e-08		1.959915e+02		4.975294e-04		1.624254e+02		2.452930e+00		9.905468e+09		2.566145e-08		5.438439e+04		2.173112e+00		1.656676e+03		2.763951e+01		1.080408e+07		2.510942e+03		1.820294e-02		5.652071e-04		8.323845e+05		1.187685e+05		9.193027e-05		5.727502e-04		1.706419e+01		4.700316e+03		1.949054e+04		2.822547e+02		1.602750e+05		7.075480e-03		4.287691e+04		4.255841e+04		3.988092e+03		3.171148e+05		1.971260e+04		1.308252e-08		7.329466e-10		8.174160e-10		7.449657e-11		1.734218e-05		4.849678e-06		5.034694e-10		1.676053e-14		2.780083e-32		6.078762e-09		4.753515e-13		2.332729e-15		6.483216e-18		7.542356e-05		4.766600e-23		5.807020e-17		5.461423e-10		9.784080e-16		3.071195e-18		2.267702e-13		1.763451e-19		5.065380e-18		7.613864e-58		4.578172e-26		5.208960e-26		4.776176e-09		4.044241e-23		0.000000e+00		0.000000e+00		6.355276e+16
235.000000		3.189816e+07		4.798866e+07		9.947355e-11		1.126913e+05		2.020976e-01		2.688899e+02		1.505147e+01		1.898332e+09		1.853260e-04		4.504361e+12		2.151913e+13		3.453061e+04		1.531757e+05		5.807767e-14		3.017308e-09		1.764477e-03		9.651057e-11		1.091307e+01		6.370614e+12		1.515632e-02		2.739659e+02		4.334128e-15		8.879034e-06		1.997594e-03		2.888177e-51		2.747972e-08		1.246264e+02		2.925190e-04		1.094618e+02		1.656718e+00		7.221809e+09		3.244780e-08		4.118107e+04		1.438033e+00		1.327893e+03		1.604703e+01		8.012544e+06		6.529238e+02		2.502864e-03		2.882095e-05		3.676064e+05		4.467616e+04		4.794753e-05		2.891643e-04		8.038578e+00		9.694607e+02		7.082229e+03		6.258634e+01		7.822206e+04		1.739503e-03		2.921680e+04		1.419071e+04		2.832152e+03		1.036857e+05		9.030553e+03		2.131173e-08		4.996094e-10		6.024598e-10		5.502039e-11		3.508538e-05		4.166758e-06		3.488139e-10		9.820062e-15		9.365560e-33		2.895702e-09		3.143721e-13		1.254983e-15		2.460235e-18		6.488980e-05		6.419306e-23		4.695193e-17		4.673510e-10		4.505434e-16		1.235427e-18		1.079177e-13		1.412488e-19		1.838970e-18		6.076554e-59		1.291189e-26		2.033482e-26		1.623468e-09		2.866384e-23		0.000000e+00		0.000000e+00		4.528620e+16
245.000000		4.525079e+07		5.737968e+07		1.754841e-10		1.697500e+05		2.534368e-01		2.894439e+02		1.199524e+01		1.410471e+09		1.453055e-04		3.208668e+12		1.533604e+13		1.666922e+04		8.750443e+04		3.806325e-13		7.078591e-09		1.492218e-03		9.211492e-11		7.323026e+00		4.538321e+12		1.199886e-02		3.533131e+02		3.666068e-15		6.206672e-06		1.020847e-03		6.495965e-51		3.103742e-08		9.943321e+01		1.993451e-04		7.398031e+01		1.124572e+00		5.285136e+09		4.764607e-08		3.113102e+04		9.404005e-01		1.068462e+03		9.181003e+00		5.848577e+06		1.596094e+02		3.183676e-04		1.281107e-06		1.618389e+05		1.680253e+04		2.487216e-05		1.436891e-04		4.307913e+00		1.887599e+02		2.467215e+03		1.408711e+01		3.606762e+04		4.172826e-04		2.009296e+04		4.302995e+03		2.013966e+03		3.069990e+04		4.155522e+03		3.499907e-08		3.497286e-10		4.407151e-10		4.041399e-11		6.777964e-05		3.563300e-06		2.300088e-10		5.437703e-15		2.801275e-33		1.433763e-09		2.078293e-13		6.442630e-16		9.360126e-19		5.571204e-05		1.011189e-22		3.728007e-17		4.012400e-10		2.179290e-16		5.345743e-19		5.082985e-14		1.322114e-19		7.470553e-19		4.497013e-60		3.503680e-27		7.797725e-27		6.899351e-10		2.392745e-23		0.000000e+00		0.000000e+00		3.226992e+16
255.000000		6.561105e+07		6.871999e+07		2.266442e-09		2.638062e+05		3.230961e-01		3.154386e+02		1.043108e+01		1.055390e+09		1.209088e-04		2.285546e+12		1.092979e+13		8.767268e+03		4.942519e+04		2.506023e-12		1.632144e-08		1.214940e-03		8.845569e-11		4.980912e+00		3.232872e+12		1.148101e-02		5.612306e+02		3.171665e-15		4.147402e-06		5.008169e-04		2.496921e-50		5.861235e-08		1.327392e+02		2.043882e-04		5.023393e+01		7.684413e-01		3.882413e+09		9.328645e-08		2.365273e+04		6.095495e-01		8.653635e+02		5.181864e+00		4.223830e+06		3.718708e+01		3.818408e-05		5.119785e-08		7.585870e+04		6.759629e+03		1.370568e-05		7.489186e-05		2.624134e+00		3.500705e+01		8.311163e+02		3.530873e+00		1.560025e+04		1.049951e-04		1.391688e+04		1.194096e+03		1.433343e+03		8.254294e+03		1.930987e+03		5.771290e-08		2.509213e-10		3.192469e-10		2.951893e-11		1.226224e-04		3.019449e-06		1.433786e-10		2.822636e-15		7.303648e-34		7.516221e-10		1.376881e-13		3.157888e-16		3.663601e-19		4.761920e-05		2.400535e-22		2.893029e-17		3.447419e-10		1.169884e-16		2.608308e-19		2.374993e-14		1.866547e-19		4.389960e-19		3.063097e-61		9.099927e-28		2.925919e-27		5.290251e-10		3.545501e-23		0.000000e+00		0.000000e+00		2.299481e+16
265.000000		9.795154e+07		8.274432e+07		2.200290e-08		4.283818e+05		4.223238e-01		3.509069e+02		1.025528e+01		7.978496e+08		1.086921e-04		1.627866e+12		7.789767e+12		5.039041e+03		2.768528e+04		1.999427e-11		4.429172e-08		1.132988e-03		8.555082e-11		3.458215e+00		2.302790e+12		1.277529e-02		1.003414e+03		2.841270e-15		2.724259e-06		2.425231e-04		1.623232e-49		1.818011e-07		2.909483e+02		3.575905e-04		3.436804e+01		5.290667e-01		2.865954e+09		2.799868e-07		1.829231e+04		3.922494e-01		7.082712e+02		2.877429e+00		3.028374e+06		8.305797e+00		4.358136e-06		1.866779e-09		4.257639e+04		3.278755e+03		9.023301e-06		4.595907e-05		1.748052e+00		6.181004e+00		2.714484e+02		1.137887e+00		6.134893e+03		3.129748e-05		9.682734e+03		2.994915e+02		1.020604e+03		1.975315e+03		9.102892e+02		9.564351e-08		1.854284e-10		2.290049e-10		2.154559e-11		2.095690e-04		2.535183e-06		8.425731e-11		1.367216e-15		1.644949e-34		4.226620e-10		9.217937e-14		1.485848e-16		1.524791e-19		4.069642e-05		9.739046e-22		2.193392e-17		2.978057e-10		7.092958e-17		1.371609e-19		1.102648e-14		4.494876e-19		4.235112e-19		1.892313e-62		2.246293e-28		1.074091e-27		8.308660e-10		1.269590e-22		0.000000e+00		0.000000e+00		1.638558e+16
275.000000		1.523517e+08		1.003970e+08		9.003008e-08		7.340972e+05		5.650480e-01		4.011479e+02		1.162078e+01		6.100243e+08		1.085290e-04		1.159325e+12		5.552038e+12		3.174431e+03		1.542107e+04		2.483772e-10		1.796255e-07		1.520246e-03		8.311710e-11		2.477380e+00		1.640178e+12		1.453841e-02		1.805140e+03		2.668952e-15		1.800517e-06		1.186108e-04		1.345179e-48		6.899163e-07		7.792874e+02		8.314669e-04		2.391118e+01		3.660177e-01		2.125549e+09		1.155315e-06		1.461385e+04		2.491958e-01		5.849596e+02		1.552892e+00		2.158542e+06		1.782485e+00		4.751117e-07		6.257609e-11		3.237497e+04		2.172951e+03		8.021097e-06		3.748534e-05		1.229007e+00		1.032753e+00		8.594785e+01		5.434989e-01		2.149056e+03		1.249006e-05		6.760920e+03		6.923775e+01		7.269346e+02		4.234276e+02		4.373018e+02		1.573441e-07		1.407965e-10		1.606857e-10		1.570022e-11		3.315637e-04		2.084255e-06		4.575993e-11		6.010400e-16		3.056335e-35		2.516572e-10		6.205046e-14		6.628007e-17		6.747920e-20		3.466479e-05		5.217488e-21		1.604309e-17		2.579526e-10		4.448496e-17		6.697552e-20		5.072690e-15		1.417078e-18		5.202802e-19		9.982194e-64		5.088726e-29		3.764426e-28		2.260824e-09		1.178040e-21		0.000000e+00		0.000000e+00		1.167600e+16
285.000000		2.530309e+08		1.225546e+08		6.118220e-07		1.324430e+06		7.501534e-01		4.749649e+02		1.505685e+01		4.723403e+08		1.259663e-04		8.255367e+11		3.957310e+12		2.232854e+03		8.576418e+03		4.779523e-09		1.056794e-06		2.783666e-03		8.076048e-11		1.890227e+00		1.168131e+12		1.548680e-02		3.128420e+03		2.766707e-15		1.218661e-06		5.960954e-05		1.272610e-47		2.798891e-06		2.227155e+03		2.145685e-03		1.789541e+01		2.532932e-01		1.584912e+09		5.503702e-06		1.234535e+04		1.541487e-01		4.840737e+02		7.898513e-01		1.528693e+06		3.689190e-01		4.962957e-08		1.948933e-12		3.310286e+04		1.953642e+03		9.527769e-06		4.022404e-05		8.949190e-01		1.607759e-01		2.637812e+01		3.832855e-01		6.443141e+02		6.548555e-06		4.732163e+03		1.500808e+01		5.178582e+02		8.048333e+01		2.161271e+02		2.518395e-07		1.104485e-10		1.084638e-10		1.155553e-11		4.941319e-04		1.654823e-06		2.214140e-11		2.259849e-16		4.272788e-36		1.540836e-10		4.175248e-14		2.725004e-17		3.037865e-20		2.947761e-05		3.023996e-20		1.107703e-17		2.247174e-10		2.610281e-17		2.682975e-20		2.338892e-15		4.794842e-18		6.684531e-19		4.072190e-65		9.989341e-30		1.216563e-28		8.827622e-09		2.243166e-20		0.000000e+00		0.000000e+00		8.320049e+15
295.000000		4.476557e+08		1.477343e+08		3.772323e-06		2.397838e+06		8.977312e-01		5.834658e+02		2.074057e+01		3.695072e+08		1.702092e-04		5.877569e+11		2.820797e+12		1.781998e+03		4.743430e+03		1.134347e-07		7.198962e-06		5.574490e-03		7.874309e-11		1.671257e+00		8.318598e+11		1.495875e-02		5.111538e+03		3.727586e-15		8.809845e-07		3.212110e-05		1.324632e-46		1.172665e-05		6.558488e+03		5.755752e-03		1.811348e+01		1.759192e-01		1.188603e+09		2.734388e-05		1.137180e+04		9.616470e-02		3.961710e+02		3.737814e-01		1.073792e+06		7.576383e-02		5.101970e-09		5.988899e-14		3.885165e+04		2.009244e+03		1.270604e-05		4.780790e-05		6.671321e-01		2.297095e-02		7.974734e+00		3.337727e-01		1.611747e+02		3.800076e-06		3.317804e+03		3.193053e+00		3.689546e+02		1.350505e+01		1.121520e+02		3.747869e-07		8.694087e-11		6.867030e-11		8.881082e-12		6.803052e-04		1.244415e-06		9.151853e-12		6.651487e-17		3.977166e-37		9.278223e-11		2.759311e-14		9.935141e-18		1.241445e-20		2.502769e-05		1.697479e-19		7.065921e-18		1.974337e-10		1.345515e-17		8.218915e-21		1.143573e-15		1.587845e-17		8.208841e-19		1.206031e-66		1.621598e-30		3.438490e-29		3.901236e-08		5.609994e-19		0.000000e+00		0.000000e+00		5.928679e+15
305.000000		7.864305e+08		1.713373e+08		1.538685e-05		4.112596e+06		9.076219e-01		7.397630e+02		2.740507e+01		2.906918e+08		2.415749e-04		4.183764e+11		2.010829e+12		1.706423e+03		2.573972e+03		2.724949e-06		4.999201e-05		1.155616e-02		8.219644e-11		1.996337e+00		5.923153e+11		1.384586e-02		7.887796e+03		7.350990e-15		7.984220e-07		2.174347e-05		1.417295e-45		5.085399e-05		1.994553e+04		1.539950e-02		3.318616e+01		1.308201e-01		8.977686e+08		1.361284e-04		1.187280e+04		7.503191e-02		3.358346e+02		1.835005e-01		7.472213e+05		1.676940e-02		5.599883e-10		2.141643e-15		4.516761e+04		2.006728e+03		1.609111e-05		5.344616e-05		5.021278e-01		3.174908e-03		2.553448e+00		2.953263e-01		3.330040e+01		2.169211e-06		2.328274e+03		7.105138e-01		2.628829e+02		1.964834e+00		6.239276e+01		4.964441e-07		6.299986e-11		4.010953e-11		7.418482e-12		8.434688e-04		8.807518e-07		3.319146e-12		1.537594e-17		2.549888e-38		5.294778e-11		1.770588e-14		3.278853e-18		4.270261e-21		2.128250e-05		8.497011e-19		4.300410e-18		1.764654e-10		6.356484e-18		2.090885e-21		6.747897e-16		4.851954e-17		9.151725e-19		2.786736e-68		2.260593e-31		8.199366e-30		1.670335e-07		1.439544e-17		0.000000e+00		0.000000e+00		4.224642e+15
315.000000		1.246875e+09		1.863978e+08		4.413789e-05		6.346950e+06		7.812220e-01		9.389364e+02		3.201019e+01		2.273920e+08		3.050378e-04		2.977372e+11		1.433557e+12		2.349637e+03		1.364511e+03		5.558160e-05		3.267193e-04		2.526094e-02		1.133588e-10		3.565126e+00		4.216865e+11		1.325324e-02		1.143937e+04		1.620689e-14		1.049764e-06		2.139833e-05		1.378989e-44		2.221773e-04		6.101574e+04		3.898394e-02		8.647176e+01		1.285371e-01		6.831680e+08		6.426168e-04		1.416455e+04		9.004173e-02		3.588638e+02		1.237160e-01		5.165972e+05		4.555971e-03		7.495389e-11		1.145428e-16		4.774575e+04		1.767545e+03		1.751818e-05		5.115514e-05		3.766135e-01		5.151941e-04		1.002184e+00		2.351186e-01		6.090815e+00		1.171419e-06		1.634864e+03		1.785254e-01		1.873131e+02		2.479705e-01		3.702310e+01		5.760113e-07		3.867424e-11		2.183302e-11		6.530051e-12		9.214158e-04		5.963251e-07		1.155648e-12		3.169641e-18		1.385554e-39		2.846110e-11		1.087676e-14		1.038744e-18		1.247014e-21		1.811298e-05		3.566040e-18		2.689167e-18		1.614185e-10		3.026830e-18		5.209274e-22		5.373341e-16		1.309973e-16		8.988853e-19		5.942583e-70		3.039173e-32		1.687699e-30		6.290524e-07		3.308194e-16		0.000000e+00		0.000000e+00		3.010384e+15
325.000000		1.800230e+09		1.908420e+08		9.742860e-05		8.903555e+06		5.978884e-01		1.174015e+03		3.343823e+01		1.764257e+08		3.333113e-04		2.118039e+11		1.022153e+12		5.151850e+03		7.133788e+02		9.949078e-04		2.059254e-03		5.933944e-02		2.673924e-10		8.983318e+00		3.001275e+11		1.353313e-02		1.633257e+04		3.412574e-14		1.910927e-06		2.932897e-05		1.260392e-43		1.001049e-03		1.924685e+05		9.740000e-02		2.488588e+02		2.159879e-01		5.271853e+08		2.958379e-03		1.920914e+04		1.511155e-01		6.215702e+02		1.474224e-01		3.560506e+05		1.550817e-03		1.253075e-11		9.481529e-18		4.596518e+04		1.402911e+03		1.671498e-05		4.300222e-05		2.827961e-01		1.079591e-04		5.037999e-01		1.682223e-01		1.057022e+00		6.034160e-07		1.146974e+03		5.044110e-02		1.334698e+02		2.557052e-02		2.298536e+01		6.108231e-07		2.102743e-11		1.152485e-11		5.891069e-12		9.110376e-04		4.020065e-07		4.063447e-13		6.339274e-19		7.223443e-41		1.489766e-11		6.551601e-15		3.262964e-19		3.285179e-22		1.564545e-05		1.387394e-17		1.852843e-18		1.550017e-10		1.581463e-18		1.380128e-22		5.687203e-16		3.389896e-16		8.421479e-19		1.241026e-71		4.201983e-33		3.235744e-31		2.181635e-06		7.395831e-15		0.000000e+00		0.000000e+00		2.145131e+15
335.000000		2.439109e+09		1.836240e+08		1.786237e-04		1.132580e+07		4.038384e-01		1.425003e+03		3.136086e+01		1.351837e+08		3.136215e-04		1.505847e+11		7.289796e+11		1.443705e+04		3.709231e+02		1.613333e-02		1.255022e-02		1.463377e-01		9.864274e-10		2.758524e+01		2.135074e+11		1.480321e-02		2.362392e+04		6.487218e-14		4.054593e-06		4.751586e-05		1.118145e-42		4.662849e-03		6.287358e+05		2.455590e-01		7.404905e+02		5.662797e-01		4.160490e+08		1.333634e-02		2.846518e+04		2.910067e-01		1.560932e+03		2.744846e-01		2.461386e+05		6.151794e-04		2.448648e-12		1.056168e-18		4.031988e+04		1.023535e+03		1.424694e-05		3.254872e-05		2.134076e-01		2.808855e-05		2.927456e-01		1.087110e-01		2.195764e-01		2.919258e-07		8.027790e+02		1.551283e-02		9.510487e+01		2.181452e-03		1.473553e+01		6.170673e-07		1.085095e-11		6.160687e-12		5.469710e-12		8.313655e-04		2.819370e-07		1.474861e-13		1.258605e-19		3.790883e-42		7.924990e-12		3.983982e-15		1.023975e-19		8.009106e-23		1.388657e-05		5.516776e-17		1.686939e-18		1.598211e-10		9.747504e-19		4.004556e-23		7.269167e-16		8.973212e-16		8.013163e-19		2.690154e-73		6.305348e-34		6.291541e-32		7.101523e-06		1.700316e-13		0.000000e+00		0.000000e+00		1.528572e+15
345.000000		3.114206e+09		1.625891e+08		2.888925e-04		1.264491e+07		2.297226e-01		1.641306e+03		2.564030e+01		1.012854e+08		2.469265e-04		1.069847e+11		5.200454e+11		4.037144e+04		1.937038e+02		2.209510e-01		6.874474e-02		3.522660e-01		4.129439e-09		8.938687e+01		1.517839e+11		1.732269e-02		3.417178e+04		1.009902e-13		8.397837e-06		7.682644e-05		9.171678e-42		2.129601e-02		2.020961e+06		5.987229e-01		2.134746e+03		1.676401e+00		3.368688e+08		5.492847e-02		4.206649e+04		5.441377e-01		4.060463e+03		5.635186e-01		1.726586e+05		2.600526e-04		5.174069e-13		1.334796e-19		3.153257e+04		6.739286e+02		1.065861e-05		2.189497e-05		1.618934e-01		9.586370e-06		1.702106e-01		6.224297e-02		7.286268e-02		1.273181e-07		5.602236e+02		5.018508e-03		6.776821e+01		2.237225e-04		9.740538e+00		6.030588e-07		5.541098e-12		3.459826e-12		5.245014e-12		7.050560e-04		2.135287e-07		5.614091e-14		2.492614e-20		2.065375e-43		4.451105e-12		2.481971e-15		3.197931e-20		1.784939e-23		1.263063e-05		2.316470e-16		2.719231e-18		1.761163e-10		7.411556e-19		1.296119e-23		1.016698e-15		2.414847e-15		7.736113e-19		7.057153e-75		1.104564e-34		1.345160e-32		2.038076e-05		3.773157e-12		0.000000e+00		0.000000e+00		1.089226e+15
355.000000		3.794712e+09		1.283361e+08		4.317002e-04		1.215468e+07		1.040177e-01		1.791719e+03		1.796740e+01		7.422443e+07		1.680115e-04		7.594779e+10		3.711258e+11		9.925409e+04		1.041287e+02		2.391545e+00		3.129513e-01		7.592665e-01		1.126732e-07		2.844708e+02		1.078013e+11		2.148221e-02		4.904236e+04		1.168281e-13		1.533846e-05		1.126844e-04		6.726333e-41		9.103207e-02		6.111290e+06		1.357886e+00		5.625456e+03		4.662578e+00		2.804615e+08		1.933670e-01		5.639586e+04		8.689450e-01		8.893388e+03		1.015268e+00		1.238611e+05		1.106906e-04		1.125809e-13		1.714591e-20		2.173303e+04		3.977908e+02		6.967685e-06		1.306552e-05		1.238171e-01		5.062975e-06		9.106158e-02		3.127356e-02		3.389427e-02		4.917228e-08		3.895147e+02		1.652960e-03		4.828940e+01		4.759377e-05		6.846107e+00		5.704510e-07		2.928913e-12		2.109349e-12		5.323335e-12		5.636190e-04		1.804865e-07		2.220547e-14		4.715234e-21		1.118369e-44		2.740469e-12		1.635162e-15		9.839405e-21		3.543848e-24		1.172458e-05		1.066135e-15		6.925941e-18		2.050260e-10		6.836364e-19		4.601567e-24		1.523270e-15		6.563554e-15		7.530973e-19		2.704754e-76		2.386041e-35		3.390027e-33		4.927763e-05		7.745758e-11		0.000000e+00		0.000000e+00		7.761576e+14
365.000000		4.456679e+09		8.590533e+07		6.178337e-04		9.949725e+06		3.507068e-02		1.900835e+03		1.067851e+01		5.413346e+07		1.095816e-04		5.386973e+10		2.649553e+11		1.951785e+05		6.033057e+01		1.866879e+01		1.068863e+00		1.315817e+00		9.254616e-07		8.520346e+02		7.646075e+10		2.734119e-02		6.908882e+04		8.933039e-14		2.320872e-05		1.416382e-04		4.233846e-40		3.460454e-01		1.654439e+07		2.730384e+00		1.252064e+04		1.084656e+01		2.402916e+08		5.435712e-01		6.174280e+04		1.037769e+00		1.395421e+04		1.346131e+00		9.077779e+04		4.548951e-05		2.416269e-14		2.059669e-21		1.304796e+04		2.128179e+02		4.036965e-06		7.020745e-06		9.596094e-02		3.194577e-06		4.290099e-02		1.363305e-02		1.811749e-02		1.727867e-08		2.695475e+02		5.448148e-04		3.440958e+01		1.559844e-05		5.512665e+00		5.079991e-07		1.656677e-12		1.428906e-12		5.847802e-12		4.305931e-04		1.697629e-07		8.583394e-15		7.592357e-22		5.121599e-46		1.881519e-12		1.164693e-15		2.879534e-21		5.842049e-25		1.103990e-05		5.222104e-15		1.823676e-17		2.479041e-10		6.804296e-19		1.635831e-24		2.617050e-15		1.755860e-14		7.214286e-19		1.783448e-77		6.603921e-36		1.058122e-33		9.698256e-05		1.571545e-09		0.000000e+00		0.000000e+00		5.530723e+14
375.000000		5.068083e+09		4.563628e+07		8.699234e-04		6.886627e+06		8.160186e-03		2.073534e+03		5.339174e+00		4.073032e+07		8.068330e-05		3.817920e+10		1.892287e+11		2.910143e+05		3.867194e+01		9.464241e+01		2.446991e+00		1.634559e+00		1.272094e-05		2.426582e+03		5.412942e+10		3.400273e-02		9.479693e+04		4.040585e-14		2.905328e-05		1.535710e-04		2.185184e-39		1.111856e+00		3.816534e+07		4.625878e+00		2.174414e+04		1.916484e+01		2.117213e+08		1.196566e+00		4.991745e+04		8.304440e-01		1.333663e+04		1.111143e+00		6.731731e+04		1.702424e-05		4.778404e-15		2.060264e-22		6.717486e+03		1.073381e+02		2.164036e-06		3.543610e-06		7.600167e-02		1.598511e-06		1.721027e-02		5.070664e-03		1.073975e-02		6.048777e-09		1.853862e+02		1.780572e-04		2.451928e+01		5.531752e-06		5.743994e+00		3.969795e-07		1.008548e-12		1.075340e-12		6.929343e-12		3.174205e-04		1.602666e-07		2.728532e-15		8.181593e-23		1.387737e-47		1.334150e-12		8.559935e-16		7.173452e-22		6.709896e-26		1.044971e-05		2.194221e-14		3.462467e-17		3.048068e-10		5.953537e-19		4.689184e-25		6.720065e-15		4.376301e-14		6.508209e-19		2.059854e-78		2.334111e-36		4.102194e-34		1.532358e-04		7.982480e-08		0.000000e+00		0.000000e+00		3.941063e+14
385.000000		5.576950e+09		1.693798e+07		1.224271e-03		3.919717e+06		1.123706e-03		2.467413e+03		2.183592e+00		3.283311e+07		7.614795e-05		2.703959e+10		1.351855e+11		3.600792e+05		2.741791e+01		2.848255e+02		3.415465e+00		1.311463e+00		1.311146e-04		8.181934e+03		3.821930e+10		4.086857e-02		1.280086e+05		1.002338e-14		3.646912e-05		1.781544e-04		8.961071e-39		2.925612e+00		7.272658e+07		6.398220e+00		2.875660e+04		2.487602e+01		1.914738e+08		2.326250e+00		2.851734e+04		4.380086e-01		6.617063e+03		4.865120e-01		4.992233e+04		5.469361e-06		8.112476e-16		1.528364e-23		2.863389e+03		5.184881e+01		1.094313e-06		1.709940e-06		6.230762e-02		5.894043e-07		5.697111e-03		1.553111e-03		7.164389e-03		2.275024e-09		1.264779e+02		5.731165e-05		1.747177e+01		1.982461e-06		9.387504e+00		2.354515e-07		6.708838e-13		9.023253e-13		8.682359e-12		2.262788e-04		1.299550e-07		5.401406e-16		3.941647e-24		1.498933e-49		8.145620e-13		5.894716e-16		1.238511e-22		4.024436e-27		9.847182e-06		6.103334e-14		3.573199e-17		3.744309e-10		4.053412e-19		8.200086e-26		3.248855e-14		9.679430e-14		5.599817e-19		4.531866e-79		1.072838e-36		2.015256e-34		1.906825e-04		8.269579e-06		0.000000e+00		0.000000e+00		2.808309e+14
395.000000		5.909012e+09		2.252754e+06		1.734041e-03		1.698259e+06		4.371962e-05		3.237007e+03		6.771754e-01		2.863473e+07		9.139037e-05		1.913801e+10		9.659625e+10		4.025639e+05		2.162038e+01		5.947295e+02		3.389181e+00		7.392145e-01		7.646699e-04		6.969188e+04		2.688974e+10		5.104305e-02		1.753369e+05		1.297379e-15		9.115563e-05		3.885023e-04		2.926895e-38		6.345267e+00		1.149133e+08		7.270639e+00		3.219278e+04		2.635542e+01		1.772643e+08		5.049343e+00		1.432534e+04		2.182522e-01		1.061803e+03		6.478384e-02		3.668703e+04		1.527113e-06		1.186150e-16		8.638072e-25		9.463058e+02		2.225268e+01		4.858888e-07		7.326409e-07		5.368072e-02		1.688988e-07		1.549193e-03		3.672612e-04		5.278315e-03		8.671579e-10		8.538093e+01		1.805004e-05		1.244994e+01		7.125937e-07		4.679221e+01		6.806372e-08		7.707027e-13		1.333230e-12		1.447578e-11		1.543484e-04		9.293566e-08		3.719177e-17		2.445999e-26		8.154883e-52		4.168577e-13		3.948082e-16		9.203237e-24		7.452020e-29		9.199025e-06		1.566474e-13		2.402055e-17		4.580164e-10		2.474843e-19		5.574169e-27		2.239606e-13		2.388797e-13		7.186159e-19		2.511707e-78		1.691517e-36		3.303624e-34		1.766518e-04		3.984740e-04		0.000000e+00		0.000000e+00		2.001137e+14
405.000000		5.995108e+09		2.326372e+05		2.475144e-03		5.779932e+05		1.080375e-06		4.473775e+03		1.648423e-01		2.630760e+07		1.236363e-04		1.353681e+10		6.902993e+10		2.631390e+05		1.305371e+01		3.708216e+03		1.042220e+01		1.511305e+00		2.813389e-03		4.384144e+05		1.883217e+10		7.681287e-02		2.488457e+05		1.414573e-16		1.377983e-04		5.365387e-04		7.919274e-38		1.185112e+01		1.560833e+08		7.059560e+00		4.316617e+04		3.226556e+01		1.677079e+08		1.285776e+01		1.509150e+04		3.178599e-01		1.493761e+02		8.183885e-03		2.655716e+04		4.163796e-07		1.668245e-17		4.680292e-26		2.705590e+02		8.768376e+00		1.962908e-07		2.881810e-07		4.871629e-02		2.725204e-08		3.870794e-04		7.488691e-05		4.099994e-03		3.329349e-10		5.685938e+01		5.525493e-06		8.871523e+00		2.565532e-07		2.282937e+02		1.054758e-08		1.984513e-12		4.939376e-12		2.625322e-11		9.682753e-05		8.937451e-08		3.190577e-18		1.525707e-28		4.317839e-54		2.818121e-13		3.740762e-16		7.578750e-25		1.174450e-30		8.458611e-06		7.561871e-13		7.027234e-17		5.520231e-10		1.922578e-19		4.976649e-28		1.452029e-12		3.451256e-13		1.637948e-18		1.017003e-76		1.535401e-35		3.028820e-33		1.266740e-04		3.171989e-03		0.000000e+00		0.000000e+00		1.425965e+14
415.000000		5.843342e+09		5.961697e+04		3.520660e-03		1.186795e+05		4.148661e-08		6.228676e+03		2.424990e-02		2.455099e+07		1.701202e-04		9.568316e+09		4.933927e+10		1.876755e+05		8.809258e+00		2.220539e+04		3.195876e+01		3.510985e+00		7.282986e-03		1.218660e+06		1.309410e+10		1.303075e-01		3.540041e+05		1.494338e-17		5.784448e-05		2.270518e-04		1.920838e-37		2.050573e+01		1.942948e+08		6.282585e+00		6.743595e+04		4.480101e+01		1.622651e+08		3.117071e+01		2.372935e+04		5.605715e-01		6.068485e+01		3.139998e-03		1.904103e+04		1.311444e-07		2.684486e-18		3.352926e-27		8.172687e+01		3.579862e+00		8.160742e-08		1.174719e-07		4.524766e-02		6.133945e-09		1.209426e-04		1.612729e-05		3.241564e-03		1.387812e-10		3.723212e+01		1.632941e-06		6.321634e+00		9.243550e-08		3.934190e+02		3.490995e-09		3.260928e-12		1.196302e-11		9.202370e-11		5.109101e-05		6.556418e-08		4.159412e-19		3.719794e-30		2.283465e-56		1.504421e-13		2.724804e-16		9.104033e-26		1.674921e-32		7.544263e-06		2.590412e-12		1.633326e-16		5.899277e-10		1.343628e-19		7.517678e-29		5.057790e-12		3.749924e-13		2.362704e-18		1.404074e-75		6.370558e-35		1.235386e-32		7.570425e-05		7.152751e-03		0.000000e+00		0.000000e+00		1.016110e+14
425.000000		5.487957e+09		2.129856e+04		4.885079e-03		1.035098e+04		9.770069e-10		8.497845e+03		1.513638e-03		2.262302e+07		2.246163e-04		6.758274e+09		3.527261e+10		1.393338e+05		6.497293e+00		9.654275e+04		7.435252e+01		6.568261e+00		1.441416e-02		2.519946e+06		9.004849e+09		2.205195e-01		4.812205e+05		1.542170e-18		8.169262e-06		3.621144e-05		4.352669e-37		3.402441e+01		2.283182e+08		5.291570e+00		1.107141e+05		6.361468e+01		1.602104e+08		6.991665e+01		3.826770e+04		9.546838e-01		4.715728e+01		1.927435e-03		1.357951e+04		4.739561e-08		4.930321e-19		3.121604e-28		4.955135e+01		2.551571e+00		5.893543e-08		8.362152e-08		4.102138e-02		2.319496e-09		6.075269e-05		6.971260e-06		2.521439e-03		1.026693e-10		2.389600e+01		4.625765e-07		4.504647e+00		3.329857e-08		3.851633e+02		1.255438e-09		2.352112e-12		1.280912e-11		1.376271e-10		1.962930e-05		2.116840e-08		3.016088e-20		7.271819e-32		1.206710e-58		4.009228e-14		8.576661e-17		7.001639e-27		1.109013e-34		6.312325e-06		3.853768e-12		1.335894e-16		4.818580e-10		4.644108e-20		6.904788e-30		7.571922e-12		2.945565e-13		1.555421e-18		1.070085e-75		5.550807e-35		1.031271e-32		5.192500e-05		1.097603e-02		0.000000e+00		0.000000e+00		7.240572e+13
435.000000		4.982867e+09		9.347524e+03		6.484189e-03		5.194343e+02		1.677740e-11		1.112171e+04		5.421520e-05		2.019843e+07		2.728264e-04		4.770006e+09		2.522168e+10		1.043504e+05		5.128781e+00		3.177275e+05		1.364147e+02		1.014467e+01		2.320786e-02		4.265620e+06		6.094562e+09		3.454441e-01		6.049209e+05		1.576603e-19		9.729274e-07		4.723382e-06		9.389107e-37		5.470860e+01		2.564578e+08		4.286207e+00		1.768660e+05		8.544860e+01		1.591083e+08		1.438255e+02		5.869713e+04		1.534755e+00		4.716933e+01		1.590461e-03		9.669205e+03		1.814841e-08		9.578866e-20		3.244294e-29		4.424929e+01		2.158248e+00		5.032479e-08		7.066026e-08		3.495246e-02		1.052460e-09		3.802350e-05		4.438571e-06		1.900079e-03		8.941436e-11		1.498329e+01		1.245006e-07		3.209906e+00		1.197741e-08		2.713837e+02		3.161176e-10		1.026480e-12		8.510962e-12		8.354673e-11		5.016706e-06		3.347532e-09		1.543917e-21		1.271502e-33		6.375914e-61		8.807604e-15		1.271084e-17		3.755267e-28		5.351906e-37		4.879270e-06		3.286806e-12		4.695838e-17		3.120859e-10		7.891931e-21		4.209237e-31		6.240385e-12		1.724661e-13		6.274894e-19		1.414478e-76		1.949158e-35		3.384500e-33		3.183361e-05		1.374496e-02		0.000000e+00		0.000000e+00		5.159468e+13
445.000000		4.385704e+09		4.770654e+03		8.164406e-03		6.343109e+01		8.376846e-13		1.382939e+04		4.718274e-06		1.731737e+07		2.993155e-04		3.364459e+09		1.803823e+10		7.844026e+04		4.311245e+00		8.422151e+05		2.080619e+02		1.352076e+01		3.181512e-02		6.220078e+06		4.035104e+09		4.896788e-01		6.961396e+05		1.610095e-20		8.052911e-07		3.250106e-06		1.945848e-36		8.528852e+01		2.770391e+08		3.383892e+00		2.682230e+05		1.059651e+02		1.550879e+08		2.705542e+02		8.471435e+04		2.319806e+00		5.087135e+01		1.599875e-03		6.884126e+03		7.144522e-09		1.913107e-20		3.556559e-30		3.908836e+01		1.445895e+00		3.394465e-08		4.730193e-08		2.746423e-02		4.501092e-10		2.510492e-05		2.795832e-06		1.393318e-03		6.043484e-11		9.134794e+00		3.138321e-08		2.287305e+00		4.291948e-09		1.613893e+02		6.288991e-11		3.671360e-13		4.812578e-12		3.526326e-11		1.022641e-06		3.902218e-10		7.384881e-23		2.489639e-35		3.368764e-63		3.124671e-15		1.318341e-18		1.713126e-29		2.491123e-39		3.594333e-06		2.738580e-12		1.511221e-17		1.846871e-10		9.171789e-22		2.123781e-32		3.800019e-12		9.494366e-14		2.058598e-19		1.039629e-77		5.094837e-36		8.066566e-34		1.450142e-05		1.485155e-02		0.000000e+00		0.000000e+00		3.676520e+13
455.000000		3.746800e+09		2.707019e+03		9.769713e-03		1.756857e+01		1.082589e-13		1.634093e+04		9.318352e-07		1.423665e+07		2.969083e-04		2.371865e+09		1.290257e+10		5.875644e+04		3.824625e+00		1.917687e+06		2.795178e+02		1.637517e+01		3.833359e-02		8.118007e+06		2.593490e+09		6.393235e-01		7.421333e+05		1.647082e-21		1.110954e-06		4.208980e-06		3.907042e-36		1.288353e+02		2.888879e+08		2.655511e+00		3.892718e+05		1.225190e+02		1.453898e+08		4.672340e+02		1.153799e+05		3.313964e+00		5.547079e+01		1.803238e-03		4.901834e+03		2.906367e-09		3.948735e-21		4.155283e-31		3.286753e+01		7.983159e-01		1.883331e-08		2.610173e-08		1.974149e-02		1.709566e-10		1.724419e-05		1.676668e-06		1.005206e-03		3.295023e-11		5.360794e+00		7.203220e-09		1.629881e+00		1.525422e-09		8.804237e+01		1.402477e-11		1.257023e-13		2.703685e-12		1.448276e-11		2.317159e-07		5.120251e-11		4.581358e-24		7.115393e-37		1.779896e-65		1.554678e-15		1.456766e-19		8.550281e-31		1.218624e-41		2.597929e-06		2.454766e-12		1.013715e-17		1.085296e-10		1.112448e-22		1.200380e-33		2.029611e-12		5.481704e-14		6.484668e-20		7.288460e-79		1.343277e-36		1.889793e-34		5.599917e-06		1.435998e-02		0.000000e+00		0.000000e+00		2.619805e+13
465.000000		3.107452e+09		1.640077e+03		1.119231e-02		5.467525e+00		1.719946e-14		1.845456e+04		2.078961e-07		1.124741e+07		2.693998e-04		1.671685e+09		9.229582e+09		4.373912e+04		3.560192e+00		4.199920e+06		3.666714e+02		1.991954e+01		4.151939e-02		9.853630e+06		1.598140e+09		8.119062e-01		7.526185e+05		1.693251e-22		1.530942e-06		5.314324e-06		7.715682e-36		1.890339e+02		2.916615e+08		2.162078e+00		5.654652e+05		1.385206e+02		1.303117e+08		7.471335e+02		1.493594e+05		4.524743e+00		6.108730e+01		2.216993e-03		3.490994e+03		1.243384e-09		8.573048e-22		5.357155e-32		2.642401e+01		3.730173e-01		8.830713e-09		1.219107e-08		1.317000e-02		5.709118e-11		1.250642e-05		9.617860e-07		7.195647e-04		1.496564e-11		2.952600e+00		1.416878e-09		1.161416e+00		5.329234e-10		4.609736e+01		3.750210e-12		4.308315e-14		1.570813e-12		6.959018e-12		5.839155e-08		7.682912e-12		3.582443e-25		2.317923e-38		9.404062e-68		9.576151e-16		1.758881e-20		5.026746e-32		6.919524e-44		1.863668e-06		2.179906e-12		1.058960e-17		6.520197e-11		1.505264e-23		8.228851e-35		1.030916e-12		3.358431e-14		2.154141e-20		5.957452e-80		3.889328e-37		4.727761e-35		1.794038e-06		1.281950e-02		0.000000e+00		0.000000e+00		1.866813e+13
475.000000		2.504304e+09		9.876006e+02		1.241288e-02		1.535118e+00		2.503047e-15		2.014266e+04		4.321474e-08		8.577212e+06		2.282983e-04		1.178400e+09		6.601551e+09		3.245194e+04		3.468591e+00		9.827638e+06		5.273690e+02		2.712386e+01		4.402812e-02		1.198359e+07		9.185376e+08		1.061444e+00		7.363533e+05		1.760496e-23		2.052580e-06		6.290525e-06		1.563898e-35		2.732374e+02		2.857478e+08		2.028629e+00		8.819490e+05		1.647846e+02		1.125358e+08		1.120927e+03		1.850088e+05		5.985168e+00		7.240152e+01		3.057380e-03		2.486696e+03		5.750238e-10		2.012432e-22		8.051884e-33		2.053896e+01		1.440978e-01		3.419848e-09		4.708010e-09		1.115330e-02		1.668456e-11		9.775933e-06		5.338760e-07		5.135151e-04		5.588387e-12		1.419849e+00		2.069423e-10		8.275984e-01		1.794358e-10		2.371480e+01		1.047176e-12		1.428641e-14		9.081541e-13		4.267423e-12		1.386624e-08		1.121160e-12		2.797597e-26		0.000000e+00		4.968576e-70		7.529057e-16		1.998930e-21		3.024218e-33		4.860954e-46		1.332477e-06		1.885919e-12		1.203642e-17		4.054379e-11		2.042964e-24		5.953226e-36		5.194476e-13		2.161047e-14		8.140410e-21		5.161784e-81		1.149957e-37		1.172776e-35		4.330146e-07		1.086960e-02		0.000000e+00		0.000000e+00		1.330249e+13
485.000000		1.966983e+09		5.187709e+02		1.372163e-02		4.025260e-01		3.015064e-16		2.211295e+04		1.065253e-08		6.412675e+06		1.982348e-04		8.313609e+08		4.720252e+09		2.554785e+04		3.684201e+00		2.162984e+07		7.743391e+02		3.768062e+01		7.193357e-02		1.720187e+07		4.595156e+08		1.424452e+00		6.689015e+05		1.951542e-24		2.619446e-06		6.911225e-06		3.865638e-35		4.299666e+02		2.711723e+08		2.752028e+00		1.615614e+06		2.263556e+02		9.344928e+07		1.640031e+03		2.201409e+05		7.913586e+00		1.173553e+02		5.216092e-03		1.771086e+03		3.051261e-10		5.419560e-23		1.589744e-33		1.608220e+01		5.789274e-02		1.376407e-09		1.891073e-09		1.890947e-02		5.726010e-12		8.690016e-06		2.992089e-07		3.661325e-04		2.239569e-12		4.751722e-01		1.519617e-11		5.897278e-01		5.542736e-11		1.211649e+01		2.716134e-13		4.166565e-15		4.713503e-13		3.154942e-12		3.513494e-09		1.898958e-13		2.313503e-27		8.716301e-38		2.625387e-72		7.313181e-16		2.648360e-22		1.942551e-34		4.808762e-48		9.512425e-07		1.607077e-12		1.424297e-17		2.628844e-11		3.305962e-25		4.708743e-37		2.736531e-13		1.437658e-14		3.948253e-21		3.306638e-82		2.837446e-38		2.358914e-36		1.249429e-07		8.995761e-03		0.000000e+00		0.000000e+00		9.479052e+12
495.000000		1.492301e+09		9.630790e+02		2.554892e-02		8.024718e-01		9.936523e-16		3.786286e+04		2.285817e-08		5.105993e+06		3.812247e-04		5.874280e+08		3.372749e+09		7.055407e+04		1.132794e+01		3.441783e+07		9.605052e+02		4.351477e+01		1.882580e-01		2.708601e+07		1.845192e+08		2.169527e+00		5.275075e+05		7.953640e-25		5.058644e-06		9.344803e-06		1.639471e-34		9.661667e+02		2.424735e+08		7.077820e+00		3.544886e+06		3.679404e+02		6.723851e+07		3.515011e+03		2.489036e+05		1.626058e+01		4.504854e+02		1.863002e-02		1.254362e+03		4.515951e-10		4.048063e-23		2.415997e-33		1.935946e+01		7.542657e-02		1.795556e-09		2.463426e-09		1.874273e-02		2.687919e-11		2.294508e-05		2.676546e-07		2.609858e-04		4.698106e-12		7.223251e-02		2.484808e-13		4.202266e-01		1.330053e-11		6.239427e+00		1.265693e-13		1.114014e-15		2.300036e-13		2.473781e-12		2.073126e-09		8.772046e-14		1.849380e-27		5.991653e-39		1.397111e-74		1.199745e-15		1.484268e-22		1.431212e-34		3.284064e-48		6.785725e-07		1.400634e-12		2.797325e-17		1.785959e-11		1.671144e-25		3.639514e-37		1.502388e-13		9.675208e-15		3.033521e-21		1.792020e-83		6.443440e-39		4.204127e-37		2.299621e-07		7.346928e-03		0.000000e+00		0.000000e+00		6.754558e+12
