0.500000		-6.056069e+100		-4.138687e+100		-1.210671e+101		3.974697e+101		7.679444e+100		4.388164e+101		-8.018966e+100		1.798721e+101		inf		1.844765e+101		inf		6.137172e+100		-2.265994e+101		-4.561912e+101		-2.043585e+96		-2.043658e+96		4.137227e+100		2.571183e+100		1.317910e+101		4.301752e+100		-5.013015e+100		-4.568244e+100		1.029558e+102		7.123071e+100		4.852136e+100		2.741936e+100		-0.000000e+00		5.621193e+100		7.204979e+100		2.861709e+100		2.324039e+100		6.524660e+100		3.977496e+100		1.414565e+96		4.781834e+100		4.195927e+100		1.174409e+101		1.170323e+101		3.400457e+101		-5.630400e+102		3.725772e+101		-9.311141e+101		2.488333e+101		1.946594e+102		1.776648e+102		1.783035e+102		-9.567009e+100		-2.801358e+101		-4.739001e+102		1.170748e+101		-1.642435e+101		-4.230774e+100		-2.038893e+101		-8.841844e+100		9.560870e+97		4.067145e+97		
1.500000		-6.222165e+100		-4.138662e+100		-1.369172e+101		5.896372e+100		9.331306e+100		3.462553e+101		-7.373413e+100		4.257448e+102		1.676653e+106		7.793498e+101		3.579948e+105		6.137782e+100		-2.596610e+101		-9.557937e+100		-5.188342e+93		-5.188342e+93		4.626755e+100		2.298773e+100		3.998012e+101		4.301726e+100		-3.281645e+100		-4.579990e+100		4.784421e+101		7.726002e+100		7.565290e+100		2.766971e+100		-0.000000e+00		5.351111e+100		2.921166e+101		3.957470e+100		3.166743e+100		4.999829e+100		3.976977e+100		9.347906e+94		4.784318e+100		5.333812e+100		7.735346e+100		1.860434e+101		2.920805e+101		-2.814059e+101		-1.003978e+103		-1.411347e+101		1.864468e+101		1.303697e+102		1.227529e+102		1.231013e+102		-9.631780e+100		-1.790694e+101		-1.360875e+101		-2.180380e+101		-1.285659e+101		-4.212913e+100		-2.176929e+101		-1.057851e+101		9.560914e+97		4.067149e+97		
2.500000		-6.468127e+100		-4.138642e+100		-1.401373e+101		-6.504569e+101		1.772478e+101		-5.485508e+101		-6.999881e+100		3.988706e+102		-1.189978e+106		1.243852e+102		1.685072e+105		6.138806e+100		-3.345680e+101		-2.070972e+101		1.352594e+95		1.352596e+95		5.698918e+100		2.564228e+100		2.593180e+101		4.301740e+100		-4.156431e+100		-4.593143e+100		1.579659e+101		8.261156e+100		1.052846e+101		2.883380e+100		-0.000000e+00		5.749547e+100		-1.013309e+102		4.761868e+100		3.639522e+100		6.450374e+100		3.976010e+100		-5.652600e+96		4.805630e+100		5.417072e+100		1.001827e+101		3.255432e+101		4.543054e+101		-1.897778e+101		-3.291026e+101		-9.510233e+100		2.087890e+101		-1.337919e+102		-1.431808e+102		-1.427132e+102		-8.851782e+100		-1.731474e+101		-1.090780e+101		-2.679266e+101		-8.541962e+100		-4.837405e+100		-2.019106e+101		-1.154827e+101		9.561732e+97		4.067177e+97		
3.500000		-6.976340e+100		-4.138583e+100		-1.439533e+101		-3.351849e+101		2.538753e+101		-3.056289e+101		-6.755346e+100		2.439139e+102		-1.924656e+106		1.175110e+102		1.439701e+105		6.140681e+100		-1.935149e+102		-5.012841e+101		-9.480853e+95		-9.480765e+95		5.596827e+100		2.550636e+100		2.022546e+101		4.301738e+100		-5.183568e+100		-4.606539e+100		1.272847e+101		8.379558e+100		1.125695e+101		2.956671e+100		-0.000000e+00		5.668871e+100		-5.427277e+101		4.887199e+100		3.742471e+100		6.370679e+100		3.975023e+100		-9.802003e+96		4.822381e+100		1.144461e+101		1.037611e+101		2.023013e+101		3.054232e+101		-2.174039e+102		3.521930e+101		-1.026526e+102		1.700870e+101		-1.349982e+102		-1.457729e+102		-1.452593e+102		-9.248447e+100		-1.733131e+101		-1.295390e+101		2.204063e+102		-9.006061e+100		-5.133956e+100		-2.018685e+101		-1.224015e+101		9.563917e+97		4.067306e+97		
4.500000		-7.929028e+100		-4.138498e+100		-1.578595e+101		-3.223989e+101		3.176137e+101		-2.935157e+101		-6.558393e+100		1.696532e+102		-3.723282e+106		9.247528e+101		1.366691e+105		6.143752e+100		2.545556e+101		1.935879e+102		-2.562110e+96		-2.562035e+96		5.537773e+100		2.541650e+100		1.855638e+101		4.301720e+100		-6.825048e+100		-4.619698e+100		1.163791e+101		8.409631e+100		1.171326e+101		3.013878e+100		-4.789169e+89		6.014520e+100		-3.629778e+101		4.996554e+100		3.915680e+100		6.326095e+100		3.974078e+100		1.101171e+98		4.838841e+100		3.624607e+101		1.002896e+101		1.558315e+101		2.543056e+101		2.449930e+101		1.244489e+101		1.233930e+101		1.559114e+101		-5.704339e+102		-9.026068e+102		-8.793429e+102		-1.052755e+101		-1.736640e+101		-1.579335e+101		2.949107e+101		-9.103564e+100		-5.386114e+100		-2.185368e+101		-1.285115e+101		9.566728e+97		4.067527e+97		
5.500000		-9.914292e+100		-4.138452e+100		-2.150313e+101		-5.382507e+101		3.684230e+101		-4.548819e+101		-6.529594e+100		1.267796e+102		1.156002e+106		7.172010e+101		9.176883e+104		6.148265e+100		1.407475e+101		2.885348e+101		-2.112439e+96		-2.112378e+96		5.850217e+100		2.621337e+100		1.712386e+101		4.301769e+100		-1.081282e+101		-4.631994e+100		1.111434e+101		8.426963e+100		1.169005e+101		3.059681e+100		-1.717858e+90		6.877143e+100		-2.312971e+101		5.339578e+100		4.407804e+100		6.862483e+100		3.973178e+100		-2.297142e+98		4.853660e+100		3.862548e+101		9.684885e+100		1.374784e+101		3.162681e+101		1.932843e+101		1.197137e+101		9.662801e+100		1.816900e+101		2.476805e+102		2.079027e+102		2.092869e+102		-1.296248e+101		-1.736892e+101		-2.018167e+101		2.864575e+101		-8.395175e+100		-5.675244e+100		-2.527972e+101		-1.346268e+101		9.570049e+97		4.067817e+97		
6.500000		-1.352679e+101		-4.138443e+100		-3.252738e+101		-1.840180e+102		4.070001e+101		-1.058517e+102		-6.612552e+100		1.022912e+102		1.657715e+106		5.831524e+101		7.433788e+104		6.154785e+100		1.188373e+101		1.562528e+101		3.545455e+97		3.547475e+97		6.392289e+100		2.709215e+100		1.573211e+101		4.301807e+100		-3.300888e+101		-4.643111e+100		1.083273e+101		8.445243e+100		1.134610e+101		3.098273e+100		-0.000000e+00		7.449474e+100		-2.059178e+101		5.737170e+100		5.160416e+100		7.524764e+100		3.972397e+100		-7.301264e+100		4.865125e+100		3.550122e+101		9.416383e+100		1.282185e+101		4.580404e+101		2.381031e+101		1.563588e+101		1.189780e+101		2.270992e+101		1.166528e+102		1.053449e+102		1.057012e+102		-1.585703e+101		-1.733474e+101		-3.214466e+101		3.555347e+101		-7.826311e+100		-5.981824e+100		-2.916847e+101		-1.407963e+101		9.572534e+97		4.232641e+97		
7.500000		-2.174700e+101		-4.138423e+100		-4.564319e+101		8.819704e+102		4.435059e+101		-3.091830e+102		-6.736840e+100		8.237368e+101		-2.788206e+106		4.666771e+101		6.858605e+104		6.168805e+100		1.090940e+101		1.068522e+101		1.297672e+98		1.300714e+98		7.238492e+100		2.752449e+100		1.442438e+101		4.301869e+100		2.047578e+101		-4.658012e+100		1.064010e+101		8.472075e+100		1.088431e+101		3.143675e+100		0.000000e+00		7.641404e+100		-2.136462e+101		6.129287e+100		6.195639e+100		7.896589e+100		3.971292e+100		6.068038e+99		4.869885e+100		3.688281e+101		9.130567e+100		1.217125e+101		5.451925e+101		2.638660e+101		1.775636e+101		1.319443e+101		2.539692e+101		7.543769e+101		6.982529e+101		6.998523e+101		-1.868109e+101		-1.725327e+101		-1.396958e+102		3.680373e+101		-7.743285e+100		-6.341833e+100		-3.375187e+101		-1.501082e+101		9.575375e+97		4.352386e+97		
8.500000		-5.991767e+101		-4.138474e+100		-4.872852e+101		1.029836e+103		4.736600e+101		-2.624959e+102		-7.013768e+100		5.862758e+101		-2.605249e+106		3.230702e+101		6.448654e+104		6.231845e+100		9.682229e+100		8.153708e+100		3.157276e+101		-7.006879e+100		8.024089e+100		2.717416e+100		1.242134e+101		4.301879e+100		6.819407e+100		-4.697498e+100		1.054191e+101		8.531370e+100		9.840831e+100		3.166320e+100		-9.509946e+89		7.842383e+100		-2.228094e+101		6.201091e+100		7.003511e+100		7.637979e+100		3.968043e+100		2.613559e+100		4.793972e+100		3.845172e+101		8.623216e+100		1.126152e+101		3.715220e+101		1.782906e+101		1.204469e+101		8.927259e+100		2.123666e+101		4.325348e+101		4.109626e+101		4.115708e+101		-2.347354e+101		-1.710707e+101		4.926220e+101		2.660614e+101		-8.649977e+100		-7.115355e+100		-4.429634e+101		-1.768043e+101		9.582152e+97		4.503250e+97		
9.500000		-1.316275e+102		-4.138538e+100		-4.563426e+101		-4.468240e+103		4.685852e+101		-1.870781e+102		-7.317986e+100		4.711691e+101		-8.126580e+105		2.547436e+101		4.627934e+104		6.462269e+100		8.072194e+100		7.952216e+100		5.850940e+99		6.202949e+99		7.806821e+100		2.655333e+100		1.018570e+101		4.301946e+100		5.231794e+100		-4.784305e+100		1.064881e+101		8.622165e+100		8.366994e+100		3.064833e+100		0.000000e+00		7.385391e+100		-2.873969e+101		5.692891e+100		6.781738e+100		7.183128e+100		3.959507e+100		1.023381e+101		4.488780e+100		3.133944e+101		8.123164e+100		1.047065e+101		2.223903e+101		1.076932e+101		7.257487e+100		5.395402e+100		1.526252e+101		2.445844e+101		2.367591e+101		2.369522e+101		-4.175775e+101		-1.693838e+101		2.286026e+101		1.964334e+101		-1.085870e+101		-8.540256e+100		-7.956888e+101		-2.362186e+101		9.595415e+97		4.623620e+97		
10.500000		-6.059882e+101		-4.138644e+100		-8.308195e+101		9.702961e+101		4.543436e+101		2.020354e+102		-7.331342e+100		8.482333e+101		-2.137742e+101		4.830113e+101		3.800198e+104		6.938120e+100		6.929141e+100		9.461342e+100		-9.376237e+100		-8.001046e+100		7.745309e+100		2.705011e+100		8.695161e+100		4.302109e+100		4.701148e+100		-4.907560e+100		1.078281e+101		8.681147e+100		7.298415e+100		2.972132e+100		-0.000000e+00		6.967071e+100		-3.744012e+101		5.579912e+100		7.150379e+100		7.570034e+100		3.946104e+100		9.917350e+100		4.187186e+100		1.940534e+101		7.959583e+100		1.024029e+101		1.787190e+101		8.801700e+100		5.899936e+100		4.404214e+100		1.295178e+101		1.598803e+101		1.562516e+101		1.563295e+101		2.090425e+101		-1.748856e+101		2.222779e+101		2.159390e+101		-1.234702e+101		-1.043258e+101		-3.503271e+103		-3.233224e+101		9.610485e+97		4.682574e+97		
11.500000		-3.541868e+101		-4.138769e+100		1.017368e+102		3.088677e+101		4.496333e+101		3.709963e+101		-7.467547e+100		-9.571031e+101		-1.157609e+101		-4.247060e+101		2.686141e+104		7.726308e+100		5.882137e+100		1.256137e+101		1.146136e+100		1.112833e+100		7.578846e+100		2.825943e+100		7.246640e+100		4.302335e+100		4.190197e+100		-5.061277e+100		9.746396e+100		7.988381e+100		6.240756e+100		2.890932e+100		0.000000e+00		6.604811e+100		-5.294596e+101		5.794359e+100		8.121766e+100		8.603606e+100		3.928840e+100		8.291533e+100		3.962125e+100		1.091734e+101		7.657984e+100		9.674632e+100		1.836851e+101		9.378938e+100		6.212661e+100		4.692478e+100		1.316750e+101		1.212346e+101		1.190617e+101		1.191123e+101		8.574862e+100		3.188126e+101		4.486777e+101		3.578160e+101		-1.248786e+101		-1.357472e+101		7.375183e+101		-4.398796e+101		9.624596e+97		4.713556e+97		
12.500000		-3.048545e+101		-4.138900e+100		3.703522e+101		2.032353e+101		4.560463e+101		2.278284e+101		-8.094046e+100		-3.570782e+101		-8.851666e+100		-1.703049e+101		2.290156e+104		8.782423e+100		5.142067e+100		1.648072e+101		3.979681e+100		3.393249e+100		7.008620e+100		2.858817e+100		6.177744e+100		4.302667e+100		3.883194e+100		-5.224678e+100		7.426025e+100		6.374919e+100		5.440672e+100		2.833025e+100		-6.286697e+89		5.934626e+100		-5.463529e+102		5.812186e+100		8.456779e+100		8.906831e+100		3.910760e+100		6.795388e+100		3.825619e+100		7.445173e+100		7.015920e+100		8.557583e+100		1.748606e+101		9.246456e+100		6.052552e+100		4.626753e+100		1.275563e+101		9.875032e+100		9.730025e+100		9.733054e+100		5.879683e+100		5.113870e+100		1.175655e+102		4.303228e+101		-1.492737e+101		-2.262084e+101		3.866444e+101		-5.653959e+101		9.635448e+97		4.730218e+97		
13.500000		-3.088850e+101		-4.138987e+100		2.612964e+101		1.671214e+101		4.690708e+101		1.825690e+101		-9.144970e+100		-2.543966e+101		-7.699660e+100		-1.229845e+101		1.936775e+104		1.006865e+101		4.656255e+100		2.081639e+101		1.731640e+101		9.455292e+100		6.349769e+100		2.820003e+100		5.468238e+100		4.302971e+100		3.708772e+100		-5.386673e+100		6.432071e+100		5.649554e+100		4.897323e+100		2.796776e+100		-0.000000e+00		5.212474e+100		4.655019e+101		5.694503e+100		8.162278e+100		8.525497e+100		3.893456e+100		5.428239e+100		3.739241e+100		5.771253e+100		6.350470e+100		7.476182e+100		1.652634e+101		8.995321e+100		5.829551e+100		4.501157e+100		1.232692e+101		8.733774e+100		8.623679e+100		8.625869e+100		4.824216e+100		4.677066e+100		8.702389e+102		3.986298e+101		-2.020885e+101		-6.182912e+101		2.856169e+101		-6.798007e+101		9.643109e+97		4.739865e+97		
14.500000		-3.319776e+101		-4.139058e+100		2.147337e+101		1.483530e+101		4.847835e+101		1.595496e+101		-1.045170e+101		-2.096509e+101		-7.131320e+100		-1.020979e+101		1.614667e+104		1.147683e+101		4.342034e+100		2.536447e+101		4.105502e+100		3.433641e+100		5.814762e+100		2.768192e+100		5.011857e+100		4.303346e+100		3.592867e+100		-5.538536e+100		5.821374e+100		5.190929e+100		4.542251e+100		2.777494e+100		-4.114180e+89		4.652875e+100		2.245353e+101		5.683586e+100		7.758745e+100		8.051588e+100		3.878346e+100		4.456163e+100		3.664580e+100		4.822339e+100		5.842173e+100		6.680974e+100		1.561753e+101		8.758364e+100		5.616185e+100		4.382495e+100		1.190695e+101		8.005357e+100		7.917403e+100		7.919137e+100		4.268143e+100		4.451608e+100		-2.750321e+102		3.458758e+101		-3.097686e+101		1.161657e+102		2.394595e+101		-7.688210e+101		9.648007e+97		4.745487e+97		
15.500000		-3.642778e+101		-4.139094e+100		1.846173e+101		1.346114e+101		5.013536e+101		1.430008e+101		-1.196779e+101		-1.807141e+101		-6.807276e+100		-8.850261e+100		1.383858e+104		1.298542e+101		4.114713e+100		3.025450e+101		3.666892e+100		3.141337e+100		5.402261e+100		2.726660e+100		4.686464e+100		4.303802e+100		3.494969e+100		-5.685375e+100		5.362528e+100		4.836614e+100		4.285823e+100		2.762059e+100		-7.010453e+89		4.276123e+100		1.575395e+101		5.850510e+100		7.446810e+100		7.692865e+100		3.865260e+100		3.849674e+100		3.565564e+100		4.198003e+100		5.476264e+100		6.105432e+100		1.531156e+101		8.971842e+100		5.661724e+100		4.489538e+100		1.181689e+101		7.555411e+100		7.482066e+100		7.483527e+100		3.935449e+100		4.347205e+100		-9.132401e+101		3.323737e+101		-5.303098e+101		3.467139e+101		2.147744e+101		-8.339198e+101		9.651092e+97		4.748936e+97		
16.500000		-4.011474e+101		-4.139110e+100		1.641509e+101		1.243969e+101		5.177065e+101		1.308430e+101		-1.366345e+101		-1.611733e+101		-6.605809e+100		-7.927992e+100		1.261787e+104		1.457077e+101		3.947522e+100		3.567443e+101		3.504362e+100		3.043733e+100		5.087857e+100		2.694445e+100		4.449401e+100		4.304268e+100		3.413262e+100		-5.839018e+100		5.009087e+100		4.556820e+100		4.097263e+100		2.746438e+100		0.000000e+00		4.032413e+100		1.288058e+101		6.111359e+100		7.213930e+100		7.424940e+100		3.853913e+100		3.427412e+100		3.422445e+100		3.776220e+100		5.222909e+100		5.684858e+100		1.508611e+101		9.363222e+100		5.782195e+100		4.685401e+100		1.176223e+101		7.209512e+100		7.147712e+100		7.148983e+100		3.713759e+100		4.318700e+100		-5.095937e+101		3.380757e+101		-1.337808e+102		2.165196e+101		2.008556e+101		-8.800596e+101		9.653008e+97		4.751116e+97		
17.500000		-4.338944e+101		-4.139102e+100		1.521054e+101		1.181762e+101		5.334448e+101		1.233672e+101		-1.546995e+101		-1.492283e+101		-6.470470e+100		-7.359015e+100		1.184247e+104		1.623818e+101		3.831110e+100		4.257637e+101		3.310797e+100		2.913921e+100		4.852104e+100		2.663380e+100		4.283305e+100		4.304716e+100		3.357556e+100		-6.030488e+100		4.736843e+100		4.336985e+100		3.964934e+100		2.731161e+100		-0.000000e+00		3.868061e+100		1.133378e+101		6.330369e+100		7.000682e+100		7.177712e+100		3.843977e+100		3.090608e+100		3.247467e+100		3.503855e+100		5.057245e+100		5.376836e+100		1.527463e+101		1.021713e+101		6.127725e+100		5.112992e+100		1.194941e+101		7.069913e+100		7.015416e+100		7.016522e+100		3.606391e+100		4.391078e+100		-3.227474e+101		3.924587e+101		3.337213e+103		1.723130e+101		1.934934e+101		-9.124940e+101		9.654208e+97		4.752544e+97		
18.500000		-4.531436e+101		-4.139095e+100		1.408863e+101		1.119538e+101		5.484502e+101		1.160598e+101		-1.730669e+101		-1.374458e+101		-6.373122e+100		-6.803665e+100		1.139375e+104		1.801209e+101		3.734288e+100		5.296690e+101		3.195272e+100		2.834062e+100		4.671794e+100		2.647063e+100		4.146494e+100		4.305073e+100		3.299556e+100		-6.339556e+100		4.515948e+100		4.154842e+100		3.855052e+100		2.715766e+100		-0.000000e+00		3.776786e+100		1.056846e+101		6.531609e+100		6.892002e+100		7.045230e+100		3.835074e+100		2.779598e+100		3.083512e+100		3.293757e+100		4.968262e+100		5.143958e+100		1.557073e+101		1.152880e+101		6.631025e+100		5.770097e+100		1.219831e+101		6.941359e+100		6.894040e+100		6.894922e+100		3.533134e+100		4.573608e+100		-2.143084e+101		5.521527e+101		1.674941e+102		1.470302e+101		1.892342e+101		-9.356296e+101		9.654973e+97		4.753518e+97		
19.500000		-4.638010e+101		-4.139095e+100		1.375932e+101		1.104230e+101		5.624613e+101		1.138901e+101		-1.920029e+101		-1.331869e+101		-6.301611e+100		-6.594872e+100		1.138860e+104		1.986778e+101		3.682530e+100		6.879618e+101		3.151091e+100		2.805644e+100		4.534704e+100		2.616105e+100		4.066950e+100		4.305405e+100		3.281565e+100		-6.969429e+100		4.349534e+100		4.015215e+100		3.792701e+100		2.701512e+100		-0.000000e+00		3.692163e+100		9.904187e+100		6.543299e+100		6.694593e+100		6.816078e+100		3.827104e+100		2.454981e+100		2.982133e+100		3.189976e+100		4.923427e+100		4.965806e+100		1.506587e+101		1.190375e+101		6.656530e+100		5.957592e+100		1.194283e+101		6.811663e+100		6.770695e+100		6.771448e+100		3.507331e+100		4.693446e+100		-1.799892e+101		7.205529e+101		7.199571e+101		1.300665e+101		1.867821e+101		-9.520291e+101		9.655457e+97		4.754188e+97		
20.500000		-4.575139e+101		-4.139078e+100		1.309795e+101		1.065887e+101		5.759215e+101		1.093569e+101		-2.108540e+101		-1.252173e+101		-6.244543e+100		-6.224373e+100		1.119209e+104		2.188550e+101		3.626691e+100		1.011702e+102		3.120437e+100		2.781533e+100		4.420712e+100		2.604309e+100		3.984295e+100		4.305769e+100		3.243873e+100		-8.683190e+100		4.207715e+100		3.894287e+100		3.726500e+100		2.688333e+100		-7.675215e+89		3.665165e+100		9.661073e+100		6.597863e+100		6.620796e+100		6.723227e+100		3.819756e+100		2.151645e+100		2.935128e+100		3.091528e+100		4.935443e+100		4.818409e+100		1.458035e+101		1.243683e+101		6.718942e+100		6.224243e+100		1.168500e+101		6.610716e+100		6.576613e+100		6.577181e+100		3.472883e+100		4.878800e+100		-1.484412e+101		1.363862e+102		4.803710e+101		1.157765e+101		1.852774e+101		-9.644030e+101		9.655777e+97		4.754678e+97		
21.500000		-4.412232e+101		-4.139088e+100		1.310063e+101		1.070122e+101		5.886490e+101		1.093503e+101		-2.287445e+101		-1.230323e+101		-6.199625e+100		-6.115973e+100		1.148149e+104		2.400166e+101		3.610620e+100		1.904041e+102		3.143601e+100		2.796056e+100		4.336563e+100		2.575748e+100		3.951675e+100		4.306104e+100		3.246765e+100		-1.583296e+101		4.117960e+100		3.816567e+100		3.703090e+100		2.679071e+100		1.164639e+89		3.622009e+100		9.280404e+100		6.497348e+100		6.445910e+100		6.524332e+100		3.813203e+100		1.915495e+100		2.947585e+100		3.076588e+100		4.960122e+100		4.705988e+100		1.359124e+101		1.164832e+101		6.278687e+100		5.829437e+100		1.108015e+101		6.448576e+100		6.420369e+100		6.420881e+100		3.489285e+100		4.916988e+100		-1.443840e+101		1.697344e+102		3.379856e+101		1.061528e+101		1.846143e+101		-9.738354e+101		9.655983e+97		4.755034e+97		
22.500000		-4.168245e+101		-4.139046e+100		1.305720e+101		1.070790e+101		6.014610e+101		1.090171e+101		-2.453014e+101		-1.199429e+101		-6.161828e+100		-5.972926e+100		1.144794e+104		2.626522e+101		3.601334e+100		1.947153e+103		3.187868e+100		2.823029e+100		4.267053e+100		2.553372e+100		3.930498e+100		4.306415e+100		3.249915e+100		5.743906e+101		4.058439e+100		3.764809e+100		3.689405e+100		2.673605e+100		0.000000e+00		3.606122e+100		9.029140e+100		6.407335e+100		6.311717e+100		6.372266e+100		3.807316e+100		1.770552e+100		2.991794e+100		3.086099e+100		5.002780e+100		4.611567e+100		1.260280e+101		1.067121e+101		5.783613e+100		5.339642e+100		1.044872e+101		6.259790e+100		6.236954e+100		6.237299e+100		3.515163e+100		4.945122e+100		-1.427157e+101		1.754328e+102		2.606460e+101		9.795002e+100		1.844606e+101		-9.812248e+101		9.656120e+97		4.755302e+97		
23.500000		-3.851636e+101		-4.139031e+100		1.301086e+101		1.070889e+101		6.145870e+101		1.086480e+101		-2.579804e+101		-1.162096e+101		-6.129340e+100		-5.800661e+100		1.142075e+104		2.864181e+101		3.601774e+100		-2.247093e+102		3.259081e+100		2.865212e+100		4.214250e+100		2.536537e+100		3.928097e+100		4.306720e+100		3.258033e+100		9.317574e+100		4.031493e+100		3.741471e+100		3.692107e+100		2.673679e+100		0.000000e+00		3.620977e+100		8.877411e+100		6.336903e+100		6.212644e+100		6.259206e+100		3.802139e+100		1.699814e+100		3.060728e+100		3.124293e+100		5.058215e+100		4.537116e+100		1.172366e+101		9.729074e+100		5.321405e+100		4.867393e+100		9.867165e+100		6.080422e+100		6.062045e+100		6.062332e+100		3.561557e+100		4.999063e+100		-1.411166e+101		1.627262e+102		2.156263e+101		9.171993e+100		1.846721e+101		-9.867504e+101		9.656209e+97		4.755506e+97		
24.500000		-3.581133e+101		-4.139019e+100		1.334780e+101		1.096494e+101		6.287445e+101		1.109535e+101		-2.683287e+101		-1.156227e+101		-6.100939e+100		-5.762227e+100		1.150071e+104		3.111523e+101		3.624273e+100		-1.104372e+102		3.361805e+100		2.930415e+100		4.173632e+100		2.509550e+100		3.963111e+100		4.306943e+100		3.293716e+100		5.668188e+100		4.044409e+100		3.753400e+100		3.728082e+100		2.678506e+100		-8.406786e+89		3.633995e+100		8.583845e+100		6.193320e+100		6.056634e+100		6.089996e+100		3.797602e+100		1.677920e+100		3.149587e+100		3.205962e+100		5.086696e+100		4.476183e+100		1.071312e+101		8.423723e+100		4.719227e+100		4.213733e+100		9.169407e+100		5.908289e+100		5.893416e+100		5.893585e+100		3.638758e+100		4.955408e+100		-1.532555e+101		8.652810e+101		1.786929e+101		8.657479e+100		1.850959e+101		-9.917854e+101		9.656267e+97		4.755662e+97		
25.500000		-3.211746e+101		-4.139020e+100		1.310171e+101		1.082035e+101		6.440826e+101		1.091950e+101		-2.688781e+101		-1.092859e+101		-6.075695e+100		-5.481001e+100		1.174799e+104		3.363442e+101		3.636291e+100		-6.873445e+101		3.481645e+100		2.995320e+100		4.146430e+100		2.508769e+100		4.008280e+100		4.307148e+100		3.299487e+100		4.660129e+100		4.083407e+100		3.787151e+100		3.773485e+100		2.693531e+100		-0.000000e+00		3.755775e+100		8.667878e+100		6.211591e+100		6.052868e+100		6.079243e+100		3.793898e+100		1.679237e+100		3.228282e+100		3.260098e+100		5.172793e+100		4.430735e+100		1.025537e+101		8.043807e+100		4.511162e+100		4.023171e+100		8.859288e+100		5.787875e+100		5.775688e+100		5.775899e+100		3.730765e+100		5.194059e+100		-1.399430e+101		1.063554e+102		1.659914e+101		8.389161e+100		1.856084e+101		-9.957289e+101		9.656304e+97		4.755780e+97		
26.500000		-3.001322e+101		-4.139053e+100		1.372126e+101		1.125942e+101		6.620469e+101		1.134269e+101		-2.705563e+101		-1.102759e+101		-6.053576e+100		-5.490933e+100		1.183108e+104		3.627299e+101		3.678997e+100		-5.320876e+101		3.637356e+100		3.092902e+100		4.125402e+100		2.479449e+100		4.110879e+100		4.307306e+100		3.351312e+100		4.321650e+100		4.165727e+100		3.860369e+100		3.870550e+100		2.711528e+100		-9.463139e+89		3.850113e+100		8.338228e+100		6.046931e+100		5.887954e+100		5.905108e+100		3.790848e+100		1.701001e+100		3.301181e+100		3.338468e+100		5.174699e+100		4.389410e+100		9.679385e+100		7.243493e+100		4.145803e+100		3.622535e+100		8.455258e+100		5.753058e+100		5.742695e+100		5.742849e+100		3.893442e+100		5.236239e+100		-1.523059e+101		6.720457e+101		1.508298e+101		8.292546e+100		1.861468e+101		-9.989367e+101		9.656327e+97		4.755870e+97		
27.500000		-2.602427e+101		-4.139135e+100		1.302535e+101		1.078987e+101		6.830070e+101		1.084908e+101		-2.530007e+101		-9.989112e+100		-6.033654e+100		-5.044957e+100		1.220174e+104		3.902315e+101		3.686794e+100		-3.879865e+101		3.832261e+100		3.184797e+100		4.122898e+100		2.502860e+100		4.224148e+100		4.307402e+100		3.329055e+100		4.221048e+100		4.270289e+100		3.949345e+100		3.978105e+100		2.752089e+100		0.000000e+00		4.221072e+100		8.795575e+100		6.214862e+100		6.021000e+100		6.035476e+100		3.788477e+100		1.726888e+100		3.337578e+100		3.338297e+100		5.327501e+100		4.365888e+100		9.832016e+100		7.673501e+100		4.312808e+100		3.837104e+100		8.604041e+100		5.780304e+100		5.771344e+100		5.771491e+100		4.054175e+100		6.003824e+100		-1.167983e+101		3.026080e+102		1.608455e+101		8.541990e+100		1.866375e+101		-1.001791e+102		9.656342e+97		4.755937e+97		
28.500000		-2.433929e+101		-4.139264e+100		1.357564e+101		1.116845e+101		7.091349e+101		1.121723e+101		-2.444767e+101		-9.981388e+100		-6.017718e+100		-5.015835e+100		1.183465e+104		4.201426e+101		3.724245e+100		-3.314906e+101		4.059196e+100		3.316469e+100		4.115638e+100		2.480609e+100		4.367044e+100		4.307545e+100		3.367525e+100		4.218151e+100		4.387298e+100		4.053781e+100		4.113683e+100		2.779218e+100		0.000000e+00		4.525274e+100		8.498615e+100		6.090259e+100		5.895485e+100		5.904524e+100		3.786692e+100		1.765718e+100		3.364285e+100		3.361843e+100		5.325516e+100		4.331206e+100		9.607884e+100		7.278471e+100		4.143969e+100		3.639196e+100		8.469819e+100		5.865473e+100		5.857136e+100		5.857126e+100		4.300882e+100		6.365819e+100		-1.176458e+101		1.985057e+102		1.582665e+101		8.838800e+100		1.870694e+101		-1.004228e+102		9.656352e+97		4.755983e+97		
29.500000		-2.433573e+101		-4.139387e+100		1.501337e+101		1.213418e+101		7.406023e+101		1.217960e+101		-2.463767e+101		-1.066705e+101		-6.005519e+100		-5.293612e+100		1.120705e+104		4.523564e+101		3.772891e+100		-3.152827e+101		4.273220e+100		3.465039e+100		4.094333e+100		2.430015e+100		4.475084e+100		4.307643e+100		3.437462e+100		4.254302e+100		4.480691e+100		4.144187e+100		4.220020e+100		2.780681e+100		0.000000e+00		4.748268e+100		7.762303e+100		5.793334e+100		5.619555e+100		5.623724e+100		3.785473e+100		1.809305e+100		3.376120e+100		3.392788e+100		5.201683e+100		4.276233e+100		9.266554e+100		6.606163e+100		3.859045e+100		3.302856e+100		8.243978e+100		6.001735e+100		5.993810e+100		5.993939e+100		4.624137e+100		6.349232e+100		-1.402195e+101		6.726786e+101		1.485089e+101		9.117294e+100		1.874061e+101		-1.006372e+102		9.656358e+97		4.756008e+97		
30.500000		-2.275688e+101		-4.139540e+100		1.533906e+101		1.231387e+101		7.774211e+101		1.235142e+101		-2.310003e+101		-1.044025e+101		-5.995343e+100		-5.262699e+100		1.089181e+104		4.868299e+101		3.798856e+100		-2.771990e+101		4.594425e+100		3.643652e+100		4.094407e+100		2.421424e+100		4.571283e+100		4.307801e+100		3.451289e+100		4.302878e+100		4.562367e+100		4.220355e+100		4.317428e+100		2.793927e+100		0.000000e+00		5.289131e+100		7.618137e+100		5.756293e+100		5.573831e+100		5.576532e+100		3.784693e+100		1.859781e+100		3.359723e+100		3.378716e+100		5.210638e+100		4.233749e+100		9.227180e+100		6.523015e+100		3.823806e+100		3.260929e+100		8.256191e+100		6.131286e+100		6.123502e+100		6.123553e+100		4.943333e+100		7.160804e+100		-1.310200e+101		7.654343e+101		1.535976e+101		9.690091e+100		1.876632e+101		-1.008721e+102		9.656362e+97		4.756009e+97		
31.500000		-2.348933e+101		-4.139666e+100		1.675059e+101		1.318767e+101		8.208469e+101		1.322343e+101		-2.352795e+101		-1.116448e+101		-5.986979e+100		-5.560639e+100		1.071957e+104		5.249716e+101		3.839127e+100		-2.772835e+101		4.849814e+100		3.832299e+100		4.066897e+100		2.379727e+100		4.608459e+100		4.307942e+100		3.497398e+100		4.355455e+100		4.603868e+100		4.271040e+100		4.363493e+100		2.797050e+100		3.523436e+92		5.595194e+100		7.095219e+100		5.528280e+100		5.358907e+100		5.359484e+100		3.784325e+100		1.910449e+100		3.322025e+100		3.393824e+100		5.082095e+100		4.155999e+100		9.008476e+100		6.111419e+100		3.643324e+100		3.055061e+100		8.125549e+100		6.289147e+100		6.281572e+100		6.281572e+100		5.337343e+100		7.585897e+100		-1.551597e+101		4.605936e+101		1.459171e+101		1.001027e+101		1.878481e+101		-1.011019e+102		9.656365e+97		4.755977e+97		
32.500000		-2.491462e+101		-4.139763e+100		1.781517e+101		1.379887e+101		8.702198e+101		1.383243e+101		-2.443034e+101		-1.187520e+101		-5.978617e+100		-5.837554e+100		1.072823e+104		5.662270e+101		3.868892e+100		-2.859523e+101		5.076858e+100		4.022648e+100		4.027288e+100		2.345639e+100		4.627110e+100		4.308129e+100		3.516329e+100		4.410616e+100		4.626133e+100		4.306553e+100		4.393512e+100		2.806263e+100		1.171005e+97		5.933669e+100		6.741024e+100		5.353542e+100		5.190018e+100		5.189194e+100		3.784326e+100		1.963254e+100		3.251264e+100		3.405049e+100		4.971737e+100		4.057839e+100		8.911740e+100		5.907432e+100		3.554547e+100		2.953074e+100		8.092019e+100		6.449293e+100		6.441536e+100		6.441653e+100		5.736841e+100		8.546007e+100		-1.797626e+101		3.551006e+101		1.402233e+101		1.027537e+101		1.879901e+101		-1.013597e+102		9.656367e+97		4.755896e+97		
33.500000		-2.288584e+101		-4.139848e+100		1.635841e+101		1.270483e+101		9.274576e+101		1.272934e+101		-2.178009e+101		-1.071486e+101		-5.967810e+100		-5.407345e+100		1.100170e+104		6.112784e+101		3.865851e+100		-2.477750e+101		5.644384e+100		4.317068e+100		4.012429e+100		2.367068e+100		4.697366e+100		4.308232e+100		3.451098e+100		4.477019e+100		4.665720e+100		4.342574e+100		4.470943e+100		2.837039e+100		-1.098977e+101		7.074586e+100		7.078423e+100		5.495130e+100		5.296249e+100		5.294959e+100		3.784657e+100		2.042778e+100		3.142960e+100		3.350747e+100		5.073761e+100		3.952059e+100		9.159763e+100		6.328823e+100		3.745041e+100		3.162952e+100		8.345075e+100		6.573497e+100		6.565662e+100		6.565761e+100		6.013909e+100		1.425779e+101		-1.283516e+101		6.269595e+101		1.578442e+101		1.140768e+101		1.880837e+101		-1.016721e+102		9.656368e+97		4.755728e+97		
34.500000		-1.973836e+101		-4.139942e+100		1.468589e+101		1.137590e+101		9.958245e+101		1.139323e+101		-1.822834e+101		-9.271244e+100		-5.955068e+100		-4.785332e+100		1.085754e+104		6.608212e+101		3.838911e+100		-2.006113e+101		6.524251e+100		4.673453e+100		3.960429e+100		2.385262e+100		4.712162e+100		4.308393e+100		3.369736e+100		4.564871e+100		4.691290e+100		4.359550e+100		4.499312e+100		2.838183e+100		-5.893632e+100		8.843164e+100		7.542236e+100		5.622370e+100		5.389207e+100		5.386642e+100		3.785389e+100		2.124096e+100		3.026724e+100		3.237605e+100		5.179669e+100		3.779926e+100		9.636997e+100		7.139031e+100		4.103681e+100		3.566189e+100		8.795612e+100		6.677633e+100		6.669862e+100		6.669817e+100		6.157668e+100		9.459503e+101		-8.898903e+100		-2.481816e+102		2.035365e+101		1.373224e+101		1.881423e+101		-1.020879e+102		9.656369e+97		4.755401e+97		
35.500000		-1.615683e+101		-4.139980e+100		1.334707e+101		1.015867e+101		1.092139e+102		1.017180e+101		-1.479708e+101		-7.892174e+100		-5.939989e+100		-4.160431e+100		1.068987e+104		7.241402e+101		3.788935e+100		-1.542976e+101		7.813830e+100		5.024594e+100		3.836324e+100		2.372556e+100		4.616742e+100		4.308555e+100		3.297238e+100		4.697597e+100		4.684007e+100		4.341570e+100		4.429517e+100		2.794653e+100		-4.983864e+100		1.071422e+101		7.706620e+100		5.566409e+100		5.326269e+100		5.322489e+100		3.786497e+100		2.129377e+100		2.927805e+100		3.043414e+100		5.154985e+100		3.512256e+100		1.038650e+101		8.464992e+100		4.667246e+100		4.224442e+100		9.494958e+100		6.780831e+100		6.772925e+100		6.772960e+100		6.200206e+100		-1.703194e+101		-6.381589e+100		-3.288183e+101		3.430140e+101		1.917350e+101		1.881968e+101		-1.027116e+102		9.656369e+97		4.754660e+97		
36.500000		-1.324504e+101		-4.140034e+100		1.338614e+101		9.723870e+100		1.229181e+102		9.734500e+100		-1.261561e+101		-7.084032e+100		-5.925609e+100		-3.750598e+100		1.058034e+104		8.052542e+101		3.731161e+100		-1.207234e+101		8.784400e+100		5.064184e+100		3.629466e+100		2.283241e+100		4.364781e+100		4.308738e+100		3.283893e+100		4.887414e+100		4.612511e+100		4.271840e+100		4.215159e+100		2.684996e+100		-4.843527e+100		9.888920e+100		6.818148e+100		5.078255e+100		4.896427e+100		4.892581e+100		3.788026e+100		1.803738e+100		2.884293e+100		2.799061e+100		4.798373e+100		3.181418e+100		1.125044e+101		9.666492e+100		5.203403e+100		4.817708e+100		1.031885e+101		6.938688e+100		6.930422e+100		6.930415e+100		6.261105e+100		-8.658270e+100		-5.223056e+100		-1.911806e+101		9.580238e+101		3.209590e+101		1.882643e+101		-1.038367e+102		9.656369e+97		4.752779e+97		
37.500000		-1.141174e+101		-4.140060e+100		1.518881e+101		1.020923e+101		1.420491e+102		1.021749e+101		-1.174806e+101		-6.863281e+100		-5.914082e+100		-3.572980e+100		1.040067e+104		9.091996e+101		3.694933e+100		-1.014934e+101		8.752547e+100		4.786796e+100		3.456703e+100		2.170090e+100		4.096836e+100		4.308994e+100		3.337979e+100		5.130584e+100		4.482428e+100		4.161656e+100		3.982003e+100		2.530641e+100		-5.386563e+100		7.459105e+100		5.578616e+100		4.483347e+100		4.371712e+100		4.369112e+100		3.789778e+100		1.204295e+100		2.903176e+100		2.604658e+100		4.326747e+100		2.918989e+100		1.184203e+101		9.677383e+100		5.330054e+100		4.818963e+100		1.094469e+101		7.216026e+100		7.207452e+100		7.207378e+100		6.476950e+100		-6.959177e+100		-4.923055e+100		-1.630543e+101		1.972513e+103		5.900926e+101		1.883084e+101		-1.063414e+102		9.656369e+97		4.747292e+97		
38.500000		-1.040820e+101		-4.140131e+100		1.899093e+101		1.150654e+101		1.675698e+102		1.151144e+101		-1.166012e+101		-7.029983e+100		-5.905897e+100		-3.558203e+100		1.056939e+104		1.040072e+102		3.695524e+100		-9.240757e+100		8.380445e+100		4.517634e+100		3.412378e+100		2.114259e+100		3.929751e+100		4.309302e+100		3.435024e+100		5.403968e+100		4.326327e+100		4.038434e+100		3.839687e+100		2.371545e+100		-6.353452e+100		5.855601e+100		4.773253e+100		4.105892e+100		4.038278e+100		4.036739e+100		3.791652e+100		9.481545e+99		2.965156e+100		2.516392e+100		4.016954e+100		2.794048e+100		1.198557e+101		8.741280e+100		5.058810e+100		4.352445e+100		1.120028e+101		7.635924e+100		7.626537e+100		7.626577e+100		6.904670e+100		-6.976032e+100		-5.119412e+100		-1.697483e+101		-1.001061e+103		9.481363e+101		1.883631e+101		-1.132574e+102		9.656370e+97		4.728721e+97		
39.500000		-9.917857e+100		-4.140280e+100		2.530503e+101		1.354711e+101		2.001580e+102		1.353753e+101		-1.186822e+101		-7.407840e+100		-5.900497e+100		-3.647899e+100		1.074053e+104		1.201881e+102		3.725482e+100		-8.959047e+100		8.342515e+100		4.431167e+100		3.470171e+100		2.083842e+100		3.860581e+100		4.309621e+100		3.547003e+100		5.674703e+100		4.172360e+100		3.925324e+100		3.787535e+100		2.235104e+100		-7.612169e+100		4.958218e+100		4.310624e+100		3.926156e+100		3.882871e+100		3.881948e+100		3.793497e+100		9.699904e+99		3.047160e+100		2.509377e+100		3.871826e+100		2.771608e+100		1.191505e+101		7.784230e+100		4.711757e+100		3.877695e+100		1.126065e+101		8.185662e+100		8.174697e+100		8.174698e+100		7.532813e+100		-8.154922e+100		-5.603543e+100		-1.954115e+101		1.369700e+103		1.183690e+102		1.884219e+101		-1.415802e+102		9.656370e+97		4.657987e+97		
40.500000		-9.791410e+100		-4.140445e+100		3.523643e+101		1.643023e+101		2.400122e+102		1.637486e+101		-1.218505e+101		-7.930033e+100		-5.896963e+100		-3.815140e+100		1.064450e+104		1.400678e+102		3.773689e+100		-9.117005e+100		8.377084e+100		4.431704e+100		3.578233e+100		2.072352e+100		3.853573e+100		4.309953e+100		3.657530e+100		5.909070e+100		4.039227e+100		3.836405e+100		3.792709e+100		2.131927e+100		-9.242578e+100		4.416838e+100		4.020649e+100		3.848577e+100		3.819541e+100		3.819034e+100		3.795190e+100		1.080309e+100		3.133774e+100		2.546502e+100		3.813681e+100		2.803703e+100		1.187364e+101		7.135944e+100		4.460428e+100		3.556803e+100		1.132925e+101		8.833860e+100		8.821113e+100		8.821253e+100		8.324174e+100		-1.125357e+101		-6.304785e+100		-2.380893e+101		3.958484e+102		1.240825e+102		1.884795e+101		-1.481259e+103		9.656370e+97		4.395537e+97		
41.500000		-9.991164e+100		-4.140688e+100		5.082436e+101		2.046559e+101		2.863236e+102		2.028394e+101		-1.262979e+101		-8.612704e+100		-5.894612e+100		-4.056989e+100		1.058845e+104		1.642592e+102		3.835685e+100		-9.673026e+100		8.165371e+100		4.424316e+100		3.760442e+100		2.089353e+100		3.885094e+100		4.310385e+100		3.761691e+100		6.079501e+100		3.939664e+100		3.779937e+100		3.833723e+100		2.061802e+100		-1.079089e+101		4.168509e+100		3.912659e+100		3.816082e+100		3.796021e+100		3.796079e+100		3.796631e+100		1.225302e+100		3.217064e+100		2.608123e+100		3.793235e+100		2.864151e+100		1.198980e+101		6.794663e+100		4.339955e+100		3.388742e+100		1.152399e+101		9.570586e+100		9.555725e+100		9.555701e+100		9.248847e+100		-2.125961e+101		-7.254526e+100		-3.046284e+101		2.733025e+102		1.202286e+102		1.885548e+101		4.476216e+101		9.656370e+97		3.732963e+97		
42.500000		-1.049816e+101		-4.140972e+100		7.563996e+101		2.618001e+101		3.371406e+102		2.567122e+101		-1.325551e+101		-9.487451e+100		-5.892955e+100		-4.380839e+100		1.018437e+104		1.935546e+102		3.914167e+100		-1.066714e+101		7.764099e+100		4.405647e+100		4.034159e+100		2.109130e+100		3.948331e+100		4.310889e+100		3.858718e+100		6.169489e+100		3.885973e+100		3.764429e+100		3.903742e+100		2.019901e+100		-1.248964e+101		4.038495e+100		3.872583e+100		3.802370e+100		3.788014e+100		3.789487e+100		3.797806e+100		1.391384e+100		3.293529e+100		2.684386e+100		3.787996e+100		2.939353e+100		1.227358e+101		6.677656e+100		4.327707e+100		3.332415e+100		1.185982e+101		1.037340e+101		1.035597e+101		1.035585e+101		1.030228e+101		-8.565895e+104		-8.544606e+100		-4.157737e+101		2.225309e+102		1.105585e+102		1.886363e+101		1.430479e+101		9.656369e+97		2.856549e+97		
43.500000		-1.139274e+101		-4.141425e+100		1.158974e+102		3.458808e+101		3.898159e+102		3.323470e+101		-1.422563e+101		-1.066498e+101		-5.891747e+100		-4.813536e+100		9.884417e+103		2.290364e+102		4.017811e+100		-1.247570e+101		7.146579e+100		4.343619e+100		4.169686e+100		2.114001e+100		4.046054e+100		4.311573e+100		3.950335e+100		6.169389e+100		3.897355e+100		3.806591e+100		4.005792e+100		2.001449e+100		-1.521894e+101		3.926868e+100		3.822882e+100		3.794627e+100		3.783629e+100		3.789338e+100		3.798819e+100		1.575013e+100		3.361889e+100		2.774503e+100		3.788595e+100		3.025449e+100		1.270003e+101		6.717462e+100		4.396479e+100		3.354177e+100		1.231810e+101		1.121560e+101		1.119545e+101		1.119574e+101		1.156725e+101		1.830218e+101		-1.046116e+101		-6.599886e+101		1.639838e+102		9.226656e+101		1.887476e+101		1.008260e+101		9.656369e+97		1.961688e+97		
44.500000		-1.288326e+101		-4.142008e+100		1.822624e+102		4.786047e+101		4.405183e+102		4.420899e+101		-1.583769e+101		-1.237808e+101		-5.890687e+100		-5.414352e+100		9.744792e+103		2.712571e+102		4.136194e+100		-1.786897e+101		6.553251e+100		4.302353e+100		4.201236e+100		2.117687e+100		4.156089e+100		4.312489e+100		4.038699e+100		6.073217e+100		3.978489e+100		3.911599e+100		4.120956e+100		2.001344e+100		-1.965201e+101		3.855052e+100		3.790981e+100		3.782105e+100		3.772557e+100		3.791572e+100		3.799673e+100		1.774939e+100		3.422030e+100		2.882324e+100		3.791174e+100		3.122965e+100		1.327350e+101		6.887369e+100		4.537736e+100		3.440691e+100		1.290575e+101		1.210855e+101		1.208539e+101		1.208587e+101		1.328144e+101		8.229825e+100		-1.373600e+101		-1.793318e+102		1.069549e+102		7.034340e+101		1.888977e+101		9.521487e+100		9.656369e+97		9.094057e+96		
45.500000		-1.537596e+101		-4.142789e+100		2.915674e+102		7.089974e+101		4.874388e+102		6.071600e+101		-1.860174e+101		-1.506679e+101		-5.889617e+100		-6.294511e+100		9.582373e+103		3.215401e+102		4.201414e+100		2.167677e+102		6.017060e+100		4.287829e+100		4.212748e+100		2.122764e+100		4.209207e+100		4.313747e+100		4.123463e+100		5.878798e+100		4.064646e+100		4.017244e+100		4.171157e+100		2.003646e+100		-2.798212e+101		3.818757e+100		3.779712e+100		3.762078e+100		3.753967e+100		3.794428e+100		3.800496e+100		1.980248e+100		3.474417e+100		3.011510e+100		3.794281e+100		3.232207e+100		1.392026e+101		7.130233e+100		4.718581e+100		3.563404e+100		1.355759e+101		1.299505e+101		1.296829e+101		1.296833e+101		1.534744e+101		5.624660e+100		-2.079737e+101		1.874592e+102		6.621500e+101		5.035316e+101		1.890958e+101		9.471013e+100		9.656368e+97		9.094057e+96		
46.500000		-1.979436e+101		-4.143770e+100		4.664771e+102		1.156772e+102		5.305813e+102		8.690434e+101		-2.364252e+101		-1.972517e+101		-5.888409e+100		-7.672309e+100		9.186215e+103		3.812535e+102		4.223602e+100		8.916298e+100		5.527256e+100		4.287012e+100		4.224387e+100		2.127283e+100		4.226492e+100		4.315531e+100		4.199858e+100		5.591990e+100		4.109576e+100		4.077499e+100		4.192693e+100		2.004229e+100		-5.016180e+101		3.802593e+100		3.779117e+100		3.753812e+100		3.748748e+100		3.797136e+100		3.801318e+100		2.174817e+100		3.519546e+100		3.163950e+100		3.797089e+100		3.353074e+100		1.460488e+101		7.418559e+100		4.923378e+100		3.708687e+100		1.423997e+101		1.384557e+101		1.381463e+101		1.381459e+101		1.693293e+101		4.694355e+100		-4.644935e+101		5.671678e+101		4.267456e+101		3.595917e+101		1.893933e+101		9.481134e+100		9.656368e+97		9.094057e+96		
47.500000		-2.843279e+101		-4.145002e+100		7.234766e+102		2.068464e+102		5.695371e+102		1.305932e+102		-3.382957e+101		-2.889780e+101		-5.887098e+100		-9.997501e+100		9.031931e+103		4.510863e+102		4.238552e+100		5.267668e+100		5.100146e+100		4.292986e+100		4.238404e+100		2.130597e+100		4.239844e+100		4.318059e+100		4.256671e+100		5.244372e+100		4.129086e+100		4.107659e+100		4.207824e+100		2.004934e+100		-2.451746e+102		3.797147e+100		3.783415e+100		3.761520e+100		3.759196e+100		3.799505e+100		3.802244e+100		2.345534e+100		3.558031e+100		3.335383e+100		3.799483e+100		3.481510e+100		1.525435e+101		7.708246e+100		5.124699e+100		3.854598e+100		1.488476e+101		1.460774e+101		1.457283e+101		1.457265e+101		1.779368e+101		4.139304e+100		1.573123e+102		3.247067e+101		2.963382e+101		2.665861e+101		1.897970e+101		9.500364e+100		9.656368e+97		9.094057e+96		
48.500000		-4.852730e+101		-4.146471e+100		1.052564e+103		3.742002e+102		6.069958e+102		2.063370e+102		-5.924168e+101		-5.135163e+101		-5.885805e+100		-1.431171e+101		8.880492e+103		5.314773e+102		4.254221e+100		4.568641e+100		4.756875e+100		4.302321e+100		4.254172e+100		2.132547e+100		4.254971e+100		4.321334e+100		4.289384e+100		4.900904e+100		4.141716e+100		4.127029e+100		4.226338e+100		2.006999e+100		9.506029e+101		3.796945e+100		3.789446e+100		3.774163e+100		3.773218e+100		3.801422e+100		3.803339e+100		2.486071e+100		3.590325e+100		3.512125e+100		3.801438e+100		3.608147e+100		1.584981e+101		7.985092e+100		5.314342e+100		3.993674e+100		1.547775e+101		1.528856e+101		1.525174e+101		1.525179e+101		1.826969e+101		3.712506e+100		2.847811e+101		2.302528e+101		2.249881e+101		2.102305e+101		1.902938e+101		9.523935e+100		9.656367e+97		9.094057e+96		
49.500000		-1.158282e+102		-4.148109e+100		1.398395e+103		6.194205e+102		6.437168e+102		3.343938e+102		-1.688520e+102		-1.438779e+102		-5.884367e+100		-2.347509e+101		8.543222e+103		6.242602e+102		4.271306e+100		4.391553e+100		4.510498e+100		4.312793e+100		4.271023e+100		2.133294e+100		4.271806e+100		4.325425e+100		4.306633e+100		4.624813e+100		4.152522e+100		4.142001e+100		4.243647e+100		2.009684e+100		4.509583e+101		3.799850e+100		3.795939e+100		3.786086e+100		3.785702e+100		3.803113e+100		3.804591e+100		2.596130e+100		3.616704e+100		3.671124e+100		3.802955e+100		3.718307e+100		1.628864e+101		8.191878e+100		5.455282e+100		4.097692e+100		1.591960e+101		1.577637e+101		1.573593e+101		1.573612e+101		1.857695e+101		3.344843e+100		1.515130e+101		1.844758e+101		1.851755e+101		1.762592e+101		1.908593e+101		9.549443e+100		9.656368e+97		9.094057e+96		
50.500000		-2.072748e+103		-4.149731e+100		1.696042e+103		9.186706e+102		6.801061e+102		5.107363e+102		4.765335e+102		5.406837e+102		-5.882958e+100		-4.854513e+101		8.253923e+103		7.298729e+102		4.288914e+100		4.344390e+100		4.360491e+100		4.323713e+100		4.288127e+100		2.133161e+100		4.289429e+100		4.330108e+100		4.318114e+100		4.441294e+100		4.163860e+100		4.155719e+100		4.262986e+100		2.013018e+100		3.372234e+101		3.804380e+100		3.801767e+100		3.796083e+100		3.795744e+100		3.804591e+100		3.805810e+100		2.679124e+100		3.637442e+100		3.788985e+100		3.804407e+100		3.797990e+100		1.660866e+101		8.345277e+100		5.559206e+100		4.174630e+100		1.624713e+101		1.613540e+101		1.609298e+101		1.609333e+101		1.880000e+101		3.001219e+100		9.848569e+100		1.619478e+101		1.647228e+101		1.575479e+101		1.914239e+101		9.574985e+100		9.656368e+97		9.094057e+96		
51.500000		2.954440e+102		-4.151140e+100		1.917713e+103		1.264931e+103		7.137263e+102		6.487880e+102		1.599590e+102		1.533732e+102		-5.881747e+100		-1.915197e+102		8.058965e+103		8.455202e+102		4.306061e+100		4.335709e+100		4.297230e+100		4.333854e+100		4.304532e+100		2.132556e+100		4.306539e+100		4.335106e+100		4.327879e+100		4.347351e+100		4.175343e+100		4.168700e+100		4.280755e+100		2.016326e+100		3.125927e+101		3.809623e+100		3.806758e+100		3.803641e+100		3.803172e+100		3.805887e+100		3.806851e+100		2.740099e+100		3.652954e+100		3.849453e+100		3.805674e+100		3.838290e+100		1.682243e+101		8.448247e+100		5.628879e+100		4.226364e+100		1.646908e+101		1.637572e+101		1.633337e+101		1.633335e+101		1.897028e+101		2.676869e+100		6.990887e+100		1.525284e+101		1.569329e+101		1.497239e+101		1.918967e+101		9.596720e+100		9.656368e+97		9.094057e+96		
52.500000		3.099913e+102		-4.152206e+100		2.096708e+103		1.727034e+103		7.459331e+102		6.715243e+102		2.102274e+102		1.334963e+102		-5.880850e+100		2.934208e+102		7.997481e+103		9.686883e+102		4.320714e+100		4.338039e+100		9.706569e+101		4.342730e+100		4.318596e+100		2.131968e+100		4.321197e+100		4.339915e+100		4.336693e+100		4.328008e+100		4.186931e+100		4.181315e+100		4.296313e+100		2.019381e+100		3.268699e+101		3.814254e+100		3.810538e+100		3.809041e+100		3.808349e+100		3.807013e+100		3.807595e+100		2.784025e+100		3.663725e+100		3.850650e+100		3.806942e+100		3.838586e+100		1.691453e+101		8.491381e+100		5.658239e+100		4.248025e+100		1.657387e+101		1.650214e+101		1.645889e+101		1.645920e+101		1.910215e+101		2.393991e+100		5.330882e+100		1.513700e+101		1.593012e+101		1.541490e+101		1.922147e+101		9.611132e+100		9.656368e+97		9.094057e+96		
53.500000		-7.141604e+103		-4.152817e+100		2.302751e+103		6.531821e+103		7.670229e+102		6.262964e+102		-3.067678e+101		1.546217e+102		-5.880492e+100		1.970863e+102		8.045992e+103		1.095403e+103		4.331417e+100		4.341043e+100		-2.548692e+103		4.349526e+100		4.328660e+100		2.131961e+100		4.331760e+100		4.343488e+100		4.348553e+100		4.347599e+100		4.196460e+100		4.191502e+100		4.307727e+100		2.021881e+100		2.202502e+101		3.818264e+100		3.813166e+100		3.812869e+100		3.811760e+100		3.810828e+100		3.807886e+100		2.812544e+100		3.670036e+100		3.805274e+100		3.810927e+100		3.808868e+100		1.697745e+101		8.520228e+100		5.678054e+100		4.262676e+100		1.664585e+101		1.658394e+101		1.654012e+101		1.654023e+101		1.918917e+101		2.174495e+100		4.330597e+100		1.550653e+101		1.953682e+101		3.667801e+101		1.923401e+101		9.616816e+100		9.656368e+97		9.094057e+96		
