Type		STD		Rate at Bottom		Rate at Top
R		1		1.414806e-49		2.782862e-75
R		2		1.467730e-38		3.112085e-58
R		3		2.086576e-28		3.636296e-41
R		4		2.100000e-10		2.100000e-10
R		5		1.519847e-46		3.346951e-71
R		6		5.226546e-11		6.117120e-11
R		7		1.010000e-10		1.010000e-10
R		8		6.910000e-11		6.910000e-11
R		9		1.600000e-12		1.600000e-12
R		10		1.047739e-65		4.372705e-103
R		11		3.000000e-12		3.000000e-12
R		12		6.000000e-12		6.000000e-12
R		13		4.000000e-11		4.000000e-11
R		14		2.000000e-12		2.000000e-12
R		15		9.825068e-32		1.332021e-44
R		16		3.688335e-16		1.144709e-18
R		17		2.200000e-10		2.200000e-10
R		18		1.602093e-16		1.539128e-18
R		19		2.122520e-28		5.420598e-39
R		20		2.100000e-10		2.100000e-10
R		21		4.400000e-11		4.400000e-11
R		22		2.400000e-11		2.400000e-11
R		23		3.578474e-19		7.698130e-24
R		24		8.700000e-13		8.700000e-13
R		25		1.100000e-10		1.100000e-10
R		26		8.502642e-15		2.136891e-15
R		27		4.980931e-22		1.541168e-28
R		28		1.718870e-27		9.788385e-38
R		29		2.616791e-11		2.278224e-11
R		30		1.300000e-10		1.300000e-10
R		31		2.000000e-10		2.000000e-10
R		32		4.046425e-10		7.773200e-10
R		33		1.700000e-11		1.700000e-11
R		34		3.000000e-11		3.000000e-11
R		35		2.100000e-10		2.100000e-10
R		36		3.000000e-11		3.000000e-11
R		37		3.000000e-11		3.000000e-11
R		38		3.000000e-11		3.000000e-11
R		39		5.436149e-18		2.483859e-22
R		40		1.961118e-21		8.807719e-28
R		41		7.364628e-64		1.558632e-99
R		44		7.000000e-11		7.000000e-11
R		45		4.000000e-11		4.000000e-11
R		46		2.000000e-12		2.000000e-12
R		47		3.000000e-11		3.000000e-11
R		48		7.349491e-20		2.286992e-25
R		49		2.630463e-21		8.093011e-26
R		50		3.000000e-11		3.000000e-11
R		51		1.386596e-18		1.927298e-22
R		52		1.576974e-23		1.287112e-30
R		53		1.407214e-18		1.955956e-22
R		54		1.719960e-21		6.828432e-28
R		55		7.000000e-11		7.000000e-11
R		56		1.000000e-11		1.000000e-11
R		57		5.232125e-27		1.703664e-36
R		59		6.094554e-11		1.602441e-10
R		60		5.400000e-11		5.400000e-11
R		61		3.757753e-12		5.716727e-12
R		62		3.201693e-22		2.818749e-28
R		63		2.049578e-18		4.729409e-21
R		64		1.958388e-12		2.545575e-12
R		65		1.660005e-21		3.454336e-26
R		66		2.642797e-18		8.975396e-21
R		67		4.000000e-11		4.000000e-11
R		68		4.000000e-11		4.000000e-11
R		69		2.630463e-21		8.093011e-26
R		70		3.000000e-11		3.000000e-11
R		71		2.000000e-10		2.000000e-10
R		72		4.200000e-13		4.200000e-13
R		73		6.000000e-11		6.000000e-11
R		74		8.258167e-20		9.506884e-25
R		75		4.000000e-11		4.000000e-11
R		76		4.000000e-12		4.000000e-12
R		77		4.000000e-11		4.000000e-11
R		78		9.043864e-19		1.156890e-22
R		79		7.216117e-16		1.669411e-17
R		80		5.000000e-13		5.000000e-13
R		81		9.100000e-12		9.100000e-12
R		82		4.000000e-11		4.000000e-11
R		83		4.000000e-11		4.000000e-11
R		84		4.900000e-13		4.900000e-13
R		85		2.441236e-13		6.499835e-13
R		86		1.489568e-13		3.966001e-13
R		87		3.674959e-23		1.098618e-30
R		88		3.614903e-18		3.447652e-22
R		89		1.385261e-17		1.810464e-23
R		90		5.564244e-12		1.373991e-11
R		91		1.207157e-12		6.443774e-13
R		93		1.842368e-18		4.429872e-22
R		94		1.811920e-25		2.649934e-33
R		95		7.507878e-30		1.681867e-42
R		96		2.394837e-20		3.361858e-25
R		97		5.896722e-28		4.261530e-38
R		98		1.452959e-31		1.550672e-44
R		99		7.119302e-13		2.600250e-13
R		100		5.503951e-18		1.905507e-22
R		101		1.200000e-10		1.200000e-10
R		102		2.190000e-10		2.190000e-10
R		103		5.398790e-13		6.550611e-14
R		104		4.089683e-13		1.525321e-14
R		105		9.452638e-13		1.601610e-12
R		106		1.925681e-12		3.416203e-12
R		107		3.672401e-11		9.068340e-11
R		108		1.000000e-10		1.000000e-10
R		109		1.500000e-10		1.500000e-10
R		110		1.500000e-11		1.500000e-11
R		111		1.980449e-12		5.326421e-13
R		112		2.000000e-10		2.000000e-10
R		113		1.500000e-10		1.500000e-10
R		114		3.000000e-10		3.000000e-10
R		115		6.945118e-24		9.635566e-32
R		116		1.000000e-10		1.000000e-10
R		117		6.000000e-11		6.000000e-11
R		118		5.200000e-12		5.200000e-12
R		119		1.100000e-10		1.100000e-10
R		120		1.182926e-94		3.778806e-153
R		121		2.047805e-82		4.009603e-132
R		122		4.766040e-59		3.130670e-92
R		123		3.900000e-14		3.900000e-14
R		124		5.636850e-34		3.711510e-49
R		125		1.696199e-11		2.515948e-12
R		126		3.000000e-16		3.000000e-16
R		127		3.000000e-10		3.000000e-10
R		128		2.160196e-33		7.214532e-49
R		129		1.940802e-28		1.187006e-40
R		130		2.725314e-14		3.799808e-16
R		131		1.987261e-10		1.789370e-10
R		132		2.000000e-11		2.000000e-11
R		133		2.200000e-11		2.200000e-11
R		134		1.200000e-11		1.200000e-11
R		135		5.897667e-22		2.998965e-29
R		136		1.071679e-16		3.292949e-20
R		137		2.943767e-14		1.434237e-16
R		138		4.788054e-14		2.332794e-16
R		140		6.000000e-11		6.000000e-11
R		141		3.000000e-12		3.000000e-12
R		142		3.320000e-11		3.320000e-11
R		143		1.375878e-17		5.368018e-22
R		145		9.591817e-11		7.736680e-11
R		146		2.650252e-10		2.539402e-09
R		148		3.541392e-14		9.807132e-16
R		149		9.574809e-23		4.936042e-31
R		150		6.149876e-15		5.573608e-16
R		152		2.880571e-10		2.820770e-10
R		153		1.600000e-10		1.600000e-10
R		154		1.000000e-11		1.000000e-11
R		155		1.600000e-10		1.600000e-10
R		156		6.644549e-25		3.029368e-34
R		157		1.863135e-19		1.518197e-24
R		159		5.284510e-16		6.194927e-19
R		160		4.004669e-15		3.818253e-16
R		161		4.832080e-15		4.607148e-16
R		162		1.500000e-10		1.500000e-10
R		163		8.900000e-11		8.900000e-11
R		164		4.163768e-16		1.698363e-19
R		165		1.939009e-31		5.364021e-46
R		166		2.543965e-27		2.763599e-38
R		167		2.406092e-14		2.620739e-16
R		168		2.882725e-15		2.504784e-17
R		169		1.419455e-23		1.382170e-31
R		171		1.152605e-14		3.577216e-17
R		172		4.857425e-12		1.384074e-12
R		173		1.416027e-23		2.751765e-33
R		174		6.717251e-33		7.843199e-49
R		175		1.307015e-15		1.563726e-18
R		176		2.816684e-17		2.599632e-21
R		177		4.682364e-16		1.331726e-18
R		178		1.068955e-19		6.817469e-24
R		179		4.476736e-25		2.022530e-34
R		180		7.200000e-11		7.200000e-11
R		181		1.600000e-12		1.600000e-12
R		182		6.900000e-12		6.900000e-12
R		183		1.980934e-36		2.881791e-56
R		186		8.230813e-21		8.454988e-27
R		187		1.747548e-65		6.858237e-104
R		188		1.531140e-49		1.086642e-76
R		189		1.159775e-10		4.938623e-11
R		190		9.400000e-11		9.400000e-11
R		192		2.528458e-11		7.768261e-12
R		195		4.519063e-13		8.470420e-14
R		196		4.965681e-44		2.077334e-65
R		197		2.057587e-20		1.059717e-25
R		198		5.835573e-22		2.048798e-27
R		199		6.872892e-15		4.530565e-17
R		200		8.247470e-15		5.436677e-17
R		201		4.906285e-12		5.485424e-12
R		202		8.889085e-13		1.376061e-14
R		203		1.750347e-21		2.818926e-27
R		204		1.995649e-24		3.284121e-32
R		205		9.255917e-32		4.677874e-46
R		206		1.473969e-27		8.535181e-38
R		207		7.525233e-15		1.216537e-16
R		209		9.255917e-32		4.677874e-46
R		212		9.594141e-19		1.290915e-22
R		213		3.868170e-34		5.218580e-50
R		214		5.376010e-44		1.229178e-65
R		215		1.534275e-14		1.205499e-15
R		216		3.000000e-14		3.000000e-14
R		217		1.355766e-30		4.799051e-42
R		218		3.782264e-11		9.820631e-11
R		219		1.471518e-17		1.168180e-21
R		220		1.148451e-18		1.737151e-22
R		221		5.962921e-14		1.266506e-13
R		222		8.511381e-20		2.602295e-24
R		223		2.434822e-15		7.114188e-16
R		224		5.962921e-14		1.266506e-13
R		225		4.396536e-17		1.680618e-18
R		226		4.953461e-20		1.747595e-25
R		227		5.113228e-19		7.995995e-23
R		228		2.800000e-10		2.800000e-10
R		229		2.000000e-12		2.000000e-12
R		230		5.966612e-13		6.888233e-14
R		231		1.309825e-14		1.426675e-16
R		232		4.642186e-12		3.845347e-12
R		233		1.769502e-18		2.422421e-23
R		235		9.172892e-12		3.961935e-12
R		236		5.000000e-11		5.000000e-11
R		237		2.621620e-14		2.128512e-15
R		238		3.000000e-11		3.000000e-11
R		239		3.000000e-11		3.000000e-11
R		242		2.000000e-11		2.000000e-11
R		243		6.000000e-12		6.000000e-12
R		244		2.326595e-25		1.679239e-33
R		245		4.718507e-21		2.048817e-25
R		246		5.000000e-11		5.000000e-11
R		247		5.000000e-11		5.000000e-11
R		248		4.718507e-21		2.048817e-25
R		250		5.000000e-13		5.000000e-13
R		251		5.000000e-13		5.000000e-13
R		252		1.716831e-21		6.807459e-28
R		254		6.292983e-12		4.137393e-11
R		255		1.561948e-23		1.953629e-30
R		257		1.675263e-12		4.931685e-12
R		258		3.400000e-11		3.400000e-11
R		259		8.698124e-12		1.629480e-11
R		260		3.500000e-12		3.500000e-12
R		261		1.679187e-15		4.906336e-16
R		263		1.000000e-11		1.000000e-11
R		264		1.500000e-11		1.500000e-11
R		265		6.949303e-11		1.269579e-10
R		266		1.600000e-10		1.600000e-10
R		267		5.000000e-11		5.000000e-11
R		268		4.000000e-19		4.000000e-19
R		269		3.246699e-12		1.607326e-12
R		270		9.600000e-12		9.600000e-12
R		271		7.000000e-14		7.000000e-14
R		272		9.232190e-13		1.238539e-13
R		273		3.000000e-13		3.000000e-13
R		274		1.000000e-11		1.000000e-11
R		275		3.909051e-13		1.706902e-13
R		276		2.800000e-11		2.800000e-11
R		277		6.200000e-11		6.200000e-11
R		278		1.200000e-11		1.200000e-11
R		279		4.200000e-14		4.200000e-14
R		281		1.672251e-10		1.753078e-10
R		282		9.316821e-11		3.245342e-11
R		283		5.681552e-17		1.078027e-21
R		284		3.000000e-10		3.000000e-10
R		287		2.019890e-41		1.114234e-62
R		288		5.505748e-47		7.697611e-76
R		289		1.806164e-11		1.349347e-11
R		291		3.022472e-11		3.885185e-11
R		292		1.292238e-11		2.245180e-11
R		293		3.040481e-17		3.607160e-21
R		294		2.000000e-16		2.000000e-16
R		295		4.700000e-11		4.700000e-11
R		296		8.000000e-12		8.000000e-12
R		297		7.914470e-11		1.510480e-10
R		298		2.000000e-12		2.000000e-12
R		300		2.619955e-31		5.362227e-46
R		301		2.757602e-11		1.648662e-11
R		302		1.334646e-11		2.337474e-10
R		303		8.897639e-12		1.558316e-10
R		304		1.160000e-10		1.160000e-10
R		305		1.160000e-11		1.160000e-11
R		306		7.072240e-15		1.032268e-15
R		307		3.884298e-19		3.695153e-23
R		308		3.320000e-11		3.320000e-11
R		309		2.810498e-12		1.497802e-12
R		310		2.386194e-29		8.462976e-41
R		311		3.291833e-17		3.061016e-20
R		312		2.789904e-16		1.012706e-17
R		313		3.692158e-15		1.600159e-16
R		314		2.035591e-19		1.609561e-24
R		315		7.167201e-19		9.818824e-23
R		316		1.897676e-17		1.013432e-22
R		317		5.834977e-22		1.531986e-29
R		319		1.588969e-22		3.351729e-29
R		320		2.059224e-11		6.374200e-11
R		321		2.239489e-11		1.145433e-10
R		322		7.470000e-11		7.470000e-11
R		323		1.160000e-11		1.160000e-11
R		324		8.300000e-12		8.300000e-12
R		325		1.454582e-13		1.407924e-14
R		326		2.944248e-13		7.524884e-14
R		327		2.296423e-10		5.090242e-10
R		328		1.733414e-21		7.960424e-27
R		329		1.660000e-11		1.660000e-11
R		330		8.531201e-15		6.737787e-16
R		331		3.495707e-11		3.532568e-11
R		332		5.717543e-11		6.762342e-11
R		333		3.600000e-11		3.600000e-11
R		334		1.006656e-11		1.622044e-11
R		335		1.300000e-11		1.300000e-11
R		336		4.489373e-11		1.002637e-10
R		337		1.344573e-11		3.241011e-11
R		338		1.330000e-11		1.330000e-11
R		339		4.000000e-11		4.000000e-11
R		340		2.500000e-10		2.500000e-10
R		341		1.370000e-10		1.370000e-10
R		342		1.400000e-10		1.400000e-10
R		346		4.235429e-12		6.114194e-12
R		347		8.348090e-12		1.773108e-11
R		348		1.200000e-11		1.200000e-11
R		350		1.548953e-11		1.266712e-11
R		351		1.971915e-11		1.358084e-11
R		352		8.025741e-12		7.658552e-12
R		353		2.785700e-11		4.268923e-11
R		354		1.273432e-14		2.946019e-16
R		355		1.100000e-10		1.100000e-10
R		356		1.220112e-10		1.691078e-10
R		357		4.421517e-11		6.056695e-11
R		358		9.790078e-11		1.198616e-10
R		359		1.410670e-11		2.383413e-11
R		360		1.811719e-11		2.783333e-11
R		361		2.721306e-11		4.180727e-11
R		362		1.450000e-10		1.450000e-10
R		363		6.910000e-11		6.910000e-11
R		364		2.260000e-11		2.260000e-11
R		365		5.400000e-12		5.400000e-12
R		366		1.392119e-13		6.840441e-15
R		367		3.765666e-40		2.880872e-61
R		368		2.710000e-11		2.710000e-11
R		369		4.000000e-11		4.000000e-11
R		370		6.031508e-12		7.824879e-13
R		371		7.874192e-11		1.256139e-10
R		372		7.110000e-12		7.110000e-12
R		373		5.200000e-12		5.200000e-12
R		374		1.640000e-11		1.640000e-11
R		375		1.300000e-12		1.300000e-12
R		376		4.577311e-16		1.934588e-17
R		377		1.602054e-17		3.411676e-20
R		378		2.500000e-11		2.500000e-11
R		379		1.384875e-15		1.173472e-17
R		380		4.000000e-11		4.000000e-11
R		381		3.500000e-11		3.500000e-11
R		382		1.800000e-12		1.800000e-12
R		383		1.500000e-12		1.500000e-12
R		384		1.300000e-12		1.300000e-12
R		385		6.147003e-17		8.002347e-20
R		387		1.134788e-16		2.416604e-19
R		389		1.700000e-11		1.700000e-11
R		390		3.719035e-15		1.213682e-17
R		391		1.397612e-13		7.530193e-15
R		392		8.057480e-11		5.760018e-11
R		393		1.183788e-10		1.828837e-10
R		394		1.183788e-10		1.828837e-10
R		395		1.600000e-10		1.600000e-10
R		396		2.367074e-13		7.019813e-14
R		397		1.210576e-15		3.961100e-18
R		398		6.040692e-13		1.561640e-13
R		399		3.381534e-14		1.002830e-14
R		400		5.329417e-13		8.025046e-14
R		401		3.278682e-13		2.070886e-14
R		402		1.294526e-10		2.097424e-10
R		403		1.330000e-10		1.330000e-10
R		404		1.294526e-11		2.097424e-11
R		405		2.670000e-11		2.670000e-11
R		406		1.821623e-16		5.426955e-20
R		407		4.341068e-15		1.102102e-17
R		408		6.600000e-11		6.600000e-11
R		409		7.200000e-12		7.200000e-12
R		411		1.200000e-10		1.200000e-10
R		412		7.300000e-11		7.300000e-11
R		413		1.076483e-13		2.434389e-15
R		414		2.846379e-14		3.933314e-14
R		415		1.400000e-10		1.400000e-10
R		416		5.720000e-11		5.720000e-11
R		417		1.667788e-15		2.317648e-18
R		418		1.604757e-15		2.068241e-18
R		419		7.000000e-11		7.000000e-11
R		420		2.500000e-11		2.500000e-11
R		421		3.281980e-21		1.109462e-25
R		422		8.300000e-11		8.300000e-11
R		423		1.717847e-18		3.699952e-23
R		424		3.075620e-15		8.210466e-18
R		425		5.481452e-15		1.357113e-17
R		426		5.000000e-11		5.000000e-11
R		427		5.000000e-11		5.000000e-11
R		428		1.440000e-11		1.440000e-11
R		429		1.114254e-32		1.245164e-47
R		430		1.582627e-11		9.340603e-12
R		431		7.500000e-11		7.500000e-11
R		432		1.327970e-15		4.287239e-19
R		433		2.782928e-18		2.456889e-22
R		434		9.622048e-16		6.342790e-18
R		435		3.306565e-18		1.436821e-22
R		436		1.417099e-18		6.157805e-23
R		437		4.183018e-22		7.422470e-29
R		438		7.219075e-20		7.229407e-25
R		439		6.000000e-11		6.000000e-11
R		440		3.275154e-16		6.420274e-20
R		441		6.214516e-11		1.026848e-10
R		443		1.000000e-11		1.000000e-11
R		444		4.419200e-15		2.505687e-17
R		445		3.405605e-11		4.603133e-11
R		446		1.660000e-11		1.660000e-11
R		447		2.190000e-10		2.190000e-10
R		448		6.290000e-10		6.290000e-10
R		449		3.000000e-11		3.000000e-11
R		450		1.130000e-10		1.130000e-10
R		451		7.500000e-12		7.500000e-12
R		452		9.000000e-11		9.000000e-11
R		453		4.200000e-10		4.200000e-10
R		454		1.140055e-10		1.521712e-10
R		455		1.200000e-10		1.200000e-10
R		456		2.200000e-10		2.200000e-10
R		457		4.600000e-11		4.600000e-11
R		458		3.209193e-11		4.230095e-11
R		459		4.979774e-11		5.236239e-11
R		460		7.797702e-11		8.199294e-11
R		461		2.500000e-10		2.500000e-10
R		462		8.500000e-11		8.500000e-11
R		463		3.000000e-10		3.000000e-10
R		464		4.031741e-11		4.628814e-11
R		465		1.200000e-10		1.200000e-10
R		466		1.200000e-10		1.200000e-10
R		467		3.000000e-10		3.000000e-10
R		468		8.318015e-19		1.127253e-21
R		469		3.320000e-14		3.320000e-14
R		470		2.423701e-12		1.394988e-12
R		471		2.530000e-14		2.530000e-14
R		472		7.602698e-18		6.172686e-19
R		473		1.392119e-15		6.840441e-17
R		474		3.994862e-10		6.437178e-10
R		475		6.967432e-15		2.779629e-17
R		477		3.000000e-11		3.000000e-11
R		478		3.000000e-11		3.000000e-11
R		479		6.242769e-24		7.362842e-32
R		480		2.159127e-23		1.304526e-30
R		481		1.910000e-13		1.910000e-13
R		482		1.808864e-16		2.803549e-16
R		483		1.000000e-11		1.000000e-11
R		485		5.000000e-11		5.000000e-11
R		486		5.000000e-11		5.000000e-11
R		487		2.000000e-11		2.000000e-11
R		488		6.331828e-17		7.675629e-20
R		489		1.656126e-11		4.130788e-11
R		490		4.000000e-11		4.000000e-11
R		491		1.767620e-13		1.203818e-14
R		492		3.000000e-11		3.000000e-11
R		493		8.670447e-12		1.186733e-11
R		494		4.000000e-13		4.000000e-13
R		495		1.847222e-22		3.038768e-29
R		496		7.331265e-13		2.180158e-14
R		498		2.097296e-14		1.702810e-15
R		499		3.000000e-11		3.000000e-11
R		500		1.000000e-10		1.000000e-10
R		501		3.820563e-15		4.430995e-17
R		502		8.256663e-13		3.472036e-13
R		503		7.871720e-12		1.300674e-11
R		504		1.690000e-10		1.690000e-10
R		505		1.000000e-10		1.000000e-10
R		506		7.000000e-11		7.000000e-11
R		507		2.621620e-13		2.128512e-14
R		509		7.315892e-15		6.386236e-16
R		512		3.986425e-15		4.342053e-17
R		513		1.619456e-12		1.083653e-12
R		515		5.330507e-23		2.012618e-29
R		516		1.147707e-19		2.993299e-24
R		517		7.303023e-16		1.002808e-17
R		519		1.295313e-11		3.690864e-12
R		520		4.350255e-12		1.633888e-12
R		521		5.186649e-12		1.346711e-11
R		522		1.192886e-10		2.234715e-10
R		523		1.281249e-13		2.154681e-14
R		524		2.000000e-11		2.000000e-11
R		525		5.545037e-14		5.234082e-15
R		526		1.800000e-12		1.800000e-12
R		527		6.600000e-11		6.600000e-11
R		528		9.834935e-11		2.398263e-10
R		533		4.000000e-11		4.000000e-11
R		534		1.943831e-42		1.795333e-64
R		535		6.658134e-11		8.225685e-11
R		536		2.300000e-12		2.300000e-12
R		537		1.200000e-11		1.200000e-11
R		538		1.525770e-14		6.448626e-16
R		540		2.900000e-19		2.900000e-19
R		541		1.400000e-11		1.400000e-11
R		542		7.600000e-17		7.600000e-17
R		543		5.819276e-12		7.177589e-12
R		544		4.301082e-17		1.759531e-19
R		545		6.193065e-14		3.911674e-15
R		546		1.100000e-11		1.100000e-11
R		547		3.280435e-10		6.145467e-10
R		548		4.900000e-12		4.900000e-12
R		549		4.400000e-12		4.400000e-12
R		551		4.609122e-18		9.127183e-24
R		552		3.372646e-33		5.094158e-48
R		553		2.636706e-27		5.422811e-38
R		554		2.998565e-14		2.375329e-16
R		555		5.367735e-37		1.391872e-53
R		556		1.651342e-35		5.078732e-51
R		557		2.000000e-15		2.000000e-15
R		558		1.690000e-15		1.690000e-15
R		559		3.500000e-15		3.500000e-15
R		560		2.160000e-11		2.160000e-11
R		561		3.000000e-11		3.000000e-11
R		562		1.000000e-16		1.000000e-16
R		563		4.000000e-12		4.000000e-12
R		564		7.000000e-14		7.000000e-14
R		565		1.200000e-15		1.200000e-15
R		566		1.000000e-11		1.000000e-11
R		567		1.000000e-11		1.000000e-11
R		568		3.630797e-26		3.340742e-28
R		569		5.000000e-11		5.000000e-11
R		570		1.500000e-11		1.500000e-11
R		571		1.500000e-11		1.500000e-11
R		572		1.000000e-20		1.000000e-20
R		573		9.195160e-12		1.722593e-11
R		574		1.192886e-10		2.234715e-10
R		575		7.290000e-11		7.290000e-11
R		576		6.480000e-12		6.480000e-12
R		577		1.000000e-12		1.000000e-12
R		578		6.214516e-11		1.026848e-10
R		579		1.000000e-11		1.000000e-11
R		596		1.260000e-11		1.260000e-11
R		597		9.240000e-11		9.240000e-11
R		598		1.200000e-11		1.200000e-11
R		599		5.900000e-11		5.900000e-11
R		608		1.864996e-11		8.847108e-12
R		611		5.350624e-44		4.414039e-67
R		617		1.800000e-11		1.800000e-11
R		618		1.679612e-12		4.328549e-13
R		639		1.190101e-13		5.029929e-15
R		640		3.612831e-11		4.948939e-11
R		641		2.660000e-12		2.660000e-12
R		642		1.900000e-11		1.900000e-11
R		643		5.000000e-12		5.000000e-12
R		644		1.292027e-13		5.588823e-14
R		645		2.000000e-12		2.000000e-12
M		2		1.483222e-12		3.265098e-20
M		3		5.680308e-11		1.029442e-14
M		4		7.977967e-13		1.695172e-18
M		5		2.520806e-11		6.939025e-18
M		6		1.862057e-18		7.743229e-30
M		7		2.394190e-13		3.348065e-20
M		9		8.637182e-13		5.712723e-16
M		10		3.761500e-11		1.924360e-18
M		11		2.510136e-11		4.736761e-19
M		12		9.464018e-16		2.573479e-23
M		13		1.081029e-14		5.247696e-21
M		14		8.209559e-11		6.059828e-18
M		15		8.467730e-13		1.439707e-20
M		16		1.005019e-12		3.788083e-20
M		17		1.265691e-12		7.432030e-20
M		18		1.736955e-11		1.094324e-18
M		19		1.384403e-12		2.858026e-19
M		20		1.472264e-12		6.995958e-19
M		21		2.488613e-14		1.211776e-21
M		22		2.214983e-13		4.454561e-21
M		23		1.167018e-12		2.369447e-20
M		24		1.920987e-20		3.933274e-26
M		25		4.987731e-16		1.441185e-20
M		26		2.263872e-13		6.722832e-21
M		27		3.078897e-11		5.867501e-17
M		28		1.951859e-11		3.684574e-16
M		29		1.355343e-12		6.888372e-18
M		31		2.278716e-17		7.485017e-26
M		32		1.780050e-12		1.063008e-19
M		33		4.243533e-12		4.214688e-19
M		34		3.253500e-14		6.269692e-21
M		35		1.722845e-14		1.217987e-21
M		36		5.885112e-17		2.289631e-24
M		37		0.000000e+00		0.000000e+00
M		38		9.133928e-12		4.256465e-16
M		39		1.151635e-13		1.157762e-20
M		40		1.497370e-10		1.365269e-15
M		41		2.062486e-13		4.067219e-13
M		42		8.146870e-12		1.612099e-18
M		43		1.152704e-11		5.199005e-18
M		44		6.403339e-12		5.943506e-19
M		45		5.034206e-14		3.332411e-21
M		46		1.081706e-11		8.511177e-19
M		47		2.414274e-13		1.944989e-27
M		48		3.012699e-14		5.284448e-23
M		49		1.072338e-14		2.516460e-22
M		50		1.029191e-12		1.626861e-18
M		51		1.329858e-12		7.156728e-20
M		52		2.234273e-11		1.775791e-18
M		53		2.234273e-11		1.775791e-18
M		54		2.678976e-11		4.813575e-17
M		55		9.615906e-12		4.813560e-17
M		56		1.317340e-11		2.411713e-17
M		57		2.901315e-10		8.748416e-17
M		58		7.008858e-11		1.628817e-18
M		73		8.781576e-11		1.257412e-17
M		85		7.552828e-11		3.287451e-17
M		86		1.253444e-10		8.799283e-15
M		88		3.052488e-16		2.402022e-26
M		89		1.290095e-13		1.240214e-13
M		90		8.986171e-12		1.814098e-11
T		1		2.959930e-08		4.027569e-28
T		2		8.345127e-28		1.359301e-61
T		3		2.137687e-25		4.428589e-59
T		4		8.951925e-39		1.587186e-78
T		5		1.601738e-44		1.788277e-92
T		6		5.639173e-04		1.256596e-10
T		7		2.839814e-03		2.138049e-20
T		8		9.659143e-28		5.686691e-63
T		9		2.074458e-24		1.846920e-58
T		10		4.404884e-24		1.087199e-56
T		13		5.950436e-03		6.799421e-22
T		14		3.619083e-56		4.678912e-114
T		15		2.203028e-41		7.860864e-79
T		16		1.556711e-40		3.055003e-78
T		17		2.256200e-19		4.721983e-40
T		19		1.717544e-67		1.774990e-130
T		20		8.904263e-57		1.280849e-106
T		21		2.572269e-59		4.502272e-107
T		22		1.017016e-57		8.926944e-115
T		23		3.497809e-19		1.062411e-49
T		24		4.683355e-23		7.630401e-48
T		25		1.401654e-25		1.506311e-45
T		26		1.919159e-57		2.740474e-106
T		27		2.022153e-17		4.771686e-44
T		28		4.027576e-64		6.178037e-120
T		29		1.162325e-43		1.408848e-91
T		30		1.047275e-42		1.228658e-81
T		31		8.501504e-14		1.221532e-36
T		32		2.183181e-02		3.854686e-19
T		33		1.038020e-50		3.307316e-97
T		34		2.745241e-53		1.905784e-106
T		35		1.066146e-53		1.586712e-107
T		36		1.079144e-05		3.755331e-23
T		37		5.783932e-05		5.262636e-20
T		38		4.641063e-04		1.864870e-19
T		40		1.459007e-34		2.254616e-74
T		41		3.369433e-53		6.636706e-101
T		42		7.353802e-36		1.000119e-75
T		43		4.632354e-42		3.885708e-102
T		46		1.228943e-04		2.990636e-22
T		47		5.280479e-07		7.578978e-22
T		48		5.644619e-16		2.125286e-43
T		49		3.480072e-16		8.511315e-43
T		50		1.208658e-14		6.947568e-41
T		51		9.485664e-18		7.256879e-39
T		52		1.276978e-14		1.374662e-40
T		53		8.972284e-07		1.270035e-27
T		54		2.356181e+07		1.500474e+03
T		55		2.307321e+08		2.200469e+04
T		56		3.542268e+06		1.130071e+03
T		57		2.766126e-84		8.253421e-160
T		58		2.386825e-57		4.547179e-112
T		59		6.714637e-59		7.915817e-115
T		60		1.261220e-39		4.967131e-81
T		91		1.336076e-30		8.729084e-61
T		92		1.247489e-30		1.535214e-64
T		93		1.773056e-50		1.662889e-100
