z		z0		z1		T		P		1		2		3		4		5		6		7		8		9		10		11		12		13		14		15		16		17		18		19		20		21		22		23		24		25		26		27		28		29		30		31		32		33		34		35		36		37		38		39		40		41		42		43		44		45		46		47		48		49		50		51		52		53		54		55		56		57		58		59		60		61		62		63		64		65		66		67		68		69		70		71		72		73		74		75		76		77		78		79		80		81		82		83		84		85		86		87		88		89		90		91		92		93		94		95		96		97		98		99		100		101		102		103		104		105		106		107		108		109		110		111		
km		km		km		K		Pa		
1.000000	0.000000	2.000000	311.226285	9.797777e+04	8.391257e+04	2.331038e-04	4.119823e+09	1.647742e+07	1.140604e+03	4.955297e+06	1.664516e+18	8.922095e-12	1.150256e-07	7.827866e-12	3.074699e+06	1.502447e+00	3.133669e-05	2.856730e-08	3.623204e-24	1.962716e-01	2.015476e-01	6.360995e-03	1.339425e-15	1.448430e+11	4.577220e+10	2.426739e+08	3.759390e-08	3.974333e+07	1.069721e+02	1.221567e-39	1.304797e-07	2.099458e-09	4.273520e-01	1.921423e-01	2.159578e+04	2.975694e-12	2.051646e+01	1.907764e-01	2.375389e+02	2.512230e-03	7.709041e-04	7.577430e-17	1.598572e-16	0.000000e+00	3.196923e-35	0.000000e+00	0.000000e+00	0.000000e+00	0.000000e+00	0.000000e+00	0.000000e+00	0.000000e+00	1.708493e-36	3.497000e-54	0.000000e+00	2.280159e+18	4.508247e+12	2.435134e+04	2.052143e+19	4.102784e-11	8.838144e-10	2.120354e-14	1.527584e-06	6.173885e+03	1.333219e+06	8.694366e+02	1.346076e+08	3.045532e-19	3.007641e-05	2.205765e-06	8.494733e-26	0.000000e+00	0.000000e+00	6.520093e-14	2.427226e-02	1.313159e-08	0.000000e+00	0.000000e+00	0.000000e+00	6.926768e-38	5.572982e-71	0.000000e+00	0.000000e+00	6.159218e-08	0.000000e+00	0.000000e+00	0.000000e+00	0.000000e+00	0.000000e+00	0.000000e+00	0.000000e+00	0.000000e+00	0.000000e+00	0.000000e+00	0.000000e+00	0.000000e+00	0.000000e+00	0.000000e+00	0.000000e+00	0.000000e+00	0.000000e+00	0.000000e+00	0.000000e+00	0.000000e+00	0.000000e+00	0.000000e+00	0.000000e+00	0.000000e+00	0.000000e+00	2.025061e-58	3.743931e-30	4.416376e-29	3.408483e-10	8.457161e-19	0.000000e+00	
3.000000	2.000000	4.000000	304.240084	7.817438e+04	1.132665e+06	1.845617e-01	2.352655e+09	8.399178e+06	1.278609e+04	6.899802e+06	2.150617e+17	4.768598e-12	4.527299e-07	4.767552e-11	2.511413e+06	1.358282e+00	2.041238e-05	1.287850e-07	2.441327e-23	1.475696e-01	9.026574e-02	3.532733e-02	1.916205e-15	1.392832e+11	3.721598e+10	2.052407e+08	1.320486e-07	2.934410e+07	8.107644e+02	6.862385e-38	1.908656e-06	6.859218e-09	3.595165e-01	1.475875e-01	1.926475e+04	2.895211e-11	2.600820e+01	1.795648e-01	2.537809e+02	2.410445e-03	6.310260e-04	2.317854e-16	9.457703e-15	0.000000e+00	3.048756e-34	0.000000e+00	0.000000e+00	0.000000e+00	0.000000e+00	0.000000e+00	0.000000e+00	0.000000e+00	1.832413e-36	2.619607e-54	0.000000e+00	1.861065e+18	3.659874e+12	9.972278e+05	1.674960e+19	9.439550e-11	3.059164e-10	3.596284e-14	5.641430e-07	4.047838e+03	1.114679e+06	5.389888e+02	1.145625e+08	6.793903e-17	1.549915e-05	3.546992e-06	4.988677e-26	0.000000e+00	0.000000e+00	1.334610e-12	1.746261e-01	7.091232e-08	0.000000e+00	0.000000e+00	0.000000e+00	1.312036e-36	2.015019e-69	0.000000e+00	0.000000e+00	7.277364e-08	0.000000e+00	0.000000e+00	0.000000e+00	0.000000e+00	0.000000e+00	0.000000e+00	0.000000e+00	0.000000e+00	0.000000e+00	0.000000e+00	0.000000e+00	0.000000e+00	0.000000e+00	0.000000e+00	0.000000e+00	0.000000e+00	0.000000e+00	0.000000e+00	0.000000e+00	0.000000e+00	0.000000e+00	0.000000e+00	0.000000e+00	0.000000e+00	0.000000e+00	3.599924e-58	1.007138e-28	1.260669e-27	3.196082e-10	7.061491e-19	0.000000e+00	
5.000000	4.000000	6.000000	297.017064	6.192495e+04	5.787957e+06	5.428041e+01	2.623409e+09	1.603633e+07	6.280371e+05	3.681249e+07	1.443866e+17	2.939083e-12	7.734275e-07	1.593511e-10	2.042198e+06	1.111866e+00	6.848518e-05	6.376370e-07	3.020675e-21	1.002209e-01	1.132054e-01	9.192567e-02	1.388345e-14	1.434146e+11	3.004690e+10	1.424769e+08	2.865911e-07	1.946833e+07	4.472714e+03	2.203639e-36	5.936261e-05	1.181526e-07	7.126537e-01	2.216566e-01	1.798506e+04	2.584337e-09	4.870211e+01	3.875277e-01	2.581247e+02	4.575557e-03	5.138889e-04	5.087296e-16	5.053827e-14	0.000000e+00	0.000000e+00	0.000000e+00	0.000000e+00	0.000000e+00	0.000000e+00	0.000000e+00	0.000000e+00	0.000000e+00	2.518864e-36	3.364165e-54	0.000000e+00	1.510071e+18	2.940137e+12	6.286208e+07	1.359066e+19	3.615245e-10	6.750314e-11	1.555317e-13	1.409074e-06	4.805405e+03	9.749608e+05	3.992770e+02	9.372413e+07	4.800514e-15	9.250582e-06	8.404147e-06	1.230376e-25	0.000000e+00	0.000000e+00	2.059509e-09	2.079213e+00	2.736900e-07	0.000000e+00	0.000000e+00	0.000000e+00	0.000000e+00	0.000000e+00	0.000000e+00	0.000000e+00	1.607949e-07	0.000000e+00	0.000000e+00	0.000000e+00	0.000000e+00	0.000000e+00	0.000000e+00	0.000000e+00	0.000000e+00	0.000000e+00	0.000000e+00	0.000000e+00	0.000000e+00	0.000000e+00	0.000000e+00	0.000000e+00	0.000000e+00	0.000000e+00	0.000000e+00	0.000000e+00	0.000000e+00	0.000000e+00	0.000000e+00	0.000000e+00	0.000000e+00	0.000000e+00	9.579215e-58	1.351921e-27	1.795817e-26	3.483527e-10	6.059676e-19	0.000000e+00	
7.000000	6.000000	8.000000	289.524740	4.875233e+04	1.987240e+07	3.412617e+04	6.042142e+08	7.051962e+07	3.517338e+07	2.541596e+08	9.317487e+16	5.844620e-12	7.097724e-07	7.702696e-10	1.656740e+06	7.817303e-01	4.046588e-03	1.614766e-05	4.397035e-18	3.448765e-02	2.266884e-01	2.220088e-01	9.991644e-14	1.632470e+11	2.411173e+10	1.502150e+07	5.939054e-07	1.287816e+07	3.425494e+04	1.341016e-35	1.957098e-03	6.574467e-06	1.479538e+01	3.567471e+00	1.808117e+04	5.178491e-07	1.229014e+02	1.093928e+01	1.057438e+03	7.375058e-01	4.169649e-04	2.672019e-15	4.869837e-13	0.000000e+00	3.654534e-35	0.000000e+00	0.000000e+00	0.000000e+00	0.000000e+00	0.000000e+00	0.000000e+00	0.000000e+00	4.035996e-36	1.310276e-53	0.000000e+00	1.219615e+18	2.338093e+12	4.273194e+09	1.097656e+19	2.019109e-07	4.890741e-11	3.548939e-12	8.601216e-05	6.086419e+04	7.011749e+05	3.112503e+03	4.711037e+07	3.416407e-13	4.844463e-05	2.352117e-05	1.574948e-24	0.000000e+00	0.000000e+00	5.477635e-06	1.886823e+03	9.948328e-07	0.000000e+00	0.000000e+00	0.000000e+00	0.000000e+00	0.000000e+00	0.000000e+00	0.000000e+00	3.748576e-06	0.000000e+00	0.000000e+00	0.000000e+00	0.000000e+00	0.000000e+00	0.000000e+00	0.000000e+00	0.000000e+00	0.000000e+00	0.000000e+00	0.000000e+00	0.000000e+00	0.000000e+00	0.000000e+00	0.000000e+00	0.000000e+00	0.000000e+00	0.000000e+00	0.000000e+00	0.000000e+00	0.000000e+00	0.000000e+00	0.000000e+00	0.000000e+00	0.000000e+00	2.978770e-57	2.764411e-26	2.809060e-25	4.306211e-10	5.441669e-19	0.000000e+00	
9.000000	8.000000	10.000000	281.661692	3.813702e+04	1.261710e+07	9.608397e+05	5.511440e+07	3.607052e+07	2.239447e+08	1.201698e+09	5.713180e+16	6.247330e-12	4.674839e-07	7.928563e-10	1.342488e+06	5.056834e-01	8.091494e-02	4.604113e-05	5.989537e-16	4.417488e-03	7.894296e-02	5.216766e-01	3.601742e-16	2.602888e+11	1.923701e+10	5.894136e+06	1.625966e-06	1.656313e+07	7.335713e+05	5.168749e-36	1.159909e-02	2.913097e-05	4.951261e+01	9.973702e+00	1.631043e+04	2.375736e-06	1.598447e+01	2.711233e+00	2.056776e+02	8.243346e+00	3.372394e-04	1.692834e-15	8.327255e-13	0.000000e+00	0.000000e+00	0.000000e+00	0.000000e+00	0.000000e+00	0.000000e+00	0.000000e+00	0.000000e+00	0.000000e+00	6.920838e-36	4.069150e-54	0.000000e+00	9.806898e+17	1.868885e+12	6.106023e+10	8.826232e+18	7.908200e-06	4.074580e-11	2.957681e-13	4.557032e-05	5.800016e+04	3.750986e+04	3.721848e+03	4.228668e+06	4.397096e-12	1.297752e-04	6.653100e-05	1.084323e-23	0.000000e+00	0.000000e+00	1.605787e-03	1.664920e+05	1.952906e-06	0.000000e+00	0.000000e+00	0.000000e+00	0.000000e+00	0.000000e+00	0.000000e+00	0.000000e+00	1.491250e-05	0.000000e+00	0.000000e+00	0.000000e+00	0.000000e+00	0.000000e+00	0.000000e+00	0.000000e+00	0.000000e+00	0.000000e+00	0.000000e+00	0.000000e+00	0.000000e+00	0.000000e+00	0.000000e+00	0.000000e+00	0.000000e+00	0.000000e+00	0.000000e+00	0.000000e+00	0.000000e+00	0.000000e+00	0.000000e+00	0.000000e+00	0.000000e+00	0.000000e+00	9.697099e-57	1.937463e-25	4.669040e-25	3.722076e-10	4.912014e-19	0.000000e+00	
11.000000	10.000000	12.000000	273.455415	2.962012e+04	1.344601e+07	2.193911e+06	2.486169e+07	2.058354e+07	3.000684e+08	2.321952e+09	3.310782e+16	1.568925e-11	3.080835e-07	4.447790e-10	1.086995e+06	4.471139e-01	1.379925e-01	5.106119e-05	3.528560e-15	1.519383e-03	3.639744e-02	5.578537e-01	9.609877e-18	3.977009e+11	1.532343e+10	3.744436e+06	2.002502e-06	1.415196e+07	1.362080e+06	1.616396e-36	1.239956e-02	1.419553e-05	2.939286e+01	5.121668e+00	1.124246e+04	2.255757e-06	4.244588e+00	9.465673e-01	7.508700e+01	5.817200e+00	2.717705e-04	1.237937e-15	1.321293e-12	0.000000e+00	0.000000e+00	0.000000e+00	0.000000e+00	0.000000e+00	0.000000e+00	0.000000e+00	0.000000e+00	0.000000e+00	1.799204e-35	1.242364e-54	0.000000e+00	7.845358e+17	1.492176e+12	1.410589e+11	7.060845e+18	2.505609e-05	2.329824e-11	3.293650e-14	6.120864e-06	1.265521e+04	9.005564e+03	7.718299e+02	1.414914e+06	1.067091e-11	4.197366e-05	3.525710e-05	1.536738e-23	0.000000e+00	0.000000e+00	1.194590e-02	1.427085e+05	2.765926e-06	0.000000e+00	0.000000e+00	0.000000e+00	0.000000e+00	0.000000e+00	0.000000e+00	0.000000e+00	1.085542e-05	0.000000e+00	0.000000e+00	0.000000e+00	0.000000e+00	0.000000e+00	0.000000e+00	0.000000e+00	0.000000e+00	0.000000e+00	0.000000e+00	0.000000e+00	0.000000e+00	0.000000e+00	0.000000e+00	0.000000e+00	0.000000e+00	0.000000e+00	0.000000e+00	0.000000e+00	0.000000e+00	0.000000e+00	0.000000e+00	0.000000e+00	0.000000e+00	0.000000e+00	1.048875e-56	2.101671e-25	2.144841e-25	2.060892e-10	3.521388e-19	0.000000e+00	
13.000000	12.000000	14.000000	264.825139	2.282449e+04	1.645572e+07	3.642770e+06	1.496712e+07	1.306964e+07	3.054988e+08	2.681174e+09	1.647996e+16	3.617179e-10	1.940979e-07	2.970484e-10	8.803511e+05	5.043767e-01	1.851344e-01	6.745022e-05	1.898854e-14	7.853561e-04	2.299243e-02	4.640032e-01	9.083051e-19	5.534036e+11	1.216622e+10	2.145176e+06	1.640024e-06	1.008807e+07	1.229862e+06	5.044266e-37	1.003024e-02	6.096346e-06	1.407971e+01	2.156464e+00	8.069714e+03	1.859396e-06	1.955058e+00	5.069455e-01	4.379839e+01	2.652211e+00	2.182476e-04	1.120720e-15	2.292098e-12	0.000000e+00	1.524502e-36	0.000000e+00	0.000000e+00	0.000000e+00	0.000000e+00	0.000000e+00	0.000000e+00	0.000000e+00	4.025867e-35	5.733627e-55	0.000000e+00	6.242437e+17	1.186806e+12	2.298657e+11	5.618214e+18	5.742412e-05	1.629852e-11	8.091652e-15	1.155031e-06	3.517394e+03	3.545682e+03	2.116750e+02	6.675445e+05	2.300318e-11	1.454141e-05	1.438560e-05	1.185125e-22	0.000000e+00	0.000000e+00	5.013198e-02	8.156014e+04	3.428492e-06	0.000000e+00	0.000000e+00	0.000000e+00	1.110007e-38	2.976901e-72	0.000000e+00	0.000000e+00	6.485138e-06	0.000000e+00	0.000000e+00	0.000000e+00	0.000000e+00	0.000000e+00	0.000000e+00	0.000000e+00	0.000000e+00	0.000000e+00	0.000000e+00	0.000000e+00	0.000000e+00	0.000000e+00	0.000000e+00	0.000000e+00	0.000000e+00	0.000000e+00	0.000000e+00	0.000000e+00	0.000000e+00	0.000000e+00	0.000000e+00	0.000000e+00	0.000000e+00	0.000000e+00	6.859760e-57	1.698119e-25	8.895065e-26	1.036741e-10	2.306459e-19	0.000000e+00	
15.000000	14.000000	16.000000	254.876810	1.742850e+04	2.131492e+07	5.424098e+06	9.524284e+06	8.285473e+06	2.621704e+08	2.185094e+09	6.918274e+15	8.463315e-09	1.108662e-07	2.097022e-10	7.160517e+05	6.120676e-01	2.131675e-01	9.335556e-05	6.529646e-14	4.317381e-04	1.571952e-02	3.223804e-01	1.367890e-19	7.134477e+11	9.642826e+09	1.114959e+06	1.067383e-06	6.750050e+06	7.587744e+05	1.203209e-37	7.098495e-03	2.413103e-06	6.093353e+00	7.874295e-01	6.035923e+03	1.423332e-06	1.099629e+00	2.845491e-01	2.635526e+01	1.053408e+00	1.751756e-04	1.052427e-15	3.442316e-12	9.035695e-24	0.000000e+00	3.262185e-20	6.777523e-19	4.319956e-25	2.567601e-26	7.943092e-24	3.102319e-23	6.534881e-25	8.821441e-35	3.440997e-55	0.000000e+00	4.952696e+17	9.417040e+11	3.195195e+11	4.457446e+18	1.164675e-04	1.605754e-11	2.667755e-15	2.280907e-07	1.053048e+03	1.580223e+03	6.471404e+01	3.427126e+05	5.297011e-11	4.851778e-06	5.115048e-06	7.988469e-22	3.099863e-23	0.000000e+00	1.060924e-01	3.758207e+04	3.962634e-06	0.000000e+00	1.347443e-29	9.107349e-29	0.000000e+00	4.686067e-76	0.000000e+00	0.000000e+00	3.352558e-06	0.000000e+00	0.000000e+00	0.000000e+00	0.000000e+00	0.000000e+00	0.000000e+00	0.000000e+00	0.000000e+00	0.000000e+00	0.000000e+00	0.000000e+00	0.000000e+00	0.000000e+00	0.000000e+00	0.000000e+00	0.000000e+00	0.000000e+00	0.000000e+00	0.000000e+00	0.000000e+00	0.000000e+00	0.000000e+00	0.000000e+00	0.000000e+00	0.000000e+00	3.552318e-57	1.254391e-25	3.679143e-26	4.935208e-11	1.431761e-19	0.000000e+00	
17.000000	16.000000	18.000000	242.245934	1.314724e+04	3.228680e+07	8.868738e+06	5.709172e+06	4.940297e+06	1.777279e+08	1.215856e+09	2.068272e+15	1.341067e-07	5.346548e-08	1.398347e-10	5.877901e+05	8.121677e-01	2.090332e-01	1.018416e-04	8.953233e-14	2.152974e-04	1.130099e-02	1.869648e-01	2.410224e-20	8.667723e+11	7.650130e+09	5.143186e+05	6.002541e-07	4.510359e+06	3.190940e+05	1.619628e-38	4.515721e-03	8.206417e-07	2.273292e+00	2.129140e-01	4.646986e+03	1.040647e-06	7.179775e-01	1.627455e-01	1.443684e+01	3.916964e-01	1.410667e-04	7.753956e-16	2.602043e-12	1.893870e-23	6.721408e-37	7.427397e-20	9.806156e-19	1.246548e-24	2.132873e-26	7.946398e-24	3.190733e-23	3.536809e-25	1.758226e-34	2.165734e-55	0.000000e+00	3.930879e+17	7.475688e+11	4.041898e+11	3.537809e+18	2.540848e-04	3.304015e-11	1.015561e-15	3.706839e-08	2.887083e+02	6.650458e+02	1.956815e+01	1.747261e+05	1.618214e-10	1.338472e-06	1.578382e-06	2.828490e-21	2.227565e-23	0.000000e+00	9.033278e-02	1.277109e+04	4.396687e-06	0.000000e+00	2.649896e-29	1.792014e-28	3.134739e-39	1.943872e-76	0.000000e+00	0.000000e+00	1.273389e-06	0.000000e+00	0.000000e+00	0.000000e+00	0.000000e+00	0.000000e+00	0.000000e+00	0.000000e+00	0.000000e+00	0.000000e+00	0.000000e+00	0.000000e+00	0.000000e+00	0.000000e+00	0.000000e+00	0.000000e+00	0.000000e+00	0.000000e+00	0.000000e+00	0.000000e+00	0.000000e+00	0.000000e+00	0.000000e+00	0.000000e+00	0.000000e+00	0.000000e+00	1.541957e-57	8.568697e-26	1.393968e-26	2.252118e-11	8.551547e-20	0.000000e+00	
19.000000	18.000000	20.000000	226.134401	9.745514e+03	7.141791e+07	2.075511e+07	3.688212e+06	3.203143e+06	8.126759e+07	4.206908e+08	3.629848e+14	1.362846e-06	2.000330e-08	6.027244e-11	4.877397e+05	1.081217e+00	1.343345e-01	9.601543e-05	5.631159e-14	8.257146e-05	9.145088e-03	8.786416e-02	1.108913e-20	1.002060e+12	6.073679e+09	2.153244e+05	3.059234e-07	3.083793e+06	8.807779e+04	1.049216e-39	2.520669e-03	1.981284e-07	6.697876e-01	3.728193e-02	3.631660e+03	9.001161e-07	6.468547e-01	1.321201e-01	6.866543e+00	1.549533e-01	1.140555e-04	2.554139e-16	6.934519e-13	1.380734e-23	0.000000e+00	5.544566e-20	5.814663e-19	2.895970e-24	3.979368e-27	1.476922e-24	7.721592e-24	6.372443e-26	3.446327e-34	2.662774e-55	0.000000e+00	3.121400e+17	5.937440e+11	4.781770e+11	2.809277e+18	7.741957e-04	7.541057e-11	8.918947e-16	6.259355e-09	7.584250e+01	2.879497e+02	6.118890e+00	1.015099e+05	7.653147e-10	2.709321e-07	3.919615e-07	3.276484e-21	8.093876e-24	0.000000e+00	2.999972e-02	2.613989e+03	4.745699e-06	0.000000e+00	2.017292e-29	1.366321e-28	0.000000e+00	9.867317e-73	0.000000e+00	0.000000e+00	3.100211e-07	0.000000e+00	0.000000e+00	0.000000e+00	0.000000e+00	0.000000e+00	0.000000e+00	0.000000e+00	0.000000e+00	0.000000e+00	0.000000e+00	0.000000e+00	0.000000e+00	0.000000e+00	0.000000e+00	0.000000e+00	0.000000e+00	0.000000e+00	0.000000e+00	0.000000e+00	0.000000e+00	0.000000e+00	0.000000e+00	0.000000e+00	0.000000e+00	0.000000e+00	5.255606e-58	5.017654e-26	3.292246e-27	9.933768e-12	4.954727e-20	0.000000e+00	
21.000000	20.000000	22.000000	208.435761	7.052615e+03	2.576940e+08	7.565862e+07	3.266231e+06	2.640494e+06	2.261758e+07	9.956329e+07	3.917463e+13	4.899818e-06	6.160905e-09	9.825750e-12	4.045678e+05	1.259164e+00	4.594301e-02	9.215364e-05	2.018512e-14	2.131142e-05	8.321541e-03	3.353559e-02	9.239358e-20	1.101390e+12	4.768196e+09	8.410758e+04	1.441087e-07	2.133655e+06	1.912460e+04	3.054670e-41	1.152286e-03	2.207173e-08	1.314103e-01	4.400585e-03	2.825128e+03	2.203206e-06	7.735629e-01	2.018343e-01	2.839582e+00	7.529824e-02	9.156688e-05	3.431830e-17	1.028242e-13	7.653187e-24	3.270905e-37	3.002234e-20	4.836158e-19	2.170483e-23	5.225488e-28	7.390560e-26	1.037090e-24	1.506465e-26	5.540565e-34	1.560931e-54	0.000000e+00	2.450691e+17	4.662757e+11	5.327636e+11	2.205638e+18	3.637667e-03	5.765037e-11	9.870939e-15	1.658010e-09	2.082469e+01	1.596154e+02	1.993389e+00	7.638517e+04	3.614065e-09	4.671812e-08	7.396921e-08	3.883674e-22	5.750661e-24	0.000000e+00	4.103796e-03	2.525200e+02	4.967403e-06	0.000000e+00	2.251535e-29	1.526111e-28	6.437124e-39	1.527037e-76	0.000000e+00	0.000000e+00	5.085830e-08	0.000000e+00	0.000000e+00	0.000000e+00	0.000000e+00	0.000000e+00	0.000000e+00	0.000000e+00	0.000000e+00	0.000000e+00	0.000000e+00	0.000000e+00	0.000000e+00	0.000000e+00	0.000000e+00	0.000000e+00	0.000000e+00	0.000000e+00	0.000000e+00	0.000000e+00	0.000000e+00	0.000000e+00	0.000000e+00	0.000000e+00	0.000000e+00	0.000000e+00	1.430294e-58	2.585515e-26	4.541084e-28	4.243897e-12	2.780217e-20	0.000000e+00	
23.000000	22.000000	24.000000	195.546352	4.981732e+03	8.802601e+08	2.246228e+08	3.623834e+06	2.226679e+06	6.065206e+06	2.049897e+07	5.993336e+12	1.159395e-05	1.705026e-09	1.673215e-12	3.245154e+05	1.256639e+00	2.173032e-02	1.179330e-04	1.060435e-14	5.306086e-06	6.257072e-03	1.206835e-02	1.511137e-18	1.134324e+12	3.589913e+09	3.254995e+04	6.293179e-08	1.444344e+06	3.971337e+03	6.287196e-43	3.979170e-04	1.747126e-09	2.019399e-02	5.690003e-04	2.114892e+03	3.307975e-05	8.829035e-01	2.667360e-01	1.056629e+00	3.928786e-02	7.090255e-05	3.000862e-18	1.782573e-14	2.291486e-24	1.545065e-38	8.329330e-21	2.621539e-19	8.546717e-23	6.169292e-29	1.826107e-27	7.811385e-26	4.269267e-27	3.717161e-34	6.324923e-54	0.000000e+00	1.845188e+17	3.511829e+11	5.531578e+11	1.660684e+18	1.446203e-02	3.423785e-11	1.580237e-13	5.987123e-10	5.472509e+00	1.126307e+02	6.834371e-01	5.504407e+04	4.036445e-09	1.123160e-08	1.266034e-08	2.213752e-23	2.638730e-24	0.000000e+00	5.031718e-04	1.908654e+01	4.944549e-06	0.000000e+00	1.656993e-29	1.123173e-28	1.043329e-39	2.317370e-80	0.000000e+00	0.000000e+00	9.398033e-09	0.000000e+00	0.000000e+00	0.000000e+00	0.000000e+00	0.000000e+00	0.000000e+00	0.000000e+00	0.000000e+00	0.000000e+00	0.000000e+00	0.000000e+00	0.000000e+00	0.000000e+00	0.000000e+00	0.000000e+00	0.000000e+00	0.000000e+00	0.000000e+00	0.000000e+00	0.000000e+00	0.000000e+00	0.000000e+00	0.000000e+00	0.000000e+00	0.000000e+00	3.200990e-59	1.203869e-26	5.439380e-29	1.727830e-12	1.476189e-20	0.000000e+00	
25.000000	24.000000	26.000000	188.514121	3.458989e+03	1.859961e+09	3.557436e+08	4.472617e+06	1.772270e+06	2.498015e+06	4.003018e+06	1.929663e+12	2.654570e-05	4.251972e-10	7.613383e-13	2.486827e+05	1.162159e+00	1.489055e-02	1.259909e-04	6.672610e-15	2.046928e-06	3.771159e-03	4.419677e-03	3.955354e-18	1.113286e+12	2.585473e+09	1.382581e+04	2.577008e-08	9.452896e+05	8.134242e+02	2.779490e-44	1.064654e-04	2.538008e-10	4.550452e-03	1.245291e-04	1.517052e+03	3.591838e-04	7.947269e-01	1.947832e-01	4.030773e-01	2.068071e-02	5.300208e-05	4.395009e-19	5.430467e-15	6.884413e-25	2.140748e-35	2.246701e-21	9.858538e-20	9.995187e-23	6.668498e-30	1.094702e-28	9.206958e-27	1.160311e-27	1.399573e-34	2.922272e-54	0.000000e+00	1.328967e+17	2.530470e+11	5.457163e+11	1.196084e+18	3.220271e-02	3.313594e-11	3.395376e-13	2.903888e-10	1.616051e+00	9.487169e+01	2.859707e-01	3.427295e+04	1.488263e-09	3.530876e-09	2.301109e-09	3.548865e-24	7.250812e-25	0.000000e+00	9.094754e-05	2.350467e+00	4.750952e-06	0.000000e+00	8.852725e-30	5.992415e-29	9.805349e-37	0.000000e+00	0.000000e+00	0.000000e+00	3.025682e-09	0.000000e+00	0.000000e+00	0.000000e+00	0.000000e+00	0.000000e+00	0.000000e+00	0.000000e+00	0.000000e+00	0.000000e+00	0.000000e+00	0.000000e+00	0.000000e+00	0.000000e+00	0.000000e+00	0.000000e+00	0.000000e+00	0.000000e+00	0.000000e+00	0.000000e+00	0.000000e+00	0.000000e+00	0.000000e+00	0.000000e+00	0.000000e+00	0.000000e+00	5.885142e-60	4.992517e-27	6.005305e-30	6.635484e-13	7.347072e-21	0.000000e+00	
27.000000	26.000000	28.000000	183.298194	2.374373e+03	2.837634e+09	3.850260e+08	6.109256e+06	1.520958e+06	1.511805e+06	8.152515e+05	7.869778e+11	5.654426e-05	9.875133e-11	6.202646e-13	1.844148e+05	1.029051e+00	9.791850e-03	9.061679e-05	2.936266e-15	1.131079e-06	2.246135e-03	1.686596e-03	5.360599e-18	1.069397e+12	1.825184e+09	6.853353e+03	1.021140e-08	6.088805e+05	1.658602e+02	1.684545e-45	2.495563e-05	6.442571e-11	1.650289e-03	4.163445e-05	1.067629e+03	2.237284e-03	6.052344e-01	1.019829e-01	1.779842e-01	1.174003e-02	3.933895e-05	1.048111e-19	2.232926e-15	0.000000e+00	0.000000e+00	0.000000e+00	0.000000e+00	0.000000e+00	6.780304e-31	0.000000e+00	0.000000e+00	0.000000e+00	4.130077e-35	6.399390e-55	0.000000e+00	9.382064e+16	1.787554e+11	5.260797e+11	8.443978e+17	4.977738e-02	4.467339e-11	3.316855e-13	1.893189e-10	5.999839e-01	8.976925e+01	1.506149e-01	2.219903e+04	3.795869e-10	1.359773e-09	5.118232e-10	1.279691e-24	0.000000e+00	0.000000e+00	2.548413e-05	4.848507e-01	4.534152e-06	0.000000e+00	0.000000e+00	0.000000e+00	0.000000e+00	0.000000e+00	0.000000e+00	0.000000e+00	1.496208e-09	0.000000e+00	0.000000e+00	0.000000e+00	0.000000e+00	0.000000e+00	0.000000e+00	0.000000e+00	0.000000e+00	0.000000e+00	0.000000e+00	0.000000e+00	0.000000e+00	0.000000e+00	0.000000e+00	0.000000e+00	0.000000e+00	0.000000e+00	0.000000e+00	0.000000e+00	0.000000e+00	0.000000e+00	0.000000e+00	0.000000e+00	0.000000e+00	0.000000e+00	9.086183e-61	1.831715e-27	6.877784e-31	2.466140e-13	3.510809e-21	0.000000e+00	
29.000000	28.000000	30.000000	178.394650	1.613595e+03	3.720769e+09	3.503319e+08	8.704633e+06	1.365280e+06	1.092058e+06	2.020999e+05	3.229126e+11	1.062842e-04	2.202910e-11	5.559956e-13	1.329319e+05	8.758385e-01	6.043168e-03	5.211895e-05	9.730065e-16	7.190091e-07	1.323593e-03	6.591745e-04	7.556933e-18	1.013685e+12	1.274404e+09	3.781702e+03	3.964110e-09	3.881592e+05	3.368506e+01	9.770587e-47	5.635342e-06	2.030935e-11	7.366565e-04	1.668379e-05	7.435661e+02	8.896378e-03	4.188769e-01	4.568208e-02	8.824981e-02	6.783712e-03	2.938148e-05	3.053943e-20	1.017524e-15	0.000000e+00	0.000000e+00	0.000000e+00	0.000000e+00	0.000000e+00	6.498324e-32	0.000000e+00	0.000000e+00	0.000000e+00	1.151210e-35	1.505049e-55	0.000000e+00	6.551169e+16	1.249303e+11	4.998897e+11	5.896160e+17	6.495221e-02	6.375181e-11	3.184178e-13	1.369076e-10	2.500825e-01	8.742249e+01	8.923885e-02	1.481775e+04	8.593255e-11	5.741988e-10	1.409159e-10	5.883693e-25	0.000000e+00	0.000000e+00	8.742632e-06	1.280112e-01	4.335982e-06	0.000000e+00	0.000000e+00	0.000000e+00	0.000000e+00	0.000000e+00	0.000000e+00	0.000000e+00	8.857978e-10	0.000000e+00	0.000000e+00	0.000000e+00	0.000000e+00	0.000000e+00	0.000000e+00	0.000000e+00	0.000000e+00	0.000000e+00	0.000000e+00	0.000000e+00	0.000000e+00	0.000000e+00	0.000000e+00	0.000000e+00	0.000000e+00	0.000000e+00	0.000000e+00	0.000000e+00	0.000000e+00	0.000000e+00	0.000000e+00	0.000000e+00	0.000000e+00	0.000000e+00	1.184273e-61	5.816207e-28	1.150224e-31	8.971940e-14	1.626420e-21	0.000000e+00	
31.000000	30.000000	32.000000	173.853784	1.085281e+03	4.382282e+09	2.782675e+08	1.274188e+07	1.267259e+06	8.811268e+05	7.725752e+04	1.354191e+11	1.759268e-04	5.079647e-12	4.805130e-13	9.302030e+04	7.135623e-01	3.496671e-03	2.513533e-05	2.530016e-16	4.938532e-07	7.589162e-04	2.566325e-04	1.509220e-17	9.451728e+11	8.794771e+08	2.244400e+03	1.516184e-09	2.442198e+05	6.815020e+00	6.582488e-48	1.370812e-06	7.439767e-12	3.740319e-04	7.602524e-06	5.120202e+02	2.435620e-02	2.744175e-01	1.887998e-02	4.788377e-02	3.893205e-03	2.216747e-05	1.083641e-20	5.152053e-16	0.000000e+00	6.820031e-36	0.000000e+00	0.000000e+00	0.000000e+00	5.211430e-33	0.000000e+00	0.000000e+00	0.000000e+00	4.562300e-36	7.539824e-56	0.000000e+00	4.521282e+16	8.632976e+10	4.668822e+11	4.069251e+17	7.449227e-02	9.053963e-11	4.140525e-13	1.044257e-10	1.158633e-01	8.645692e+01	5.720342e-02	1.007184e+04	2.073113e-11	2.524616e-10	4.388278e-11	3.079446e-25	0.000000e+00	0.000000e+00	3.184047e-06	4.071037e-02	4.131307e-06	0.000000e+00	0.000000e+00	0.000000e+00	6.606326e-37	1.283033e-71	0.000000e+00	0.000000e+00	5.976388e-10	0.000000e+00	0.000000e+00	0.000000e+00	0.000000e+00	0.000000e+00	0.000000e+00	0.000000e+00	0.000000e+00	0.000000e+00	0.000000e+00	0.000000e+00	0.000000e+00	0.000000e+00	0.000000e+00	0.000000e+00	0.000000e+00	0.000000e+00	0.000000e+00	0.000000e+00	0.000000e+00	0.000000e+00	0.000000e+00	0.000000e+00	0.000000e+00	0.000000e+00	1.321855e-62	1.546813e-28	3.748915e-32	3.213298e-14	7.325326e-22	0.000000e+00	
33.000000	32.000000	34.000000	170.849575	7.237911e+02	4.622104e+09	1.869483e+08	2.005284e+07	1.274410e+06	8.206148e+05	5.040546e+04	7.421989e+10	2.585203e-04	1.456216e-12	3.949129e-13	6.300250e+04	5.550240e-01	1.886977e-03	1.000635e-05	5.075024e-17	3.842515e-07	4.319844e-04	9.800276e-05	4.227602e-17	8.635781e+11	5.967989e+08	1.429470e+03	5.698046e-10	1.504648e+05	1.356663e+00	1.205688e-48	4.357066e-07	3.714560e-12	2.289617e-04	4.332963e-06	3.467431e+02	4.990443e-02	1.748175e-01	7.653032e-03	2.942487e-02	2.280794e-03	1.690117e-05	5.999621e-21	3.380802e-16	1.156327e-24	8.766718e-37	2.366421e-21	5.968945e-20	5.388802e-22	1.879257e-33	3.061860e-29	4.343054e-27	4.755278e-28	9.906149e-37	2.825662e-56	0.000000e+00	3.068314e+16	5.869271e+10	4.271526e+11	2.761568e+17	7.356902e-02	1.347355e-10	6.836991e-13	9.154651e-11	6.658364e-02	9.317138e+01	4.003524e-02	7.188227e+03	6.785678e-12	1.138400e-10	1.417938e-11	2.166110e-25	2.047938e-25	0.000000e+00	1.196311e-06	1.716330e-02	3.882578e-06	0.000000e+00	2.460642e-29	1.639770e-28	8.788615e-38	1.446326e-72	0.000000e+00	0.000000e+00	5.090689e-10	0.000000e+00	0.000000e+00	0.000000e+00	0.000000e+00	0.000000e+00	0.000000e+00	0.000000e+00	0.000000e+00	0.000000e+00	0.000000e+00	0.000000e+00	0.000000e+00	0.000000e+00	0.000000e+00	0.000000e+00	0.000000e+00	0.000000e+00	0.000000e+00	0.000000e+00	0.000000e+00	0.000000e+00	0.000000e+00	0.000000e+00	0.000000e+00	0.000000e+00	1.296463e-63	3.214516e-29	1.632386e-32	1.129925e-14	3.193509e-22	0.000000e+00	
35.000000	34.000000	36.000000	169.315180	4.802928e+02	4.525251e+09	1.107884e+08	3.239640e+07	1.322718e+06	8.188183e+05	4.408075e+04	4.958470e+10	3.482958e-04	6.436626e-13	3.080837e-13	4.161428e+04	4.170962e-01	9.694789e-04	3.469229e-06	8.265339e-18	3.171571e-07	2.362422e-04	3.603916e-05	1.418716e-16	7.778214e+11	3.995627e+08	9.410974e+02	2.110519e-10	9.094668e+04	2.664531e-01	7.701123e-49	2.293639e-07	2.375681e-12	1.571439e-04	2.867591e-06	2.316915e+02	8.397536e-02	1.116217e-01	3.187145e-03	1.960563e-02	1.288497e-03	1.313880e-05	4.934933e-21	2.742844e-16	4.814953e-24	4.447851e-36	8.633409e-21	1.495387e-19	1.359181e-21	5.785759e-33	1.506479e-28	1.760890e-26	1.338323e-27	5.187287e-37	2.993173e-56	0.000000e+00	2.054501e+16	3.940184e+10	3.851682e+11	1.849126e+17	6.511893e-02	2.005739e-10	1.289919e-12	8.821899e-11	4.421437e-02	1.040228e+02	2.895645e-02	5.142978e+03	3.772176e-12	4.994580e-11	4.466950e-12	1.917414e-25	4.711938e-25	0.000000e+00	4.412139e-07	8.657482e-03	3.591213e-06	0.000000e+00	9.008138e-29	5.949521e-28	4.418853e-37	8.029920e-72	0.000000e+00	0.000000e+00	5.073525e-10	0.000000e+00	0.000000e+00	0.000000e+00	0.000000e+00	0.000000e+00	0.000000e+00	0.000000e+00	0.000000e+00	0.000000e+00	0.000000e+00	0.000000e+00	0.000000e+00	0.000000e+00	0.000000e+00	0.000000e+00	0.000000e+00	0.000000e+00	0.000000e+00	0.000000e+00	0.000000e+00	0.000000e+00	0.000000e+00	0.000000e+00	0.000000e+00	0.000000e+00	1.178763e-64	4.935560e-30	6.942047e-33	3.912073e-15	1.350366e-22	0.000000e+00	
37.000000	36.000000	38.000000	169.044075	3.180909e+02	4.280588e+09	6.080546e+07	5.156626e+07	1.346178e+06	8.140157e+05	4.056941e+04	3.278026e+10	4.475585e-04	4.010199e-13	2.328013e-13	2.702092e+04	3.073417e-01	4.849992e-04	1.109786e-06	1.167234e-18	2.608623e-07	1.205105e-04	1.254564e-05	5.294218e-16	6.943681e+11	2.650009e+08	6.215515e+02	7.744037e-11	5.414587e+04	5.268380e-02	1.351483e-48	1.811639e-07	1.763937e-12	1.109988e-04	2.012807e-06	1.533695e+02	1.235732e-01	7.342118e-02	1.377600e-03	1.338578e-02	6.786252e-04	1.049504e-05	5.457927e-21	2.497124e-16	1.209993e-23	2.425493e-36	1.896679e-20	2.232582e-19	1.745106e-21	1.709980e-32	4.824626e-28	4.320191e-26	2.342772e-27	2.052992e-37	2.652332e-56	0.000000e+00	1.362830e+16	2.623240e+10	3.441364e+11	1.226613e+17	5.403829e-02	2.876946e-10	2.705465e-12	8.836154e-11	3.134104e-02	1.144035e+02	2.079699e-02	3.518119e+03	3.117980e-12	2.060765e-11	1.332261e-12	1.935966e-25	6.112710e-25	0.000000e+00	1.530871e-07	4.659684e-03	3.263833e-06	0.000000e+00	2.029311e-28	1.321407e-27	2.287032e-37	3.100667e-72	0.000000e+00	0.000000e+00	5.388317e-10	0.000000e+00	0.000000e+00	0.000000e+00	0.000000e+00	0.000000e+00	0.000000e+00	0.000000e+00	0.000000e+00	0.000000e+00	0.000000e+00	0.000000e+00	0.000000e+00	0.000000e+00	0.000000e+00	0.000000e+00	0.000000e+00	0.000000e+00	0.000000e+00	0.000000e+00	0.000000e+00	0.000000e+00	0.000000e+00	0.000000e+00	0.000000e+00	0.000000e+00	1.039799e-65	5.446956e-31	2.770135e-33	1.340062e-15	5.559996e-23	0.000000e+00	
39.000000	38.000000	40.000000	169.624387	2.108449e+02	4.008433e+09	3.208544e+07	8.164306e+07	1.356398e+06	8.040707e+05	3.625338e+04	2.154290e+10	5.758203e-04	2.948724e-13	1.833159e-13	1.738485e+04	2.257800e-01	2.423818e-04	3.447285e-07	1.526644e-19	2.148920e-07	5.937964e-05	4.181677e-06	2.093086e-15	6.188048e+11	1.750063e+08	4.101972e+02	2.824384e-11	3.191098e+04	1.080033e-02	3.738761e-48	1.583761e-07	1.433078e-12	7.910113e-05	1.458744e-06	1.010964e+02	1.663925e-01	5.098965e-02	6.077722e-04	9.176614e-03	3.373931e-04	8.675813e-06	7.399976e-21	2.412881e-16	2.297628e-23	1.507317e-36	3.159322e-20	2.612963e-19	1.657468e-21	3.938215e-32	1.231225e-27	7.998113e-26	3.319522e-27	1.107154e-37	3.325156e-56	0.000000e+00	9.002385e+15	1.741440e+10	3.068658e+11	8.102727e+16	4.337870e-02	4.134090e-10	6.007491e-12	9.089987e-11	2.312806e-02	1.242593e+02	1.470446e-02	2.343657e+03	2.739638e-12	8.037076e-12	3.798780e-13	2.156185e-25	5.873507e-25	0.000000e+00	5.110037e-08	2.555722e-03	2.923472e-06	0.000000e+00	3.595564e-28	2.292472e-27	1.352841e-37	4.625225e-72	0.000000e+00	0.000000e+00	5.911217e-10	0.000000e+00	0.000000e+00	0.000000e+00	0.000000e+00	0.000000e+00	0.000000e+00	0.000000e+00	0.000000e+00	0.000000e+00	0.000000e+00	0.000000e+00	0.000000e+00	0.000000e+00	0.000000e+00	0.000000e+00	0.000000e+00	0.000000e+00	0.000000e+00	0.000000e+00	0.000000e+00	0.000000e+00	0.000000e+00	0.000000e+00	0.000000e+00	0.000000e+00	9.046401e-67	4.232726e-32	1.154095e-33	4.554936e-16	2.235672e-23	0.000000e+00	
41.000000	40.000000	42.000000	170.095733	1.399819e+02	4.137265e+09	1.846531e+07	1.303363e+08	1.301683e+06	7.298290e+05	2.748483e+04	1.415236e+10	8.250908e-04	2.306719e-13	1.542916e-13	1.117578e+04	1.680589e-01	1.218452e-04	1.155039e-07	2.027910e-20	1.643672e-07	2.820555e-05	1.329679e-06	8.050200e-15	5.539763e+11	1.158197e+08	2.653364e+02	1.031270e-11	1.875395e+04	2.344885e-03	7.272413e-48	1.165890e-07	9.913309e-13	4.893200e-05	9.141526e-07	6.678904e+01	2.108136e-01	3.881233e-02	2.573468e-04	5.758691e-03	1.504862e-04	7.453711e-06	9.664657e-21	2.048207e-16	2.800608e-23	0.000000e+00	3.403979e-20	2.135602e-19	1.197709e-21	5.378330e-32	1.777631e-27	8.763201e-26	3.285608e-27	6.693020e-38	4.118741e-56	0.000000e+00	5.960063e+15	1.160070e+10	2.746261e+11	5.364570e+16	3.784205e-02	6.066559e-10	1.292387e-11	8.852862e-11	1.497314e-02	1.313672e+02	9.918213e-03	1.476559e+03	1.789618e-12	2.952568e-12	1.036067e-13	2.066893e-25	3.493886e-25	0.000000e+00	1.579333e-08	1.091278e-03	2.591875e-06	0.000000e+00	4.365164e-28	2.700486e-27	0.000000e+00	6.546248e-73	0.000000e+00	0.000000e+00	5.578903e-10	0.000000e+00	0.000000e+00	0.000000e+00	0.000000e+00	0.000000e+00	0.000000e+00	0.000000e+00	0.000000e+00	0.000000e+00	0.000000e+00	0.000000e+00	0.000000e+00	0.000000e+00	0.000000e+00	0.000000e+00	0.000000e+00	0.000000e+00	0.000000e+00	0.000000e+00	0.000000e+00	0.000000e+00	0.000000e+00	0.000000e+00	0.000000e+00	0.000000e+00	7.835877e-68	2.423383e-33	5.294707e-34	1.546615e-16	8.835415e-24	0.000000e+00	
43.000000	42.000000	44.000000	170.903286	9.307654e+01	5.906495e+09	1.424145e+07	2.039785e+08	9.618794e+05	4.708078e+05	1.282959e+04	9.256509e+09	1.464605e-03	1.586798e-13	1.158466e-13	7.167203e+03	1.270141e-01	5.821661e-05	4.650147e-08	2.901806e-21	9.066540e-08	1.047899e-05	3.585810e-07	2.237032e-14	4.964756e+11	7.660049e+07	1.572628e+02	3.775427e-12	1.096520e+04	5.039649e-04	7.811772e-48	5.085633e-08	3.701832e-13	1.762918e-05	3.313569e-07	4.410267e+01	2.536158e-01	3.387192e-02	1.006503e-04	2.575556e-03	5.254103e-05	6.604271e-06	7.391290e-21	1.177637e-16	3.077577e-23	3.525032e-37	3.307723e-20	1.777237e-19	8.094765e-22	3.423669e-32	1.227138e-27	6.171255e-26	3.301046e-27	2.345425e-38	1.557538e-56	0.000000e+00	3.944099e+15	7.726416e+09	2.451418e+11	3.550146e+16	4.429075e-02	7.814317e-10	2.040634e-11	6.891876e-11	5.977735e-03	1.233311e+02	5.901063e-03	6.837822e+02	5.513430e-13	9.419170e-13	2.461054e-14	9.568192e-26	1.326528e-25	0.000000e+00	3.496440e-09	2.034798e-04	2.264996e-06	0.000000e+00	5.440419e-28	3.222888e-27	4.489411e-38	7.262655e-73	0.000000e+00	0.000000e+00	3.042841e-10	0.000000e+00	0.000000e+00	0.000000e+00	0.000000e+00	0.000000e+00	0.000000e+00	0.000000e+00	0.000000e+00	0.000000e+00	0.000000e+00	0.000000e+00	0.000000e+00	0.000000e+00	0.000000e+00	0.000000e+00	0.000000e+00	0.000000e+00	0.000000e+00	0.000000e+00	0.000000e+00	0.000000e+00	0.000000e+00	0.000000e+00	0.000000e+00	0.000000e+00	6.777286e-69	1.491813e-34	2.051945e-34	5.247856e-17	3.430179e-24	0.000000e+00	
45.000000	44.000000	46.000000	173.116769	6.212495e+01	1.096602e+10	1.366766e+07	2.854260e+08	4.953699e+05	2.065153e+05	3.619490e+03	5.995846e+09	2.821229e-03	8.704677e-14	7.251589e-14	4.568617e+03	9.682359e-02	2.797374e-05	2.146931e-08	4.541620e-22	3.475006e-08	2.695751e-06	7.864454e-08	3.286013e-14	4.439010e+11	5.042816e+07	8.092470e+01	1.380387e-12	6.316712e+03	1.085282e-04	7.168367e-48	1.166969e-08	8.699624e-14	3.904430e-06	7.679620e-08	2.898798e+01	2.925550e-01	3.310457e-02	4.226054e-05	7.277964e-04	1.639912e-05	5.989151e-06	2.763432e-21	7.107491e-17	2.099299e-23	4.125625e-38	1.977363e-20	9.737914e-20	4.891070e-22	6.968932e-33	2.594701e-28	1.839598e-26	2.096520e-27	6.712789e-39	2.057151e-57	0.000000e+00	2.598755e+15	5.118330e+09	2.164189e+11	2.339286e+16	6.509944e-02	7.477263e-10	1.871848e-11	4.421194e-11	1.675321e-03	8.873918e+01	3.179440e-03	1.981541e+02	7.799806e-14	2.629222e-13	5.133860e-15	2.314002e-26	1.740460e-26	0.000000e+00	5.414338e-10	1.960650e-05	1.947023e-06	0.000000e+00	4.355782e-28	2.428679e-27	9.435905e-39	1.081694e-73	0.000000e+00	0.000000e+00	1.066161e-10	0.000000e+00	0.000000e+00	0.000000e+00	0.000000e+00	0.000000e+00	0.000000e+00	0.000000e+00	0.000000e+00	0.000000e+00	0.000000e+00	0.000000e+00	0.000000e+00	0.000000e+00	0.000000e+00	0.000000e+00	0.000000e+00	0.000000e+00	0.000000e+00	0.000000e+00	0.000000e+00	0.000000e+00	0.000000e+00	0.000000e+00	0.000000e+00	0.000000e+00	5.834831e-70	1.770522e-35	5.905984e-35	1.771668e-17	1.301896e-24	0.000000e+00	
47.000000	46.000000	48.000000	176.253217	4.174264e+01	1.946462e+10	1.249955e+07	3.465125e+08	2.262087e+05	8.128805e+04	8.130197e+02	3.863770e+09	4.786274e-03	4.214968e-14	4.530853e-14	2.910719e+03	7.443001e-02	1.414278e-05	9.434255e-09	7.147047e-23	1.224027e-08	6.063446e-07	1.528365e-08	3.769926e-14	3.981150e+11	3.323442e+07	3.818607e+01	5.049615e-13	3.569813e+03	2.378287e-05	1.473504e-47	2.270887e-09	3.038481e-14	1.165841e-06	2.489348e-08	1.906844e+01	3.292619e-01	3.348437e-02	2.434789e-05	2.218141e-04	7.711099e-06	5.569310e-06	1.006378e-21	7.640456e-17	1.468371e-23	3.116615e-42	1.203024e-20	5.920373e-20	3.095023e-22	9.425972e-34	4.743941e-29	5.054927e-27	1.343792e-27	1.910015e-39	2.436852e-58	0.000000e+00	1.714963e+15	3.391177e+09	1.893346e+11	1.543829e+16	9.130022e-02	5.726580e-10	1.525729e-11	3.673460e-11	5.858197e-04	5.074481e+01	1.757983e-03	4.653141e+01	9.824889e-15	7.368877e-14	1.039764e-15	7.636126e-27	2.037560e-27	0.000000e+00	7.311795e-11	2.344133e-06	1.660677e-06	0.000000e+00	3.889146e-28	1.998261e-27	2.320739e-43	1.680756e-77	0.000000e+00	0.000000e+00	5.226566e-11	0.000000e+00	0.000000e+00	0.000000e+00	0.000000e+00	0.000000e+00	0.000000e+00	0.000000e+00	0.000000e+00	0.000000e+00	0.000000e+00	0.000000e+00	0.000000e+00	0.000000e+00	0.000000e+00	0.000000e+00	0.000000e+00	0.000000e+00	0.000000e+00	0.000000e+00	0.000000e+00	0.000000e+00	0.000000e+00	0.000000e+00	0.000000e+00	0.000000e+00	5.006989e-71	3.498634e-36	1.579962e-35	5.964152e-18	4.841061e-25	0.000000e+00	
49.000000	48.000000	50.000000	178.892683	2.824067e+01	3.027378e+10	1.045380e+07	3.777819e+08	1.062645e+05	3.297229e+04	1.677970e+02	2.494823e+09	7.027938e-03	1.928873e-14	2.942627e-14	1.869104e+03	5.789879e-02	7.391009e-06	3.873318e-09	1.092220e-23	4.501758e-09	1.426325e-07	2.818340e-09	5.941696e-14	3.602044e+11	2.210648e+07	1.837579e+01	1.861283e-13	1.982684e+03	5.257866e-06	1.117420e-46	8.078884e-10	1.864915e-14	6.096133e-07	1.389124e-08	1.265335e+01	3.660349e-01	3.350032e-02	1.930094e-05	1.118265e-04	6.076838e-06	5.317109e-06	6.384779e-22	9.683340e-17	8.312733e-24	1.338053e-46	5.907443e-21	2.684346e-20	1.718063e-22	1.006696e-34	7.543315e-30	1.158748e-27	5.693108e-28	6.148077e-40	5.800981e-59	0.000000e+00	1.143032e+15	2.266714e+09	1.650087e+11	1.029056e+16	1.156828e-01	3.929062e-10	1.899655e-11	4.442136e-11	2.772969e-04	2.617672e+01	1.007083e-03	1.104782e+01	2.501058e-15	2.173664e-14	2.151866e-16	4.382729e-27	1.953646e-28	0.000000e+00	9.954820e-12	4.280551e-07	1.418043e-06	0.000000e+00	2.462389e-28	1.142523e-27	5.727703e-48	2.366347e-81	0.000000e+00	0.000000e+00	3.528054e-10	0.000000e+00	0.000000e+00	0.000000e+00	0.000000e+00	0.000000e+00	0.000000e+00	0.000000e+00	0.000000e+00	0.000000e+00	0.000000e+00	0.000000e+00	0.000000e+00	0.000000e+00	0.000000e+00	0.000000e+00	0.000000e+00	0.000000e+00	0.000000e+00	0.000000e+00	0.000000e+00	0.000000e+00	0.000000e+00	0.000000e+00	0.000000e+00	0.000000e+00	4.308998e-72	8.706889e-37	4.381679e-36	2.015930e-18	1.775550e-25	0.000000e+00	
51.000000	50.000000	52.000000	180.387079	1.919747e+01	4.232381e+10	8.279525e+06	3.811546e+08	5.192159e+04	1.388457e+04	3.354610e+01	1.614785e+09	9.322452e-03	8.391007e-15	1.895193e-14	1.211783e+03	4.547687e-02	3.951705e-06	1.549543e-09	1.653765e-24	1.731718e-09	3.613367e-08	5.102643e-10	3.567207e-12	3.282076e+11	1.485660e+07	9.365686e+00	6.935411e-14	1.082546e+03	1.165940e-06	9.624104e-46	5.932322e-10	1.347246e-14	3.990762e-07	9.414192e-09	8.478143e+00	4.024366e-01	3.250251e-02	1.694706e-05	7.224381e-05	5.679207e-06	5.178469e-06	1.744829e-20	1.125641e-16	7.589584e-24	4.028476e-51	4.656572e-21	2.067412e-20	9.471126e-23	1.145332e-35	2.087664e-30	4.445396e-28	3.659634e-28	1.203554e-40	3.949456e-58	0.000000e+00	7.704887e+14	1.531031e+09	1.430028e+11	6.937372e+15	1.367308e-01	2.535718e-10	9.731453e-10	1.330458e-10	1.517079e-04	1.296377e+01	5.691111e-04	2.798123e+00	1.428556e-15	6.519369e-15	4.541515e-17	2.988156e-27	3.654809e-29	0.000000e+00	1.442512e-12	1.016969e-07	1.212481e-06	0.000000e+00	2.706820e-28	1.112368e-27	1.422599e-52	3.327118e-85	0.000000e+00	0.000000e+00	1.568432e-07	0.000000e+00	0.000000e+00	0.000000e+00	0.000000e+00	0.000000e+00	0.000000e+00	0.000000e+00	0.000000e+00	0.000000e+00	0.000000e+00	0.000000e+00	0.000000e+00	0.000000e+00	0.000000e+00	0.000000e+00	0.000000e+00	0.000000e+00	0.000000e+00	0.000000e+00	0.000000e+00	0.000000e+00	0.000000e+00	0.000000e+00	0.000000e+00	0.000000e+00	3.730519e-73	2.400196e-37	1.225124e-36	6.861110e-19	6.440470e-26	0.000000e+00	
53.000000	52.000000	54.000000	181.206836	1.308450e+01	5.475793e+10	6.235355e+06	3.616397e+08	2.568737e+04	5.910934e+03	6.584201e+00	1.041830e+09	1.151836e-02	3.467690e-15	1.205363e-14	7.896285e+02	3.582244e-02	2.130617e-06	6.080113e-10	2.476544e-25	6.813108e-10	9.462693e-09	9.161183e-11	3.650335e-10	2.992683e+11	1.003355e+07	4.960848e+00	2.607668e-14	5.790944e+02	2.579664e-07	6.465718e-45	2.576274e-09	9.857549e-15	2.741223e-07	6.570352e-09	5.704955e+00	4.357965e-01	3.040158e-02	1.516847e-05	4.925263e-05	5.393929e-06	5.093811e-06	1.076538e-18	1.223851e-16	3.319355e-25	9.373021e-56	1.740540e-22	1.314297e-21	1.235156e-23	7.889568e-37	2.871927e-32	8.278038e-30	1.814433e-29	0.000000e+00	0.000000e+00	0.000000e+00	5.226927e+14	1.040139e+09	1.223224e+11	4.706941e+15	1.525867e-01	1.558923e-10	8.948592e-08	1.099183e-08	8.794216e-05	6.280629e+00	3.125739e-04	7.376498e-01	5.136897e-15	1.927848e-15	9.545338e-18	2.081916e-27	6.181739e-31	0.000000e+00	2.186207e-13	2.769904e-08	1.031962e-06	0.000000e+00	2.564074e-29	9.181541e-29	3.550690e-57	4.693321e-89	0.000000e+00	0.000000e+00	2.633552e-05	0.000000e+00	0.000000e+00	0.000000e+00	0.000000e+00	0.000000e+00	0.000000e+00	0.000000e+00	0.000000e+00	0.000000e+00	0.000000e+00	0.000000e+00	0.000000e+00	0.000000e+00	0.000000e+00	0.000000e+00	0.000000e+00	0.000000e+00	0.000000e+00	0.000000e+00	0.000000e+00	0.000000e+00	0.000000e+00	0.000000e+00	0.000000e+00	0.000000e+00	3.244466e-74	6.996443e-38	3.393417e-37	2.345585e-19	2.305161e-26	0.000000e+00	
55.000000	54.000000	56.000000	181.994026	8.934801e+00	6.683771e+10	4.431453e+06	3.262318e+08	1.260321e+04	2.493002e+03	1.267293e+00	6.666334e+08	1.350512e-02	1.374708e-15	7.733758e-15	5.150490e+02	2.820398e-02	1.148020e-06	2.332640e-10	3.616748e-26	2.705186e-10	2.466704e-09	1.628946e-11	7.652582e-09	2.721188e+11	6.775294e+06	2.831233e+00	9.879218e-15	3.024651e+02	5.662988e-08	3.271339e-44	2.570945e-08	7.782717e-15	2.000812e-07	4.698573e-09	3.835712e+00	4.643818e-01	2.749464e-02	1.395452e-05	3.436411e-05	5.203962e-06	5.030605e-06	1.529855e-17	1.334688e-16	0.000000e+00	1.796128e-60	0.000000e+00	0.000000e+00	0.000000e+00	0.000000e+00	0.000000e+00	0.000000e+00	0.000000e+00	0.000000e+00	0.000000e+00	0.000000e+00	3.553104e+14	7.078283e+08	1.027068e+11	3.200252e+15	1.612531e-01	9.184559e-11	1.740328e-06	2.908770e-07	6.089384e-05	3.002062e+00	1.689228e-04	1.966961e-01	4.449890e-14	5.600776e-16	1.967129e-18	1.574542e-27	0.000000e+00	0.000000e+00	3.338010e-14	9.291083e-09	8.707898e-07	0.000000e+00	0.000000e+00	0.000000e+00	8.875276e-62	6.630474e-93	0.000000e+00	0.000000e+00	8.949362e-04	0.000000e+00	0.000000e+00	0.000000e+00	0.000000e+00	0.000000e+00	0.000000e+00	0.000000e+00	0.000000e+00	0.000000e+00	0.000000e+00	0.000000e+00	0.000000e+00	0.000000e+00	0.000000e+00	0.000000e+00	0.000000e+00	0.000000e+00	0.000000e+00	0.000000e+00	0.000000e+00	0.000000e+00	0.000000e+00	0.000000e+00	0.000000e+00	0.000000e+00	2.825151e-75	2.165373e-38	9.492368e-38	8.024511e-20	8.116063e-27	0.000000e+00	
57.000000	56.000000	58.000000	182.773999	6.112784e+00	7.794763e+10	2.988135e+06	2.827447e+08	6.108189e+03	1.038735e+03	2.393137e-01	4.226993e+08	1.521867e-02	5.265228e-16	4.987651e-15	3.363140e+02	2.228601e-02	6.209116e-07	8.861298e-11	5.193658e-27	1.086040e-10	6.386362e-10	2.872029e-12	3.900886e-08	2.470213e+11	4.568999e+06	2.252505e+00	3.795422e-15	1.545314e+02	1.231642e-08	1.254855e-43	1.152488e-07	6.872369e-15	1.605640e-07	3.383578e-09	2.573643e+00	4.880585e-01	2.420087e-02	1.302138e-05	2.411895e-05	5.024752e-06	4.981417e-06	5.768865e-17	1.461798e-16	0.000000e+00	2.949254e-65	0.000000e+00	0.000000e+00	0.000000e+00	0.000000e+00	0.000000e+00	0.000000e+00	0.000000e+00	0.000000e+00	0.000000e+00	0.000000e+00	2.419882e+14	4.825280e+08	8.459771e+10	2.180123e+15	1.648917e-01	5.239905e-11	8.402796e-06	1.764313e-06	7.260627e-05	1.426110e+00	8.988726e-05	5.295736e-02	1.797162e-13	1.609942e-16	3.974084e-19	1.339794e-27	0.000000e+00	0.000000e+00	5.082502e-15	5.258350e-09	7.289754e-07	0.000000e+00	0.000000e+00	0.000000e+00	2.219734e-66	9.372952e-97	0.000000e+00	0.000000e+00	7.313695e-03	0.000000e+00	0.000000e+00	0.000000e+00	0.000000e+00	0.000000e+00	0.000000e+00	0.000000e+00	0.000000e+00	0.000000e+00	0.000000e+00	0.000000e+00	0.000000e+00	0.000000e+00	0.000000e+00	0.000000e+00	0.000000e+00	0.000000e+00	0.000000e+00	0.000000e+00	0.000000e+00	0.000000e+00	0.000000e+00	0.000000e+00	0.000000e+00	0.000000e+00	2.461115e-76	7.055229e-39	2.684158e-38	2.745697e-20	2.812329e-27	0.000000e+00	
59.000000	58.000000	60.000000	183.342600	4.188806e+00	8.753425e+10	1.925459e+06	2.373495e+08	2.926689e+03	4.285898e+02	4.447313e-02	2.656555e+08	1.660943e-02	1.949623e-16	3.185372e-15	2.200906e+02	1.781798e-02	3.404253e-07	3.391297e-11	7.512202e-28	4.445923e-11	1.661940e-10	5.045097e-13	1.825527e-07	2.241960e+11	3.074613e+06	4.271239e+00	1.513598e-15	7.766251e+01	2.659437e-09	3.753757e-43	4.805134e-07	8.047919e-15	1.706293e-07	2.388153e-09	1.721871e+00	5.064828e-01	2.085661e-02	1.204911e-05	1.670675e-05	4.732072e-06	4.938357e-06	2.146925e-16	1.579778e-16	3.334206e-26	0.000000e+00	9.732776e-24	3.116967e-22	0.000000e+00	0.000000e+00	9.154167e-35	6.007077e-32	1.682604e-30	0.000000e+00	0.000000e+00	0.000000e+00	1.652535e+14	3.298307e+08	6.838411e+10	1.489304e+15	1.764690e-01	2.920285e-11	3.777318e-05	9.273532e-06	2.000183e-04	6.766339e-01	4.705058e-05	1.447944e-02	6.965506e-13	4.709520e-17	7.956715e-20	1.521794e-27	3.356133e-33	0.000000e+00	7.787234e-16	6.847009e-09	6.060917e-07	0.000000e+00	1.381157e-29	3.216910e-29	5.559194e-71	1.326793e-100	0.000000e+00	0.000000e+00	5.372535e-02	0.000000e+00	0.000000e+00	0.000000e+00	0.000000e+00	0.000000e+00	0.000000e+00	0.000000e+00	0.000000e+00	0.000000e+00	0.000000e+00	0.000000e+00	0.000000e+00	0.000000e+00	0.000000e+00	0.000000e+00	0.000000e+00	0.000000e+00	0.000000e+00	0.000000e+00	0.000000e+00	0.000000e+00	0.000000e+00	0.000000e+00	0.000000e+00	0.000000e+00	2.146753e-77	2.359213e-39	7.526279e-39	9.404465e-21	9.611190e-28	0.000000e+00	
61.000000	60.000000	62.000000	183.579609	2.873343e+00	9.514970e+10	1.188922e+06	1.940644e+08	1.387190e+03	1.752765e+02	8.153972e-03	1.653709e+08	1.763403e-02	6.964819e-17	1.994833e-15	1.444125e+02	1.456269e-02	1.912766e-07	1.327277e-11	1.125016e-28	1.875074e-11	4.402229e-11	8.879992e-14	7.839576e-07	2.035423e+11	2.059791e+06	1.413714e+01	6.647593e-16	3.866998e+01	5.720875e-10	8.841591e-43	1.876484e-06	1.472819e-14	2.974688e-07	1.626477e-09	1.145881e+00	5.172541e-01	1.769241e-02	1.101824e-05	1.129358e-05	4.281139e-06	4.878303e-06	7.781006e-16	1.692807e-16	5.848684e-24	0.000000e+00	1.345420e-21	3.009049e-21	2.823877e-25	1.777332e-40	5.138322e-33	4.289464e-30	1.190988e-29	8.417828e-40	1.823075e-52	0.000000e+00	1.131606e+14	2.261073e+08	5.424124e+10	1.020280e+15	2.480610e-01	1.597681e-11	1.571945e-04	4.278619e-05	7.580231e-04	3.220707e-01	2.490580e-05	4.030204e-03	2.608889e-12	1.626695e-17	1.628111e-20	2.717876e-27	9.768127e-33	0.000000e+00	1.215689e-16	1.286078e-08	5.003526e-07	0.000000e+00	1.269008e-28	2.627462e-28	1.394213e-75	1.880780e-104	0.000000e+00	0.000000e+00	3.532166e-01	0.000000e+00	0.000000e+00	0.000000e+00	0.000000e+00	0.000000e+00	0.000000e+00	0.000000e+00	0.000000e+00	0.000000e+00	0.000000e+00	0.000000e+00	0.000000e+00	0.000000e+00	0.000000e+00	0.000000e+00	0.000000e+00	0.000000e+00	0.000000e+00	0.000000e+00	0.000000e+00	0.000000e+00	0.000000e+00	0.000000e+00	0.000000e+00	0.000000e+00	1.875102e-78	7.903379e-40	2.051958e-39	3.225011e-21	3.243735e-28	0.000000e+00	
63.000000	62.000000	64.000000	183.333499	1.971684e+00	1.005171e+11	7.057070e+05	1.552493e+08	6.523612e+02	7.114041e+01	1.479280e-03	1.018756e+08	1.826487e-02	2.388155e-17	1.210131e-15	9.505739e+01	1.229062e-02	1.113416e-07	5.388509e-12	1.797879e-29	8.230753e-12	1.205329e-11	1.578702e-14	2.418408e-06	1.848774e+11	1.369246e+06	4.064364e+01	3.449281e-16	1.925195e+01	1.233182e-10	1.625887e-42	5.521128e-06	2.942643e-14	6.008360e-07	1.050638e-09	7.557872e-01	5.138955e-01	1.484875e-02	1.009850e-05	7.361770e-06	3.658428e-06	4.748148e-06	2.125267e-15	1.787390e-16	0.000000e+00	0.000000e+00	0.000000e+00	0.000000e+00	0.000000e+00	0.000000e+00	0.000000e+00	0.000000e+00	0.000000e+00	1.500468e-39	9.297610e-52	0.000000e+00	7.770986e+13	1.554891e+08	4.221705e+10	7.010546e+14	5.314749e-01	8.610848e-12	4.722288e-04	1.375200e-04	2.241805e-03	1.556052e-01	1.472691e-05	1.146865e-03	7.674466e-12	9.216651e-18	3.713729e-21	5.328716e-27	0.000000e+00	0.000000e+00	1.962602e-17	1.948475e-08	4.096545e-07	0.000000e+00	0.000000e+00	0.000000e+00	3.501621e-80	2.669913e-108	0.000000e+00	0.000000e+00	1.626384e+00	0.000000e+00	0.000000e+00	0.000000e+00	0.000000e+00	0.000000e+00	0.000000e+00	0.000000e+00	0.000000e+00	0.000000e+00	0.000000e+00	0.000000e+00	0.000000e+00	0.000000e+00	0.000000e+00	0.000000e+00	0.000000e+00	0.000000e+00	0.000000e+00	0.000000e+00	0.000000e+00	0.000000e+00	0.000000e+00	0.000000e+00	0.000000e+00	0.000000e+00	1.640138e-79	2.584814e-40	5.314933e-40	1.107482e-21	1.082101e-28	0.000000e+00	
65.000000	64.000000	66.000000	181.843806	1.351228e+00	1.037254e+11	4.101837e+05	1.222331e+08	3.078048e+02	2.890044e+01	2.672182e-04	6.218332e+07	1.853200e-02	7.733805e-18	6.748344e-16	6.295101e+01	1.077352e-02	6.783301e-08	2.317274e-12	3.201518e-30	3.783242e-12	3.512203e-12	2.877080e-15	5.295142e-06	1.682930e+11	9.014783e+05	9.006635e+01	2.060205e-16	9.701755e+00	2.692855e-11	2.380580e-42	1.221159e-05	4.797792e-14	1.057275e-06	5.982720e-10	4.928797e-01	4.894894e-01	1.240384e-02	9.264111e-06	4.429145e-06	2.759371e-06	4.488159e-06	4.303226e-15	1.729978e-16	0.000000e+00	0.000000e+00	0.000000e+00	0.000000e+00	0.000000e+00	0.000000e+00	0.000000e+00	0.000000e+00	0.000000e+00	0.000000e+00	0.000000e+00	0.000000e+00	5.365158e+13	1.075412e+08	3.231349e+10	4.843803e+14	1.316332e+00	4.605913e-12	1.011410e-03	3.078115e-04	4.782028e-03	7.875147e-02	1.120474e-05	3.408267e-04	1.804530e-11	8.091308e-18	1.110036e-21	8.587254e-27	0.000000e+00	0.000000e+00	3.374354e-18	2.210843e-08	3.326600e-07	0.000000e+00	0.000000e+00	0.000000e+00	8.808068e-85	3.796019e-112	0.000000e+00	0.000000e+00	5.190273e+00	0.000000e+00	0.000000e+00	0.000000e+00	0.000000e+00	0.000000e+00	0.000000e+00	0.000000e+00	0.000000e+00	0.000000e+00	0.000000e+00	0.000000e+00	0.000000e+00	0.000000e+00	0.000000e+00	0.000000e+00	0.000000e+00	0.000000e+00	0.000000e+00	0.000000e+00	0.000000e+00	0.000000e+00	0.000000e+00	0.000000e+00	0.000000e+00	0.000000e+00	1.437169e-80	7.798881e-41	1.224639e-40	3.817188e-22	3.575914e-29	0.000000e+00	
67.000000	66.000000	68.000000	180.595676	9.243136e-01	1.036648e+11	2.218010e+05	9.406678e+07	1.437415e+02	1.147393e+01	4.794258e-05	3.726982e+07	1.824885e-02	2.412518e-18	3.776309e-16	4.160122e+01	9.627862e-03	4.195152e-08	1.001465e-12	5.957003e-31	1.785124e-12	1.029099e-12	5.358567e-16	8.776475e-06	1.517201e+11	5.803503e+05	1.498152e+02	1.262306e-16	4.909009e+00	5.960270e-12	3.092304e-42	2.021842e-05	6.566925e-14	1.508597e-06	3.452002e-10	3.135311e-01	4.362067e-01	1.023263e-02	9.589273e-06	2.676511e-06	2.086800e-06	4.016692e-06	6.686514e-15	1.706515e-16	0.000000e+00	0.000000e+00	0.000000e+00	0.000000e+00	0.000000e+00	0.000000e+00	0.000000e+00	0.000000e+00	0.000000e+00	0.000000e+00	0.000000e+00	0.000000e+00	3.691845e+13	7.416916e+07	2.405093e+10	3.336325e+14	2.948962e+00	2.405741e-12	1.629811e-03	5.106778e-04	7.694678e-03	4.428224e-02	1.122284e-05	1.015343e-04	3.467997e-11	7.257756e-18	4.476986e-22	1.163204e-26	0.000000e+00	0.000000e+00	5.841699e-19	1.886552e-08	2.644200e-07	0.000000e+00	0.000000e+00	0.000000e+00	2.224537e-89	5.418854e-116	0.000000e+00	0.000000e+00	1.211243e+01	0.000000e+00	0.000000e+00	0.000000e+00	0.000000e+00	0.000000e+00	0.000000e+00	0.000000e+00	0.000000e+00	0.000000e+00	0.000000e+00	0.000000e+00	0.000000e+00	0.000000e+00	0.000000e+00	0.000000e+00	0.000000e+00	0.000000e+00	0.000000e+00	0.000000e+00	0.000000e+00	0.000000e+00	0.000000e+00	0.000000e+00	0.000000e+00	0.000000e+00	1.263906e-81	2.327785e-41	2.723075e-41	1.318078e-22	1.168058e-29	0.000000e+00	
69.000000	68.000000	70.000000	180.570007	6.319123e-01	1.004395e+11	1.092017e+05	7.066901e+07	6.676251e+01	4.390072e+00	8.414837e-06	2.177947e+07	1.746414e-02	7.418596e-19	2.257628e-16	2.730013e+01	8.629620e-03	2.575012e-08	4.199221e-13	1.069530e-31	8.487056e-13	2.938283e-13	9.989197e-17	1.166202e-05	1.350853e+11	3.621813e+05	1.891318e+02	7.294823e-17	2.459489e+00	1.315194e-12	3.715870e-42	2.542386e-05	7.925799e-14	1.737189e-06	2.210530e-10	1.926961e-01	3.620809e-01	8.294327e-03	1.078049e-05	1.712999e-06	1.723475e-06	3.378579e-06	8.265618e-15	1.706427e-16	0.000000e+00	0.000000e+00	0.000000e+00	0.000000e+00	0.000000e+00	0.000000e+00	0.000000e+00	0.000000e+00	0.000000e+00	0.000000e+00	0.000000e+00	0.000000e+00	2.521176e+13	5.079479e+07	1.734067e+10	2.281222e+14	5.673441e+00	1.220831e-12	2.078265e-03	6.643066e-04	9.806404e-03	2.888866e-02	1.197735e-05	2.991694e-05	5.458670e-11	5.504505e-18	1.969399e-22	1.386803e-26	0.000000e+00	0.000000e+00	9.579684e-20	1.236587e-08	2.047665e-07	0.000000e+00	0.000000e+00	0.000000e+00	5.563406e-94	7.680050e-120	0.000000e+00	0.000000e+00	2.185046e+01	0.000000e+00	0.000000e+00	0.000000e+00	0.000000e+00	0.000000e+00	0.000000e+00	0.000000e+00	0.000000e+00	0.000000e+00	0.000000e+00	0.000000e+00	0.000000e+00	0.000000e+00	0.000000e+00	0.000000e+00	0.000000e+00	0.000000e+00	0.000000e+00	0.000000e+00	0.000000e+00	0.000000e+00	0.000000e+00	0.000000e+00	0.000000e+00	0.000000e+00	1.103541e-82	7.403365e-42	6.406625e-42	4.518627e-23	3.734569e-30	0.000000e+00	
71.000000	70.000000	72.000000	180.570007	4.320101e-01	9.488969e+10	5.090865e+04	5.223554e+07	3.181160e+01	1.655688e+00	1.458329e-06	1.249189e+07	1.635008e-02	2.245901e-19	1.338966e-16	1.791213e+01	7.692026e-03	1.570927e-08	1.742342e-13	1.879548e-32	4.049205e-13	8.536185e-14	1.883104e-17	1.304358e-05	1.192980e+11	2.202990e+05	1.990773e+02	3.859801e-17	1.229523e+00	2.911299e-13	4.051715e-42	2.661476e-05	8.348334e-14	1.712511e-06	1.406503e-10	1.150065e-01	2.839355e-01	6.611634e-03	1.166719e-05	1.089104e-06	1.402766e-06	2.696914e-06	8.646739e-15	1.559759e-16	0.000000e+00	0.000000e+00	0.000000e+00	0.000000e+00	0.000000e+00	0.000000e+00	0.000000e+00	0.000000e+00	0.000000e+00	0.000000e+00	0.000000e+00	0.000000e+00	1.720920e+13	3.478386e+07	1.221752e+10	1.559569e+14	9.508702e+00	6.115348e-13	2.215158e-03	7.176433e-04	1.044853e-02	2.110594e-02	1.200916e-05	9.175142e-06	7.426516e-11	3.547535e-18	8.339423e-23	1.447537e-26	0.000000e+00	0.000000e+00	1.527131e-20	6.803511e-09	1.555181e-07	0.000000e+00	0.000000e+00	0.000000e+00	0.000000e+00	0.000000e+00	0.000000e+00	0.000000e+00	3.213590e+01	0.000000e+00	0.000000e+00	0.000000e+00	0.000000e+00	0.000000e+00	0.000000e+00	0.000000e+00	0.000000e+00	0.000000e+00	0.000000e+00	0.000000e+00	0.000000e+00	0.000000e+00	0.000000e+00	0.000000e+00	0.000000e+00	0.000000e+00	0.000000e+00	0.000000e+00	0.000000e+00	0.000000e+00	0.000000e+00	0.000000e+00	0.000000e+00	0.000000e+00	9.633721e-84	2.463777e-42	1.529062e-42	1.548278e-23	1.176679e-30	0.000000e+00	
73.000000	72.000000	74.000000	180.570007	2.953462e-01	8.745354e+10	2.255183e+04	3.802073e+07	1.573576e+01	6.170401e-01	2.501616e-07	7.037765e+06	1.497598e-02	6.669734e-20	7.872310e-17	1.174788e+01	6.750896e-03	9.433369e-09	7.084911e-14	3.199599e-33	1.920456e-13	2.534084e-14	3.603789e-18	1.284212e-05	1.042880e+11	1.306784e+05	1.827786e+02	1.869974e-17	6.139006e-01	6.465075e-14	4.028838e-42	2.429445e-05	7.942395e-14	1.500865e-06	8.896696e-11	6.669220e-02	2.128379e-01	5.161872e-03	1.186906e-05	6.881762e-07	1.124597e-06	2.059452e-06	8.323984e-15	1.310504e-16	0.000000e+00	0.000000e+00	0.000000e+00	0.000000e+00	0.000000e+00	0.000000e+00	0.000000e+00	0.000000e+00	0.000000e+00	0.000000e+00	0.000000e+00	0.000000e+00	1.174244e+13	2.381547e+07	8.427108e+09	1.066208e+14	1.438098e+01	3.025815e-13	2.066162e-03	6.755000e-04	9.742908e-03	1.608280e-02	1.114029e-05	2.959220e-06	8.901208e-11	1.987989e-18	3.255443e-23	1.368668e-26	0.000000e+00	0.000000e+00	2.368052e-21	3.305688e-09	1.159411e-07	0.000000e+00	0.000000e+00	0.000000e+00	0.000000e+00	0.000000e+00	0.000000e+00	0.000000e+00	4.035766e+01	0.000000e+00	0.000000e+00	0.000000e+00	0.000000e+00	0.000000e+00	0.000000e+00	0.000000e+00	0.000000e+00	0.000000e+00	0.000000e+00	0.000000e+00	0.000000e+00	0.000000e+00	0.000000e+00	0.000000e+00	0.000000e+00	0.000000e+00	0.000000e+00	0.000000e+00	0.000000e+00	0.000000e+00	0.000000e+00	0.000000e+00	0.000000e+00	0.000000e+00	8.409986e-85	8.451826e-43	3.628024e-43	5.300649e-24	3.655603e-31	0.000000e+00	
75.000000	74.000000	76.000000	180.570007	2.019151e-01	7.875236e+10	9.530885e+03	2.728213e+07	8.133578e+00	2.275270e-01	4.256566e-08	3.900548e+06	1.342700e-02	1.941805e-20	4.593563e-17	7.699524e+00	5.811849e-03	5.554964e-09	2.811551e-14	5.233370e-34	9.016860e-14	7.709130e-15	7.030591e-19	1.153258e-05	9.013857e+10	7.575156e+04	1.515429e+02	8.411960e-18	3.064186e-01	1.441037e-14	3.704359e-42	2.005319e-05	7.026973e-14	1.205732e-06	5.632679e-11	3.766093e-02	1.543737e-01	3.942290e-03	1.135430e-05	4.350736e-07	8.945033e-07	1.518621e-06	9.119977e-15	1.027380e-16	0.000000e+00	0.000000e+00	0.000000e+00	0.000000e+00	0.000000e+00	0.000000e+00	0.000000e+00	0.000000e+00	0.000000e+00	0.000000e+00	0.000000e+00	0.000000e+00	8.008945e+12	1.629896e+07	5.700315e+09	7.289196e+13	2.032822e+01	1.478951e-13	1.748513e-03	5.752231e-04	8.243032e-03	1.217544e-02	9.714784e-06	1.007971e-06	9.624949e-11	9.968932e-19	1.173908e-23	1.205626e-26	0.000000e+00	0.000000e+00	3.566539e-22	1.479729e-09	8.499366e-08	0.000000e+00	0.000000e+00	0.000000e+00	0.000000e+00	0.000000e+00	0.000000e+00	0.000000e+00	4.494783e+01	0.000000e+00	0.000000e+00	0.000000e+00	0.000000e+00	0.000000e+00	0.000000e+00	0.000000e+00	0.000000e+00	0.000000e+00	0.000000e+00	0.000000e+00	0.000000e+00	0.000000e+00	0.000000e+00	0.000000e+00	0.000000e+00	0.000000e+00	0.000000e+00	0.000000e+00	0.000000e+00	0.000000e+00	0.000000e+00	0.000000e+00	0.000000e+00	0.000000e+00	7.341656e-86	2.982738e-43	8.507543e-44	1.812557e-24	1.120984e-31	0.000000e+00	
77.000000	76.000000	78.000000	180.570007	1.380403e-01	6.942774e+10	3.859519e+03	1.933000e+07	4.398414e+00	8.311755e-02	7.197669e-09	2.130916e+06	1.179269e-02	5.549618e-21	2.664948e-17	5.041273e+00	4.906614e-03	3.206878e-09	1.087857e-14	8.199962e-35	4.188746e-14	2.405845e-15	1.403511e-19	9.741197e-06	7.699239e+10	4.303459e+04	1.165269e+02	3.573214e-18	1.530138e-01	3.226372e-15	3.197987e-42	1.540095e-05	5.922025e-14	9.098546e-07	3.605883e-11	2.077247e-02	1.094735e-01	2.948673e-03	1.031547e-05	2.779676e-07	7.132979e-07	1.090551e-06	1.399192e-14	7.639599e-17	0.000000e+00	0.000000e+00	0.000000e+00	0.000000e+00	0.000000e+00	0.000000e+00	0.000000e+00	0.000000e+00	0.000000e+00	0.000000e+00	0.000000e+00	0.000000e+00	5.459988e+12	1.114782e+07	3.787519e+09	4.983296e+13	2.759648e+01	7.144550e-14	1.380515e-03	4.561023e-04	6.506817e-03	8.990783e-03	8.134468e-06	3.622583e-07	9.647106e-11	4.594839e-19	3.973370e-24	1.012230e-26	0.000000e+00	0.000000e+00	5.218787e-23	6.347784e-10	6.140592e-08	0.000000e+00	0.000000e+00	0.000000e+00	0.000000e+00	0.000000e+00	0.000000e+00	0.000000e+00	4.574826e+01	0.000000e+00	0.000000e+00	0.000000e+00	0.000000e+00	0.000000e+00	0.000000e+00	0.000000e+00	0.000000e+00	0.000000e+00	0.000000e+00	0.000000e+00	0.000000e+00	0.000000e+00	0.000000e+00	0.000000e+00	0.000000e+00	0.000000e+00	0.000000e+00	0.000000e+00	0.000000e+00	0.000000e+00	0.000000e+00	0.000000e+00	0.000000e+00	0.000000e+00	6.409001e-87	1.089148e-43	1.972005e-44	6.189565e-25	3.397600e-32	0.000000e+00	
79.000000	78.000000	80.000000	180.570007	9.437204e-02	6.001844e+10	1.503358e+03	1.354909e+07	2.482006e+00	3.013696e-02	1.211615e-09	1.149950e+06	1.015493e-02	1.561192e-21	1.541113e-17	3.296726e+00	4.062875e-03	1.815232e-09	4.100746e-15	1.229344e-35	1.926423e-14	7.684558e-16	2.873134e-20	1.491652e-04	6.496262e+10	2.403281e+04	8.476297e+01	1.455318e-18	7.648913e-02	7.260407e-16	2.628087e-42	1.124738e-05	4.847079e-14	6.572627e-07	2.355380e-11	1.122625e-02	7.650409e-02	2.165192e-03	8.999889e-06	1.810413e-07	5.750846e-07	7.678297e-07	2.507005e-14	5.465662e-17	0.000000e+00	0.000000e+00	0.000000e+00	0.000000e+00	0.000000e+00	0.000000e+00	0.000000e+00	0.000000e+00	0.000000e+00	0.000000e+00	0.000000e+00	0.000000e+00	3.720425e+12	7.618586e+06	2.475786e+09	3.406859e+13	3.646621e+01	3.415735e-14	1.038711e-03	3.441588e-04	4.894843e-03	6.464544e-03	6.640061e-06	1.367659e-07	9.185427e-11	1.987821e-19	1.280660e-24	8.252798e-27	0.000000e+00	0.000000e+00	7.429960e-24	2.722303e-10	4.382511e-08	0.000000e+00	0.000000e+00	0.000000e+00	0.000000e+00	0.000000e+00	0.000000e+00	0.000000e+00	4.353892e+01	0.000000e+00	0.000000e+00	0.000000e+00	0.000000e+00	0.000000e+00	0.000000e+00	0.000000e+00	0.000000e+00	0.000000e+00	0.000000e+00	0.000000e+00	0.000000e+00	0.000000e+00	0.000000e+00	0.000000e+00	0.000000e+00	0.000000e+00	0.000000e+00	0.000000e+00	0.000000e+00	0.000000e+00	0.000000e+00	0.000000e+00	0.000000e+00	0.000000e+00	5.594811e-88	4.156472e-44	4.533318e-45	2.110729e-25	1.019248e-32	0.000000e+00	
81.000000	80.000000	82.000000	180.570007	6.451799e-02	5.092374e+10	5.650143e+02	9.413838e+06	1.455348e+00	1.087346e-02	2.033665e-10	6.142620e+05	8.580655e-03	4.338690e-22	8.911662e-18	2.152816e+00	3.296583e-03	1.006480e-09	1.502449e-15	1.759437e-36	8.773955e-15	2.499623e-16	6.028779e-21	9.505538e-03	5.410752e+10	1.323159e+04	5.915680e+01	5.753964e-19	3.828920e-02	1.642698e-16	2.079092e-42	7.935754e-06	3.911242e-14	4.609314e-07	1.573239e-11	5.962334e-03	5.297807e-02	1.565301e-03	7.605666e-06	1.204045e-07	4.690731e-07	5.326843e-07	4.496915e-14	3.802856e-17	0.000000e+00	0.000000e+00	0.000000e+00	0.000000e+00	0.000000e+00	0.000000e+00	0.000000e+00	0.000000e+00	0.000000e+00	0.000000e+00	0.000000e+00	0.000000e+00	2.533795e+12	5.201639e+06	1.594502e+09	2.329119e+13	4.690475e+01	1.619561e-14	7.566810e-04	2.511604e-04	3.565022e-03	4.545621e-03	5.314614e-06	5.393383e-08	8.462557e-11	8.183761e-20	3.956871e-25	6.631991e-27	0.000000e+00	0.000000e+00	1.030747e-24	1.222941e-10	3.096444e-08	0.000000e+00	0.000000e+00	0.000000e+00	0.000000e+00	0.000000e+00	0.000000e+00	0.000000e+00	3.940411e+01	0.000000e+00	0.000000e+00	0.000000e+00	0.000000e+00	0.000000e+00	0.000000e+00	0.000000e+00	0.000000e+00	0.000000e+00	0.000000e+00	0.000000e+00	0.000000e+00	0.000000e+00	0.000000e+00	0.000000e+00	0.000000e+00	0.000000e+00	0.000000e+00	0.000000e+00	0.000000e+00	0.000000e+00	0.000000e+00	0.000000e+00	0.000000e+00	0.000000e+00	4.884048e-89	1.677383e-44	1.038873e-45	7.188765e-26	3.030261e-33	0.000000e+00	
83.000000	82.000000	84.000000	180.570007	4.410810e-02	4.242452e+10	2.054056e+02	6.494951e+06	8.829732e-01	3.915418e-03	3.409105e-11	3.253963e+05	7.119629e-03	1.196001e-22	5.169804e-18	1.403697e+00	2.616494e-03	5.456500e-10	5.330815e-16	2.394666e-37	3.957221e-15	8.231115e-17	1.292984e-21	4.708337e-01	4.444755e+10	7.200923e+03	3.999052e+01	2.229310e-19	1.919679e-02	3.736865e-17	1.597208e-42	5.469867e-06	3.146090e-14	3.169290e-07	1.068253e-11	3.120483e-03	3.648541e-02	1.117229e-03	6.260058e-06	8.126156e-08	3.841838e-07	3.654610e-07	2.376920e-13	2.592888e-17	0.000000e+00	0.000000e+00	0.000000e+00	0.000000e+00	0.000000e+00	0.000000e+00	0.000000e+00	0.000000e+00	0.000000e+00	0.000000e+00	0.000000e+00	0.000000e+00	1.724787e+12	3.547295e+06	1.013348e+09	1.592315e+13	5.838172e+01	7.635080e-15	5.399681e-04	1.793891e-04	2.543238e-03	3.143325e-03	4.169993e-06	2.209640e-08	7.637470e-11	3.232021e-20	1.172277e-25	5.313011e-27	0.000000e+00	0.000000e+00	1.395084e-25	5.998401e-11	2.170001e-08	0.000000e+00	0.000000e+00	0.000000e+00	0.000000e+00	0.000000e+00	0.000000e+00	0.000000e+00	3.433017e+01	0.000000e+00	0.000000e+00	0.000000e+00	0.000000e+00	0.000000e+00	0.000000e+00	0.000000e+00	0.000000e+00	0.000000e+00	0.000000e+00	0.000000e+00	0.000000e+00	0.000000e+00	0.000000e+00	0.000000e+00	0.000000e+00	0.000000e+00	0.000000e+00	0.000000e+00	0.000000e+00	0.000000e+00	0.000000e+00	0.000000e+00	0.000000e+00	0.000000e+00	4.263574e-90	7.235543e-45	2.387455e-46	2.445662e-26	8.939036e-34	0.000000e+00	
85.000000	84.000000	86.000000	180.570007	3.015475e-02	3.471299e+10	7.239397e+01	4.455992e+06	5.523485e-01	1.410947e-03	5.718113e-12	1.712416e+05	5.804871e-03	3.283173e-23	3.017033e-18	9.139229e-01	2.028423e-03	2.887789e-10	1.824496e-16	3.086390e-38	1.767575e-15	2.730126e-17	2.822156e-22	8.264806e+00	3.598340e+10	3.883037e+03	2.634486e+01	8.521997e-20	9.640038e-03	8.544711e-18	1.199437e-42	3.711626e-06	2.542788e-14	2.151570e-07	7.308266e-12	1.613492e-03	2.504630e-02	7.892609e-04	5.036872e-06	5.514617e-08	3.128234e-07	2.486396e-07	3.047138e-12	1.742239e-17	0.000000e+00	0.000000e+00	0.000000e+00	0.000000e+00	0.000000e+00	0.000000e+00	0.000000e+00	0.000000e+00	0.000000e+00	0.000000e+00	0.000000e+00	0.000000e+00	1.173564e+12	2.415536e+06	6.364780e+08	1.088595e+13	7.003276e+01	3.587994e-15	3.807134e-04	1.264980e-04	1.792361e-03	2.148694e-03	3.205116e-06	9.363060e-09	6.807937e-11	1.230613e-20	3.325607e-26	4.278976e-27	0.000000e+00	0.000000e+00	1.844274e-26	3.270064e-11	1.510887e-08	0.000000e+00	0.000000e+00	0.000000e+00	0.000000e+00	0.000000e+00	0.000000e+00	0.000000e+00	2.905659e+01	0.000000e+00	0.000000e+00	0.000000e+00	0.000000e+00	0.000000e+00	0.000000e+00	0.000000e+00	0.000000e+00	0.000000e+00	0.000000e+00	0.000000e+00	0.000000e+00	0.000000e+00	0.000000e+00	0.000000e+00	0.000000e+00	0.000000e+00	0.000000e+00	0.000000e+00	0.000000e+00	0.000000e+00	0.000000e+00	0.000000e+00	0.000000e+00	0.000000e+00	3.721930e-91	3.359704e-45	5.533647e-47	8.312613e-27	2.619455e-34	0.000000e+00	
87.000000	86.000000	88.000000	180.570007	2.061545e-02	2.790776e+10	2.478900e+01	3.042632e+06	3.553293e-01	5.097944e-04	9.621176e-13	8.967116e+04	4.654304e-03	9.005188e-24	1.774531e-18	5.943181e-01	1.535212e-03	1.490980e-10	6.003046e-17	3.754243e-39	7.824089e-16	9.092218e-18	6.241128e-23	6.750332e+01	2.869727e+10	2.079316e+03	1.697552e+01	3.229754e-20	4.849065e-03	1.963055e-18	8.848773e-43	2.493347e-06	2.077302e-14	1.449823e-07	5.004439e-12	8.262575e-04	1.716200e-02	5.530596e-04	3.975347e-06	3.737649e-08	2.515845e-07	1.681167e-07	2.293944e-11	1.159002e-17	0.000000e+00	0.000000e+00	0.000000e+00	0.000000e+00	0.000000e+00	0.000000e+00	0.000000e+00	0.000000e+00	0.000000e+00	0.000000e+00	0.000000e+00	0.000000e+00	7.982158e+11	1.641664e+06	3.956399e+08	7.442239e+12	8.101542e+01	1.685056e-15	2.669429e-04	8.864883e-05	1.255965e-03	1.458581e-03	2.417626e-06	4.089675e-09	6.030735e-11	4.537386e-21	9.039408e-27	3.486251e-27	0.000000e+00	0.000000e+00	2.384190e-27	1.957138e-11	1.046632e-08	0.000000e+00	0.000000e+00	0.000000e+00	0.000000e+00	0.000000e+00	0.000000e+00	0.000000e+00	2.406794e+01	0.000000e+00	0.000000e+00	0.000000e+00	0.000000e+00	0.000000e+00	0.000000e+00	0.000000e+00	0.000000e+00	0.000000e+00	0.000000e+00	0.000000e+00	0.000000e+00	0.000000e+00	0.000000e+00	0.000000e+00	0.000000e+00	0.000000e+00	0.000000e+00	0.000000e+00	0.000000e+00	0.000000e+00	0.000000e+00	0.000000e+00	0.000000e+00	0.000000e+00	3.249106e-92	1.681883e-45	1.299428e-47	2.823283e-27	7.633502e-35	0.000000e+00	
89.000000	88.000000	90.000000	180.570007	1.409387e-02	2.205839e+10	8.262531e+00	2.068221e+06	2.347153e-01	1.848369e-04	1.630878e-13	4.680517e+04	3.672718e-03	2.473616e-24	1.052796e-18	3.861818e-01	1.135072e-03	7.512775e-11	1.893742e-17	4.301244e-40	3.436561e-16	3.037387e-18	1.393521e-23	3.229403e+02	2.254447e+10	1.108161e+03	1.072457e+01	1.217551e-20	2.444063e-03	4.528712e-19	6.437046e-43	1.665650e-06	1.723547e-14	9.741094e-08	3.423362e-12	4.200845e-04	1.174748e-02	3.851044e-04	3.090846e-06	2.525183e-08	1.997635e-07	1.131812e-07	1.023573e-10	7.666345e-18	0.000000e+00	0.000000e+00	0.000000e+00	0.000000e+00	0.000000e+00	0.000000e+00	0.000000e+00	0.000000e+00	0.000000e+00	0.000000e+00	0.000000e+00	0.000000e+00	5.427794e+11	1.112742e+06	2.436518e+08	5.087929e+12	9.079485e+01	7.931487e-16	1.871137e-04	6.207531e-05	8.797004e-04	9.875639e-04	1.798245e-06	1.837461e-09	5.337561e-11	1.628340e-21	2.363146e-27	2.887792e-27	0.000000e+00	0.000000e+00	3.017564e-28	1.251739e-11	7.222100e-09	0.000000e+00	0.000000e+00	0.000000e+00	0.000000e+00	0.000000e+00	0.000000e+00	0.000000e+00	1.964044e+01	0.000000e+00	0.000000e+00	0.000000e+00	0.000000e+00	0.000000e+00	0.000000e+00	0.000000e+00	0.000000e+00	0.000000e+00	0.000000e+00	0.000000e+00	0.000000e+00	0.000000e+00	0.000000e+00	0.000000e+00	0.000000e+00	0.000000e+00	0.000000e+00	0.000000e+00	0.000000e+00	0.000000e+00	0.000000e+00	0.000000e+00	0.000000e+00	0.000000e+00	2.836396e-93	9.039937e-46	3.100025e-48	9.583485e-28	2.214558e-35	0.000000e+00	
91.000000	90.000000	92.000000	180.570007	9.635357e-03	1.715152e+10	2.685222e+00	1.398889e+06	1.592153e-01	6.724721e-05	2.807605e-14	2.440854e+04	2.854039e-03	6.811707e-25	6.299599e-19	2.509230e-01	8.212794e-04	3.699666e-11	5.717303e-18	4.639511e-41	1.501271e-16	1.019628e-18	3.136148e-24	1.062393e+03	1.744825e+10	5.894079e+02	6.658340e+00	4.576354e-21	1.235764e-03	1.048525e-19	4.629714e-43	1.111378e-06	1.459270e-14	6.556411e-08	2.347140e-12	2.126624e-04	8.036645e-03	2.668507e-04	2.381027e-06	1.706797e-08	1.576421e-07	7.599730e-08	3.131437e-10	5.067203e-18	0.000000e+00	0.000000e+00	0.000000e+00	0.000000e+00	0.000000e+00	0.000000e+00	0.000000e+00	0.000000e+00	0.000000e+00	0.000000e+00	0.000000e+00	0.000000e+00	3.690387e+11	7.513931e+05	1.487863e+08	3.478392e+12	9.931280e+01	3.757525e-16	1.317798e-04	4.366647e-05	6.190755e-04	6.703075e-04	1.329380e-06	8.488890e-10	4.746342e-11	5.727293e-22	5.986202e-28	2.443555e-27	0.000000e+00	0.000000e+00	3.743911e-29	8.367269e-12	4.968911e-09	0.000000e+00	0.000000e+00	0.000000e+00	0.000000e+00	0.000000e+00	0.000000e+00	0.000000e+00	1.590101e+01	0.000000e+00	0.000000e+00	0.000000e+00	0.000000e+00	0.000000e+00	0.000000e+00	0.000000e+00	0.000000e+00	0.000000e+00	0.000000e+00	0.000000e+00	0.000000e+00	0.000000e+00	0.000000e+00	0.000000e+00	0.000000e+00	0.000000e+00	0.000000e+00	0.000000e+00	0.000000e+00	0.000000e+00	0.000000e+00	0.000000e+00	0.000000e+00	0.000000e+00	2.476276e-94	5.173365e-46	7.520414e-49	3.252022e-28	6.402132e-36	0.000000e+00	
93.000000	92.000000	94.000000	180.570007	6.587263e-03	1.312325e+10	8.524729e-01	9.402450e+05	1.112674e-01	2.455430e-05	4.989826e-15	1.277073e+04	2.184110e-03	1.879736e-25	3.798584e-19	1.632297e-01	5.834799e-04	1.785608e-11	1.651049e-18	4.718525e-42	6.552394e-17	3.461730e-19	7.124534e-25	2.713851e+03	1.330311e+10	3.142845e+02	4.076196e+00	1.719316e-21	6.288652e-04	2.435320e-20	3.298214e-43	7.451388e-07	1.269183e-14	4.449487e-08	1.630949e-12	1.076912e-04	5.496290e-03	1.842146e-04	1.830156e-06	1.165949e-08	1.253239e-07	5.098094e-08	7.426053e-10	3.371623e-18	0.000000e+00	0.000000e+00	0.000000e+00	0.000000e+00	0.000000e+00	0.000000e+00	0.000000e+00	0.000000e+00	0.000000e+00	6.967810e-43	3.641360e-48	0.000000e+00	2.509208e+11	5.046461e+05	9.022221e+07	2.378021e+12	1.072427e+02	1.805684e-16	9.386234e-05	3.104418e-05	4.404873e-04	4.591646e-04	9.900017e-07	4.044396e-10	4.273204e-11	1.995920e-22	1.488809e-28	2.125626e-27	0.000000e+00	0.000000e+00	4.564097e-30	5.807008e-12	3.411307e-09	0.000000e+00	0.000000e+00	0.000000e+00	0.000000e+00	0.000000e+00	0.000000e+00	0.000000e+00	1.287387e+01	0.000000e+00	0.000000e+00	0.000000e+00	0.000000e+00	0.000000e+00	0.000000e+00	0.000000e+00	0.000000e+00	0.000000e+00	0.000000e+00	0.000000e+00	0.000000e+00	0.000000e+00	0.000000e+00	0.000000e+00	0.000000e+00	0.000000e+00	0.000000e+00	0.000000e+00	0.000000e+00	0.000000e+00	0.000000e+00	0.000000e+00	0.000000e+00	0.000000e+00	2.162502e-95	3.119736e-46	1.853739e-49	1.104072e-28	1.846325e-36	0.000000e+00	
95.000000	94.000000	96.000000	180.570007	4.503418e-03	9.875146e+09	2.653455e-01	6.265059e+05	8.088411e-02	9.024620e-06	9.482082e-16	6.765001e+03	1.643815e-03	5.190323e-26	2.305281e-19	1.065425e-01	4.094207e-04	8.489250e-12	4.567678e-19	4.543402e-43	2.882941e-17	1.206909e-19	1.646209e-25	5.849891e+03	9.983844e+09	1.695474e+02	2.472655e+00	6.498417e-22	3.249330e-04	5.677856e-21	2.329676e-43	5.079302e-07	1.148893e-14	3.082288e-08	1.174692e-12	5.508447e-05	3.758299e-03	1.267925e-04	1.411562e-06	8.174307e-09	1.018895e-07	3.422848e-08	1.492559e-09	2.289252e-18	0.000000e+00	0.000000e+00	0.000000e+00	0.000000e+00	0.000000e+00	0.000000e+00	0.000000e+00	0.000000e+00	0.000000e+00	2.146134e-42	3.211888e-47	0.000000e+00	1.706542e+11	3.362591e+05	5.455441e+07	1.625747e+12	1.160888e+02	8.949744e-17	6.838680e-05	2.240921e-05	3.194276e-04	3.202147e-04	7.591335e-07	2.005898e-10	3.950690e-11	7.010996e-23	3.718974e-29	1.924505e-27	0.000000e+00	0.000000e+00	5.498460e-31	4.235301e-12	2.338279e-09	0.000000e+00	0.000000e+00	0.000000e+00	0.000000e+00	0.000000e+00	0.000000e+00	0.000000e+00	1.049150e+01	0.000000e+00	0.000000e+00	0.000000e+00	0.000000e+00	0.000000e+00	0.000000e+00	0.000000e+00	0.000000e+00	0.000000e+00	0.000000e+00	0.000000e+00	0.000000e+00	0.000000e+00	0.000000e+00	0.000000e+00	0.000000e+00	0.000000e+00	0.000000e+00	0.000000e+00	0.000000e+00	0.000000e+00	0.000000e+00	0.000000e+00	0.000000e+00	0.000000e+00	1.891055e-96	1.962262e-46	4.634177e-50	3.766226e-29	5.327514e-37	0.000000e+00	
97.000000	96.000000	98.000000	180.570007	3.078788e-03	7.290959e+09	8.171121e-02	4.121770e+05	6.266756e-02	3.375395e-06	2.092809e-16	3.703918e+03	1.212001e-03	1.437397e-26	1.406282e-19	7.005287e-02	2.866001e-04	4.010651e-12	1.216051e-19	4.175323e-44	1.301251e-17	4.471860e-20	3.965058e-26	1.101883e+04	7.357200e+09	9.437990e+01	1.494730e+00	2.538778e-22	1.742282e-04	1.345424e-21	1.631561e-43	3.601511e-07	1.115324e-14	2.239726e-08	9.267636e-13	2.912358e-05	2.569639e-03	8.705669e-05	1.089431e-06	6.030809e-09	8.505264e-08	2.304989e-08	2.665428e-09	1.630353e-18	0.000000e+00	7.153898e-43	0.000000e+00	0.000000e+00	0.000000e+00	0.000000e+00	0.000000e+00	0.000000e+00	1.334640e-37	5.509681e-42	2.104793e-46	0.000000e+00	1.161371e+11	2.214445e+05	3.326839e+07	1.111452e+12	1.300876e+02	4.761228e-17	5.213245e-05	1.632584e-05	2.381020e-04	2.297525e-04	6.284525e-07	1.061078e-10	3.852788e-11	2.558987e-23	9.825021e-30	1.865745e-27	0.000000e+00	0.000000e+00	6.641591e-32	3.410037e-12	1.600926e-09	0.000000e+00	0.000000e+00	0.000000e+00	0.000000e+00	0.000000e+00	0.000000e+00	0.000000e+00	8.567068e+00	0.000000e+00	0.000000e+00	0.000000e+00	0.000000e+00	0.000000e+00	0.000000e+00	0.000000e+00	0.000000e+00	0.000000e+00	0.000000e+00	0.000000e+00	0.000000e+00	0.000000e+00	0.000000e+00	0.000000e+00	0.000000e+00	0.000000e+00	0.000000e+00	0.000000e+00	0.000000e+00	0.000000e+00	0.000000e+00	0.000000e+00	0.000000e+00	0.000000e+00	1.666213e-97	1.276214e-46	1.174290e-50	1.322507e-29	1.568012e-37	0.000000e+00	
99.000000	98.000000	100.000000	180.570007	2.104831e-03	5.247608e+09	2.541886e-02	2.659437e+05	5.651647e-02	1.322276e-06	6.763156e-17	2.188218e+03	8.679194e-04	4.334183e-27	8.623213e-20	4.671609e-02	2.026796e-04	1.902560e-12	3.126456e-20	3.878370e-45	6.221377e-18	1.949339e-20	1.132861e-26	1.786025e+04	5.289380e+09	5.640520e+01	9.135003e-01	1.143821e-22	1.016466e-04	3.726617e-22	1.131177e-43	2.703068e-07	1.242368e-14	1.807731e-08	1.031228e-12	1.675478e-05	1.756824e-03	5.964384e-05	8.211763e-07	5.030606e-09	7.069194e-08	1.561136e-08	4.243137e-09	1.289191e-18	0.000000e+00	0.000000e+00	0.000000e+00	0.000000e+00	0.000000e+00	0.000000e+00	0.000000e+00	8.547330e-38	4.407677e-37	1.414200e-41	1.209885e-45	0.000000e+00	7.913818e+10	1.432516e+05	2.099745e+07	7.598504e+11	1.840951e+02	3.179137e-17	4.352233e-05	1.158958e-05	1.843880e-04	1.733608e-04	6.996854e-07	6.537747e-11	4.065639e-11	1.078723e-23	3.380134e-30	2.067673e-27	4.280979e-42	0.000000e+00	8.610433e-33	3.884571e-12	1.095144e-09	0.000000e+00	0.000000e+00	0.000000e+00	0.000000e+00	0.000000e+00	0.000000e+00	0.000000e+00	6.765319e+00	0.000000e+00	0.000000e+00	0.000000e+00	0.000000e+00	0.000000e+00	0.000000e+00	0.000000e+00	0.000000e+00	0.000000e+00	0.000000e+00	0.000000e+00	0.000000e+00	0.000000e+00	0.000000e+00	0.000000e+00	0.000000e+00	0.000000e+00	0.000000e+00	0.000000e+00	0.000000e+00	0.000000e+00	0.000000e+00	0.000000e+00	0.000000e+00	0.000000e+00	1.637577e-98	8.527380e-47	3.175020e-51	5.405992e-30	5.397496e-38	0.000000e+00	
