# z		 z0		 z1		 T		 P		1		2		3		4		5		6		7		8		9		10		11		12		13		14		15		16		17		18		19		20		21		22		23		24		25		26		27		28		29		30		31		32		33		34		35		36		37		38		39		40		41		42		43		44		45		46		47		48		49		50		51		52		53		54		55		56		57		58		59		60		61		62		63		64		65		66		67		68		69		70		71		72		73		74		75		76		77		78		79		80		81		82		83		84		85		86		87		88		89		90		91		92		93		94		95		96		97		98		99		100		101		102		103		104		105		106		107		108		109		110		111		
#  km		 km		 km		 K		 Pa		
1.000000 0.000000 2.000000 283.954295 9.174042e+04 2.793208e+04 6.947056e-07 1.720862e+09 2.145494e+05 1.786492e+00 2.739913e+03 4.071697e+17 2.890326e-10 2.052477e-04 6.222788e-09 6.784601e+02 1.042060e+01 2.444239e-06 1.105034e-12 1.148160e-26 1.659415e+00 2.436402e-02 6.123216e-07 1.379986e-17 1.013882e+12 1.249274e+13 2.470073e+09 1.903069e-03 8.021970e+08 1.812013e-12 8.749613e-43 5.023753e-07 5.181251e-10 1.207774e+00 3.966586e-01 1.102918e+06 1.562462e-13 5.738865e+02 2.207098e+00 4.052580e+04 1.891540e-01 3.859108e+01 4.255488e-14 6.371817e-12 0.000000e+00 0.000000e+00 0.000000e+00 5.077642e-19 2.728706e-28 0.000000e+00 0.000000e+00 0.000000e+00 0.000000e+00 0.000000e+00 0.000000e+00 0.000000e+00 2.340055e+16 1.936805e+15 7.294952e+01 2.337715e+19 1.987808e-14 5.644530e-07 2.359084e-13 8.570993e-06 4.206066e+04 6.716870e+06 3.585075e+03 5.350274e+08 1.045779e-17 9.565080e-04 1.233605e-08 1.960352e-22 6.232227e-24 0.000000e+00 4.034909e-16 4.887841e-11 8.057619e-07 6.734587e-18 1.909533e-30 1.282410e-29 0.000000e+00 0.000000e+00 0.000000e+00 1.004534e-113 3.186761e-10 0.000000e+00 0.000000e+00 0.000000e+00 0.000000e+00 0.000000e+00 0.000000e+00 0.000000e+00 0.000000e+00 0.000000e+00 0.000000e+00 0.000000e+00 0.000000e+00 0.000000e+00 0.000000e+00 0.000000e+00 0.000000e+00 0.000000e+00 0.000000e+00 0.000000e+00 0.000000e+00 0.000000e+00 0.000000e+00 0.000000e+00 0.000000e+00 0.000000e+00 1.042804e-49 1.849232e-23 2.973238e-22 6.802654e-08 4.321440e-19 0.000000e+00
3.000000 2.000000 4.000000 273.285165 7.218934e+04 6.753596e+05 5.911823e-04 1.006827e+09 1.315097e+05 4.223499e+01 2.164543e+03 3.263482e+16 1.939023e-08 2.328003e-03 2.450233e-07 5.606993e+02 9.134960e+00 7.677819e-05 9.136675e-10 4.351281e-23 1.214141e+00 1.155837e-02 1.061799e-05 3.093249e-17 8.712170e+11 1.021326e+13 1.492138e+09 1.355632e-02 6.681809e+08 1.366803e-11 7.492936e-42 3.708525e-06 4.999877e-09 8.873466e-01 2.497506e-01 8.803712e+05 5.696636e-13 1.277078e+03 3.055376e+00 3.209469e+04 9.777617e-02 3.247122e+01 2.337456e-14 4.814437e-10 0.000000e+00 5.023270e-33 0.000000e+00 0.000000e+00 0.000000e+00 0.000000e+00 0.000000e+00 0.000000e+00 0.000000e+00 0.000000e+00 0.000000e+00 0.000000e+00 1.913239e+16 1.583504e+15 1.736385e+03 1.911334e+19 3.982231e-14 1.276251e-06 6.208233e-13 3.131241e-06 2.480311e+04 4.734337e+06 1.717035e+03 4.467420e+08 8.463795e-16 3.659731e-04 6.816720e-08 3.197316e-22 0.000000e+00 0.000000e+00 1.025955e-12 6.577323e-10 6.531430e-06 7.744098e-17 0.000000e+00 0.000000e+00 0.000000e+00 9.902209e-62 0.000000e+00 8.213139e-114 3.077131e-10 0.000000e+00 0.000000e+00 0.000000e+00 0.000000e+00 0.000000e+00 0.000000e+00 0.000000e+00 0.000000e+00 0.000000e+00 0.000000e+00 0.000000e+00 0.000000e+00 0.000000e+00 0.000000e+00 0.000000e+00 0.000000e+00 0.000000e+00 0.000000e+00 0.000000e+00 0.000000e+00 0.000000e+00 0.000000e+00 0.000000e+00 0.000000e+00 0.000000e+00 1.257138e-48 1.677670e-21 2.811145e-20 1.333841e-07 4.724223e-19 0.000000e+00
5.000000 4.000000 6.000000 261.121181 5.620074e+04 4.435278e+06 2.322039e-02 2.298662e+09 3.544481e+05 3.284921e+02 9.347905e+03 1.197795e+16 3.205708e-06 5.675814e-03 4.432194e-07 4.712902e+02 7.946177e+00 1.850329e-04 8.374127e-09 4.581375e-21 9.410462e-01 2.361666e-02 4.205246e-05 1.071471e-15 7.590145e+11 8.320620e+12 1.593143e+09 2.324620e-02 5.421274e+08 4.809251e-11 8.614879e-42 6.647611e-06 7.830281e-09 7.268787e-01 1.695303e-01 6.888524e+05 8.844550e-12 2.237969e+03 4.131746e+00 1.008081e+04 1.905762e-02 2.740357e+01 3.944257e-14 8.279877e-10 0.000000e+00 0.000000e+00 0.000000e+00 0.000000e+00 0.000000e+00 0.000000e+00 0.000000e+00 0.000000e+00 0.000000e+00 0.000000e+00 0.000000e+00 0.000000e+00 1.558871e+16 1.290167e+15 2.299897e+04 1.557325e+19 1.758988e-13 1.035349e-05 6.428033e-12 5.177156e-06 1.576673e+04 3.276028e+06 1.035100e+03 2.458731e+08 3.716215e-15 1.750320e-04 8.412338e-08 4.508472e-21 0.000000e+00 0.000000e+00 1.139556e-10 5.286301e-09 2.866685e-05 1.907936e-16 0.000000e+00 0.000000e+00 0.000000e+00 0.000000e+00 0.000000e+00 6.691942e-114 3.038985e-10 0.000000e+00 0.000000e+00 0.000000e+00 0.000000e+00 0.000000e+00 0.000000e+00 0.000000e+00 0.000000e+00 0.000000e+00 0.000000e+00 0.000000e+00 0.000000e+00 0.000000e+00 0.000000e+00 0.000000e+00 0.000000e+00 0.000000e+00 0.000000e+00 0.000000e+00 0.000000e+00 0.000000e+00 0.000000e+00 0.000000e+00 0.000000e+00 0.000000e+00 2.163500e-48 2.408974e-21 5.481955e-20 1.383042e-07 6.523337e-19 0.000000e+00
7.000000 6.000000 8.000000 246.429513 4.317780e+04 1.301861e+07 1.943608e-01 4.059932e+09 7.957609e+05 1.258908e+03 3.526023e+04 3.111758e+15 1.598477e-05 9.736034e-03 6.405680e-07 4.082044e+02 6.947888e+00 2.642524e-04 2.180799e-08 7.900490e-20 7.384933e-01 4.162799e-02 1.108071e-04 2.108135e-14 6.777253e+11 6.772541e+12 1.445152e+09 1.428959e-02 4.062213e+08 9.125307e-11 3.370120e-42 1.347597e-05 9.045179e-09 6.675918e-01 1.218984e-01 5.357671e+05 1.177476e-10 1.416736e+03 1.760324e+00 3.715180e+03 4.818806e-03 2.327521e+01 4.533873e-14 4.995361e-10 0.000000e+00 0.000000e+00 0.000000e+00 0.000000e+00 0.000000e+00 0.000000e+00 0.000000e+00 0.000000e+00 0.000000e+00 0.000000e+00 0.000000e+00 0.000000e+00 1.269042e+16 1.050244e+15 1.093405e+05 1.267789e+19 1.461403e-12 2.442606e-05 4.891233e-11 6.583801e-06 1.003057e+04 2.170935e+06 5.230815e+02 1.681766e+08 1.604983e-14 7.203770e-05 5.840224e-08 9.210831e-21 0.000000e+00 0.000000e+00 2.473457e-09 1.520933e-08 2.172565e-04 3.365066e-16 0.000000e+00 0.000000e+00 0.000000e+00 0.000000e+00 0.000000e+00 5.447785e-114 3.109347e-10 0.000000e+00 0.000000e+00 0.000000e+00 0.000000e+00 0.000000e+00 0.000000e+00 0.000000e+00 0.000000e+00 0.000000e+00 0.000000e+00 0.000000e+00 0.000000e+00 0.000000e+00 0.000000e+00 0.000000e+00 0.000000e+00 0.000000e+00 0.000000e+00 0.000000e+00 0.000000e+00 0.000000e+00 0.000000e+00 0.000000e+00 0.000000e+00 0.000000e+00 4.092186e-48 2.907959e-21 9.027538e-20 1.172062e-07 1.043112e-18 0.000000e+00
9.000000 8.000000 10.000000 229.063361 3.258339e+04 3.283838e+07 2.143002e+00 4.157933e+09 1.105443e+06 4.519973e+03 7.453409e+04 5.038639e+14 6.366291e-05 1.242894e-02 1.093358e-06 3.670658e+02 6.145221e+00 5.851769e-04 1.117274e-07 2.623797e-18 5.561811e-01 4.744759e-02 3.024651e-04 7.451899e-14 6.244748e+11 5.497017e+12 9.548818e+08 4.976403e-03 2.789213e+08 3.323290e-10 4.519548e-43 5.326290e-05 1.824429e-08 7.000672e-01 9.221229e-02 4.188403e+05 6.008671e-10 9.030900e+02 7.505705e-01 1.926816e+03 3.932423e-03 1.987212e+01 2.449647e-14 3.111864e-10 0.000000e+00 0.000000e+00 0.000000e+00 0.000000e+00 0.000000e+00 0.000000e+00 0.000000e+00 0.000000e+00 0.000000e+00 0.000000e+00 0.000000e+00 0.000000e+00 1.030257e+16 8.525647e+14 4.421443e+05 1.029249e+19 2.080236e-11 3.220385e-05 1.152474e-10 4.490865e-06 6.144120e+03 1.345779e+06 2.368771e+02 9.236309e+07 1.229949e-13 2.763024e-05 6.286108e-08 3.069784e-20 0.000000e+00 0.000000e+00 2.898848e-08 3.565036e-08 1.766555e-03 4.909554e-16 0.000000e+00 0.000000e+00 0.000000e+00 0.000000e+00 0.000000e+00 4.422755e-114 3.334835e-10 0.000000e+00 0.000000e+00 0.000000e+00 0.000000e+00 0.000000e+00 0.000000e+00 0.000000e+00 0.000000e+00 0.000000e+00 0.000000e+00 0.000000e+00 0.000000e+00 0.000000e+00 0.000000e+00 0.000000e+00 0.000000e+00 0.000000e+00 0.000000e+00 0.000000e+00 0.000000e+00 0.000000e+00 0.000000e+00 0.000000e+00 0.000000e+00 0.000000e+00 3.896691e-47 8.464981e-21 3.464277e-19 1.032585e-07 1.962463e-18 0.000000e+00
11.000000 10.000000 12.000000 210.291408 2.402128e+04 1.128974e+08 1.144183e+02 2.107250e+09 9.176021e+05 2.860620e+04 6.470968e+04 5.038931e+13 3.277154e-04 9.696911e-03 2.055990e-06 3.537851e+02 5.714294e+00 3.792379e-03 3.636233e-06 1.649031e-16 2.559000e-01 3.471025e-02 1.188649e-03 2.748838e-14 5.990766e+11 4.412713e+12 3.292806e+08 1.381267e-03 1.853963e+08 4.269968e-09 1.794327e-44 3.847774e-04 7.026151e-08 8.723553e-01 7.124439e-02 3.261025e+05 8.567392e-10 8.876790e+02 6.180817e-01 1.119705e+03 1.868097e-02 1.717770e+01 5.976650e-15 3.785072e-10 0.000000e+00 5.809406e-33 0.000000e+00 0.000000e+00 0.000000e+00 0.000000e+00 0.000000e+00 0.000000e+00 0.000000e+00 0.000000e+00 0.000000e+00 0.000000e+00 8.273222e+15 6.845484e+14 3.200078e+06 8.265210e+18 1.491166e-09 1.989282e-05 5.632149e-11 1.794829e-06 3.931488e+03 7.691927e+05 1.643421e+02 2.353945e+07 1.709339e-12 1.757915e-05 2.610885e-07 1.861629e-19 0.000000e+00 0.000000e+00 8.483399e-07 1.548985e-07 1.050648e-02 6.841980e-16 0.000000e+00 0.000000e+00 1.384283e-34 0.000000e+00 0.000000e+00 3.551623e-114 3.700135e-10 0.000000e+00 0.000000e+00 0.000000e+00 0.000000e+00 0.000000e+00 0.000000e+00 0.000000e+00 0.000000e+00 0.000000e+00 0.000000e+00 0.000000e+00 0.000000e+00 0.000000e+00 0.000000e+00 0.000000e+00 0.000000e+00 0.000000e+00 0.000000e+00 0.000000e+00 0.000000e+00 0.000000e+00 0.000000e+00 0.000000e+00 0.000000e+00 0.000000e+00 7.115907e-46 5.613838e-20 2.179291e-18 9.765111e-08 4.355308e-18 0.000000e+00
13.000000 12.000000 14.000000 195.817661 1.727198e+04 3.298948e+08 9.781194e+03 8.055136e+08 8.628786e+05 2.544298e+05 5.735192e+04 6.324193e+12 1.991520e-03 2.267437e-03 1.631385e-06 6.155154e+02 7.162948e+00 3.187070e-02 1.223724e-04 2.530218e-14 5.621443e-02 3.719816e-02 7.511477e-03 9.106792e-15 7.840189e+11 3.400240e+12 7.635854e+07 4.672646e-04 7.744205e+07 2.047728e-07 6.727880e-46 1.938174e-03 1.400040e-07 9.210022e-01 4.055445e-02 2.270501e+05 2.374429e-09 1.008228e+03 1.098379e+00 6.395181e+02 8.621084e-02 1.885057e+01 2.380673e-15 6.512722e-10 1.258501e-18 0.000000e+00 9.490908e-19 4.534001e-17 1.148254e-20 1.088056e-21 5.078909e-21 5.402084e-21 6.835974e-18 0.000000e+00 0.000000e+00 0.000000e+00 6.388060e+15 5.282972e+14 4.354046e+07 6.382187e+18 1.776657e-07 1.226648e-05 3.018386e-11 1.282759e-06 3.249096e+03 5.246911e+05 1.502746e+02 9.107362e+06 1.664457e-11 2.112553e-05 1.895311e-06 8.073083e-19 3.441937e-21 0.000000e+00 4.921589e-05 1.628823e-06 8.962417e-02 1.879914e-15 6.912652e-28 4.704529e-27 4.646291e-34 8.437528e-62 0.000000e+00 2.742474e-114 3.145007e-10 0.000000e+00 0.000000e+00 0.000000e+00 0.000000e+00 0.000000e+00 0.000000e+00 0.000000e+00 0.000000e+00 0.000000e+00 0.000000e+00 0.000000e+00 0.000000e+00 0.000000e+00 0.000000e+00 0.000000e+00 0.000000e+00 0.000000e+00 0.000000e+00 0.000000e+00 0.000000e+00 0.000000e+00 0.000000e+00 0.000000e+00 0.000000e+00 0.000000e+00 1.704338e-45 9.228728e-20 1.771148e-18 5.704828e-08 6.652952e-18 0.000000e+00
15.000000 14.000000 16.000000 187.306764 1.218400e+04 5.197819e+08 1.062133e+05 4.610747e+08 8.881961e+05 7.998060e+05 9.594850e+04 1.586293e+12 9.563794e-03 1.248445e-03 2.428618e-06 1.721063e+03 1.265599e+01 1.126222e-01 6.597562e-04 4.175263e-13 2.884763e-02 5.770600e-02 2.093247e-02 6.922285e-15 1.139172e+12 2.488036e+12 2.571665e+07 2.307608e-04 1.478361e+07 2.361583e-06 4.449983e-47 2.186795e-03 6.658583e-08 4.807686e-01 1.539779e-02 1.310247e+05 5.427243e-09 5.606834e+02 9.628340e-01 2.800274e+02 9.417266e-02 3.008516e+01 2.326444e-15 9.262630e-10 1.451364e-19 0.000000e+00 3.550138e-19 1.839704e-17 2.867415e-20 6.567990e-23 4.268093e-22 1.035498e-21 3.582922e-19 0.000000e+00 0.000000e+00 0.000000e+00 4.710482e+15 3.891193e+14 2.587727e+08 4.706690e+18 2.803707e-06 1.582995e-05 2.237319e-11 8.688366e-07 2.017300e+03 3.978714e+05 4.760421e+01 6.990474e+06 3.573237e-11 1.463199e-05 1.925168e-06 1.204146e-18 1.591851e-21 0.000000e+00 4.511946e-04 5.640246e-06 4.707742e-01 4.834462e-15 4.073989e-28 2.770304e-27 0.000000e+00 7.400632e-68 0.000000e+00 2.022501e-114 1.848610e-10 0.000000e+00 0.000000e+00 0.000000e+00 0.000000e+00 0.000000e+00 0.000000e+00 0.000000e+00 0.000000e+00 0.000000e+00 0.000000e+00 0.000000e+00 0.000000e+00 0.000000e+00 0.000000e+00 0.000000e+00 0.000000e+00 0.000000e+00 0.000000e+00 0.000000e+00 0.000000e+00 0.000000e+00 0.000000e+00 0.000000e+00 0.000000e+00 0.000000e+00 1.983670e-44 3.409579e-19 3.525324e-18 4.405805e-08 3.956153e-18 0.000000e+00
17.000000 16.000000 18.000000 181.038896 8.480530e+03 6.226977e+08 3.717157e+05 3.293961e+08 9.823079e+05 1.466322e+06 2.074012e+05 5.243951e+11 3.062013e-02 8.960307e-04 3.782228e-06 3.171654e+03 1.926203e+01 2.001566e-01 1.202795e-03 1.188592e-12 1.919301e-02 8.025567e-02 3.058566e-02 9.304303e-15 1.331637e+12 1.765391e+12 9.279064e+06 9.365978e-05 1.710081e+06 8.421176e-06 5.696184e-48 1.962494e-03 3.110508e-08 2.362656e-01 6.337290e-03 6.779958e+04 1.090058e-08 2.201084e+02 5.600029e-01 1.084446e+02 6.739947e-02 4.489231e+01 2.737363e-15 1.137591e-09 1.239601e-19 0.000000e+00 7.520958e-19 3.172889e-17 1.408472e-19 2.876360e-23 3.140972e-22 1.197812e-21 1.653016e-19 2.730096e-33 1.376399e-50 0.000000e+00 3.391703e+15 2.798106e+14 8.430515e+08 3.389460e+18 1.439465e-05 2.182479e-05 2.229438e-11 6.226319e-07 1.226974e+03 2.633454e+05 7.903662e+00 5.535731e+06 6.041825e-11 7.397959e-06 5.062286e-07 1.536676e-18 2.909254e-21 0.000000e+00 1.193168e-03 1.046587e-05 1.346110e+00 8.141141e-15 1.029346e-27 6.992277e-27 0.000000e+00 0.000000e+00 0.000000e+00 1.456476e-114 1.184544e-10 0.000000e+00 0.000000e+00 0.000000e+00 0.000000e+00 0.000000e+00 0.000000e+00 0.000000e+00 0.000000e+00 0.000000e+00 0.000000e+00 0.000000e+00 0.000000e+00 0.000000e+00 0.000000e+00 0.000000e+00 0.000000e+00 0.000000e+00 0.000000e+00 0.000000e+00 0.000000e+00 0.000000e+00 0.000000e+00 0.000000e+00 0.000000e+00 0.000000e+00 1.717348e-43 1.076899e-18 7.138828e-18 3.610275e-08 2.278451e-18 0.000000e+00
19.000000 18.000000 20.000000 176.423618 5.838994e+03 6.454725e+08 7.086878e+05 2.644655e+08 1.182396e+06 2.104249e+06 3.650379e+05 2.219595e+11 6.616373e-02 6.050512e-04 4.985089e-06 3.555897e+03 2.339184e+01 2.229643e-01 1.115221e-03 1.089682e-12 1.270126e-02 9.385375e-02 3.014478e-02 2.140062e-14 1.282789e+12 1.221819e+12 3.486509e+06 4.276378e-05 1.588194e+05 1.829619e-05 1.577373e-48 1.904959e-03 1.922457e-08 1.302772e-01 3.140166e-03 3.356713e+04 2.389766e-08 8.242947e+01 3.085801e-01 4.399434e+01 4.439677e-02 5.533305e+01 3.423992e-15 1.417943e-09 9.060277e-19 1.479079e-32 1.072524e-17 3.224396e-16 1.999154e-18 1.099128e-22 2.196777e-21 1.035866e-20 8.927050e-19 0.000000e+00 0.000000e+00 0.000000e+00 2.396021e+15 1.974546e+14 1.950789e+09 2.394754e+18 4.049152e-05 2.586458e-05 3.247478e-11 5.686928e-07 8.573210e+02 1.595959e+05 1.085209e+00 4.076845e+06 1.076526e-10 4.252955e-06 6.886490e-08 2.012824e-18 3.346484e-20 0.000000e+00 1.524342e-03 1.574788e-05 2.552858e+00 1.002415e-14 1.543174e-26 1.047049e-25 3.083367e-34 1.522875e-62 0.000000e+00 1.029043e-114 9.113800e-11 0.000000e+00 0.000000e+00 0.000000e+00 0.000000e+00 0.000000e+00 0.000000e+00 0.000000e+00 0.000000e+00 0.000000e+00 0.000000e+00 0.000000e+00 0.000000e+00 0.000000e+00 0.000000e+00 0.000000e+00 0.000000e+00 0.000000e+00 0.000000e+00 0.000000e+00 0.000000e+00 0.000000e+00 0.000000e+00 0.000000e+00 0.000000e+00 0.000000e+00 5.814526e-43 2.100416e-18 1.008356e-17 2.948874e-08 1.490318e-18 0.000000e+00
21.000000 20.000000 22.000000 173.585731 3.990225e+03 6.324407e+08 8.116370e+05 2.611623e+08 1.516298e+06 2.459263e+06 4.592022e+05 1.281778e+11 9.920169e-02 4.006587e-04 5.267507e-06 2.563535e+03 2.399589e+01 1.764195e-01 6.486314e-04 4.477099e-13 8.972734e-03 9.499637e-02 2.239020e-02 1.010978e-13 1.076696e+12 8.279798e+11 1.670761e+06 2.314839e-05 1.906038e+04 2.418349e-05 1.115816e-48 1.895494e-03 1.539955e-08 7.964531e-02 1.837076e-03 1.673397e+04 6.028181e-08 3.447596e+01 1.664684e-01 2.011707e+01 2.629450e-02 5.827506e+01 4.801423e-15 1.841714e-09 0.000000e+00 7.462422e-34 0.000000e+00 0.000000e+00 0.000000e+00 0.000000e+00 0.000000e+00 0.000000e+00 0.000000e+00 0.000000e+00 0.000000e+00 0.000000e+00 1.663986e+15 1.370408e+14 3.202091e+09 1.663269e+18 6.894139e-05 2.715305e-05 7.638422e-11 6.712199e-07 6.711446e+02 1.012320e+05 2.320346e-01 2.824648e+06 1.886830e-10 2.438801e-06 1.033055e-08 2.492918e-18 0.000000e+00 0.000000e+00 1.102034e-03 1.861735e-05 3.650281e+00 7.018084e-15 0.000000e+00 0.000000e+00 1.547100e-35 0.000000e+00 0.000000e+00 7.147194e-115 8.240219e-11 0.000000e+00 0.000000e+00 0.000000e+00 0.000000e+00 0.000000e+00 0.000000e+00 0.000000e+00 0.000000e+00 0.000000e+00 0.000000e+00 0.000000e+00 0.000000e+00 0.000000e+00 0.000000e+00 0.000000e+00 0.000000e+00 0.000000e+00 0.000000e+00 0.000000e+00 0.000000e+00 0.000000e+00 0.000000e+00 0.000000e+00 0.000000e+00 0.000000e+00 5.122232e-43 2.062258e-18 8.965600e-18 2.223313e-08 1.040262e-18 0.000000e+00
23.000000 22.000000 24.000000 172.106815 2.714809e+03 6.208328e+08 6.066952e+05 3.326991e+08 2.015901e+06 2.388491e+06 4.201685e+05 9.547624e+10 1.118292e-01 2.988191e-04 4.869921e-06 1.322221e+03 2.216086e+01 1.073865e-01 2.711729e-04 1.016744e-13 7.211046e-03 8.659257e-02 1.324356e-02 9.712309e-13 8.287078e+11 5.523457e+11 1.073455e+06 1.299440e-05 6.203933e+03 1.877352e-05 1.797769e-48 1.886670e-03 1.487150e-08 5.218129e-02 1.208578e-03 8.780653e+03 1.822240e-07 1.659332e+01 8.362344e-02 1.035935e+01 1.350275e-02 5.566017e+01 7.496007e-15 2.320960e-09 5.215385e-19 9.221987e-34 9.736278e-18 1.509645e-16 1.868892e-18 2.737230e-23 1.490069e-21 5.597103e-21 4.024754e-19 0.000000e+00 0.000000e+00 0.000000e+00 1.141771e+15 9.401505e+13 3.783482e+09 1.141355e+18 7.697113e-05 2.722122e-05 2.779956e-10 9.367441e-07 5.490577e+02 7.240519e+04 1.103946e-01 1.984769e+06 3.169494e-10 1.185071e-06 2.647145e-09 2.779840e-18 1.909022e-20 0.000000e+00 4.967032e-04 1.625538e-05 4.467266e+00 5.460498e-15 1.592523e-26 1.077041e-25 1.970000e-35 8.781543e-63 0.000000e+00 4.904484e-115 8.319791e-11 0.000000e+00 0.000000e+00 0.000000e+00 0.000000e+00 0.000000e+00 0.000000e+00 0.000000e+00 0.000000e+00 0.000000e+00 0.000000e+00 0.000000e+00 0.000000e+00 0.000000e+00 0.000000e+00 0.000000e+00 0.000000e+00 0.000000e+00 0.000000e+00 0.000000e+00 0.000000e+00 0.000000e+00 0.000000e+00 0.000000e+00 0.000000e+00 0.000000e+00 1.503666e-43 1.154621e-18 5.969282e-18 1.572192e-08 8.129736e-19 0.000000e+00
25.000000 24.000000 26.000000 171.146651 1.842561e+03 5.970449e+08 3.592952e+05 4.763893e+08 2.725391e+06 2.117706e+06 3.416574e+05 7.866445e+10 1.040725e-01 2.743355e-04 4.884661e-06 5.830497e+02 1.903433e+01 5.453716e-02 8.812077e-05 1.488652e-14 6.120306e-03 7.300322e-02 6.640430e-03 1.303310e-11 6.078735e+11 3.650702e+11 7.498430e+05 7.314640e-06 4.135790e+03 1.123258e-05 1.038468e-47 4.853756e-03 3.367252e-08 3.877049e-02 9.285643e-04 5.181498e+03 7.674392e-07 8.411841e+00 4.006749e-02 5.534024e+00 7.042923e-03 5.007642e+01 1.199345e-14 2.799275e-09 0.000000e+00 0.000000e+00 0.000000e+00 0.000000e+00 0.000000e+00 0.000000e+00 0.000000e+00 0.000000e+00 0.000000e+00 4.542370e-32 4.671290e-47 0.000000e+00 7.792460e+14 6.417434e+13 3.839056e+09 7.789911e+17 6.798304e-05 2.576570e-05 1.262251e-09 1.430653e-06 4.640838e+02 5.254872e+04 6.997134e-02 1.426921e+06 1.329083e-09 5.026673e-07 7.560297e-10 6.113610e-18 0.000000e+00 0.000000e+00 1.667392e-04 1.231569e-05 5.077854e+00 3.384858e-15 0.000000e+00 0.000000e+00 0.000000e+00 0.000000e+00 0.000000e+00 3.347385e-115 9.715980e-11 0.000000e+00 0.000000e+00 0.000000e+00 0.000000e+00 0.000000e+00 0.000000e+00 0.000000e+00 0.000000e+00 0.000000e+00 0.000000e+00 0.000000e+00 0.000000e+00 0.000000e+00 0.000000e+00 0.000000e+00 0.000000e+00 0.000000e+00 0.000000e+00 0.000000e+00 0.000000e+00 0.000000e+00 0.000000e+00 0.000000e+00 0.000000e+00 0.000000e+00 4.554093e-44 6.507809e-19 4.568182e-18 1.268844e-08 2.323062e-18 0.000000e+00
27.000000 26.000000 28.000000 170.598326 1.248676e+03 5.269861e+08 2.485693e+05 5.609520e+08 3.591143e+06 2.069115e+06 3.310664e+05 5.816346e+10 8.803520e-02 2.358869e-04 5.484309e-06 2.797048e+02 1.541852e+01 2.895762e-02 2.800346e-05 2.195492e-15 4.393650e-03 5.552128e-02 3.368067e-03 1.887693e-10 4.406672e+11 2.390023e+11 4.315819e+05 6.143069e-06 2.968484e+03 9.659911e-06 4.733074e-46 1.004710e-01 6.093336e-07 3.661642e-02 9.228262e-04 3.659977e+03 1.180670e-05 4.398696e+00 2.334497e-02 3.011925e+00 5.298216e-03 4.356345e+01 1.936202e-14 3.771237e-09 0.000000e+00 1.263189e-34 0.000000e+00 0.000000e+00 0.000000e+00 0.000000e+00 0.000000e+00 0.000000e+00 0.000000e+00 2.978750e-30 1.869157e-43 0.000000e+00 5.297626e+14 4.364324e+13 4.709345e+09 5.296079e+17 7.016280e-05 1.991629e-05 7.948722e-09 2.533416e-06 4.382953e+02 3.262105e+04 5.193239e-02 9.173653e+05 4.360840e-08 2.495800e-07 2.623902e-10 1.062508e-16 0.000000e+00 0.000000e+00 6.290819e-05 1.230227e-05 5.662489e+00 2.155042e-15 0.000000e+00 0.000000e+00 3.186350e-36 2.912829e-65 0.000000e+00 2.275764e-115 2.486260e-09 0.000000e+00 0.000000e+00 0.000000e+00 0.000000e+00 0.000000e+00 0.000000e+00 0.000000e+00 0.000000e+00 0.000000e+00 0.000000e+00 0.000000e+00 0.000000e+00 0.000000e+00 0.000000e+00 0.000000e+00 0.000000e+00 0.000000e+00 0.000000e+00 0.000000e+00 0.000000e+00 0.000000e+00 0.000000e+00 0.000000e+00 0.000000e+00 0.000000e+00 3.012163e-44 5.384832e-19 4.291601e-18 1.300001e-08 4.412544e-17 0.000000e+00
29.000000 28.000000 30.000000 170.951009 8.461551e+02 4.130407e+08 2.023995e+05 5.346669e+08 4.706638e+06 2.337293e+06 3.992243e+05 4.220011e+10 6.625077e-02 1.793406e-04 6.656812e-06 1.764206e+02 1.178424e+01 1.786651e-02 9.510228e-06 3.926243e-16 2.711159e-03 3.861110e-02 1.936602e-03 5.494521e-09 3.231950e+11 1.544943e+11 2.436105e+05 1.075224e-05 2.031948e+03 1.386935e-05 3.081966e-44 2.426964e+00 1.359286e-05 7.872010e-02 1.310399e-03 3.143409e+03 4.788924e-04 2.980594e+00 1.994544e-02 1.932650e+00 6.373586e-03 3.696672e+01 3.990672e-14 6.163422e-09 1.328370e-19 7.987589e-34 4.090699e-18 4.527067e-17 1.056909e-18 2.517498e-24 6.999782e-22 1.256811e-21 7.557075e-20 8.257026e-29 8.061483e-40 0.000000e+00 3.582306e+14 2.952483e+13 7.189014e+09 3.581442e+17 9.164400e-05 1.260843e-05 1.500130e-07 8.008363e-06 4.977779e+02 1.774049e+04 4.453570e-02 5.088573e+05 1.626641e-06 1.724060e-07 1.195563e-10 2.272828e-15 7.260534e-21 0.000000e+00 3.073416e-05 1.789797e-05 6.180601e+00 1.606798e-15 1.564117e-26 1.045579e-25 1.363862e-35 4.936743e-71 0.000000e+00 1.538971e-115 7.730163e-08 0.000000e+00 0.000000e+00 0.000000e+00 0.000000e+00 0.000000e+00 0.000000e+00 0.000000e+00 0.000000e+00 0.000000e+00 0.000000e+00 0.000000e+00 0.000000e+00 0.000000e+00 0.000000e+00 0.000000e+00 0.000000e+00 0.000000e+00 0.000000e+00 0.000000e+00 0.000000e+00 0.000000e+00 0.000000e+00 0.000000e+00 0.000000e+00 0.000000e+00 3.916718e-44 6.211639e-19 4.612490e-18 1.746752e-08 8.338164e-16 0.000000e+00
31.000000 30.000000 32.000000 172.544357 5.748023e+02 2.435467e+08 3.103909e+05 2.575959e+08 5.871119e+06 4.361329e+06 1.077834e+06 3.085061e+10 4.680164e-02 6.344313e-05 6.464130e-06 1.691161e+02 8.517244e+00 2.645977e-02 6.526247e-06 3.291886e-16 1.054586e-03 2.349984e-02 2.453979e-03 2.302780e-05 2.675755e+11 9.810011e+10 1.788110e+05 7.543473e-05 1.391699e+03 9.600427e-05 1.406575e-42 4.466512e+01 1.871281e-04 1.750313e+01 7.297549e-03 3.208048e+03 3.838670e-01 2.531401e+01 3.363632e-01 8.822478e+00 2.189211e-01 3.116934e+01 6.498053e-11 1.716285e-08 2.966393e-20 0.000000e+00 2.800304e-18 3.207096e-17 8.628884e-19 2.957867e-25 2.635889e-22 5.089678e-22 1.392237e-20 9.532995e-28 2.400894e-36 0.000000e+00 2.410585e+14 1.988087e+13 2.277249e+10 2.410444e+17 2.332966e-04 5.237995e-06 1.903215e-03 2.093775e-02 8.254455e+02 4.777787e+03 5.995343e-02 1.485021e+05 4.615966e-05 4.141087e-07 1.993265e-10 3.727294e-14 5.833687e-21 0.000000e+00 5.722360e-05 7.685797e-05 6.675238e+00 1.100582e-15 1.647495e-26 1.092607e-25 0.000000e+00 6.269885e-69 0.000000e+00 1.035786e-115 8.190748e-04 0.000000e+00 0.000000e+00 0.000000e+00 0.000000e+00 0.000000e+00 0.000000e+00 0.000000e+00 0.000000e+00 0.000000e+00 0.000000e+00 0.000000e+00 0.000000e+00 0.000000e+00 0.000000e+00 0.000000e+00 0.000000e+00 0.000000e+00 0.000000e+00 0.000000e+00 0.000000e+00 0.000000e+00 0.000000e+00 0.000000e+00 0.000000e+00 0.000000e+00 7.750512e-44 8.825150e-19 3.138727e-18 2.770127e-08 8.824662e-15 0.000000e+00
33.000000 32.000000 34.000000 174.734105 3.922603e+02 1.771644e+08 5.410688e+05 1.106853e+08 4.657227e+06 6.575995e+06 2.179159e+06 1.960619e+10 4.714280e-02 2.214453e-05 4.636553e-06 1.922407e+02 5.942776e+00 3.920659e-02 5.139883e-06 3.110989e-16 2.907815e-04 8.712771e-03 1.973673e-03 2.228879e-04 3.026075e+11 6.134441e+10 5.039090e+05 7.381606e-04 2.948349e+03 1.043966e-03 4.246879e-41 4.750224e+02 2.053954e-03 8.190132e+02 1.385172e-01 3.618597e+03 2.129098e+01 7.061107e+02 2.110140e+01 2.651530e+02 1.409365e+01 2.618355e+01 4.028416e-09 2.911266e-08 1.899926e-20 0.000000e+00 5.574078e-18 4.696558e-17 9.750465e-19 1.150600e-25 1.954778e-22 4.850289e-22 4.698243e-21 1.421870e-26 1.582068e-33 0.000000e+00 1.623256e+14 1.340809e+13 7.231001e+10 1.624335e+17 7.617418e-04 2.290347e-06 1.123551e-01 8.641469e-01 2.211541e+03 8.910434e+02 3.385061e-01 2.990808e+04 7.394357e-04 1.622639e-06 1.317805e-09 5.617520e-13 2.851532e-21 0.000000e+00 8.962918e-05 5.261259e-04 6.835629e+00 7.069006e-16 3.575088e-26 2.343707e-25 7.329038e-34 1.729055e-63 0.000000e+00 6.979895e-116 3.304522e-02 0.000000e+00 0.000000e+00 0.000000e+00 0.000000e+00 0.000000e+00 0.000000e+00 0.000000e+00 0.000000e+00 0.000000e+00 0.000000e+00 0.000000e+00 0.000000e+00 0.000000e+00 0.000000e+00 0.000000e+00 0.000000e+00 0.000000e+00 0.000000e+00 0.000000e+00 0.000000e+00 0.000000e+00 0.000000e+00 0.000000e+00 0.000000e+00 0.000000e+00 5.601879e-44 7.544077e-19 1.147096e-18 5.107211e-08 5.438803e-14 0.000000e+00
35.000000 34.000000 36.000000 176.516119 2.689482e+02 1.784104e+08 6.892270e+05 7.785076e+07 3.207135e+06 6.380432e+06 1.993482e+06 1.073845e+10 5.253101e-02 1.221757e-05 3.557466e-06 2.037665e+02 4.118245e+00 2.893098e-02 2.619688e-06 9.478709e-17 9.931598e-05 2.803474e-03 6.899889e-04 4.169115e-04 3.794778e+11 3.784341e+10 1.056179e+06 2.587427e-03 3.405282e+03 2.785600e-03 5.517026e-40 1.643294e+03 6.968996e-03 2.867648e+03 3.619764e-01 3.767619e+03 1.116949e+02 2.876469e+03 8.412719e+01 7.473610e+02 3.906648e+01 2.206508e+01 1.969982e-08 2.812641e-08 2.404973e-20 0.000000e+00 1.287446e-17 7.200480e-17 1.026381e-18 1.911317e-25 1.961019e-22 5.907779e-22 2.757567e-21 1.000457e-25 4.838032e-32 0.000000e+00 1.100025e+14 9.110465e+12 1.335854e+11 1.102462e+17 1.906244e-03 1.328922e-06 5.338582e-01 2.820427e+00 3.593914e+03 4.214776e+02 4.741271e-01 9.505421e+03 3.776814e-03 1.925894e-06 1.089989e-09 2.095060e-12 1.315801e-21 0.000000e+00 4.541176e-05 1.259973e-03 6.682628e+00 4.257585e-16 8.042911e-26 5.186804e-25 8.184302e-34 5.109511e-69 0.000000e+00 4.737361e-116 1.071402e-01 0.000000e+00 0.000000e+00 0.000000e+00 0.000000e+00 0.000000e+00 0.000000e+00 0.000000e+00 0.000000e+00 0.000000e+00 0.000000e+00 0.000000e+00 0.000000e+00 0.000000e+00 0.000000e+00 0.000000e+00 0.000000e+00 0.000000e+00 0.000000e+00 0.000000e+00 0.000000e+00 0.000000e+00 0.000000e+00 0.000000e+00 0.000000e+00 0.000000e+00 1.940942e-44 4.452228e-19 4.731986e-19 6.103519e-08 1.176760e-13 0.000000e+00
37.000000 36.000000 38.000000 177.496665 1.849943e+02 2.224383e+08 8.183126e+05 6.992289e+07 2.212090e+06 4.801482e+06 1.120943e+06 5.368959e+09 5.757578e-02 6.095450e-06 2.528661e-06 1.997764e+02 2.870917e+00 1.482739e-02 1.141831e-06 1.720638e-17 3.667075e-05 9.210131e-04 1.693957e-04 6.384827e-04 4.549803e+11 2.307191e+10 1.231144e+06 3.307387e-03 3.334559e+03 2.402300e-03 2.634866e-39 2.350812e+03 8.920816e-03 3.974840e+03 3.796443e-01 3.122302e+03 2.958810e+02 6.445375e+03 1.445437e+02 8.363408e+02 3.500434e+01 1.852793e+01 4.621729e-08 2.092599e-08 2.865772e-20 8.238249e-33 2.132330e-17 8.128616e-17 7.749928e-19 1.518537e-25 1.347710e-22 5.267984e-22 1.543841e-21 2.297524e-25 2.039598e-31 0.000000e+00 7.505398e+13 6.239514e+12 1.872017e+11 7.541325e+16 4.139705e-03 7.916180e-07 1.262842e+00 4.623632e+00 3.271241e+03 2.630058e+02 4.175290e-01 3.837395e+03 7.929311e-03 8.940632e-07 3.987961e-10 2.349197e-12 5.462259e-22 0.000000e+00 1.242097e-05 1.268652e-03 6.249775e+00 2.430145e-16 1.317603e-25 8.304875e-25 1.061050e-33 0.000000e+00 0.000000e+00 3.240562e-116 1.760206e-01 0.000000e+00 0.000000e+00 0.000000e+00 0.000000e+00 0.000000e+00 0.000000e+00 0.000000e+00 0.000000e+00 0.000000e+00 0.000000e+00 0.000000e+00 0.000000e+00 0.000000e+00 0.000000e+00 0.000000e+00 0.000000e+00 0.000000e+00 0.000000e+00 0.000000e+00 0.000000e+00 0.000000e+00 0.000000e+00 0.000000e+00 0.000000e+00 0.000000e+00 3.059804e-45 1.763870e-19 1.672934e-19 3.841204e-08 9.082861e-14 0.000000e+00
39.000000 38.000000 40.000000 177.922754 1.274642e+02 3.253479e+08 9.751058e+05 7.267596e+07 1.581037e+06 3.026189e+06 4.466347e+05 2.568396e+09 6.097911e-02 2.578001e-06 1.649342e-06 1.861311e+02 2.032346e+00 5.973491e-03 4.586457e-07 2.251483e-18 1.399878e-05 3.213071e-04 3.412380e-05 1.070554e-03 5.072555e+11 1.379869e+10 1.156769e+06 2.479865e-03 3.823587e+03 1.114897e-03 6.705893e-39 1.962605e+03 6.472274e-03 3.545204e+03 2.478830e-01 2.206936e+03 6.179666e+02 1.223881e+04 1.855456e+02 6.184560e+02 1.971808e+01 1.546254e+01 7.987641e-08 1.377868e-08 3.084899e-20 1.286472e-31 2.734931e-17 7.518624e-17 4.948945e-19 6.870843e-26 6.460694e-23 3.567668e-22 8.147400e-22 2.566362e-25 2.962098e-31 0.000000e+00 5.139717e+13 4.294005e+12 2.243496e+11 5.183658e+16 8.537565e-03 4.544588e-07 2.432633e+00 6.154943e+00 2.326335e+03 1.840816e+02 3.516522e-01 1.755980e+03 9.629038e-03 2.559026e-07 1.102048e-10 1.232319e-12 2.185529e-22 0.000000e+00 2.237986e-06 8.397876e-04 5.640544e+00 1.321411e-16 1.752895e-25 1.070514e-24 0.000000e+00 6.889571e-70 0.000000e+00 2.227456e-116 2.385963e-01 0.000000e+00 0.000000e+00 0.000000e+00 0.000000e+00 0.000000e+00 0.000000e+00 0.000000e+00 0.000000e+00 0.000000e+00 0.000000e+00 0.000000e+00 0.000000e+00 0.000000e+00 0.000000e+00 0.000000e+00 0.000000e+00 0.000000e+00 0.000000e+00 0.000000e+00 0.000000e+00 0.000000e+00 0.000000e+00 0.000000e+00 0.000000e+00 0.000000e+00 2.584181e-46 5.080792e-20 4.973583e-20 1.733761e-08 3.651005e-14 0.000000e+00
41.000000 40.000000 42.000000 178.158925 8.789773e+01 5.112914e+08 1.110848e+06 8.521579e+07 1.189963e+06 1.755096e+06 1.511127e+05 1.242290e+09 6.221317e-02 1.085134e-06 1.080626e-06 1.647601e+02 1.473255e+00 2.144282e-03 1.752677e-07 2.459254e-19 5.907970e-06 1.212464e-04 6.450486e-06 2.553239e-03 5.248536e+11 8.024183e+09 1.211140e+06 1.640915e-03 5.677714e+03 4.289982e-04 1.495082e-38 1.369513e+03 4.202134e-03 3.048547e+03 1.619147e-01 1.433610e+03 1.374270e+03 2.456072e+04 2.364954e+02 4.702077e+02 1.133062e+01 1.274774e+01 1.308359e-07 1.029224e-08 3.090407e-20 1.055297e-32 2.929749e-17 6.206867e-17 3.302889e-19 2.926268e-26 2.635957e-23 2.074366e-22 4.225551e-22 2.112680e-25 3.359867e-31 0.000000e+00 3.522182e+13 2.960581e+12 2.409047e+11 3.569847e+16 1.685715e-02 2.728955e-07 5.304229e+00 9.005837e+00 1.751782e+03 1.558842e+02 3.835411e-01 8.762253e+02 9.599548e-03 6.938045e-08 3.473999e-11 5.189848e-13 8.886572e-23 0.000000e+00 3.291930e-07 5.167383e-04 4.914085e+00 6.791246e-17 2.065762e-25 1.208445e-24 2.178867e-34 8.387842e-65 0.000000e+00 1.533989e-116 3.681007e-01 0.000000e+00 0.000000e+00 0.000000e+00 0.000000e+00 0.000000e+00 0.000000e+00 0.000000e+00 0.000000e+00 0.000000e+00 0.000000e+00 0.000000e+00 0.000000e+00 0.000000e+00 0.000000e+00 0.000000e+00 0.000000e+00 0.000000e+00 0.000000e+00 0.000000e+00 0.000000e+00 0.000000e+00 0.000000e+00 0.000000e+00 0.000000e+00 0.000000e+00 1.729903e-47 1.301785e-20 1.486389e-20 8.093696e-09 1.270206e-14 0.000000e+00
43.000000 42.000000 44.000000 178.498615 6.065953e+01 7.859102e+08 1.135284e+06 1.103476e+08 9.429267e+05 1.044387e+06 5.344270e+04 6.320194e+08 6.266409e-02 5.479050e-07 7.830990e-07 1.388402e+02 1.114372e+00 8.081566e-04 6.793071e-08 2.783140e-20 3.013805e-06 5.015079e-05 1.333824e-06 8.177660e-03 5.141838e+11 4.467655e+09 1.433638e+06 1.119008e-03 9.141048e+03 1.670948e-04 3.901859e-38 9.561653e+02 2.952290e-03 2.792850e+03 1.269346e-01 8.672190e+02 3.249366e+03 4.830821e+04 2.970153e+02 4.215230e+02 7.644137e+00 1.037457e+01 2.111754e-07 1.024849e-08 2.940007e-20 0.000000e+00 2.780967e-17 4.791278e-17 2.537420e-19 1.489987e-26 1.143406e-23 1.175747e-22 2.191116e-22 1.564858e-25 3.959479e-31 0.000000e+00 2.410924e+13 2.041537e+12 2.411030e+11 2.458914e+16 3.145938e-02 1.927567e-07 1.310713e+01 1.411051e+01 1.477694e+03 1.562425e+02 5.123276e-01 4.651541e+02 9.274144e-03 2.225583e-08 1.376759e-11 2.386377e-13 3.675485e-23 0.000000e+00 5.157786e-08 3.244457e-04 4.144530e+00 3.204667e-17 2.258514e-25 1.247294e-24 3.400120e-34 3.010754e-64 0.000000e+00 1.056614e-116 6.480437e-01 0.000000e+00 0.000000e+00 0.000000e+00 0.000000e+00 0.000000e+00 0.000000e+00 0.000000e+00 0.000000e+00 0.000000e+00 0.000000e+00 0.000000e+00 0.000000e+00 0.000000e+00 0.000000e+00 0.000000e+00 0.000000e+00 0.000000e+00 0.000000e+00 0.000000e+00 0.000000e+00 0.000000e+00 0.000000e+00 0.000000e+00 0.000000e+00 0.000000e+00 1.365350e-48 3.660143e-21 5.402712e-21 4.505936e-09 4.991989e-15 0.000000e+00
45.000000 44.000000 46.000000 179.284815 4.191942e+01 1.147772e+09 1.004328e+06 1.558334e+08 7.760071e+05 6.559641e+05 2.086598e+04 3.467437e+08 6.490745e-02 3.478719e-07 6.404752e-07 1.109148e+02 8.985679e-01 3.408764e-04 2.743042e-08 3.560781e-21 1.905332e-06 2.277323e-05 3.165675e-07 2.841853e-02 4.773863e+11 2.378267e+09 1.614196e+06 7.546535e-04 1.307591e+04 6.019438e-05 1.227942e-37 6.161539e+02 1.989203e-03 2.340646e+03 1.055660e-01 4.843500e+02 6.556324e+03 7.608852e+04 3.026517e+02 3.907630e+02 5.285375e+00 8.213164e+00 3.088440e-07 1.182980e-08 2.715066e-20 0.000000e+00 2.409432e-17 3.472652e-17 2.015960e-19 8.395570e-27 5.760020e-24 6.828795e-23 1.142401e-22 9.455754e-26 3.689594e-31 0.000000e+00 1.646497e+13 1.406069e+12 2.267372e+11 1.691809e+16 5.498162e-02 1.638261e-07 3.022432e+01 1.925330e+01 1.219545e+03 1.663860e+02 6.720213e-01 2.556522e+02 7.805112e-03 7.892485e-09 5.809766e-12 1.137160e-13 1.497751e-23 0.000000e+00 9.405262e-09 1.823507e-04 3.319674e+00 1.378711e-17 2.296759e-25 1.176643e-24 0.000000e+00 2.655007e-69 0.000000e+00 7.269826e-117 1.097225e+00 0.000000e+00 0.000000e+00 0.000000e+00 0.000000e+00 0.000000e+00 0.000000e+00 0.000000e+00 0.000000e+00 0.000000e+00 0.000000e+00 0.000000e+00 0.000000e+00 0.000000e+00 0.000000e+00 0.000000e+00 0.000000e+00 0.000000e+00 0.000000e+00 0.000000e+00 0.000000e+00 0.000000e+00 0.000000e+00 0.000000e+00 0.000000e+00 0.000000e+00 1.445010e-49 1.195774e-21 2.488230e-21 2.676577e-09 2.057335e-15 0.000000e+00
47.000000 46.000000 48.000000 180.887784 2.904572e+01 1.693375e+09 8.188590e+05 2.366751e+08 6.326657e+05 4.158138e+05 8.192336e+03 1.983644e+08 7.432134e-02 2.531573e-07 5.508657e-07 8.509209e+01 7.779429e-01 1.544543e-04 1.160724e-08 4.959046e-22 1.371467e-06 1.084245e-05 7.871653e-08 8.476072e-02 4.278590e+11 1.200177e+09 1.529278e+06 4.686744e-04 1.474206e+04 1.678830e-05 3.860053e-37 2.749476e+02 9.351946e-04 1.378506e+03 6.725605e-02 2.453977e+02 9.168844e+03 8.595749e+04 2.092545e+02 2.793757e+02 2.860154e+00 6.254058e+00 3.448104e-07 1.171266e-08 2.467474e-20 0.000000e+00 1.974577e-17 2.356498e-17 1.425982e-19 4.249766e-27 3.092764e-24 3.941085e-23 5.780795e-23 3.459830e-26 1.538666e-31 0.000000e+00 1.120780e+13 9.664765e+11 2.048530e+11 1.161857e+16 9.165796e-02 1.463139e-07 5.325358e+01 1.946430e+01 8.347069e+02 1.670731e+02 6.826215e-01 1.369230e+02 4.097364e-03 2.528831e-09 1.962180e-12 4.125611e-14 5.429668e-24 0.000000e+00 1.825322e-09 7.916159e-05 2.477429e+00 5.315001e-18 2.159588e-25 1.006374e-24 0.000000e+00 2.683719e-67 0.000000e+00 4.992581e-117 1.597347e+00 0.000000e+00 0.000000e+00 0.000000e+00 0.000000e+00 0.000000e+00 0.000000e+00 0.000000e+00 0.000000e+00 0.000000e+00 0.000000e+00 0.000000e+00 0.000000e+00 0.000000e+00 0.000000e+00 0.000000e+00 0.000000e+00 0.000000e+00 0.000000e+00 0.000000e+00 0.000000e+00 0.000000e+00 0.000000e+00 0.000000e+00 0.000000e+00 0.000000e+00 1.623125e-50 3.998859e-22 1.258158e-21 1.340483e-09 6.340407e-16 0.000000e+00
49.000000 48.000000 50.000000 183.374070 2.021390e+01 3.297092e+09 7.875140e+05 3.879248e+08 4.177635e+05 2.119570e+05 2.118496e+03 1.079895e+08 1.080776e-01 1.547490e-07 3.746004e-07 6.337654e+01 6.744129e-01 6.322255e-05 5.379428e-09 6.655162e-23 8.149889e-07 4.134084e-06 1.448171e-08 1.569972e-01 3.732323e+11 5.765293e+08 1.141595e+06 2.168959e-04 1.105492e+04 2.471910e-06 5.396763e-37 4.156859e+01 1.378625e-04 3.231835e+02 1.438045e-02 1.137445e+02 6.526242e+03 6.463868e+04 7.158863e+01 7.383001e+01 6.733180e-01 4.519569e+00 1.647311e-07 5.203425e-09 2.286166e-20 2.202419e-35 1.596777e-17 1.456108e-17 8.591761e-20 1.154229e-27 1.137755e-24 1.865507e-23 2.412983e-23 4.434404e-27 9.240842e-33 0.000000e+00 7.614874e+12 6.639162e+11 1.790843e+11 7.976122e+15 1.489098e-01 9.509923e-08 5.205802e+01 1.221862e+01 3.572890e+02 1.448605e+02 3.629387e-01 5.652546e+01 5.927569e-04 4.667782e-10 3.092080e-13 4.503050e-15 1.217173e-24 0.000000e+00 2.560364e-10 2.020727e-05 1.684936e+00 1.843774e-18 1.815415e-25 7.548987e-25 1.473322e-36 3.750976e-72 0.000000e+00 3.427397e-117 1.964151e+00 0.000000e+00 0.000000e+00 0.000000e+00 0.000000e+00 0.000000e+00 0.000000e+00 0.000000e+00 0.000000e+00 0.000000e+00 0.000000e+00 0.000000e+00 0.000000e+00 0.000000e+00 0.000000e+00 0.000000e+00 0.000000e+00 0.000000e+00 0.000000e+00 0.000000e+00 0.000000e+00 0.000000e+00 0.000000e+00 0.000000e+00 0.000000e+00 0.000000e+00 7.315591e-52 7.848984e-23 3.991281e-22 3.651231e-10 7.625883e-17 0.000000e+00
51.000000 50.000000 52.000000 186.187882 1.414566e+01 9.376960e+09 1.055075e+06 5.572400e+08 1.537474e+05 6.412440e+04 2.263937e+02 5.070779e+07 1.881719e-01 5.240460e-08 1.463275e-07 4.615704e+01 4.955373e-01 2.677763e-05 3.243504e-09 1.169170e-23 2.727533e-07 7.480561e-07 1.638405e-09 1.031036e-01 3.172496e+11 2.703333e+08 6.143053e+05 6.862876e-05 4.849811e+03 1.858145e-07 1.325393e-37 1.389846e+00 4.072798e-06 1.969498e+01 4.861988e-04 5.081031e+01 1.761691e+03 3.499290e+04 1.064035e+01 3.095896e+00 4.367327e-02 3.142159e+00 2.057426e-08 6.544272e-10 2.024889e-20 0.000000e+00 1.181106e-17 9.094311e-18 4.846206e-20 8.554491e-29 1.490874e-25 5.007013e-24 5.496873e-24 3.112938e-28 8.008245e-35 0.000000e+00 5.188461e+12 4.577348e+11 1.497656e+11 5.497326e+15 2.361010e-01 3.950375e-08 1.967303e+01 4.540540e+00 9.107129e+01 8.826201e+01 6.991543e-02 1.105669e+01 1.509277e-05 4.943912e-11 1.963136e-14 8.066290e-17 1.050247e-25 0.000000e+00 2.248360e-11 2.902880e-06 1.078207e+00 6.018796e-19 1.502194e-25 5.492598e-25 0.000000e+00 1.091013e-68 0.000000e+00 2.362239e-117 2.104041e+00 0.000000e+00 0.000000e+00 0.000000e+00 0.000000e+00 0.000000e+00 0.000000e+00 0.000000e+00 0.000000e+00 0.000000e+00 0.000000e+00 0.000000e+00 0.000000e+00 0.000000e+00 0.000000e+00 0.000000e+00 0.000000e+00 0.000000e+00 0.000000e+00 0.000000e+00 0.000000e+00 0.000000e+00 0.000000e+00 0.000000e+00 0.000000e+00 0.000000e+00 1.202580e-53 6.251231e-24 4.451304e-23 5.260356e-11 5.877020e-18 0.000000e+00
53.000000 52.000000 54.000000 188.199674 9.948442e+00 2.075502e+10 1.204616e+06 6.363185e+08 5.443443e+04 1.925515e+04 2.090558e+01 2.090640e+07 2.496855e-01 1.483096e-08 5.472733e-08 3.322521e+01 3.259623e-01 1.275456e-05 1.665474e-09 1.997128e-24 8.968064e-08 1.184765e-07 1.862269e-10 4.252663e-02 2.727658e+11 1.173335e+08 2.506669e+05 1.838101e-05 1.583826e+03 1.156103e-08 1.990332e-38 4.658004e-02 1.508750e-07 1.107364e+00 1.504638e-05 2.077468e+01 3.953364e+02 1.682427e+04 1.565672e+00 9.185021e-02 2.593509e-03 2.172942e+00 3.309639e-09 1.629717e-10 1.552074e-20 0.000000e+00 7.428479e-18 6.621004e-18 2.604052e-20 4.211939e-30 1.756860e-26 1.153160e-24 1.142855e-24 1.873435e-29 6.052548e-37 0.000000e+00 3.558003e+12 3.185035e+11 1.230392e+11 3.824859e+15 3.504591e-01 1.666956e-08 5.790442e+00 1.523071e+00 2.559721e+01 3.946009e+01 1.337678e-02 1.830869e+00 3.853265e-07 6.296838e-12 1.243306e-15 1.778811e-18 1.001358e-26 0.000000e+00 2.161922e-12 4.591135e-07 6.849919e-01 1.695656e-19 1.400636e-25 4.473554e-25 0.000000e+00 1.899826e-73 0.000000e+00 1.643571e-117 1.890833e+00 0.000000e+00 0.000000e+00 0.000000e+00 0.000000e+00 0.000000e+00 0.000000e+00 0.000000e+00 0.000000e+00 0.000000e+00 0.000000e+00 0.000000e+00 0.000000e+00 0.000000e+00 0.000000e+00 0.000000e+00 0.000000e+00 0.000000e+00 0.000000e+00 0.000000e+00 0.000000e+00 0.000000e+00 0.000000e+00 0.000000e+00 0.000000e+00 0.000000e+00 1.651791e-55 5.390162e-25 4.359725e-24 6.304819e-12 4.262391e-19 0.000000e+00
55.000000 54.000000 56.000000 188.172310 7.011799e+00 3.341109e+10 1.124306e+06 6.127359e+08 2.229831e+04 6.631092e+03 2.316537e+00 7.923626e+06 2.626133e-01 3.884654e-09 2.129959e-08 2.361949e+01 2.078312e-01 5.982554e-06 6.850492e-10 2.809949e-25 3.230960e-08 2.185115e-08 2.453328e-11 1.746378e-02 2.362120e+11 4.735993e+07 9.996535e+04 4.103143e-06 4.512391e+02 7.285710e-10 5.960924e-39 6.861424e-03 1.036986e-08 9.326115e-02 7.706474e-07 7.819926e+00 1.143698e+02 8.240066e+03 3.197633e-01 4.589514e-03 2.224503e-04 1.510368e+00 2.270279e-09 8.741661e-11 1.232402e-20 0.000000e+00 4.754158e-18 4.520383e-18 1.315071e-20 2.611136e-31 2.885022e-27 3.149274e-25 3.145926e-25 1.092280e-30 7.318606e-39 0.000000e+00 2.464195e+12 2.244725e+11 9.927716e+10 2.696208e+15 4.835706e-01 7.075486e-09 1.934770e+00 5.516154e-01 8.625428e+00 1.625377e+01 3.827368e-03 3.680118e-01 4.907595e-08 9.801449e-13 1.142161e-16 7.988428e-20 1.328930e-27 0.000000e+00 2.452262e-13 8.941879e-08 4.465586e-01 4.171644e-20 1.179646e-25 3.298778e-25 0.000000e+00 3.071665e-78 0.000000e+00 1.158580e-117 1.457043e+00 0.000000e+00 0.000000e+00 0.000000e+00 0.000000e+00 0.000000e+00 0.000000e+00 0.000000e+00 0.000000e+00 0.000000e+00 0.000000e+00 0.000000e+00 0.000000e+00 0.000000e+00 0.000000e+00 0.000000e+00 0.000000e+00 0.000000e+00 0.000000e+00 0.000000e+00 0.000000e+00 0.000000e+00 0.000000e+00 0.000000e+00 0.000000e+00 0.000000e+00 2.233505e-57 5.911770e-26 4.625466e-25 7.272794e-13 3.035378e-20 0.000000e+00
57.000000 56.000000 58.000000 185.422739 4.930315e+00 4.436963e+10 9.524401e+05 5.314008e+08 9.957122e+03 2.494656e+03 3.200559e-01 2.817706e+06 2.474186e-01 9.114574e-10 7.843211e-09 1.657328e+01 1.311512e-01 2.788449e-06 2.612988e-10 3.798287e-26 1.145233e-08 4.571169e-09 3.718807e-12 1.094709e-02 2.049393e+11 1.786014e+07 4.269690e+04 7.032226e-07 1.242467e+02 5.192842e-11 1.390710e-39 2.135791e-03 9.280495e-10 1.004878e-02 5.322966e-08 2.727861e+00 4.300677e+01 4.390504e+03 8.231283e-02 3.467637e-04 2.392691e-05 1.054667e+00 3.973388e-09 4.264487e-11 1.032468e-20 0.000000e+00 3.156482e-18 2.863144e-18 6.148431e-21 2.193847e-32 6.003717e-28 9.886076e-26 1.004160e-25 7.540448e-32 1.473603e-40 0.000000e+00 1.722012e+12 1.600859e+11 7.875494e+10 1.923938e+15 6.344734e-01 2.965140e-09 6.948022e-01 2.064951e-01 3.124354e+00 6.556867e+00 1.321330e-03 8.970826e-02 1.463563e-08 1.664419e-13 1.386627e-17 5.120086e-21 2.230007e-28 0.000000e+00 3.215198e-14 1.953109e-08 3.019656e-01 9.081847e-21 8.888882e-26 2.195342e-25 0.000000e+00 4.963993e-83 0.000000e+00 8.267305e-118 9.831774e-01 0.000000e+00 0.000000e+00 0.000000e+00 0.000000e+00 0.000000e+00 0.000000e+00 0.000000e+00 0.000000e+00 0.000000e+00 0.000000e+00 0.000000e+00 0.000000e+00 0.000000e+00 0.000000e+00 0.000000e+00 0.000000e+00 0.000000e+00 0.000000e+00 0.000000e+00 0.000000e+00 0.000000e+00 0.000000e+00 0.000000e+00 0.000000e+00 0.000000e+00 3.014264e-59 6.687913e-27 4.575061e-26 8.272041e-14 2.133038e-21 0.000000e+00
59.000000 58.000000 60.000000 180.175125 3.440411e+00 5.247821e+10 7.526219e+05 4.324145e+08 4.577251e+03 9.777331e+02 5.121365e-02 9.486682e+05 2.216843e-01 1.886899e-10 2.617804e-09 1.140447e+01 8.174010e-02 1.286163e-06 9.656163e-11 5.126412e-27 3.768823e-09 1.014226e-09 6.085555e-13 2.313696e-02 1.766341e+11 6.316099e+06 1.938417e+04 9.552047e-08 3.514669e+01 4.390644e-12 1.754715e-40 8.217612e-04 9.148112e-11 1.226139e-03 4.349390e-09 8.862099e-01 1.962348e+01 2.573352e+03 2.381216e-02 3.416020e-05 2.933967e-06 7.344191e-01 7.656597e-09 1.574498e-11 1.015473e-20 0.000000e+00 2.400989e-18 1.951717e-18 2.900993e-21 2.495076e-33 1.620706e-28 3.784996e-26 3.670689e-26 6.638511e-33 4.692281e-42 0.000000e+00 1.207176e+12 1.148486e+11 6.097321e+10 1.381640e+15 8.008963e-01 1.233546e-09 2.528792e-01 7.676074e-02 1.142575e+00 2.586332e+00 4.825380e-04 2.462577e-02 5.769306e-09 2.863024e-14 1.912263e-18 3.894029e-22 4.876981e-29 0.000000e+00 4.594096e-15 4.429712e-09 2.099800e-01 1.771645e-21 7.000121e-26 1.544473e-25 0.000000e+00 8.059632e-88 0.000000e+00 5.937010e-118 5.928656e-01 0.000000e+00 0.000000e+00 0.000000e+00 0.000000e+00 0.000000e+00 0.000000e+00 0.000000e+00 0.000000e+00 0.000000e+00 0.000000e+00 0.000000e+00 0.000000e+00 0.000000e+00 0.000000e+00 0.000000e+00 0.000000e+00 0.000000e+00 0.000000e+00 0.000000e+00 0.000000e+00 0.000000e+00 0.000000e+00 0.000000e+00 0.000000e+00 0.000000e+00 3.953472e-61 6.791415e-28 3.805048e-27 9.216102e-15 1.478607e-22 0.000000e+00
61.000000 60.000000 62.000000 173.806807 2.372298e+00 5.771392e+10 5.335659e+05 3.375641e+08 2.048677e+03 3.761745e+02 8.271570e-03 3.028798e+05 1.929756e-01 3.556607e-11 8.240278e-10 7.581138e+00 4.957863e-02 5.714794e-07 3.366252e-11 6.387353e-28 1.178575e-09 2.157718e-10 9.608304e-14 1.908993e-01 1.494111e+11 2.101842e+06 8.774046e+03 1.147088e-08 1.015296e+01 4.042410e-13 2.521286e-41 3.306885e-04 9.802615e-12 1.587702e-04 4.016111e-10 2.690309e-01 9.448140e+00 1.604503e+03 6.974728e-03 4.002785e-06 3.973973e-07 5.033003e-01 1.311932e-08 4.858668e-12 9.827031e-21 0.000000e+00 1.714193e-18 1.156696e-18 1.208445e-21 2.836234e-34 4.401234e-29 1.397100e-26 1.203866e-26 1.435389e-33 5.307935e-43 0.000000e+00 8.397442e+11 8.199013e+10 4.505669e+10 9.876014e+14 9.715560e-01 5.140032e-10 9.006745e-02 2.768749e-02 4.081907e-01 9.879007e-01 1.752797e-04 6.839350e-03 2.479693e-09 4.664054e-15 2.610050e-19 3.378036e-23 9.850607e-30 0.000000e+00 6.340559e-16 9.524766e-10 1.471352e-01 3.133936e-22 4.665482e-26 9.301631e-26 0.000000e+00 1.310617e-92 0.000000e+00 4.243796e-118 3.263169e-01 0.000000e+00 0.000000e+00 0.000000e+00 0.000000e+00 0.000000e+00 0.000000e+00 0.000000e+00 0.000000e+00 0.000000e+00 0.000000e+00 0.000000e+00 0.000000e+00 0.000000e+00 0.000000e+00 0.000000e+00 0.000000e+00 0.000000e+00 0.000000e+00 0.000000e+00 0.000000e+00 0.000000e+00 0.000000e+00 0.000000e+00 0.000000e+00 0.000000e+00 5.001229e-63 6.329316e-29 2.771557e-28 9.972826e-16 1.008261e-23 0.000000e+00
63.000000 62.000000 64.000000 172.158707 1.619999e+00 5.948284e+10 2.799295e+05 2.503195e+08 8.078565e+02 1.245932e+02 9.951808e-04 9.013244e+04 1.605270e-01 7.837043e-12 3.572099e-10 4.683946e+00 2.769139e-02 2.222271e-07 9.332408e-12 5.099153e-29 4.866564e-10 3.369080e-11 1.097821e-14 1.498672e+00 1.202765e+11 6.529792e+05 3.219740e+03 1.364773e-09 2.765356e+00 2.982609e-14 2.000212e-41 1.092413e-04 1.247796e-12 2.042955e-05 5.755611e-11 7.574807e-02 3.365613e+00 9.959423e+02 2.068212e-03 6.089954e-07 8.004503e-08 3.281664e-01 1.805053e-08 2.565624e-12 1.371547e-20 0.000000e+00 1.583470e-18 7.809074e-19 5.347823e-22 3.606309e-35 1.539897e-29 6.440324e-27 5.171131e-27 2.726061e-34 2.367928e-43 0.000000e+00 5.616669e+11 5.651997e+10 2.985027e+10 6.808715e+14 1.120322e+00 2.140569e-10 3.073323e-02 9.648921e-03 1.404318e-01 3.700916e-01 6.112217e-05 1.535676e-03 9.091236e-10 6.293042e-16 2.653980e-20 3.490541e-24 1.843023e-30 0.000000e+00 5.940759e-17 1.558799e-10 9.986653e-02 5.056541e-23 3.501454e-26 6.352463e-26 0.000000e+00 2.116686e-97 0.000000e+00 2.925755e-118 1.678502e-01 0.000000e+00 0.000000e+00 0.000000e+00 0.000000e+00 0.000000e+00 0.000000e+00 0.000000e+00 0.000000e+00 0.000000e+00 0.000000e+00 0.000000e+00 0.000000e+00 0.000000e+00 0.000000e+00 0.000000e+00 0.000000e+00 0.000000e+00 0.000000e+00 0.000000e+00 0.000000e+00 0.000000e+00 0.000000e+00 0.000000e+00 0.000000e+00 0.000000e+00 6.793774e-65 1.022924e-29 3.358488e-29 1.073888e-16 6.710571e-25 0.000000e+00
65.000000 64.000000 66.000000 178.478674 1.110692e+00 5.717192e+10 9.989519e+04 1.773127e+08 2.838697e+02 3.434111e+01 7.979261e-05 2.463102e+04 1.274051e-01 2.522960e-12 2.716304e-10 2.659488e+00 1.387017e-02 7.302060e-08 1.924408e-12 2.253239e-30 3.486164e-10 3.616626e-12 8.346250e-16 8.036170e+00 9.233394e+10 1.872774e+05 8.558234e+02 1.948071e-10 6.543936e-01 1.578047e-15 4.581403e-41 2.610630e-05 2.113171e-13 2.750739e-06 1.995831e-11 1.954608e-02 7.820571e-01 5.989411e+02 6.678091e-04 1.654932e-07 3.623848e-08 2.015438e-01 1.959637e-08 3.500481e-12 1.843697e-20 0.000000e+00 1.228808e-18 3.563726e-19 1.720456e-22 3.415024e-36 4.579982e-30 2.404661e-27 2.073744e-27 3.756562e-35 1.403434e-43 0.000000e+00 3.586593e+11 3.747484e+10 1.721946e+10 4.502840e+14 1.225171e+00 9.591826e-11 1.000830e-02 3.228439e-03 4.627933e-02 1.406330e-01 2.012700e-05 2.728723e-04 2.514110e-10 6.664298e-17 1.762739e-21 4.772898e-25 1.785750e-31 0.000000e+00 3.318795e-18 1.753581e-11 6.507117e-02 7.405751e-24 1.738358e-26 2.904532e-26 0.000000e+00 3.313578e-102 0.000000e+00 1.934903e-118 8.017943e-02 0.000000e+00 0.000000e+00 0.000000e+00 0.000000e+00 0.000000e+00 0.000000e+00 0.000000e+00 0.000000e+00 0.000000e+00 0.000000e+00 0.000000e+00 0.000000e+00 0.000000e+00 0.000000e+00 0.000000e+00 0.000000e+00 0.000000e+00 0.000000e+00 0.000000e+00 0.000000e+00 0.000000e+00 0.000000e+00 0.000000e+00 0.000000e+00 0.000000e+00 3.229250e-66 5.121135e-30 1.212013e-29 1.201009e-17 4.266263e-26 0.000000e+00
67.000000 66.000000 68.000000 183.240005 7.672640e-01 5.257850e+10 3.336730e+04 1.263436e+08 1.082181e+02 9.625695e+00 6.047904e-06 6.491172e+03 1.014586e-01 8.209948e-13 1.933139e-10 1.477146e+00 6.747382e-03 2.373875e-08 4.002027e-13 9.657020e-32 2.432994e-10 4.235791e-13 6.417053e-17 3.212331e+01 7.186452e+10 5.178374e+04 2.320851e+02 3.574556e-11 1.443070e-01 7.406779e-17 6.671421e-41 6.468959e-06 4.785627e-14 5.039490e-07 7.158006e-12 4.823585e-03 1.732205e-01 3.715253e+02 1.853925e-04 5.005833e-08 1.634680e-08 1.232138e-01 1.926871e-08 3.762947e-12 2.464206e-20 0.000000e+00 8.970367e-19 1.521192e-19 4.870541e-23 3.357248e-37 1.476191e-30 9.059449e-28 8.521729e-28 4.808791e-36 6.969531e-44 0.000000e+00 2.315857e+11 2.526293e+10 9.399715e+09 3.029729e+14 1.266650e+00 4.793397e-11 3.221676e-03 1.054988e-03 1.498965e-02 5.493473e-02 6.478757e-06 5.724501e-05 7.360381e-11 6.897225e-18 1.130972e-22 9.208224e-26 1.934036e-32 0.000000e+00 1.871898e-19 1.923961e-12 4.322055e-02 1.026696e-24 7.866336e-27 1.238651e-26 0.000000e+00 5.138160e-107 0.000000e+00 1.301897e-118 3.542245e-02 0.000000e+00 0.000000e+00 0.000000e+00 0.000000e+00 0.000000e+00 0.000000e+00 0.000000e+00 0.000000e+00 0.000000e+00 0.000000e+00 0.000000e+00 0.000000e+00 0.000000e+00 0.000000e+00 0.000000e+00 0.000000e+00 0.000000e+00 0.000000e+00 0.000000e+00 0.000000e+00 0.000000e+00 0.000000e+00 0.000000e+00 0.000000e+00 0.000000e+00 6.004301e-67 2.451994e-30 4.148483e-30 1.419319e-18 2.658357e-27 0.000000e+00
69.000000 68.000000 70.000000 183.240005 5.303528e-01 4.643468e+10 1.142265e+04 9.085369e+07 4.623836e+01 2.906253e+00 5.265346e-07 1.716220e+03 8.103511e-02 2.306154e-13 1.077968e-10 8.217953e-01 3.270063e-03 7.967596e-09 9.065882e-14 4.980215e-33 1.348841e-10 6.061346e-14 6.044503e-18 1.032539e+02 5.684234e+10 1.431963e+04 7.438641e+01 5.753979e-12 3.310319e-02 3.511696e-18 5.593389e-41 1.908964e-06 1.321812e-14 1.265084e-07 1.742386e-12 1.184394e-03 4.718903e-02 2.420102e+02 4.857113e-05 1.217161e-08 4.900044e-09 7.603520e-02 1.845789e-08 2.323230e-12 3.257198e-20 0.000000e+00 6.350907e-19 6.531867e-20 1.295240e-23 4.063680e-38 5.424372e-31 3.614812e-28 3.377876e-28 7.182217e-37 3.786685e-44 0.000000e+00 1.529104e+11 1.745547e+10 5.035653e+09 2.094226e+14 1.254848e+00 2.373269e-11 1.066249e-03 3.531523e-04 4.971323e-03 2.236324e-02 2.143103e-06 1.531112e-05 2.627104e-11 7.677628e-19 8.546172e-24 2.300152e-26 2.793396e-33 0.000000e+00 1.291538e-20 2.376696e-13 2.959951e-02 1.409309e-25 3.511370e-27 5.307230e-27 0.000000e+00 8.185025e-112 0.000000e+00 8.999053e-119 1.501263e-02 0.000000e+00 0.000000e+00 0.000000e+00 0.000000e+00 0.000000e+00 0.000000e+00 0.000000e+00 0.000000e+00 0.000000e+00 0.000000e+00 0.000000e+00 0.000000e+00 0.000000e+00 0.000000e+00 0.000000e+00 0.000000e+00 0.000000e+00 0.000000e+00 0.000000e+00 0.000000e+00 0.000000e+00 0.000000e+00 0.000000e+00 0.000000e+00 0.000000e+00 6.076970e-68 7.574471e-31 9.128484e-31 1.752089e-19 1.685479e-28 0.000000e+00
71.000000 70.000000 72.000000 183.240005 3.665937e-01 3.913201e+10 3.520119e+03 6.457419e+07 2.088177e+01 8.660471e-01 4.689709e-08 4.457148e+02 6.331970e-02 6.552342e-14 6.242952e-11 4.470802e-01 1.518622e-03 2.559546e-09 1.933109e-14 2.398775e-34 7.788022e-11 8.803161e-15 5.985921e-19 2.870817e+02 4.450654e+10 3.876468e+03 2.379180e+01 8.479896e-13 7.733624e-03 1.644512e-19 4.151130e-41 5.680901e-07 4.208391e-15 3.541045e-08 4.174194e-13 2.834657e-04 1.460047e-02 1.603000e+02 1.461248e-05 2.905756e-09 1.394729e-09 4.617900e-02 1.688473e-08 1.411475e-12 4.377435e-20 0.000000e+00 4.357266e-19 2.608732e-20 3.095271e-24 5.355926e-39 2.143192e-31 1.451810e-28 1.332504e-28 1.082322e-37 1.882544e-44 0.000000e+00 1.004800e+11 1.205978e+10 2.571026e+09 1.447583e+14 1.218182e+00 1.221129e-11 3.579501e-04 1.222719e-04 1.669818e-03 9.464929e-03 7.180827e-07 4.473257e-06 9.773536e-12 8.290202e-20 6.416686e-25 6.790143e-27 4.130027e-34 0.000000e+00 8.596044e-22 2.832340e-14 2.032578e-02 1.880252e-26 1.442097e-27 2.115330e-27 0.000000e+00 8.251967e-116 0.000000e+00 6.220380e-119 6.148558e-03 0.000000e+00 0.000000e+00 0.000000e+00 0.000000e+00 0.000000e+00 0.000000e+00 0.000000e+00 0.000000e+00 0.000000e+00 0.000000e+00 0.000000e+00 0.000000e+00 0.000000e+00 0.000000e+00 0.000000e+00 0.000000e+00 0.000000e+00 0.000000e+00 0.000000e+00 0.000000e+00 0.000000e+00 0.000000e+00 0.000000e+00 0.000000e+00 0.000000e+00 6.444558e-69 2.473068e-31 2.116073e-31 2.221787e-20 1.060357e-29 0.000000e+00
73.000000 72.000000 74.000000 183.240005 2.533994e-01 3.186430e+10 9.891581e+02 4.549505e+07 9.979104e+00 2.520080e-01 4.103098e-09 1.142849e+02 4.849312e-02 1.896295e-14 3.716420e-11 2.380505e-01 6.738502e-04 7.847925e-10 3.866308e-15 1.041198e-35 4.628964e-11 1.292591e-15 6.037515e-20 7.181437e+02 3.452418e+10 1.032027e+03 7.532841e+00 1.175952e-13 1.840134e-03 7.625617e-21 2.953352e-41 1.694505e-07 1.442012e-15 1.035462e-08 9.844332e-14 6.647691e-05 5.116912e-03 1.074982e+02 5.020983e-06 6.818699e-10 3.809373e-10 2.766163e-02 1.487688e-08 8.457038e-13 5.875925e-20 0.000000e+00 2.842657e-19 9.633268e-21 6.589845e-25 7.365398e-40 8.825920e-32 5.662882e-29 5.246125e-29 1.602612e-38 8.563460e-45 0.000000e+00 6.569441e+10 8.330759e+09 1.249593e+09 1.000611e+14 1.171931e+00 6.505075e-12 1.216314e-04 4.637157e-05 5.652585e-04 4.130742e-03 2.427875e-07 1.414703e-06 3.729903e-12 8.612457e-21 4.657314e-26 2.188270e-27 6.246227e-35 0.000000e+00 5.349034e-23 3.237458e-15 1.398470e-02 2.454615e-27 5.434331e-28 7.801216e-28 0.000000e+00 3.013791e-111 0.000000e+00 4.299693e-119 2.451793e-03 0.000000e+00 0.000000e+00 0.000000e+00 0.000000e+00 0.000000e+00 0.000000e+00 0.000000e+00 0.000000e+00 0.000000e+00 0.000000e+00 0.000000e+00 0.000000e+00 0.000000e+00 0.000000e+00 0.000000e+00 0.000000e+00 0.000000e+00 0.000000e+00 0.000000e+00 0.000000e+00 0.000000e+00 0.000000e+00 0.000000e+00 0.000000e+00 0.000000e+00 7.706402e-70 8.607923e-32 5.180268e-32 2.905750e-21 6.630580e-31 0.000000e+00
75.000000 74.000000 76.000000 183.240005 1.751564e-01 2.529356e+10 2.546432e+02 3.184967e+07 5.061947e+00 7.072819e-02 3.478136e-10 2.908051e+01 3.648477e-02 5.569378e-15 2.258204e-11 1.235618e-01 2.849811e-04 2.290819e-10 7.222848e-16 4.033818e-37 2.810330e-11 1.919905e-16 6.164598e-21 1.677063e+03 2.655413e+10 2.712030e+02 2.350601e+00 1.554435e-14 4.447384e-04 3.508126e-22 2.067251e-41 5.052406e-08 5.165845e-16 3.082835e-09 2.293178e-14 1.534196e-05 2.190112e-03 7.273804e+01 2.118586e-06 1.577460e-10 1.008359e-10 1.637963e-02 1.272398e-08 5.008765e-13 7.552146e-20 0.000000e+00 1.680754e-19 3.165850e-21 1.241100e-25 1.001229e-40 3.588393e-32 2.041724e-29 2.039507e-29 2.228189e-39 3.502737e-45 0.000000e+00 4.271962e+10 5.753519e+09 5.747439e+08 6.916478e+13 1.133027e+00 3.586881e-12 4.221464e-05 2.262887e-05 1.923248e-04 1.847093e-03 8.271339e-08 4.823415e-07 1.446541e-12 8.563698e-22 3.244743e-27 7.430177e-28 9.132626e-36 0.000000e+00 3.062893e-24 3.520918e-16 9.635181e-03 3.151730e-28 1.812681e-28 2.562516e-28 0.000000e+00 1.307253e-106 0.000000e+00 2.972063e-119 9.576178e-04 0.000000e+00 0.000000e+00 0.000000e+00 0.000000e+00 0.000000e+00 0.000000e+00 0.000000e+00 0.000000e+00 0.000000e+00 0.000000e+00 0.000000e+00 0.000000e+00 0.000000e+00 0.000000e+00 0.000000e+00 0.000000e+00 0.000000e+00 0.000000e+00 0.000000e+00 0.000000e+00 0.000000e+00 0.000000e+00 0.000000e+00 0.000000e+00 0.000000e+00 1.020883e-70 3.148267e-32 1.321740e-32 3.919173e-22 4.129002e-32 0.000000e+00
77.000000 76.000000 78.000000 183.240005 1.210727e-01 1.969734e+10 5.916104e+01 2.219560e+07 2.753039e+00 1.862586e-02 2.900885e-11 7.389998e+00 2.703646e-02 1.654625e-15 1.393656e-11 6.148068e-02 1.133434e-04 6.280123e-11 1.240923e-16 1.361625e-38 1.733472e-11 2.875174e-17 6.345002e-22 3.844033e+03 2.026307e+10 7.055371e+01 7.207652e-01 1.968471e-15 1.088192e-04 1.603831e-23 1.438091e-41 1.503635e-08 1.921679e-16 9.311212e-10 5.299185e-15 3.496589e-06 1.398834e-03 4.953406e+01 1.338704e-06 3.611347e-11 2.610530e-11 9.608864e-03 1.063623e-08 2.938776e-13 8.803599e-20 0.000000e+00 8.339685e-20 8.700073e-22 1.983698e-26 1.239090e-41 1.316355e-32 6.263146e-30 7.584806e-30 2.689087e-40 1.244244e-45 0.000000e+00 2.762077e+10 3.972296e+09 2.444735e+08 4.780850e+13 1.113360e+00 2.050916e-12 1.564168e-05 1.734821e-05 6.569324e-05 8.414020e-04 2.841066e-08 1.781493e-07 5.666824e-13 8.032496e-23 2.144500e-28 2.630142e-28 1.188848e-36 0.000000e+00 1.554031e-25 3.561545e-17 6.644927e-03 3.996202e-29 5.040217e-29 7.048117e-29 0.000000e+00 5.670303e-102 0.000000e+00 2.054367e-119 3.681151e-04 0.000000e+00 0.000000e+00 0.000000e+00 0.000000e+00 0.000000e+00 0.000000e+00 0.000000e+00 0.000000e+00 0.000000e+00 0.000000e+00 0.000000e+00 0.000000e+00 0.000000e+00 0.000000e+00 0.000000e+00 0.000000e+00 0.000000e+00 0.000000e+00 0.000000e+00 0.000000e+00 0.000000e+00 0.000000e+00 0.000000e+00 0.000000e+00 0.000000e+00 1.464299e-71 1.196332e-32 3.479821e-33 5.437858e-23 2.567544e-33 0.000000e+00
79.000000 78.000000 80.000000 183.240005 8.368856e-02 1.511309e+10 1.140829e+01 1.541627e+07 1.629162e+00 4.195783e-03 2.693580e-12 1.893855e+00 1.978294e-02 4.961552e-16 8.706584e-12 2.771149e-02 3.944249e-05 1.503821e-11 1.820024e-17 3.574768e-40 1.082457e-11 4.100977e-18 6.270096e-23 9.754035e+03 1.534202e+10 1.821281e+01 2.169084e-01 2.379518e-16 2.688604e-05 7.297027e-25 9.984811e-42 4.465036e-09 7.643776e-17 2.946325e-10 1.221004e-15 7.891857e-07 1.459962e-03 3.388556e+01 1.386692e-06 8.219073e-12 6.667423e-12 5.595424e-03 8.746194e-09 1.711523e-13 8.916882e-20 0.000000e+00 3.043821e-20 1.725045e-22 2.387323e-27 1.293426e-42 3.999264e-33 1.435239e-30 2.754452e-30 2.675306e-41 4.094046e-46 0.000000e+00 1.775651e+10 2.741240e+09 8.794099e+07 3.304648e+13 1.107700e+00 1.219163e-12 7.375594e-06 2.166156e-05 2.253371e-05 3.884656e-04 9.869814e-09 7.205711e-08 2.235433e-13 6.617528e-24 1.267690e-29 9.977071e-29 1.310179e-37 0.000000e+00 6.042906e-27 3.082669e-18 4.585826e-03 5.018986e-30 1.006470e-29 1.396776e-29 0.000000e+00 2.459533e-97 0.000000e+00 1.420031e-119 1.398051e-04 0.000000e+00 0.000000e+00 0.000000e+00 0.000000e+00 0.000000e+00 0.000000e+00 0.000000e+00 0.000000e+00 0.000000e+00 0.000000e+00 0.000000e+00 0.000000e+00 0.000000e+00 0.000000e+00 0.000000e+00 0.000000e+00 0.000000e+00 0.000000e+00 0.000000e+00 0.000000e+00 0.000000e+00 0.000000e+00 0.000000e+00 0.000000e+00 0.000000e+00 2.238418e-72 4.688755e-33 9.389276e-34 7.736638e-24 1.607214e-34 0.000000e+00
81.000000 80.000000 82.000000 183.240005 5.784771e-02 1.145814e+10 9.545594e-01 1.067994e+07 1.055175e+00 4.193421e-04 4.168933e-13 4.981935e-01 1.432780e-02 1.499147e-16 5.493004e-12 8.852372e-03 5.804136e-06 1.519348e-12 1.099166e-18 3.546789e-42 6.825749e-12 2.744625e-19 3.480049e-24 1.556024e+05 1.152232e+10 4.673784e+00 6.501870e-02 2.686205e-17 6.702588e-06 3.311606e-26 6.932861e-42 1.365112e-09 9.277728e-17 2.794786e-10 3.029894e-16 1.767941e-07 1.964600e-03 2.325459e+01 1.857521e-06 2.113184e-12 1.904545e-12 3.239848e-03 7.414284e-09 9.911065e-14 7.889056e-20 0.000000e+00 4.331087e-21 2.383499e-23 2.303348e-28 7.937405e-44 7.487651e-34 1.287234e-31 1.382940e-30 1.553120e-42 5.000234e-46 0.000000e+00 1.135608e+10 1.890449e+09 1.390515e+07 2.284260e+13 1.094597e+00 7.540488e-13 2.747826e-05 2.021463e-04 7.774545e-06 1.810594e-04 3.493625e-09 3.201091e-08 9.147069e-14 2.347565e-25 3.942033e-31 1.157240e-28 9.662225e-39 0.000000e+00 7.112641e-29 1.278210e-19 3.166305e-03 6.258852e-31 1.398536e-30 1.848970e-30 0.000000e+00 1.066839e-92 0.000000e+00 9.815628e-120 5.262031e-05 0.000000e+00 0.000000e+00 0.000000e+00 0.000000e+00 0.000000e+00 0.000000e+00 0.000000e+00 0.000000e+00 0.000000e+00 0.000000e+00 0.000000e+00 0.000000e+00 0.000000e+00 0.000000e+00 0.000000e+00 0.000000e+00 0.000000e+00 0.000000e+00 0.000000e+00 0.000000e+00 0.000000e+00 0.000000e+00 0.000000e+00 0.000000e+00 0.000000e+00 3.612232e-73 1.887069e-33 2.584013e-34 1.125612e-24 1.427795e-35 0.000000e+00
83.000000 82.000000 84.000000 183.240005 3.998587e-02 8.582038e+09 1.257410e-03 7.382684e+06 7.615182e-01 5.191910e-07 1.329486e-13 1.397179e-01 1.028094e-02 4.567617e-17 3.501538e-12 1.029356e-04 1.347677e-08 2.392072e-15 1.017750e-21 2.405796e-44 4.348322e-12 7.972990e-22 6.773118e-26 2.556890e+07 8.556311e+09 1.194072e+00 5.144777e-02 2.948022e-18 1.691766e-06 1.507931e-27 4.819452e-42 2.180324e-09 7.723320e-15 1.787056e-08 1.587945e-15 3.938231e-08 2.729642e-03 1.599445e+01 2.612857e-06 9.911118e-12 1.009030e-11 1.867999e-03 5.809454e-09 5.714925e-14 5.749723e-20 0.000000e+00 2.267094e-23 0.000000e+00 1.250688e-29 5.563050e-46 1.879837e-34 4.359530e-34 9.569250e-31 1.337803e-45 9.451550e-47 0.000000e+00 7.232395e+09 1.302495e+09 2.690389e+04 1.578938e+13 1.095454e+00 4.887162e-13 2.671008e-03 2.108003e-02 2.713718e-06 8.944771e-05 1.288775e-09 1.585117e-08 1.972017e-13 3.392440e-28 4.371190e-33 9.225741e-27 0.000000e+00 0.000000e+00 4.144166e-31 3.404956e-21 2.186922e-03 7.763773e-32 0.000000e+00 0.000000e+00 0.000000e+00 4.627494e-88 0.000000e+00 6.784822e-120 1.967800e-05 0.000000e+00 0.000000e+00 0.000000e+00 0.000000e+00 0.000000e+00 0.000000e+00 0.000000e+00 0.000000e+00 0.000000e+00 0.000000e+00 0.000000e+00 0.000000e+00 0.000000e+00 0.000000e+00 0.000000e+00 0.000000e+00 0.000000e+00 0.000000e+00 0.000000e+00 0.000000e+00 0.000000e+00 0.000000e+00 0.000000e+00 0.000000e+00 0.000000e+00 6.157055e-74 7.804707e-34 7.258947e-35 1.675665e-25 3.900744e-35 0.000000e+00
85.000000 84.000000 86.000000 183.240005 2.763929e-02 6.366015e+09 2.372735e-05 5.091538e+06 5.923203e-01 1.575579e-08 5.465658e-14 4.409336e-02 7.324666e-03 1.399678e-17 2.249039e-12 2.202315e-06 1.819577e-09 2.124885e-16 5.072436e-23 1.631817e-46 2.790495e-12 2.395795e-23 1.369076e-27 4.486668e+07 6.293812e+09 3.040609e-01 3.127570e-02 3.274221e-19 4.362898e-07 6.888180e-29 3.352768e-42 2.563989e-09 1.063648e-14 1.863540e-08 1.125440e-15 8.735908e-09 2.447401e-03 1.101803e+01 2.351411e-06 6.807863e-12 7.732138e-12 1.073844e-03 4.524735e-09 3.285550e-14 3.975899e-20 3.232080e-48 2.878560e-25 3.804861e-30 6.793170e-31 8.018406e-47 8.621364e-35 3.515898e-36 6.613674e-31 6.809931e-49 1.218373e-49 0.000000e+00 4.592569e+09 8.962142e+08 1.272659e+03 1.091405e+13 1.084497e+00 3.309497e-13 2.977818e-03 2.373601e-02 9.624627e-07 4.417160e-05 5.110951e-10 8.459251e-09 3.151975e-13 4.346434e-30 4.986134e-35 1.220317e-26 0.000000e+00 0.000000e+00 2.414407e-33 8.565738e-22 1.510828e-03 9.593031e-33 2.235726e-37 3.067279e-37 2.783857e-50 2.007209e-83 0.000000e+00 4.689850e-120 7.327497e-06 0.000000e+00 0.000000e+00 0.000000e+00 0.000000e+00 0.000000e+00 0.000000e+00 0.000000e+00 0.000000e+00 0.000000e+00 0.000000e+00 0.000000e+00 0.000000e+00 0.000000e+00 0.000000e+00 0.000000e+00 0.000000e+00 0.000000e+00 0.000000e+00 0.000000e+00 0.000000e+00 0.000000e+00 0.000000e+00 0.000000e+00 0.000000e+00 0.000000e+00 1.103851e-74 3.309649e-34 2.070617e-35 2.555110e-26 2.528166e-35 0.000000e+00
87.000000 86.000000 88.000000 183.240005 1.910500e-02 4.683316e+09 3.968834e-06 3.502319e+06 4.805961e-01 3.390541e-09 2.478076e-14 1.643208e-02 5.189431e-03 4.305272e-18 1.453015e-12 6.431943e-07 6.177131e-10 4.780754e-17 6.309304e-24 1.106880e-48 1.800641e-12 4.340975e-24 3.685264e-29 5.107026e+07 4.593292e+09 7.723994e-02 1.465153e-02 3.739489e-20 1.172168e-07 3.154107e-30 2.332502e-42 2.238140e-09 9.774485e-15 1.281258e-08 5.285049e-16 1.931857e-09 1.813376e-03 7.598125e+00 1.741861e-06 3.068272e-12 3.916987e-12 6.162426e-04 3.587004e-09 1.885597e-14 2.748261e-20 1.041661e-43 4.870275e-26 6.583870e-31 3.708736e-32 1.516516e-47 3.920602e-35 3.844564e-37 4.571317e-31 8.280433e-52 2.281587e-52 0.000000e+00 2.911603e+09 6.155071e+08 4.236029e+02 7.544086e+12 1.049215e+00 2.328499e-13 2.170275e-03 1.744734e-02 3.499393e-07 2.138044e-05 2.280735e-10 4.710922e-09 3.762704e-13 3.425903e-31 7.163360e-37 1.079979e-26 1.070955e-46 0.000000e+00 1.406896e-35 2.226200e-22 1.043921e-03 1.181947e-33 3.874784e-38 5.306691e-38 6.901463e-45 6.361513e-79 0.000000e+00 3.241748e-120 2.722292e-06 0.000000e+00 0.000000e+00 0.000000e+00 0.000000e+00 0.000000e+00 0.000000e+00 0.000000e+00 0.000000e+00 0.000000e+00 0.000000e+00 0.000000e+00 0.000000e+00 0.000000e+00 0.000000e+00 0.000000e+00 0.000000e+00 0.000000e+00 0.000000e+00 0.000000e+00 0.000000e+00 0.000000e+00 0.000000e+00 0.000000e+00 0.000000e+00 0.000000e+00 2.079491e-75 1.438477e-34 5.976394e-36 4.006161e-27 1.089787e-35 0.000000e+00
89.000000 88.000000 90.000000 183.240005 1.320588e-02 3.418371e+09 7.991186e-07 2.401578e+06 4.006493e-01 8.771099e-10 1.189110e-14 7.278969e-03 3.659692e-03 1.327325e-18 9.432931e-13 2.995637e-07 2.501256e-10 1.278054e-17 9.108441e-25 7.509436e-51 1.166990e-12 1.012106e-24 2.385159e-30 4.952405e+07 3.327699e+09 1.958680e-02 6.029366e-03 4.563641e-21 3.397018e-08 1.446897e-31 1.621964e-42 1.709312e-09 7.836500e-15 7.604335e-09 2.125112e-16 4.262570e-10 1.250459e-03 5.243663e+00 1.198743e-06 1.165397e-12 1.693095e-12 3.535380e-04 2.853773e-09 1.081838e-14 1.899671e-20 0.000000e+00 1.395368e-26 9.821834e-32 2.049813e-33 3.022504e-48 1.771094e-35 7.154770e-38 3.159746e-31 8.518382e-53 2.928592e-53 0.000000e+00 1.845658e+09 4.215973e+08 1.687038e+02 5.214657e+12 9.982950e-01 1.698185e-13 1.355924e-03 1.098241e-02 1.323850e-07 1.019904e-05 1.195964e-10 2.696832e-09 3.954572e-13 3.626572e-32 2.490874e-38 8.365705e-27 1.264916e-47 0.000000e+00 8.210881e-38 6.139958e-23 7.213888e-04 1.453248e-34 5.786735e-39 7.915437e-39 0.000000e+00 1.029319e-83 0.000000e+00 2.240780e-120 1.010974e-06 0.000000e+00 0.000000e+00 0.000000e+00 0.000000e+00 0.000000e+00 0.000000e+00 0.000000e+00 0.000000e+00 0.000000e+00 0.000000e+00 0.000000e+00 0.000000e+00 0.000000e+00 0.000000e+00 0.000000e+00 0.000000e+00 0.000000e+00 0.000000e+00 0.000000e+00 0.000000e+00 0.000000e+00 0.000000e+00 0.000000e+00 0.000000e+00 0.000000e+00 4.130956e-76 6.420229e-35 1.741834e-36 6.516089e-28 4.023927e-36 0.000000e+00
91.000000 90.000000 92.000000 183.240005 9.128247e-03 2.476443e+09 1.772560e-07 1.639977e+06 3.399563e-01 2.527252e-10 5.917442e-15 3.677414e-03 2.570941e-03 4.092826e-19 6.144907e-13 1.518090e-07 1.132605e-10 3.797879e-18 1.430544e-25 5.099267e-53 7.584035e-13 2.689153e-25 3.398123e-31 4.395622e+07 2.394319e+09 4.960712e-03 2.290850e-03 6.510977e-22 1.112502e-08 6.646414e-33 1.126996e-42 1.202361e-09 5.866025e-15 4.175101e-09 7.841886e-17 9.390156e-11 8.435025e-04 3.620679e+00 8.061120e-07 3.992114e-13 6.719421e-13 2.032030e-04 2.284454e-09 6.218502e-15 1.313103e-20 3.411728e-45 4.578283e-27 1.812794e-32 1.164057e-34 6.206703e-49 7.973310e-36 1.529676e-38 2.184077e-31 1.720770e-53 7.244632e-54 0.000000e+00 1.171914e+09 2.876817e+08 7.459859e+01 3.604514e+12 9.401578e-01 1.281522e-13 7.788253e-04 6.350564e-03 5.314891e-08 4.812246e-06 7.418687e-11 1.572302e-09 3.852250e-13 4.731815e-33 2.461887e-39 6.072435e-27 1.892915e-48 0.000000e+00 4.869659e-40 1.894299e-23 4.985474e-04 1.784152e-35 1.068853e-39 1.460793e-39 3.139073e-46 6.913080e-81 0.000000e+00 1.548886e-120 3.760396e-07 0.000000e+00 0.000000e+00 0.000000e+00 0.000000e+00 0.000000e+00 0.000000e+00 0.000000e+00 0.000000e+00 0.000000e+00 0.000000e+00 0.000000e+00 0.000000e+00 0.000000e+00 0.000000e+00 0.000000e+00 0.000000e+00 0.000000e+00 0.000000e+00 0.000000e+00 0.000000e+00 0.000000e+00 0.000000e+00 0.000000e+00 0.000000e+00 0.000000e+00 8.712096e-77 2.952703e-35 5.112001e-37 1.115594e-28 1.376490e-36 0.000000e+00
93.000000 92.000000 94.000000 183.240005 6.309684e-03 1.780969e+09 4.280494e-08 1.113447e+06 2.921776e-01 7.998670e-11 3.022668e-15 2.008796e-03 1.800145e-03 1.258367e-19 4.009419e-13 8.136148e-08 5.627350e-11 1.227552e-18 2.397106e-26 3.480600e-55 4.931780e-13 7.942831e-26 6.311563e-32 3.674916e+07 1.711472e+09 1.255438e-03 8.234005e-04 1.270842e-22 4.264703e-09 3.056128e-34 7.823181e-43 7.933927e-10 4.202976e-15 2.176568e-09 2.727712e-17 2.066342e-11 5.680585e-04 2.500945e+00 5.409428e-07 1.264477e-13 2.527284e-13 1.174617e-04 1.848091e-09 3.594896e-15 9.076514e-21 1.338964e-45 1.690633e-27 3.962823e-33 6.986417e-36 1.311266e-49 3.582182e-36 3.685430e-39 1.509684e-31 4.131957e-54 2.022404e-54 0.000000e+00 7.472371e+08 1.952334e+08 3.618749e+01 2.491532e+12 8.818102e-01 1.000120e-13 4.223628e-04 3.465356e-03 2.312096e-08 2.249389e-06 5.261053e-11 9.291812e-10 3.542991e-13 7.742747e-34 3.749824e-40 4.236071e-27 3.423081e-49 0.000000e+00 3.446897e-42 6.813394e-24 3.445633e-04 2.188058e-36 2.337769e-40 3.193125e-40 9.749625e-47 2.649161e-81 0.000000e+00 1.070630e-120 1.404317e-07 0.000000e+00 0.000000e+00 0.000000e+00 0.000000e+00 0.000000e+00 0.000000e+00 0.000000e+00 0.000000e+00 0.000000e+00 0.000000e+00 0.000000e+00 0.000000e+00 0.000000e+00 0.000000e+00 0.000000e+00 0.000000e+00 0.000000e+00 0.000000e+00 0.000000e+00 0.000000e+00 0.000000e+00 0.000000e+00 0.000000e+00 0.000000e+00 0.000000e+00 1.973550e-77 1.407602e-35 1.505283e-37 2.048986e-29 4.491996e-37 0.000000e+00
95.000000 94.000000 96.000000 183.240005 4.361419e-03 1.271190e+09 1.133191e-08 7.496779e+05 2.539789e-01 2.793565e-11 1.579750e-15 1.142656e-03 1.256732e-03 3.841017e-20 2.614049e-13 4.581349e-08 3.057764e-11 4.286378e-19 4.264488e-27 2.455125e-57 3.200045e-13 2.595191e-26 1.310929e-32 2.931224e+07 1.215332e+09 3.179991e-04 2.839443e-04 3.773534e-23 1.906931e-09 1.406293e-35 5.424778e-43 4.935447e-10 2.908664e-15 1.088190e-09 9.032149e-18 4.547083e-12 3.846986e-04 1.727949e+00 3.651035e-07 3.737784e-14 9.164489e-14 6.878846e-05 1.523258e-09 2.105477e-15 6.273925e-21 0.000000e+00 7.027048e-28 1.013078e-33 4.632321e-37 2.860815e-50 1.606145e-36 9.982350e-40 1.043530e-31 1.153725e-54 6.310815e-55 0.000000e+00 4.802823e+08 1.314451e+08 1.939453e+01 1.722215e+12 8.290770e-01 8.082497e-14 2.184861e-04 1.803329e-03 1.104566e-08 1.041440e-06 4.079505e-11 5.558924e-10 3.093241e-13 1.613412e-34 6.942668e-41 2.867354e-27 7.376537e-50 0.000000e+00 7.157143e-44 2.865415e-24 2.381498e-04 2.681499e-37 5.978566e-41 8.162700e-41 0.000000e+00 2.128532e-82 0.000000e+00 7.400477e-121 5.288211e-08 0.000000e+00 0.000000e+00 0.000000e+00 0.000000e+00 0.000000e+00 0.000000e+00 0.000000e+00 0.000000e+00 0.000000e+00 0.000000e+00 0.000000e+00 0.000000e+00 0.000000e+00 0.000000e+00 0.000000e+00 0.000000e+00 0.000000e+00 0.000000e+00 0.000000e+00 0.000000e+00 0.000000e+00 0.000000e+00 0.000000e+00 0.000000e+00 0.000000e+00 4.908504e-78 7.033089e-36 4.426322e-38 4.109031e-30 1.412441e-37 0.000000e+00
97.000000 96.000000 98.000000 183.240005 3.014728e-03 8.997698e+08 3.333288e-09 4.985286e+05 2.236035e-01 1.088345e-11 8.470144e-16 6.658038e-04 8.748596e-04 1.156783e-20 1.697478e-13 2.719329e-08 1.824897e-11 1.616653e-19 8.062984e-28 2.131200e-59 2.063788e-13 9.432714e-27 2.988353e-33 2.240353e+07 8.568746e+08 8.182311e-05 9.481597e-05 1.571259e-23 9.616409e-10 6.475540e-37 3.757594e-43 2.891321e-10 1.945609e-15 5.223808e-10 2.846255e-18 1.011629e-12 2.624124e-04 1.194095e+00 2.484248e-07 1.035941e-14 3.253876e-14 4.138461e-05 1.298812e-09 1.266892e-15 4.336703e-21 0.000000e+00 3.278413e-28 3.006463e-34 3.560588e-38 6.474255e-51 7.179198e-37 3.020952e-40 7.213144e-32 3.700804e-55 2.186024e-55 0.000000e+00 3.130367e+08 8.746463e+07 1.164846e+01 1.190439e+12 7.875032e-01 6.793765e-14 1.079260e-04 8.961874e-04 5.795751e-09 4.766761e-07 3.355036e-11 3.372334e-10 2.563538e-13 4.260313e-35 1.480307e-41 1.886332e-27 1.884492e-50 0.000000e+00 5.654560e-45 1.373037e-24 1.646062e-04 3.292283e-38 1.774676e-41 2.422328e-41 0.000000e+00 3.390727e-87 0.000000e+00 5.115406e-121 2.046104e-08 0.000000e+00 0.000000e+00 0.000000e+00 0.000000e+00 0.000000e+00 0.000000e+00 0.000000e+00 0.000000e+00 0.000000e+00 0.000000e+00 0.000000e+00 0.000000e+00 0.000000e+00 0.000000e+00 0.000000e+00 0.000000e+00 0.000000e+00 0.000000e+00 0.000000e+00 0.000000e+00 0.000000e+00 0.000000e+00 0.000000e+00 0.000000e+00 0.000000e+00 1.399403e-78 3.763961e-36 1.291481e-38 9.082867e-31 4.281430e-38 0.000000e+00
99.000000 98.000000 100.000000 183.240005 2.083860e-03 6.304314e+08 1.101876e-09 3.252692e+05 2.001696e-01 4.767156e-12 4.715102e-16 4.026580e-04 6.071231e-04 3.449558e-21 1.092598e-13 1.722803e-08 1.208533e-11 6.616720e-20 1.627074e-28 4.138672e-61 1.315233e-13 3.870576e-27 7.605354e-34 1.637024e+07 5.990124e+08 2.462497e-05 3.117327e-05 8.217948e-24 5.391672e-10 3.116719e-38 2.600037e-43 1.617309e-10 1.253688e-15 2.399632e-10 8.477854e-19 2.613942e-13 1.802432e-04 8.252942e-01 1.704605e-07 2.846883e-15 1.224908e-14 2.621202e-05 1.176383e-09 8.026199e-16 2.997644e-21 0.000000e+00 1.703279e-28 1.030397e-34 3.524570e-39 1.534342e-51 3.196699e-37 1.008290e-40 4.985912e-32 1.381069e-55 8.510652e-56 0.000000e+00 2.087769e+08 5.717261e+07 7.942311e+00 8.228632e+11 7.635151e-01 5.992688e-14 5.055983e-05 4.225571e-04 3.355824e-09 2.151435e-07 2.891333e-11 2.083623e-10 2.048711e-13 1.414342e-35 3.618241e-42 1.203891e-27 5.711763e-51 0.000000e+00 6.860883e-46 7.466532e-25 1.137770e-04 4.482632e-39 6.083350e-42 8.301792e-42 0.000000e+00 5.401473e-92 0.000000e+00 3.535904e-121 9.423545e-09 0.000000e+00 0.000000e+00 0.000000e+00 0.000000e+00 0.000000e+00 0.000000e+00 0.000000e+00 0.000000e+00 0.000000e+00 0.000000e+00 0.000000e+00 0.000000e+00 0.000000e+00 0.000000e+00 0.000000e+00 0.000000e+00 0.000000e+00 0.000000e+00 0.000000e+00 0.000000e+00 0.000000e+00 0.000000e+00 0.000000e+00 0.000000e+00 0.000000e+00 4.948083e-79 2.240314e-36 3.728895e-39 2.337795e-31 1.287979e-38 0.000000e+00
