1.000000		-3.216111e+107		7.408502e+106		-1.478302e+107		-2.346743e+108		-8.197186e+106		-6.871543e+106		-1.380432e+107		-8.595775e+106		inf		-1.013527e+107		inf		9.569986e+106		9.586567e+106		9.681449e+106		-4.487790e+106		-1.762778e+107		-3.900425e+107		-3.842102e+107		2.137278e+107		1.197907e+107		1.054024e+107		8.665907e+106		9.818028e+106		7.276504e+106		5.232303e+106		4.464685e+106		-2.039918e+107		1.523619e+107		1.613819e+107		1.505566e+107		9.271637e+106		9.217450e+106		6.776570e+106		-9.807149e+106		6.076805e+106		6.496407e+106		5.275720e+106		5.895535e+106		-2.042711e+94		-8.980949e+93		-8.518503e+93		-5.431675e+94		-2.041175e+94		-2.021569e+94		-2.021569e+94		-2.021569e+94		-2.016985e+94		-2.043373e+94		-2.041297e+94		-2.041190e+94		-2.212354e+94		-2.021563e+94		-1.148850e+94		nan		-0.000000e+00		nan		1.285742e+107		-4.724786e+107		-7.848199e+107		8.933294e+106		-2.351798e+108		8.567682e+106		8.609859e+107		4.964873e+107		2.344766e+107		8.563177e+106		2.009366e+107		1.456376e+107		3.421741e+108		1.429962e+107		-2.978792e+108		-1.633428e+108		-9.217880e+107		4.710316e+106		6.086243e+106		-1.056194e+108		4.860519e+106		1.051803e+107		-2.973242e+107		-4.431340e+107		-4.247764e+107		-5.630020e+93		-5.630166e+93		nan		nan		
3.000000		-2.509903e+107		7.394027e+106		-3.428315e+107		2.512194e+103		-7.221444e+106		-7.401390e+106		-1.280706e+107		-8.556272e+106		-2.046183e+111		-2.285399e+107		-5.390658e+110		1.032935e+107		1.049231e+107		1.039499e+107		-4.099734e+106		-1.452625e+107		-3.451894e+107		-3.647539e+107		2.039773e+107		1.196561e+107		1.091177e+107		8.568090e+106		1.074327e+107		7.536558e+106		6.900864e+106		5.596803e+106		-8.473449e+106		1.839430e+108		1.717766e+108		1.489683e+107		9.436482e+106		9.314017e+106		6.946838e+106		-5.747546e+106		6.593847e+106		6.716025e+106		5.353615e+106		6.562386e+106		-2.066432e+94		-3.163086e+94		-2.228656e+95		-1.410746e+90		-2.060123e+94		-2.018784e+94		-1.987365e+94		-1.987758e+94		-2.016384e+94		-2.064468e+94		-2.060603e+94		-2.060188e+94		-2.227102e+94		-2.020149e+94		-1.140548e+94		nan		-0.000000e+00		nan		1.474484e+107		-5.452081e+107		-8.897457e+107		1.443437e+107		-2.354392e+108		8.812285e+106		1.095966e+107		6.170785e+107		7.949566e+106		8.891573e+106		2.570335e+107		1.477440e+107		1.716463e+107		1.429908e+107		-6.386192e+107		1.715208e+107		-2.834680e+107		4.869293e+106		6.098758e+106		-1.047070e+108		5.401427e+106		1.051680e+107		-2.971940e+107		-1.670092e+107		-1.614825e+107		-5.630020e+93		-5.630223e+93		nan		nan		
5.000000		-5.168760e+108		7.368907e+106		-3.228790e+107		-5.899608e+106		-4.730434e+106		-3.980071e+106		-1.100102e+107		-4.960485e+106		-1.289223e+111		-2.097046e+107		-3.433074e+110		1.162140e+107		8.706084e+106		1.165375e+107		-4.322054e+106		-1.065933e+107		-1.088698e+107		-1.186381e+107		-9.694603e+108		1.194973e+107		1.529430e+107		8.313378e+106		1.217326e+107		7.798434e+106		2.862418e+107		6.991037e+106		-6.985578e+106		-1.738621e+107		-1.755051e+107		-2.299379e+107		3.345877e+107		1.963148e+107		7.235799e+106		-3.556715e+106		1.060773e+107		1.887537e+107		8.877922e+106		5.756179e+107		-2.792507e+94		-0.000000e+00		4.590362e+94		-3.426576e+88		-2.803791e+94		-2.856820e+94		-2.987361e+94		-2.985323e+94		-2.831348e+94		-2.774562e+94		-2.802672e+94		-2.803620e+94		-2.356595e+94		-2.838241e+94		-1.121459e+94		nan		-0.000000e+00		nan		2.362283e+107		-1.258777e+108		-2.534091e+107		1.700568e+107		-2.344171e+108		8.718306e+106		2.438786e+107		-4.412954e+107		7.877911e+106		8.512172e+106		3.415683e+107		1.507413e+107		1.697956e+107		1.430232e+107		-2.805957e+107		3.079752e+107		-1.795277e+107		6.117897e+106		6.108176e+106		-1.014729e+108		6.231299e+106		1.051883e+107		-2.971781e+107		-6.346448e+106		-6.522924e+106		-5.630027e+93		-5.630357e+93		nan		nan		
7.000000		6.380362e+106		7.334060e+106		2.648279e+107		-3.310375e+106		-4.690667e+106		-3.306700e+106		-8.560332e+106		-5.017493e+106		1.711757e+111		-2.206156e+107		-1.798917e+110		1.411862e+107		3.427371e+106		9.602338e+106		-8.726057e+106		-6.984406e+106		-3.335798e+106		-3.806638e+106		-5.462572e+106		1.193027e+107		-6.014302e+106		9.032099e+106		9.764430e+106		8.405126e+106		-2.387614e+106		1.030865e+107		9.890336e+107		-1.592816e+107		-1.621923e+107		-7.084075e+106		-8.879410e+106		-7.884357e+106		7.749375e+106		-3.216177e+106		2.736164e+107		-5.072341e+106		7.330519e+107		-3.574611e+106		-2.265268e+94		-1.290361e+94		0.000000e+00		-4.643813e+93		-2.238410e+94		-2.259792e+94		-2.354033e+94		-2.352549e+94		-2.256236e+94		-2.279364e+94		-2.239175e+94		-2.237799e+94		-2.332904e+94		-2.256841e+94		-1.071655e+94		nan		-0.000000e+00		nan		7.891215e+106		3.662515e+107		-8.679191e+106		1.575939e+108		-2.330342e+108		8.128221e+106		-5.278949e+106		-8.055870e+106		7.853749e+106		5.175989e+106		3.541181e+107		1.585088e+107		1.701460e+107		1.430464e+107		-1.250109e+107		-1.179785e+107		-1.705826e+107		-2.401876e+107		6.117656e+106		-1.024900e+108		7.006004e+106		1.051439e+107		-2.973153e+107		-4.453302e+106		-5.550285e+106		-5.631604e+93		-5.630521e+93		nan		nan		
9.000000		1.386614e+107		7.336075e+106		1.151158e+108		-1.657239e+107		-1.871039e+107		-1.657248e+107		-7.726252e+110		-1.351396e+108		2.346219e+111		-1.026742e+108		-1.168980e+110		3.047683e+107		9.155726e+106		6.504131e+106		5.160338e+106		5.862289e+106		1.009547e+107		-5.580565e+107		1.010364e+107		1.191053e+107		9.345515e+106		1.715683e+107		1.183377e+107		1.174191e+107		4.117104e+109		3.629514e+108		1.184305e+107		1.038397e+107		1.014256e+107		9.007953e+106		8.596255e+106		8.479116e+106		6.599718e+106		-2.666189e+107		7.274142e+106		6.109846e+106		5.866674e+106		1.358117e+107		-0.000000e+00		-1.147503e+94		0.000000e+00		-0.000000e+00		-0.000000e+00		-0.000000e+00		-0.000000e+00		-0.000000e+00		-0.000000e+00		-6.557477e+93		-0.000000e+00		-0.000000e+00		-1.618297e+94		-0.000000e+00		-7.085268e+93		nan		-0.000000e+00		nan		9.120255e+106		3.544712e+107		6.502239e+107		2.148595e+107		-2.295846e+108		8.719836e+106		1.392999e+107		1.372577e+107		6.714500e+106		5.571256e+106		9.123527e+106		1.394669e+107		1.475417e+107		1.430076e+107		6.842945e+107		-5.991771e+107		-2.975320e+107		5.495016e+106		5.626536e+106		1.739381e+107		4.700347e+106		9.290741e+106		-3.170264e+107		-2.873831e+107		5.637503e+107		-5.585696e+93		-5.599146e+93		nan		nan		
11.000000		3.396490e+107		7.336530e+106		-3.368112e+108		-3.689009e+107		-4.470128e+107		-3.689496e+107		-1.150124e+108		2.458162e+108		-1.540864e+112		1.378915e+108		-7.839673e+109		5.691893e+107		1.213615e+107		1.300796e+107		7.805046e+106		8.740456e+106		1.162276e+107		1.116172e+108		1.061619e+107		1.190266e+107		1.079896e+107		1.674389e+107		3.210819e+107		9.566425e+106		1.640530e+107		1.508317e+107		1.795988e+107		9.070596e+106		8.483916e+106		7.342997e+106		7.081512e+106		6.905570e+106		6.568011e+106		-3.697488e+107		6.761947e+106		7.198969e+106		6.542469e+106		7.195804e+106		-4.438805e+93		-7.206323e+93		-1.007300e+94		-1.453276e+91		-4.440373e+93		-4.363339e+93		-4.874164e+93		-4.864880e+93		-4.280203e+93		-5.828774e+93		-4.177762e+93		-4.298626e+93		-5.143332e+93		-4.269039e+93		-7.122687e+93		nan		-0.000000e+00		nan		1.066725e+107		3.437143e+107		4.230145e+107		1.741903e+107		-2.257059e+108		1.130583e+107		1.157110e+107		1.206073e+107		6.004901e+106		8.140123e+106		1.227015e+107		1.331450e+107		1.090261e+107		1.429987e+107		-4.495923e+107		1.290197e+109		-4.013302e+107		5.533365e+106		5.620259e+106		1.603346e+107		4.297307e+106		8.858569e+106		5.590227e+107		1.098634e+108		2.724085e+107		-6.335037e+93		-6.082178e+93		nan		nan		
13.000000		6.380666e+107		7.336816e+106		-2.004062e+108		-5.736499e+107		-8.189121e+107		-5.732193e+107		-1.192420e+108		1.881319e+108		1.943464e+111		9.967553e+107		-6.276936e+109		9.453020e+107		1.317533e+107		2.025180e+107		9.407572e+106		1.049810e+107		1.210510e+107		6.425599e+107		1.148458e+107		1.189882e+107		1.227635e+107		1.630035e+107		6.954724e+107		8.812209e+106		1.351911e+107		1.281871e+107		4.627389e+107		1.110848e+107		7.981046e+106		6.873875e+106		6.694106e+106		6.606530e+106		6.562760e+106		-5.118289e+107		6.697844e+106		7.207407e+106		6.555385e+106		6.538172e+106		-1.480961e+94		-0.000000e+00		-4.808825e+92		-4.734551e+94		-1.481029e+94		-1.502587e+94		-1.537716e+94		-1.537038e+94		-1.495253e+94		-7.701394e+93		-1.469712e+94		-1.469538e+94		-1.489371e+94		-1.500872e+94		-7.303586e+93		nan		-0.000000e+00		nan		1.294726e+107		3.297631e+107		3.438846e+107		1.788513e+107		-2.215667e+108		1.396917e+107		1.315602e+107		1.370898e+107		6.679861e+106		1.087154e+107		1.563230e+107		1.391567e+107		1.195708e+107		1.428539e+107		-3.624620e+107		5.165355e+107		-4.829595e+107		6.154140e+106		5.824638e+106		1.584472e+107		4.391196e+106		8.750259e+106		2.268162e+107		3.989632e+107		2.056467e+107		-7.705630e+93		-7.326765e+93		nan		nan		
15.000000		1.082267e+108		7.338866e+106		-1.563871e+108		-7.031048e+107		-1.279552e+108		-7.027209e+107		-1.693275e+108		1.480026e+108		2.370744e+111		8.944996e+107		-5.442217e+109		1.455158e+108		1.335926e+107		2.793062e+107		9.974867e+106		1.093004e+107		1.019685e+107		5.538690e+107		1.166470e+107		1.189378e+107		1.256029e+107		1.612548e+107		1.138315e+108		8.500782e+106		1.211493e+107		1.220161e+107		-2.055440e+107		3.804980e+107		7.747478e+106		6.604553e+106		6.530882e+106		6.501181e+106		6.561231e+106		-3.625401e+107		6.767851e+106		7.139415e+106		6.560938e+106		6.495986e+106		-1.125468e+94		0.000000e+00		0.000000e+00		-2.334702e+94		-1.125448e+94		-1.117379e+94		-1.108248e+94		-1.108436e+94		-1.112925e+94		-7.828865e+93		-1.130424e+94		-1.130272e+94		-1.120876e+94		-1.117706e+94		-7.321863e+93		nan		-0.000000e+00		nan		1.541369e+107		3.227142e+107		2.746636e+107		1.722515e+107		-2.175765e+108		1.627072e+107		1.481655e+107		1.615097e+107		7.566520e+106		1.305666e+107		1.790135e+107		1.457761e+107		1.283730e+107		1.427105e+107		-5.838396e+107		3.243703e+107		-5.472347e+107		6.729613e+106		5.978214e+106		1.582181e+107		4.488042e+106		8.739129e+106		1.888011e+107		3.476349e+107		1.859549e+107		-6.761153e+93		-6.811920e+93		nan		nan		
17.000000		1.624926e+108		7.339059e+106		-2.043483e+108		-9.648254e+107		-1.831323e+108		-9.634449e+107		-3.236422e+108		1.782747e+108		2.669019e+111		8.934835e+107		-4.611937e+109		2.135478e+108		1.338650e+107		4.102780e+107		1.368604e+107		1.522106e+107		8.319294e+106		5.359416e+107		1.159489e+107		1.188964e+107		1.284696e+107		1.606450e+107		1.414628e+108		8.348261e+106		1.171429e+107		1.201705e+107		-1.420669e+107		1.266112e+108		7.596883e+106		6.482379e+106		6.464125e+106		6.474929e+106		6.559862e+106		-1.874353e+106		6.784014e+106		6.939615e+106		6.561264e+106		6.487618e+106		-1.006728e+94		1.291459e+93		1.269243e+93		-1.425692e+95		-1.006724e+94		-1.005214e+94		-1.005214e+94		-1.005214e+94		-9.984941e+93		-7.836995e+93		-1.007856e+94		-1.007515e+94		-1.005429e+94		-1.005245e+94		-7.283679e+93		nan		-0.000000e+00		nan		1.845751e+107		3.215028e+107		2.553129e+107		1.697270e+107		-2.153515e+108		1.886183e+107		1.814210e+107		1.979546e+107		9.112916e+106		1.563577e+107		1.995991e+107		1.570067e+107		1.464757e+107		1.425670e+107		1.953845e+108		2.710467e+107		-6.004248e+107		7.419032e+106		6.152883e+106		1.582381e+107		4.683455e+106		8.738775e+106		1.797095e+107		3.456091e+107		1.835563e+107		-8.003339e+93		-7.976806e+93		nan		nan		
19.000000		2.009223e+108		7.338560e+106		-2.874181e+108		-1.345077e+108		-2.513906e+108		-1.343489e+108		-1.280196e+109		2.147046e+108		1.470610e+111		9.401414e+107		-4.437540e+109		3.086499e+108		1.343297e+107		6.092818e+107		1.802720e+107		2.054618e+107		7.588202e+106		5.155661e+107		1.149998e+107		1.188859e+107		1.322695e+107		1.603650e+107		1.554048e+108		8.261356e+106		1.157934e+107		1.196369e+107		-1.491588e+107		8.228393e+107		7.470320e+106		6.462151e+106		6.451839e+106		6.443865e+106		6.558274e+106		-1.260827e+106		6.781242e+106		6.798827e+106		6.549246e+106		6.464359e+106		-7.416884e+93		-3.569710e+94		-3.568148e+94		-1.022191e+92		-7.416893e+93		-7.409734e+93		-7.409734e+93		-7.409734e+93		-7.285058e+93		-7.836124e+93		-7.421469e+93		-7.420235e+93		-7.410650e+93		-7.410368e+93		-7.201451e+93		nan		-0.000000e+00		nan		2.234244e+107		3.209375e+107		2.195989e+107		1.896564e+107		-2.175939e+108		2.224248e+107		2.204963e+107		2.377163e+107		1.109329e+107		1.873706e+107		2.256552e+107		1.775204e+107		1.816888e+107		1.424144e+107		3.397401e+107		2.571516e+107		-6.465335e+107		8.090108e+106		6.495837e+106		1.582494e+107		4.925476e+106		8.738534e+106		1.785588e+107		3.542113e+107		1.828754e+107		-7.133326e+93		-7.119105e+93		nan		nan		
21.000000		3.809159e+108		7.340138e+106		3.910173e+109		-3.694738e+108		-3.376668e+108		-3.645248e+108		-5.051750e+108		-1.999922e+109		-2.711815e+111		1.278492e+108		-3.943348e+109		4.399616e+108		1.375646e+107		1.009595e+108		1.954190e+107		2.142378e+107		7.280027e+106		6.913995e+107		1.203873e+107		1.188408e+107		1.417297e+107		1.601885e+107		3.155021e+108		8.204020e+106		1.251923e+107		1.189852e+107		-1.677067e+107		4.551509e+107		7.363907e+106		6.640273e+106		6.622434e+106		6.655542e+106		6.557886e+106		-1.472821e+106		6.894073e+106		6.708042e+106		6.586204e+106		6.547906e+106		-2.497310e+92		-0.000000e+00		-0.000000e+00		-5.361793e+94		-2.499190e+92		-2.619139e+92		-2.619139e+92		-2.619139e+92		-0.000000e+00		-7.822621e+93		-2.535915e+92		-2.524658e+92		-2.635521e+92		-2.636804e+92		-7.087794e+93		nan		-0.000000e+00		nan		2.610949e+107		3.200881e+107		1.571899e+107		2.433799e+107		-2.235811e+108		2.626873e+107		2.629719e+107		2.613239e+107		1.281702e+107		2.471245e+107		2.751866e+107		2.123619e+107		2.448784e+107		1.421600e+107		2.344000e+107		2.920200e+107		-6.854048e+107		8.999327e+106		7.214034e+106		1.582401e+107		5.300496e+106		8.738611e+106		1.797814e+107		3.627339e+107		1.823116e+107		-4.045414e+93		-4.032275e+93		nan		nan		
23.000000		3.368191e+108		7.341961e+106		-8.328789e+108		-2.894385e+108		-4.450849e+108		-2.900362e+108		3.531364e+109		4.918301e+108		2.658892e+111		1.850843e+108		-4.029896e+109		6.219308e+108		1.383655e+107		1.259007e+108		1.709900e+107		1.858635e+107		6.942011e+106		5.483716e+107		1.166777e+107		1.188096e+107		1.428736e+107		1.600403e+107		2.432414e+108		8.164184e+106		1.181798e+107		1.190033e+107		-2.366084e+107		2.559717e+107		7.179376e+106		6.517737e+106		6.514659e+106		6.495484e+106		6.558211e+106		-1.780425e+106		7.443974e+106		6.962732e+106		6.553917e+106		6.500292e+106		-0.000000e+00		-1.005086e+93		-1.035012e+93		-0.000000e+00		-0.000000e+00		-0.000000e+00		-0.000000e+00		-0.000000e+00		-0.000000e+00		-7.724264e+93		-0.000000e+00		-0.000000e+00		-0.000000e+00		-0.000000e+00		-6.966090e+93		nan		-0.000000e+00		nan		3.094324e+107		3.178812e+107		9.827113e+106		2.710259e+107		-2.283839e+108		3.065082e+107		3.062797e+107		3.169033e+107		1.502955e+107		2.715874e+107		3.032823e+107		2.529867e+107		2.824430e+107		1.418089e+107		1.774681e+107		3.309078e+107		-7.177982e+107		9.549686e+106		8.283854e+106		1.582257e+107		5.348332e+106		8.738059e+106		1.822192e+107		3.741776e+107		1.810329e+107		-0.000000e+00		-0.000000e+00		nan		nan		
25.000000		1.199086e+109		7.347011e+106		7.221649e+108		-2.837502e+109		-5.798095e+108		-2.707376e+109		-4.607292e+108		-4.395605e+108		-1.879786e+111		-6.469315e+109		-3.622595e+109		8.588512e+108		1.419500e+107		2.405711e+108		1.403721e+107		1.450380e+107		6.935511e+106		7.507572e+107		1.232300e+107		1.187781e+107		1.507760e+107		1.598622e+107		1.635143e+109		8.131086e+106		1.280917e+107		1.186597e+107		-3.942790e+107		1.721735e+107		6.964948e+106		6.712194e+106		6.685788e+106		6.712977e+106		6.557400e+106		-2.190613e+106		9.165252e+106		8.294283e+106		6.602266e+106		6.604650e+106		-0.000000e+00		-1.671732e+93		-1.678181e+93		-0.000000e+00		-0.000000e+00		-0.000000e+00		-0.000000e+00		-0.000000e+00		-0.000000e+00		-6.542759e+93		-0.000000e+00		-0.000000e+00		-0.000000e+00		-0.000000e+00		-6.868921e+93		nan		-0.000000e+00		nan		3.371609e+107		3.115351e+107		8.196915e+106		3.404970e+107		-2.333466e+108		3.469168e+107		3.480868e+107		3.336057e+107		1.656342e+107		3.534803e+107		3.725940e+107		3.085538e+107		3.606222e+107		1.413163e+107		1.739144e+107		5.217807e+107		-7.457707e+107		1.034223e+107		9.546079e+106		1.582218e+107		5.641780e+106		8.736701e+106		1.841789e+107		3.795344e+107		1.763146e+107		-0.000000e+00		-0.000000e+00		nan		nan		
27.000000		6.726764e+108		7.353848e+106		-2.064685e+109		-5.420956e+108		-7.381476e+108		-5.389893e+108		-3.711770e+110		1.616832e+109		2.237049e+111		1.841340e+109		-3.230393e+109		1.212594e+109		1.413089e+107		2.493640e+108		1.093873e+107		1.127415e+107		6.845535e+106		5.735370e+107		1.184316e+107		1.187554e+107		1.489344e+107		1.598561e+107		4.743423e+108		8.102242e+106		1.197125e+107		1.187018e+107		-2.414938e+108		1.271765e+107		6.692020e+106		6.542032e+106		6.548569e+106		6.538610e+106		6.556654e+106		-2.730101e+106		1.458083e+107		1.463271e+107		6.563464e+106		6.554641e+106		0.000000e+00		0.000000e+00		0.000000e+00		-0.000000e+00		0.000000e+00		0.000000e+00		0.000000e+00		0.000000e+00		0.000000e+00		-0.000000e+00		0.000000e+00		0.000000e+00		0.000000e+00		0.000000e+00		-6.832373e+93		nan		-0.000000e+00		nan		3.878571e+107		2.894640e+107		8.407261e+106		3.579527e+107		-2.344542e+108		3.881970e+107		3.876944e+107		3.944166e+107		1.864593e+107		3.603429e+107		3.893003e+107		3.533454e+107		3.779332e+107		1.406831e+107		1.551560e+107		8.252590e+107		-7.758860e+107		1.060089e+107		1.036653e+107		1.582350e+107		5.582029e+106		8.737193e+106		1.857857e+107		3.896632e+107		1.567589e+107		-0.000000e+00		-0.000000e+00		nan		nan		
29.000000		1.144036e+109		7.363922e+106		-1.880441e+110		-8.758531e+108		-9.153407e+108		-8.574308e+108		-2.204471e+109		-5.616283e+109		8.009262e+110		-1.129252e+110		-2.997484e+109		1.807515e+109		1.416288e+107		3.706848e+108		9.467044e+106		9.641645e+106		6.872972e+106		5.947103e+107		1.196397e+107		1.187602e+107		1.507523e+107		1.598615e+107		8.842341e+108		8.070720e+106		1.211926e+107		1.192354e+107		7.975806e+107		1.042120e+107		6.525075e+106		6.563320e+106		6.567840e+106		6.573389e+106		6.555643e+106		-3.442891e+106		3.095399e+107		8.174609e+107		6.562830e+106		6.573616e+106		-1.525991e+95		-0.000000e+00		-0.000000e+00		-5.818005e+92		-1.525991e+95		-1.495528e+95		-1.377687e+95		-1.379691e+95		-1.048791e+95		-6.592719e+94		-1.525696e+95		-1.526072e+95		-1.497906e+95		-1.499435e+95		-6.886974e+93		nan		-0.000000e+00		nan		4.289785e+107		2.411066e+107		1.037372e+107		4.108645e+107		-2.357733e+108		4.328149e+107		4.343622e+107		4.351429e+107		2.069459e+107		4.153113e+107		4.403254e+107		4.041035e+107		4.307261e+107		1.398602e+107		1.512705e+107		2.089981e+108		-8.328786e+107		1.101531e+107		1.095578e+107		1.582042e+107		5.690931e+106		8.737515e+106		1.866674e+107		3.972122e+107		1.117907e+107		-0.000000e+00		-0.000000e+00		nan		nan		
31.000000		1.063871e+109		7.377085e+106		-2.080103e+109		-7.269279e+108		-1.112982e+109		-7.169114e+108		8.152457e+109		2.023855e+109		9.500200e+110		3.582987e+109		-2.799076e+109		2.968296e+109		1.410023e+107		4.322512e+108		8.508466e+106		8.641958e+106		6.892007e+106		5.545610e+107		1.184579e+107		1.187434e+107		1.506017e+107		1.598573e+107		7.484832e+108		8.039697e+106		1.191282e+107		1.192353e+107		3.524122e+107		8.944898e+106		6.440411e+106		6.511822e+106		6.537811e+106		6.530359e+106		6.555989e+106		-4.403692e+106		4.899217e+107		-7.590300e+107		6.553833e+106		6.564674e+106		-9.050478e+94		-7.209876e+93		3.716057e+93		-7.300835e+94		-9.050859e+94		-9.177908e+94		-9.271723e+94		-9.269955e+94		-7.546779e+94		-8.121756e+94		-9.048979e+94		-9.049493e+94		-9.175132e+94		-9.175928e+94		-6.953977e+93		nan		-0.000000e+00		nan		4.818958e+107		2.144175e+107		1.574790e+107		4.501985e+107		-2.369981e+108		4.809535e+107		4.788638e+107		4.898127e+107		2.296346e+107		4.498247e+107		4.780512e+107		4.493713e+107		4.651786e+107		1.388566e+107		1.440086e+107		3.694584e+108		-9.607700e+107		1.128700e+107		1.132870e+107		1.581931e+107		5.721578e+106		8.738249e+106		1.870439e+107		4.068123e+107		9.284026e+106		-0.000000e+00		-0.000000e+00		nan		nan		
33.000000		5.261802e+109		7.396934e+106		1.603029e+109		-1.063706e+110		-1.373956e+109		-1.000809e+110		-1.044411e+109		-8.741552e+108		3.629838e+110		-6.676550e+108		-2.708930e+109		5.152884e+109		1.416149e+107		9.626912e+108		8.058258e+106		8.119158e+106		6.969811e+106		6.159023e+107		1.214328e+107		1.187679e+107		1.530060e+107		1.598080e+107		-1.244326e+110		8.001660e+106		1.233947e+107		1.221694e+107		2.436368e+107		7.983461e+106		6.404973e+106		6.603971e+106		6.611105e+106		6.623445e+106		6.555743e+106		-5.755872e+106		3.026816e+107		-2.325853e+108		6.574095e+106		6.594198e+106		-3.766137e+94		-0.000000e+00		-0.000000e+00		-1.947328e+92		-3.765675e+94		-3.558276e+94		-3.367583e+94		-3.371292e+94		-4.514171e+94		-4.316356e+94		-3.767801e+94		-3.767344e+94		-3.563320e+94		-3.563652e+94		-6.987736e+93		nan		-0.000000e+00		nan		5.191349e+107		3.320492e+107		3.225587e+107		5.306293e+107		-2.384167e+108		5.343738e+107		5.498941e+107		5.323366e+107		2.562914e+107		5.459497e+107		5.606288e+107		5.228448e+107		5.680502e+107		1.376540e+107		1.421912e+107		1.279864e+109		-1.281852e+108		1.170504e+107		1.179585e+107		1.582024e+107		5.880989e+106		8.738979e+106		1.870472e+107		4.090402e+107		1.603661e+107		-2.743829e+94		-2.479524e+94		nan		nan		
35.000000		2.441246e+109		7.422999e+106		-1.370126e+111		-1.582556e+109		-1.593526e+109		-1.521615e+109		-4.738566e+109		-4.795095e+109		2.451289e+110		-1.405889e+109		-2.644643e+109		1.320072e+110		1.412503e+107		9.021194e+108		3.920544e+105		3.923275e+105		6.656350e+106		2.119435e+106		1.195736e+107		1.187388e+107		1.526306e+107		1.597838e+107		2.161260e+109		7.950756e+106		1.205147e+107		1.212907e+107		1.875959e+107		7.249535e+106		6.342197e+106		6.518429e+106		6.565519e+106		6.564972e+106		6.556713e+106		-7.757381e+106		1.722199e+107		4.910483e+107		6.563173e+106		6.575888e+106		-5.536196e+94		-0.000000e+00		0.000000e+00		-5.329219e+90		-5.536285e+94		-5.578646e+94		-5.605460e+94		-5.604958e+94		-4.678984e+94		-5.258035e+94		-5.535878e+94		-5.535976e+94		-5.577884e+94		-5.577733e+94		-7.003877e+93		nan		-0.000000e+00		nan		6.024303e+107		6.926860e+107		7.370316e+107		5.878009e+107		-2.393647e+108		6.041138e+107		6.096912e+107		6.105818e+107		2.884917e+107		5.889126e+107		6.116412e+107		5.812948e+107		6.138420e+107		1.362698e+107		4.694369e+106		2.496159e+108		-2.391331e+108		1.196101e+107		1.210119e+107		1.581972e+107		5.881933e+106		8.739096e+106		1.870516e+107		4.144863e+107		3.636082e+107		-2.528112e+94		-0.000000e+00		nan		nan		
37.000000		7.571716e+109		7.455973e+106		5.451416e+109		-2.683595e+109		-1.882798e+109		-2.682288e+109		-1.924973e+109		-1.726538e+109		1.703307e+110		-1.143934e+109		-2.625056e+109		-8.861322e+110		1.418464e+107		1.622506e+109		4.925590e+104		4.807670e+104		1.762928e+106		6.516393e+104		1.203393e+107		1.186977e+107		1.536387e+107		1.596938e+107		-3.252029e+110		7.838827e+106		1.213794e+107		1.214822e+107		1.637448e+107		6.764645e+106		6.268280e+106		6.463519e+106		6.537292e+106		6.586320e+106		6.557427e+106		-1.093916e+107		1.164336e+107		2.043308e+107		6.564910e+106		6.581119e+106		-4.444002e+94		0.000000e+00		0.000000e+00		7.373239e+95		-4.445513e+94		-5.168572e+94		-5.557111e+94		-5.549373e+94		-2.599869e+94		-2.494764e+94		-4.439360e+94		-4.441742e+94		-5.154107e+94		-5.161859e+94		-6.994811e+93		nan		-0.000000e+00		nan		7.031538e+107		1.170302e+108		1.478670e+108		7.051429e+107		-2.379603e+108		6.947433e+107		7.132375e+107		7.060723e+107		3.319110e+107		6.984330e+107		7.172967e+107		6.706375e+107		7.244427e+107		1.347301e+107		5.904387e+105		1.267892e+108		2.460972e+109		1.232336e+107		1.248481e+107		1.581707e+107		5.925408e+106		8.739995e+106		1.871229e+107		4.213158e+107		6.560680e+107		-0.000000e+00		-0.000000e+00		nan		nan		
39.000000		4.003744e+109		7.496571e+106		-1.848365e+109		-9.764424e+108		-2.220552e+109		-9.750210e+108		4.611576e+109		3.626121e+109		1.278128e+110		3.976461e+109		-2.606761e+109		-1.509925e+110		1.422583e+107		1.568836e+109		1.017477e+107		1.024508e+107		9.490369e+106		-3.495791e+107		1.182716e+107		1.186909e+107		1.532670e+107		1.595495e+107		1.696769e+109		7.519809e+106		1.183023e+107		1.195912e+107		1.488731e+107		6.441952e+106		6.193405e+106		6.243388e+106		6.314847e+106		6.525856e+106		6.557159e+106		-1.685524e+107		9.055977e+106		1.309329e+107		6.546652e+106		6.555340e+106		-0.000000e+00		0.000000e+00		-0.000000e+00		0.000000e+00		-0.000000e+00		-0.000000e+00		-0.000000e+00		-0.000000e+00		-0.000000e+00		-0.000000e+00		-0.000000e+00		-0.000000e+00		-0.000000e+00		-0.000000e+00		-6.972948e+93		nan		-0.000000e+00		nan		9.318555e+107		1.007604e+108		1.158976e+108		8.683752e+107		-2.367530e+108		8.223441e+107		8.064693e+107		8.420766e+107		3.832316e+107		7.704980e+107		8.070851e+107		7.400130e+107		7.806356e+107		1.331382e+107		9.193435e+106		6.312354e+107		1.761659e+108		1.260870e+107		1.276038e+107		1.580867e+107		5.833197e+106		8.739305e+106		1.871829e+107		4.667078e+107		5.503024e+107		-0.000000e+00		-0.000000e+00		nan		nan		
41.000000		-6.179948e+110		7.536619e+106		-9.405428e+108		-7.097743e+108		-2.662317e+109		-6.907087e+108		2.500482e+109		1.821102e+109		1.324129e+110		1.199736e+109		-2.709563e+109		-1.070765e+110		1.437643e+107		2.538425e+109		1.196489e+107		1.201657e+107		1.136841e+107		-2.232621e+107		1.169549e+107		1.186865e+107		1.540572e+107		1.594199e+107		1.353637e+109		6.853315e+106		1.162906e+107		1.185838e+107		1.368319e+107		6.257318e+106		6.161060e+106		6.012817e+106		6.000341e+106		6.487762e+106		6.556582e+106		-3.213113e+107		7.734688e+106		9.752933e+106		6.517453e+106		6.523982e+106		-0.000000e+00		-1.440946e+94		-1.504842e+94		-0.000000e+00		-0.000000e+00		-0.000000e+00		-0.000000e+00		-0.000000e+00		-0.000000e+00		-0.000000e+00		-0.000000e+00		-0.000000e+00		-0.000000e+00		-0.000000e+00		-6.950718e+93		nan		-0.000000e+00		nan		1.385012e+108		7.405328e+107		7.584256e+107		1.209472e+108		-2.348105e+108		9.909946e+107		9.580529e+107		1.056404e+108		4.548393e+107		8.992022e+107		9.467732e+107		8.193276e+107		8.830197e+107		1.315361e+107		1.064824e+107		3.059949e+107		8.833249e+107		1.308504e+107		1.306962e+107		1.580320e+107		5.728124e+106		8.736586e+106		1.872209e+107		3.898727e+107		3.838161e+107		-0.000000e+00		-0.000000e+00		nan		nan		
43.000000		3.174370e+109		7.568384e+106		-6.140682e+108		-5.247526e+108		-3.412162e+109		-4.998201e+108		7.141331e+108		6.612549e+108		1.316772e+110		6.017387e+108		-2.810520e+109		-7.374784e+109		1.336243e+107		9.975958e+108		1.177271e+107		1.185515e+107		1.161222e+107		-2.171032e+107		1.149368e+107		1.186807e+107		1.512357e+107		1.593038e+107		5.354086e+108		6.286345e+106		1.135510e+107		1.182758e+107		1.309513e+107		6.222535e+106		6.196627e+106		5.889575e+106		5.882014e+106		6.367663e+106		6.556134e+106		-1.356203e+108		7.036244e+106		7.991115e+106		6.411536e+106		6.430862e+106		-1.755255e+93		0.000000e+00		0.000000e+00		0.000000e+00		-1.756429e+93		-2.642059e+93		-3.032006e+93		-3.024489e+93		-0.000000e+00		-0.000000e+00		-1.753834e+93		-1.755136e+93		-2.630862e+93		-2.619364e+93		-6.930203e+93		nan		-0.000000e+00		nan		2.145484e+108		5.355419e+107		5.143246e+107		1.511313e+108		-2.340236e+108		1.199176e+108		1.194072e+108		1.421433e+108		5.820541e+107		9.736816e+107		1.022606e+108		8.755983e+107		9.692824e+107		1.300514e+107		1.064290e+107		1.482916e+107		5.902507e+107		1.325584e+107		1.325964e+107		1.579883e+107		5.679786e+106		8.733100e+106		1.872146e+107		2.878794e+107		2.782481e+107		-3.614124e+93		-3.614743e+93		nan		nan		
45.000000		1.287917e+109		7.588083e+106		-7.957912e+108		-6.304044e+108		-4.788112e+109		-5.755588e+108		6.275993e+108		5.747635e+108		1.553904e+110		4.982257e+108		-2.973490e+109		-7.513694e+109		1.218221e+107		6.690754e+108		1.156038e+107		1.169139e+107		1.167454e+107		-2.168690e+107		1.157571e+107		1.186563e+107		1.483083e+107		1.590905e+107		4.836641e+108		6.074365e+106		1.145820e+107		1.182028e+107		1.358398e+107		6.330984e+106		6.326679e+106		5.887777e+106		5.850625e+106		6.333180e+106		6.555483e+106		1.072209e+108		6.630702e+106		7.099914e+106		6.347836e+106		6.407193e+106		-0.000000e+00		9.483581e+94		9.474164e+94		-0.000000e+00		-0.000000e+00		-0.000000e+00		-0.000000e+00		-0.000000e+00		-0.000000e+00		-0.000000e+00		-0.000000e+00		-0.000000e+00		-0.000000e+00		-0.000000e+00		-6.906604e+93		nan		-0.000000e+00		nan		2.820505e+108		4.254591e+107		4.049975e+107		1.782981e+108		-2.330656e+108		1.444218e+108		1.480653e+108		1.722592e+108		7.449464e+107		1.113695e+108		1.167968e+108		9.388844e+107		1.100951e+108		1.287837e+107		1.073150e+107		1.273784e+107		4.492582e+107		1.319774e+107		1.338773e+107		1.578736e+107		5.726010e+106		8.732151e+106		1.872238e+107		2.324178e+107		2.242183e+107		-8.970934e+92		-8.929464e+92		nan		nan		
47.000000		8.702889e+108		7.597994e+106		-1.119591e+109		-8.276470e+108		-6.313594e+109		-6.821968e+108		6.342862e+108		5.494994e+108		2.532082e+110		4.475568e+108		-2.985890e+109		-6.290059e+109		1.178439e+107		5.438984e+108		1.145811e+107		1.163048e+107		1.166265e+107		-2.182405e+107		1.160915e+107		1.186161e+107		1.459203e+107		1.588847e+107		4.911504e+108		5.988716e+106		1.152924e+107		1.181093e+107		1.435034e+107		6.417121e+106		6.419238e+106		5.907673e+106		5.848663e+106		6.366712e+106		6.554710e+106		4.481818e+107		6.363653e+106		6.530933e+106		6.366681e+106		6.447524e+106		-0.000000e+00		9.481955e+94		9.474164e+94		-0.000000e+00		-0.000000e+00		-0.000000e+00		-0.000000e+00		-0.000000e+00		-0.000000e+00		-0.000000e+00		-0.000000e+00		-0.000000e+00		-0.000000e+00		-0.000000e+00		-6.879867e+93		nan		-0.000000e+00		nan		3.568884e+108		3.557503e+107		3.401535e+107		2.072365e+108		-2.330913e+108		1.731868e+108		1.779296e+108		1.982056e+108		8.915816e+107		1.274032e+108		1.346785e+108		1.017185e+108		1.254021e+108		1.277829e+107		1.087360e+107		1.247435e+107		3.694585e+107		1.297885e+107		1.344465e+107		1.575831e+107		5.781322e+106		8.729390e+106		1.872925e+107		1.942678e+107		1.873849e+107		-0.000000e+00		-0.000000e+00		nan		nan		
49.000000		6.760001e+108		7.604629e+106		-1.555133e+109		-1.271901e+109		-9.284433e+109		-7.628702e+108		6.033269e+108		5.051748e+108		2.197845e+110		4.102862e+108		-3.354724e+109		-7.227611e+109		1.170467e+107		3.975860e+108		1.141424e+107		1.162741e+107		1.167329e+107		-2.188598e+107		1.164131e+107		1.185688e+107		1.401455e+107		1.585809e+107		5.014166e+108		5.950170e+106		1.157941e+107		1.179882e+107		1.477446e+107		6.455413e+106		6.458867e+106		5.918997e+106		5.856061e+106		6.377844e+106		6.554058e+106		3.003927e+107		6.174723e+106		6.119320e+106		6.376946e+106		6.464063e+106		-0.000000e+00		9.481493e+94		9.474164e+94		-0.000000e+00		-0.000000e+00		-0.000000e+00		-0.000000e+00		-0.000000e+00		-0.000000e+00		-0.000000e+00		-0.000000e+00		-0.000000e+00		-0.000000e+00		-0.000000e+00		-6.852542e+93		nan		-0.000000e+00		nan		4.715897e+108		3.078648e+107		2.975164e+107		2.317497e+108		-2.327286e+108		2.063954e+108		2.112828e+108		2.305185e+108		1.041974e+108		1.414682e+108		1.522976e+108		1.111106e+108		1.412487e+108		1.269757e+107		1.103396e+107		1.233323e+107		3.195624e+107		1.230233e+107		1.322558e+107		1.568518e+107		5.823526e+106		8.729105e+106		1.872830e+107		1.668957e+107		1.611181e+107		-0.000000e+00		-0.000000e+00		nan		nan		
51.000000		4.869585e+108		7.609518e+106		-2.041923e+109		-2.269155e+109		-1.075274e+110		-7.616532e+108		4.801039e+108		4.088556e+108		2.218595e+110		3.731563e+108		-3.261391e+109		-7.686240e+109		1.171127e+107		2.005690e+108		1.137139e+107		1.165472e+107		1.171014e+107		-2.183400e+107		1.168323e+107		1.185337e+107		1.332988e+107		1.581560e+107		4.254683e+108		5.940920e+106		1.163348e+107		1.177729e+107		1.515063e+107		6.482527e+106		6.485047e+106		5.930588e+106		5.874053e+106		6.378607e+106		6.554956e+106		2.390491e+107		6.039567e+106		5.850035e+106		6.380252e+106		6.482776e+106		-0.000000e+00		9.481266e+94		9.474164e+94		-0.000000e+00		-0.000000e+00		-0.000000e+00		-0.000000e+00		-0.000000e+00		-0.000000e+00		-0.000000e+00		-0.000000e+00		-0.000000e+00		-0.000000e+00		-0.000000e+00		-6.828362e+93		nan		-0.000000e+00		nan		6.734054e+108		2.723414e+107		2.662579e+107		2.458142e+108		-2.343202e+108		2.466220e+108		2.514527e+108		2.696792e+108		1.228335e+108		1.481094e+108		1.622167e+108		1.207497e+108		1.511765e+108		1.263559e+107		1.119115e+107		1.222170e+107		2.869383e+107		1.172702e+107		1.280110e+107		1.551167e+107		5.861674e+106		8.726251e+106		1.872162e+107		1.479310e+107		1.422532e+107		-0.000000e+00		-0.000000e+00		nan		nan		
53.000000		3.678352e+108		7.614836e+106		-2.654278e+109		-6.792786e+109		-1.187436e+110		-7.715277e+108		3.945567e+108		3.374807e+108		1.571928e+110		3.384119e+108		-3.342829e+109		-7.273819e+109		1.175408e+107		8.751439e+107		1.133119e+107		1.169854e+107		1.174395e+107		-2.177923e+107		1.172910e+107		1.185036e+107		1.283404e+107		1.576800e+107		3.657984e+108		5.948280e+106		1.169657e+107		1.175536e+107		1.635448e+107		6.503593e+106		6.505498e+106		5.948827e+106		5.899793e+106		6.395217e+106		6.555180e+106		2.094290e+107		5.946898e+106		5.704741e+106		6.396222e+106		6.522533e+106		-0.000000e+00		9.481111e+94		9.474164e+94		-0.000000e+00		-0.000000e+00		-0.000000e+00		-0.000000e+00		-0.000000e+00		-0.000000e+00		-0.000000e+00		-0.000000e+00		-0.000000e+00		-0.000000e+00		-0.000000e+00		-6.807535e+93		nan		-0.000000e+00		nan		1.164100e+109		2.459451e+107		2.445646e+107		2.477132e+108		-2.366106e+108		3.156345e+108		3.250332e+108		3.516666e+108		1.535499e+108		1.536507e+108		1.744460e+108		1.316919e+108		1.607228e+108		1.259198e+107		1.137007e+107		1.218091e+107		2.652308e+107		1.155835e+107		1.245492e+107		1.518743e+107		5.906297e+106		8.724438e+106		1.872234e+107		1.347705e+107		1.289425e+107		-0.000000e+00		-0.000000e+00		nan		nan		
55.000000		3.000964e+108		7.619251e+106		-3.464901e+109		-3.055308e+110		-1.879603e+110		-8.045862e+108		3.262922e+108		2.837875e+108		1.392266e+110		3.084964e+108		-3.555842e+109		-6.767325e+109		1.177761e+107		4.242144e+107		1.128928e+107		1.173840e+107		1.178725e+107		-2.170335e+107		1.176103e+107		1.184933e+107		1.252848e+107		1.571113e+107		3.131101e+108		5.961170e+106		1.173427e+107		1.173049e+107		1.851941e+107		6.517976e+106		6.520805e+106		5.968762e+106		5.931255e+106		6.427918e+106		6.555664e+106		1.941790e+107		5.884938e+106		5.637478e+106		6.429059e+106		6.580067e+106		-0.000000e+00		9.480979e+94		9.474164e+94		-0.000000e+00		-0.000000e+00		-0.000000e+00		-0.000000e+00		-0.000000e+00		-0.000000e+00		-0.000000e+00		-0.000000e+00		-0.000000e+00		-0.000000e+00		-0.000000e+00		-6.791341e+93		nan		-0.000000e+00		nan		4.297419e+109		2.268533e+107		2.296706e+107		2.506706e+108		-2.374577e+108		4.477689e+108		4.668878e+108		5.158392e+108		2.084689e+108		1.603219e+108		1.871796e+108		1.435453e+108		1.720985e+108		1.256818e+107		1.153338e+107		1.220839e+107		2.509783e+107		1.158605e+107		1.226556e+107		1.471699e+107		5.950130e+106		8.723098e+106		1.872865e+107		1.256503e+107		1.196558e+107		-0.000000e+00		-0.000000e+00		nan		nan		
57.000000		2.529092e+108		7.622689e+106		-4.283741e+109		-4.621283e+110		-1.292536e+110		-8.081186e+108		2.724646e+108		2.433884e+108		2.000948e+110		2.810689e+108		-3.944339e+109		-7.217128e+109		1.179728e+107		2.548272e+107		1.123461e+107		1.176511e+107		1.180351e+107		-2.165590e+107		1.179036e+107		1.184721e+107		1.234769e+107		1.565209e+107		2.662874e+108		5.979740e+106		1.177222e+107		1.171322e+107		1.791642e+107		6.528323e+106		6.530806e+106		5.993798e+106		5.967687e+106		6.464417e+106		6.555942e+106		1.863415e+107		5.843440e+106		5.618646e+106		6.464005e+106		6.641785e+106		-0.000000e+00		9.480844e+94		9.474164e+94		-0.000000e+00		-0.000000e+00		-0.000000e+00		-0.000000e+00		-0.000000e+00		-0.000000e+00		-0.000000e+00		-0.000000e+00		-0.000000e+00		-0.000000e+00		-0.000000e+00		-6.779786e+93		nan		-0.000000e+00		nan		-3.096179e+109		2.122757e+107		2.190432e+107		2.483659e+108		-2.405564e+108		8.265975e+108		8.660408e+108		1.025108e+109		3.393123e+108		1.667178e+108		2.049000e+108		1.560326e+108		1.842733e+108		1.255603e+107		1.169413e+107		1.227865e+107		2.414300e+107		1.169347e+107		1.220021e+107		1.416466e+107		5.997582e+106		8.720992e+106		1.872976e+107		1.190285e+107		1.128468e+107		-0.000000e+00		-0.000000e+00		nan		nan		
59.000000		2.168945e+108		7.625038e+106		-4.833153e+109		-1.544946e+110		-1.146247e+110		-8.315535e+108		2.310349e+108		2.113414e+108		1.923191e+110		2.589109e+108		-3.864096e+109		-6.751556e+109		1.180760e+107		1.869923e+107		1.116636e+107		1.178472e+107		1.181158e+107		-2.163668e+107		1.180177e+107		1.184795e+107		1.223236e+107		1.559111e+107		2.276023e+108		5.999368e+106		1.179132e+107		1.169932e+107		1.389116e+107		6.534044e+106		6.536510e+106		6.031178e+106		6.015547e+106		6.500031e+106		6.556611e+106		1.824824e+107		5.816242e+106		5.625355e+106		6.500261e+106		6.707563e+106		-0.000000e+00		0.000000e+00		9.474164e+94		-0.000000e+00		-0.000000e+00		-0.000000e+00		-0.000000e+00		-0.000000e+00		-0.000000e+00		-0.000000e+00		-0.000000e+00		-0.000000e+00		-0.000000e+00		-0.000000e+00		-6.772065e+93		nan		-0.000000e+00		nan		-1.204407e+109		2.007029e+107		2.109964e+107		2.380592e+108		-2.425930e+108		4.866156e+109		7.303324e+109		-4.615313e+110		9.348954e+108		1.678908e+108		2.204008e+108		1.682451e+108		1.987523e+108		1.254858e+107		1.184064e+107		1.236309e+107		2.350259e+107		1.182268e+107		1.220980e+107		1.359340e+107		6.054482e+106		8.720588e+106		1.873339e+107		1.142332e+107		1.077652e+107		-0.000000e+00		-0.000000e+00		nan		nan		
61.000000		1.916743e+108		7.628591e+106		-4.985752e+109		-1.372153e+110		-6.635858e+109		-8.341814e+108		2.004404e+108		1.907594e+108		2.307630e+110		2.421211e+108		-3.827835e+109		-6.702137e+109		1.181976e+107		1.569200e+107		1.108824e+107		1.179034e+107		1.181271e+107		-2.161992e+107		1.180959e+107		1.184733e+107		1.214525e+107		1.551665e+107		1.990634e+108		6.018908e+106		1.180395e+107		1.168639e+107		1.099666e+107		6.535909e+106		6.540038e+106		6.082508e+106		6.074663e+106		6.524371e+106		6.557403e+106		1.807047e+107		5.799050e+106		5.637447e+106		6.523822e+106		6.758920e+106		-0.000000e+00		0.000000e+00		9.474164e+94		-0.000000e+00		-0.000000e+00		-0.000000e+00		-0.000000e+00		-0.000000e+00		-0.000000e+00		-0.000000e+00		-0.000000e+00		-0.000000e+00		-0.000000e+00		-0.000000e+00		-6.767139e+93		nan		-0.000000e+00		nan		-7.743513e+108		1.918419e+107		2.049824e+107		2.265193e+108		-2.452951e+108		-1.454030e+109		-1.380621e+109		-1.209451e+109		-1.645460e+109		1.616417e+108		2.318821e+108		1.798783e+108		2.128922e+108		1.254498e+107		1.203889e+107		1.242384e+107		2.306564e+107		1.193980e+107		1.224249e+107		1.307673e+107		6.123196e+106		8.719286e+106		1.873908e+107		1.107728e+107		1.040323e+107		-0.000000e+00		-0.000000e+00		nan		nan		
63.000000		1.734165e+108		7.631854e+106		-5.058266e+109		-1.432663e+110		-6.749903e+109		-9.162736e+108		1.779494e+108		1.718536e+108		3.281123e+110		2.247742e+108		-3.527110e+109		-6.340862e+109		1.182206e+107		1.420345e+107		1.102533e+107		1.179705e+107		1.182144e+107		-2.160339e+107		1.181791e+107		1.185088e+107		1.206809e+107		1.543420e+107		1.767146e+108		6.037549e+106		1.181492e+107		1.167778e+107		1.053863e+107		6.537788e+106		6.542228e+106		6.144271e+106		6.143243e+106		6.534916e+106		6.557781e+106		1.794006e+107		5.789665e+106		5.663234e+106		6.535542e+106		6.795462e+106		-0.000000e+00		0.000000e+00		9.636395e+94		-0.000000e+00		-0.000000e+00		-0.000000e+00		-0.000000e+00		-0.000000e+00		-0.000000e+00		-0.000000e+00		-0.000000e+00		-0.000000e+00		-0.000000e+00		-0.000000e+00		-6.764129e+93		nan		-0.000000e+00		nan		-5.981837e+108		1.852614e+107		2.002963e+107		2.147660e+108		-2.464681e+108		-6.765118e+108		-6.541753e+108		-6.192622e+108		-4.381459e+108		1.556820e+108		2.414097e+108		1.914796e+108		2.262265e+108		1.253963e+107		1.226001e+107		1.245499e+107		2.276455e+107		1.205301e+107		1.228071e+107		1.266467e+107		6.200372e+106		8.719683e+106		1.873759e+107		1.088071e+107		1.014723e+107		-0.000000e+00		-0.000000e+00		nan		nan		
65.000000		1.601628e+108		7.636416e+106		-4.896735e+109		-1.072136e+110		-5.135495e+109		-1.005695e+109		1.624805e+108		1.595676e+108		4.394837e+110		2.076367e+108		-3.449848e+109		-5.464440e+109		1.182683e+107		1.339253e+107		1.110632e+107		1.179897e+107		1.182249e+107		-2.158948e+107		1.181609e+107		1.185247e+107		1.198506e+107		1.534671e+107		1.615904e+108		6.051153e+106		1.181922e+107		1.166621e+107		1.332824e+107		6.540584e+106		6.544343e+106		6.210762e+106		6.214801e+106		6.536454e+106		6.558545e+106		1.783296e+107		5.785964e+106		5.728981e+106		6.536479e+106		6.822025e+106		-0.000000e+00		0.000000e+00		-2.052166e+95		-2.180053e+94		-0.000000e+00		-0.000000e+00		-0.000000e+00		-0.000000e+00		-0.000000e+00		-0.000000e+00		-0.000000e+00		-0.000000e+00		-0.000000e+00		-0.000000e+00		-6.762564e+93		nan		-0.000000e+00		nan		-5.004446e+108		1.806366e+107		1.967280e+107		2.069150e+108		-2.476603e+108		-4.718012e+108		-4.694832e+108		-4.436621e+108		-2.624588e+108		1.609336e+108		2.475256e+108		2.056176e+108		2.371399e+108		1.253560e+107		1.236280e+107		1.243275e+107		2.254322e+107		1.213788e+107		1.229651e+107		1.239594e+107		6.279955e+106		8.718925e+106		1.874010e+107		1.085471e+107		9.995179e+106		-0.000000e+00		-0.000000e+00		nan		nan		
67.000000		1.510552e+108		7.639909e+106		-4.611209e+109		-8.657107e+109		-4.568955e+109		-1.125036e+109		1.507783e+108		1.509962e+108		1.769227e+111		1.910654e+108		-3.261392e+109		-5.092658e+109		1.182968e+107		1.286517e+107		1.329781e+107		1.180272e+107		1.182527e+107		-2.160011e+107		1.181723e+107		1.185378e+107		1.194100e+107		1.525827e+107		1.501409e+108		6.060621e+106		1.182468e+107		1.165841e+107		1.664142e+107		6.540853e+106		6.546519e+106		6.280813e+106		6.287450e+106		6.538277e+106		6.559115e+106		1.777389e+107		5.783700e+106		5.808821e+106		6.540321e+106		6.842843e+106		-0.000000e+00		0.000000e+00		-2.052166e+95		-2.180187e+94		-0.000000e+00		-0.000000e+00		-0.000000e+00		-0.000000e+00		-0.000000e+00		-0.000000e+00		-0.000000e+00		-0.000000e+00		-0.000000e+00		-0.000000e+00		-6.761845e+93		nan		-0.000000e+00		nan		-4.417145e+108		1.769492e+107		1.941677e+107		1.999812e+108		-2.482938e+108		-3.820536e+108		-3.765070e+108		-3.657100e+108		-2.032644e+108		1.620219e+108		2.491688e+108		2.175228e+108		2.482032e+108		1.253411e+107		1.240210e+107		1.242554e+107		2.240479e+107		1.220955e+107		1.232547e+107		1.221309e+107		6.363022e+106		8.719553e+106		1.874500e+107		1.088059e+107		9.869949e+106		-0.000000e+00		-0.000000e+00		nan		nan		
69.000000		1.443940e+108		7.643173e+106		-4.540489e+109		-5.909541e+109		-4.249499e+109		-1.251938e+109		1.411061e+108		1.445173e+108		-1.643578e+111		1.796049e+108		-3.139414e+109		-4.483467e+109		1.183148e+107		1.251179e+107		1.380814e+108		1.180652e+107		1.183152e+107		-2.160158e+107		1.182016e+107		1.185477e+107		1.192457e+107		1.517725e+107		1.410437e+108		6.068542e+106		1.183362e+107		1.164953e+107		1.837392e+107		6.540085e+106		6.546842e+106		6.339955e+106		6.348361e+106		6.543700e+106		6.559751e+106		1.775375e+107		5.783065e+106		5.850106e+106		6.544431e+106		6.860739e+106		-0.000000e+00		0.000000e+00		-2.052166e+95		-2.180199e+94		-0.000000e+00		-0.000000e+00		-0.000000e+00		-0.000000e+00		-0.000000e+00		-0.000000e+00		-0.000000e+00		-0.000000e+00		-0.000000e+00		-0.000000e+00		-6.761539e+93		nan		-0.000000e+00		nan		-4.025756e+108		1.736274e+107		1.921804e+107		1.915613e+108		-2.481541e+108		-3.288454e+108		-3.284842e+108		-3.183118e+108		-1.750576e+108		1.489278e+108		2.471598e+108		2.240140e+108		2.541659e+108		1.253472e+107		1.243405e+107		1.244877e+107		2.229119e+107		1.227358e+107		1.236220e+107		1.206733e+107		6.433232e+106		8.718257e+106		1.874320e+107		1.085591e+107		9.727248e+106		-0.000000e+00		-0.000000e+00		nan		nan		
71.000000		1.390416e+108		7.644039e+106		-4.288614e+109		-4.531422e+109		-3.762418e+109		-1.324427e+109		1.321025e+108		1.388348e+108		-1.984224e+111		1.702479e+108		-3.007311e+109		-4.107959e+109		1.183346e+107		1.229732e+107		6.376656e+108		1.180962e+107		1.182350e+107		-2.159451e+107		1.181699e+107		1.185546e+107		1.191197e+107		1.509367e+107		1.320605e+108		6.073174e+106		1.183603e+107		1.164350e+107		1.834532e+107		6.537768e+106		6.545636e+106		6.392289e+106		6.400201e+106		6.548021e+106		6.560314e+106		1.775072e+107		5.783311e+106		5.888446e+106		6.548638e+106		6.878322e+106		-0.000000e+00		0.000000e+00		-2.052166e+95		-2.180249e+94		-0.000000e+00		-0.000000e+00		-0.000000e+00		-0.000000e+00		-0.000000e+00		-0.000000e+00		-0.000000e+00		-0.000000e+00		-0.000000e+00		-0.000000e+00		-6.761416e+93		nan		-0.000000e+00		nan		-3.770101e+108		1.708870e+107		1.905804e+107		1.810272e+108		-2.479398e+108		-2.977691e+108		-2.969204e+108		-2.887845e+108		-1.566169e+108		1.330666e+108		2.366758e+108		2.267547e+108		2.573290e+108		1.253476e+107		1.245882e+107		1.246533e+107		2.220259e+107		1.231840e+107		1.239376e+107		1.195167e+107		6.493104e+106		8.718963e+106		1.874546e+107		1.082238e+107		9.607011e+106		-0.000000e+00		-0.000000e+00		nan		nan		
73.000000		1.353536e+108		7.644984e+106		-3.930855e+109		-3.695436e+109		-3.474263e+109		-1.410913e+109		1.238979e+108		1.347556e+108		-6.950641e+110		1.629027e+108		-2.739411e+109		-4.033760e+109		1.182991e+107		1.214479e+107		8.688138e+108		1.180947e+107		1.181828e+107		-2.159481e+107		1.181408e+107		1.185281e+107		1.189724e+107		1.501471e+107		1.241436e+108		6.076588e+106		1.184697e+107		1.164083e+107		1.743097e+107		6.537061e+106		6.546115e+106		6.432055e+106		6.441415e+106		6.551714e+106		6.559898e+106		1.776493e+107		5.782150e+106		5.926257e+106		6.551705e+106		6.893254e+106		-0.000000e+00		-2.115313e+95		-2.052166e+95		-2.180461e+94		-0.000000e+00		-0.000000e+00		-0.000000e+00		-0.000000e+00		-8.940371e+92		-0.000000e+00		-0.000000e+00		-0.000000e+00		-0.000000e+00		-0.000000e+00		-6.761368e+93		nan		-0.000000e+00		nan		-3.548014e+108		1.686841e+107		1.893705e+107		1.694854e+108		-2.485246e+108		-2.765731e+108		-2.766018e+108		-2.693189e+108		-1.440350e+108		1.163617e+108		2.250731e+108		2.251831e+108		2.607691e+108		1.253474e+107		1.269688e+107		1.247815e+107		2.213674e+107		1.234805e+107		1.241935e+107		1.185675e+107		6.539649e+106		8.717281e+106		1.874650e+107		1.081654e+107		9.520142e+106		-0.000000e+00		-0.000000e+00		nan		nan		
75.000000		1.322547e+108		7.645790e+106		-4.007329e+109		-3.808719e+109		-3.316491e+109		-1.474201e+109		1.139381e+108		1.316836e+108		-3.171471e+111		1.571577e+108		-2.707416e+109		-3.847140e+109		1.183107e+107		1.204979e+107		1.126867e+109		1.181241e+107		1.181403e+107		-2.160212e+107		1.181739e+107		1.185383e+107		1.189070e+107		1.494225e+107		1.143638e+108		6.078176e+106		1.187410e+107		1.163934e+107		1.635149e+107		6.539155e+106		6.547034e+106		6.462981e+106		6.472516e+106		6.554367e+106		6.561017e+106		1.777830e+107		5.781655e+106		5.962542e+106		6.553580e+106		6.903662e+106		-0.000000e+00		-2.052168e+95		-2.052166e+95		-2.181346e+94		-0.000000e+00		-0.000000e+00		-0.000000e+00		-0.000000e+00		-2.786183e+93		-0.000000e+00		-0.000000e+00		-0.000000e+00		-0.000000e+00		-0.000000e+00		-6.761351e+93		nan		-0.000000e+00		nan		-3.401467e+108		1.669088e+107		1.884733e+107		1.568679e+108		-2.487751e+108		-2.641368e+108		-2.629198e+108		-2.556429e+108		-1.360566e+108		9.931971e+107		2.018684e+108		2.168302e+108		2.638088e+108		1.253533e+107		1.409591e+107		1.249137e+107		2.210538e+107		1.237844e+107		1.244309e+107		1.178247e+107		6.577316e+106		8.716694e+106		1.874433e+107		1.085301e+107		9.459993e+106		-0.000000e+00		-0.000000e+00		nan		nan		
77.000000		1.299835e+108		7.647957e+106		-3.881511e+109		-3.756212e+109		-3.358473e+109		-1.492298e+109		1.028941e+108		1.284753e+108		5.484303e+110		1.527149e+108		-2.547024e+109		-3.527643e+109		1.182838e+107		1.198046e+107		1.712801e+109		1.180756e+107		1.181279e+107		-2.160683e+107		1.181054e+107		1.185504e+107		1.188581e+107		1.486937e+107		1.035209e+108		6.079584e+106		1.190630e+107		1.163851e+107		1.538907e+107		6.539429e+106		6.548053e+106		6.483160e+106		6.492609e+106		6.555682e+106		6.560680e+106		1.780044e+107		5.780950e+106		5.996564e+106		6.555656e+106		6.913619e+106		-0.000000e+00		-2.052165e+95		-2.052166e+95		-2.185011e+94		-0.000000e+00		-0.000000e+00		-0.000000e+00		-0.000000e+00		-4.110388e+93		-0.000000e+00		-0.000000e+00		-0.000000e+00		-0.000000e+00		-0.000000e+00		-6.761344e+93		nan		-0.000000e+00		nan		-3.248570e+108		1.655910e+107		1.877426e+107		1.402489e+108		-2.503883e+108		-2.565888e+108		-2.545688e+108		-2.469856e+108		-1.299844e+108		8.306810e+107		1.730680e+108		2.003195e+108		2.615748e+108		1.253585e+107		1.956912e+107		1.249732e+107		2.208692e+107		1.239190e+107		1.246072e+107		1.172143e+107		6.603143e+106		8.715440e+106		1.874858e+107		1.093286e+107		9.414256e+106		-0.000000e+00		-0.000000e+00		nan		nan		
79.000000		1.279807e+108		7.649358e+106		-3.711074e+109		-3.281186e+109		-3.373130e+109		-1.613195e+109		9.035046e+107		1.260262e+108		3.286686e+110		1.487661e+108		-2.384418e+109		-3.221079e+109		1.183318e+107		1.193093e+107		2.389738e+109		1.181169e+107		1.181138e+107		-2.161413e+107		1.181295e+107		1.185461e+107		1.187791e+107		1.480649e+107		9.052533e+107		6.079480e+106		1.197698e+107		1.163892e+107		1.461065e+107		6.537341e+106		6.547616e+106		6.500694e+106		6.510533e+106		6.557485e+106		6.559823e+106		1.781116e+107		5.780138e+106		6.027335e+106		6.557600e+106		6.921109e+106		-0.000000e+00		-2.052165e+95		-2.052166e+95		-2.200525e+94		-0.000000e+00		-0.000000e+00		-0.000000e+00		-0.000000e+00		-5.013869e+93		-0.000000e+00		-0.000000e+00		-0.000000e+00		-0.000000e+00		-0.000000e+00		-6.761342e+93		nan		-0.000000e+00		nan		-3.131062e+108		1.645118e+107		1.873022e+107		1.203601e+108		-2.499860e+108		-2.504837e+108		-2.481660e+108		-2.399002e+108		-1.258877e+108		6.876338e+107		1.425091e+108		1.780960e+108		2.578730e+108		1.253786e+107		3.527385e+107		1.250348e+107		2.206650e+107		1.240928e+107		1.246955e+107		1.166949e+107		6.627614e+106		8.714686e+106		1.875430e+107		1.104995e+107		9.379843e+106		-0.000000e+00		-0.000000e+00		nan		nan		
81.000000		1.263831e+108		7.650102e+106		-3.621758e+109		-2.947636e+109		-3.379413e+109		-1.647291e+109		7.681824e+107		1.226066e+108		1.763568e+110		1.444129e+108		-2.299831e+109		-3.039250e+109		1.183672e+107		1.190078e+107		3.350055e+109		1.180765e+107		1.180246e+107		-2.164445e+107		1.181196e+107		1.185373e+107		1.187291e+107		1.475276e+107		7.703657e+107		6.080732e+106		1.209027e+107		1.163789e+107		1.400011e+107		6.536181e+106		6.547128e+106		6.509349e+106		6.519602e+106		6.558762e+106		6.558992e+106		1.782617e+107		5.779170e+106		6.054343e+106		6.561322e+106		6.927691e+106		-0.000000e+00		-2.052164e+95		-2.052166e+95		-2.279229e+94		-0.000000e+00		-0.000000e+00		-0.000000e+00		-0.000000e+00		-5.618475e+93		-0.000000e+00		-0.000000e+00		-0.000000e+00		-0.000000e+00		-0.000000e+00		-6.761341e+93		nan		-0.000000e+00		nan		-3.040834e+108		1.636683e+107		1.868711e+107		9.847064e+107		-2.508338e+108		-2.452365e+108		-2.448358e+108		-2.376757e+108		-1.233102e+108		5.619937e+107		1.129169e+108		1.502029e+108		2.494510e+108		1.253933e+107		7.411709e+107		1.250715e+107		2.205379e+107		1.241417e+107		1.247550e+107		1.162666e+107		6.638813e+106		8.714048e+106		1.875214e+107		1.119588e+107		9.354083e+106		-0.000000e+00		-0.000000e+00		nan		nan		
83.000000		1.251904e+108		7.650286e+106		-3.647155e+109		-2.587151e+109		-3.580600e+109		-1.681268e+109		6.333789e+107		1.196342e+108		1.309699e+110		1.410121e+108		-2.208507e+109		-2.961482e+109		1.182635e+107		1.186122e+107		6.547196e+109		1.181062e+107		1.179761e+107		-2.166139e+107		1.179745e+107		1.185001e+107		1.186025e+107		1.469706e+107		6.362487e+107		6.081033e+106		1.225079e+107		1.163802e+107		1.352147e+107		6.537058e+106		6.548069e+106		6.515488e+106		6.526732e+106		6.561212e+106		6.559482e+106		1.782349e+107		5.777434e+106		6.079822e+106		6.561726e+106		6.933747e+106		-0.000000e+00		-2.032950e+95		-2.032714e+95		-2.188209e+94		-0.000000e+00		-0.000000e+00		-0.000000e+00		-0.000000e+00		-6.017302e+93		-0.000000e+00		-0.000000e+00		-0.000000e+00		-0.000000e+00		-0.000000e+00		-6.761341e+93		nan		-0.000000e+00		nan		-2.973375e+108		1.630103e+107		1.864588e+107		7.611541e+107		-2.495516e+108		-2.409452e+108		-2.397926e+108		-2.294150e+108		-1.202694e+108		4.609206e+107		8.693679e+107		1.201464e+108		2.422352e+108		1.254258e+107		1.788515e+108		1.251507e+107		2.204056e+107		1.241703e+107		1.247522e+107		1.158785e+107		6.648343e+106		8.712777e+106		1.875757e+107		1.135634e+107		9.332022e+106		-0.000000e+00		-0.000000e+00		nan		nan		
85.000000		1.247974e+108		7.650931e+106		-3.195072e+109		-2.317653e+109		-3.435047e+109		-1.543383e+109		5.095867e+107		1.168829e+108		1.249695e+110		1.354145e+108		-2.076709e+109		-3.137487e+109		1.182280e+107		1.183199e+107		6.460301e+109		1.180638e+107		1.178812e+107		-2.167479e+107		1.179108e+107		1.185072e+107		1.185558e+107		1.463882e+107		5.099121e+107		6.080847e+106		1.251270e+107		1.163834e+107		1.315113e+107		6.535366e+106		6.547400e+106		6.517101e+106		6.530313e+106		6.562030e+106		6.559820e+106		1.782303e+107		5.776572e+106		6.102400e+106		6.563444e+106		6.938559e+106		-0.000000e+00		0.000000e+00		-5.395407e+94		-5.784642e+94		-0.000000e+00		-0.000000e+00		-0.000000e+00		-0.000000e+00		-6.277820e+93		-0.000000e+00		-0.000000e+00		-0.000000e+00		-0.000000e+00		-0.000000e+00		-6.761340e+93		nan		-0.000000e+00		nan		-2.909111e+108		1.625099e+107		1.861650e+107		5.695483e+107		-2.490391e+108		-2.387432e+108		-2.390582e+108		-2.286580e+108		-1.186048e+108		3.811624e+107		6.546151e+107		9.258189e+107		2.330399e+108		1.255060e+107		5.978166e+108		1.252517e+107		2.203015e+107		1.240628e+107		1.247723e+107		1.155387e+107		6.653344e+106		8.713230e+106		1.875376e+107		1.151595e+107		9.315184e+106		-0.000000e+00		-0.000000e+00		nan		nan		
87.000000		1.245141e+108		7.651462e+106		-2.943515e+109		-2.109895e+109		-3.467114e+109		-1.600087e+109		4.042423e+107		1.127185e+108		1.467545e+110		1.267066e+108		-1.982906e+109		-3.129922e+109		1.182144e+107		1.181598e+107		1.091887e+110		1.179788e+107		1.178018e+107		-2.170278e+107		1.178207e+107		1.184878e+107		1.184630e+107		1.458525e+107		4.040295e+107		6.081684e+106		1.285452e+107		1.163568e+107		1.285878e+107		6.533146e+106		6.546809e+106		6.520099e+106		6.533525e+106		6.563837e+106		6.559280e+106		1.781772e+107		5.775754e+106		6.124135e+106		6.565719e+106		6.941221e+106		-0.000000e+00		-2.668900e+94		-4.685804e+94		-2.498996e+94		-0.000000e+00		-0.000000e+00		-0.000000e+00		-0.000000e+00		-6.447043e+93		-0.000000e+00		-0.000000e+00		-0.000000e+00		-0.000000e+00		-0.000000e+00		-6.761340e+93		nan		-0.000000e+00		nan		-2.843932e+108		1.621895e+107		1.859613e+107		4.252571e+107		-2.491212e+108		-2.348882e+108		-2.345068e+108		-2.214697e+108		-1.166547e+108		3.214718e+107		4.934727e+107		6.966784e+107		2.227265e+108		1.255568e+107		-1.904828e+109		1.253238e+107		2.203217e+107		1.240823e+107		1.247930e+107		1.152318e+107		6.658276e+106		8.713869e+106		1.874760e+107		1.165980e+107		9.304683e+106		-0.000000e+00		-0.000000e+00		nan		nan		
89.000000		1.244365e+108		7.651486e+106		-2.607728e+109		-2.321124e+109		-3.565936e+109		-1.537512e+109		3.196614e+107		1.084290e+108		1.613915e+110		1.095847e+108		-1.977992e+109		-3.073053e+109		1.181289e+107		1.179556e+107		3.638588e+110		1.179406e+107		1.175354e+107		-2.174854e+107		1.177037e+107		1.184762e+107		1.183723e+107		1.453284e+107		3.189609e+107		6.082640e+106		1.323741e+107		1.163448e+107		1.262558e+107		6.528932e+106		6.544713e+106		6.519634e+106		6.534958e+106		6.561732e+106		6.559446e+106		1.781559e+107		5.776295e+106		6.144057e+106		6.564150e+106		6.941237e+106		-0.000000e+00		0.000000e+00		0.000000e+00		-0.000000e+00		-0.000000e+00		-0.000000e+00		-0.000000e+00		-0.000000e+00		-6.556754e+93		-0.000000e+00		-0.000000e+00		-0.000000e+00		-0.000000e+00		-0.000000e+00		-6.761341e+93		nan		-0.000000e+00		nan		-2.796210e+108		1.619153e+107		1.859048e+107		3.306528e+107		-2.476217e+108		-2.320521e+108		-2.299650e+108		-2.158428e+108		-1.144341e+108		2.777254e+107		3.743858e+107		5.197148e+107		2.113079e+108		1.255900e+107		-5.610917e+108		1.253560e+107		2.203611e+107		1.241066e+107		1.247642e+107		1.149528e+107		6.658049e+106		8.712480e+106		1.874175e+107		1.178266e+107		9.297590e+106		-0.000000e+00		-0.000000e+00		nan		nan		
91.000000		1.244683e+108		7.651101e+106		-2.499592e+109		-2.169979e+109		-3.925050e+109		-1.541635e+109		2.528276e+107		1.023390e+108		1.494848e+110		8.121817e+107		-1.960782e+109		-2.984495e+109		1.181803e+107		1.178829e+107		7.865410e+111		1.179136e+107		1.174796e+107		-2.176998e+107		1.177161e+107		1.184907e+107		1.183988e+107		1.448204e+107		2.524188e+107		6.082330e+106		1.361984e+107		1.163429e+107		1.244558e+107		6.529613e+106		6.545439e+106		6.519564e+106		6.536046e+106		6.562637e+106		6.559321e+106		1.779933e+107		5.776258e+106		6.164207e+106		6.563648e+106		6.938720e+106		-0.000000e+00		0.000000e+00		1.583442e+95		-3.527736e+94		-0.000000e+00		-0.000000e+00		-0.000000e+00		-0.000000e+00		-6.627975e+93		-0.000000e+00		-0.000000e+00		-0.000000e+00		-0.000000e+00		-0.000000e+00		-6.761341e+93		nan		-0.000000e+00		nan		-2.764912e+108		1.618727e+107		1.859454e+107		2.753959e+107		-2.467472e+108		-2.280725e+108		-2.264006e+108		-2.118056e+108		-1.125907e+108		2.467893e+107		2.867698e+107		3.886609e+107		1.956125e+108		1.256451e+107		-3.945026e+108		1.254738e+107		2.204723e+107		1.242636e+107		1.248605e+107		1.147477e+107		6.659261e+106		8.709291e+106		1.868567e+107		1.187834e+107		9.297484e+106		-0.000000e+00		-0.000000e+00		nan		nan		
93.000000		1.244841e+108		7.651508e+106		-2.441391e+109		-2.069502e+109		-4.509432e+109		-1.581301e+109		2.018316e+107		9.417286e+107		2.485282e+110		4.753672e+107		-1.879070e+109		-2.825438e+109		1.181732e+107		1.177759e+107		-1.325641e+110		1.179233e+107		1.174940e+107		-2.176335e+107		1.176925e+107		1.185446e+107		1.183348e+107		1.443730e+107		2.017003e+107		6.081759e+106		1.391871e+107		1.163386e+107		1.230412e+107		6.529359e+106		6.546285e+106		6.521150e+106		6.537887e+106		6.562683e+106		6.559730e+106		1.780133e+107		5.776973e+106		6.185330e+106		6.558479e+106		6.928640e+106		-0.000000e+00		-4.176968e+94		-1.649902e+95		-2.462977e+94		-0.000000e+00		-0.000000e+00		-0.000000e+00		-0.000000e+00		-6.674527e+93		-0.000000e+00		-0.000000e+00		-0.000000e+00		-0.000000e+00		-0.000000e+00		-6.761345e+93		nan		-0.000000e+00		nan		-2.747003e+108		1.618541e+107		1.859026e+107		2.458262e+107		-2.455140e+108		-2.258423e+108		-2.231051e+108		-2.074481e+108		-1.109067e+108		2.248653e+107		2.233371e+107		2.931267e+107		1.743298e+108		1.256542e+107		-3.228312e+108		1.254643e+107		2.206361e+107		1.243074e+107		1.249313e+107		1.145331e+107		6.661933e+106		8.709510e+106		1.838683e+107		1.195014e+107		9.295555e+106		-0.000000e+00		-0.000000e+00		nan		nan		
95.000000		1.245793e+108		7.650515e+106		-2.506617e+109		-2.009996e+109		-5.003602e+109		-1.668172e+109		1.651136e+107		8.433774e+107		2.512408e+110		2.316148e+107		-1.871134e+109		-2.858741e+109		1.177944e+107		1.173812e+107		-7.664099e+109		1.179103e+107		1.168493e+107		-2.196926e+107		1.173960e+107		1.185340e+107		1.181941e+107		1.439274e+107		1.649518e+107		6.081788e+106		1.411399e+107		1.163216e+107		1.219913e+107		6.530475e+106		6.547048e+106		6.522826e+106		6.539416e+106		6.563763e+106		6.560218e+106		1.780193e+107		5.777318e+106		6.206242e+106		6.552959e+106		6.911522e+106		-0.000000e+00		3.918003e+95		-1.151331e+95		-2.867488e+94		-0.000000e+00		-5.193580e+94		-5.193580e+94		-5.193580e+94		-6.705901e+93		-0.000000e+00		-0.000000e+00		-0.000000e+00		-0.000000e+00		-5.193982e+94		-6.761359e+93		nan		-0.000000e+00		nan		-2.729648e+108		1.618397e+107		1.861412e+107		2.313030e+107		-2.443959e+108		-2.238525e+108		-2.217756e+108		-2.056382e+108		-1.096023e+108		2.096118e+107		1.793888e+107		2.260341e+107		1.486824e+108		1.256759e+107		-2.932443e+108		1.255422e+107		2.207229e+107		1.240689e+107		1.248540e+107		1.143310e+107		6.664476e+106		8.706712e+106		1.707737e+107		1.200127e+107		9.305753e+106		-7.246247e+93		-7.469317e+93		nan		nan		
97.000000		1.250043e+108		7.651194e+106		-2.533769e+109		-2.048469e+109		-5.095034e+109		-1.774936e+109		1.414166e+107		7.094944e+107		2.495505e+110		1.190674e+107		-1.890349e+109		-2.826081e+109		1.158621e+107		1.154674e+107		-6.430425e+109		1.177748e+107		1.131104e+107		-2.343246e+107		1.153548e+107		1.184994e+107		1.171733e+107		1.434272e+107		1.413513e+107		6.081951e+106		1.418378e+107		1.162879e+107		1.212531e+107		6.532312e+106		6.547747e+106		6.524847e+106		6.540493e+106		6.562404e+106		6.559328e+106		1.780475e+107		5.777592e+106		6.225032e+106		6.545685e+106		6.890818e+106		-0.000000e+00		1.274214e+94		2.270400e+93		-7.916709e+94		-0.000000e+00		-5.663960e+94		-5.663960e+94		-5.663960e+94		-6.729917e+93		-0.000000e+00		-0.000000e+00		-0.000000e+00		-0.000000e+00		-5.644785e+94		-6.761417e+93		nan		-0.000000e+00		nan		-2.694987e+108		1.618151e+107		1.862669e+107		2.246547e+107		-2.436519e+108		-2.241923e+108		-2.195384e+108		-2.028867e+108		-1.085344e+108		1.979905e+107		1.517213e+107		1.818812e+107		1.182879e+108		1.256798e+107		-2.750067e+108		1.255482e+107		2.207940e+107		1.220610e+107		1.240801e+107		1.141132e+107		6.669449e+106		8.702980e+106		1.312134e+107		1.203106e+107		9.309258e+106		-6.272430e+94		-6.306357e+94		nan		nan		
99.000000		1.248569e+108		7.650678e+106		-2.623139e+109		-2.005753e+109		-5.154659e+109		-1.757379e+109		1.291954e+107		5.411357e+107		2.233538e+110		8.106467e+106		-1.934600e+109		-2.885470e+109		1.123257e+107		1.118978e+107		-5.931933e+109		1.174940e+107		1.046500e+107		-2.814241e+107		1.108773e+107		1.185315e+107		1.151904e+107		1.431007e+107		1.291506e+107		6.082324e+106		1.421423e+107		1.162557e+107		1.208424e+107		6.531167e+106		6.547692e+106		6.524827e+106		6.541288e+106		6.564481e+106		6.559481e+106		1.779900e+107		5.777799e+106		6.237421e+106		6.542581e+106		6.872430e+106		-0.000000e+00		0.000000e+00		0.000000e+00		-9.991903e+94		-0.000000e+00		-5.682315e+94		-5.682396e+94		-5.682394e+94		-6.750793e+93		-0.000000e+00		-0.000000e+00		-0.000000e+00		-0.000000e+00		-2.491980e+94		-6.761623e+93		nan		-0.000000e+00		nan		-2.703248e+108		1.617027e+107		1.862146e+107		2.219328e+107		-2.439352e+108		-2.249606e+108		-2.193228e+108		-2.027939e+108		-1.076533e+108		1.878665e+107		1.375736e+107		1.567160e+107		8.444164e+107		1.256777e+107		-2.699390e+108		1.254563e+107		2.208182e+107		1.176160e+107		1.223724e+107		1.139516e+107		6.668067e+106		8.697261e+106		8.534208e+106		1.204279e+107		9.310758e+106		2.514436e+94		2.458001e+94		nan		nan		
