Std No.	Outgassing	ChemProd	ChemLoss	DryDepo		WetDepo		Escape		Condensation	Net Flux	Global Change
3	0.000000e+00	1.762654e+12	-1.762595e+12	-8.352074e+06	-7.504393e-02	-5.126701e+07	0.000000e+00	1.301675e-02	6.208784e-17
53	3.000000e+10	4.638292e+10	-7.277370e+10	-0.000000e+00	0.000000e+00	-3.609216e+09	0.000000e+00	3.839784e-01	2.052546e-22
1	0.000000e+00	1.727218e+13	-1.727218e+13	-6.377204e+04	-3.601022e-02	-0.000000e+00	0.000000e+00	-3.314507e-02	-7.306133e-20
56	0.000000e+00	1.320679e+13	-1.320679e+13	-0.000000e+00	-2.053454e-19	-0.000000e+00	0.000000e+00	-4.238281e-01	-2.969031e-10
54	0.000000e+00	1.721559e+13	-1.721559e+13	-0.000000e+00	0.000000e+00	-0.000000e+00	0.000000e+00	-4.746094e-01	-1.792935e-20
2	0.000000e+00	1.529935e+13	-1.529935e+13	-1.250358e+00	-4.414815e+00	0.000000e+00	0.000000e+00	4.715461e-01	1.199807e-16
4	0.000000e+00	2.092633e+12	-2.092633e+12	-1.369434e+04	-1.944674e+01	-0.000000e+00	0.000000e+00	1.174519e-02	1.704323e-14
5	0.000000e+00	1.863789e+12	-1.863780e+12	-1.182266e+05	-8.604510e+06	-0.000000e+00	0.000000e+00	-8.559991e-04	-4.865655e-18
7	1.000000e-02	7.742507e+10	-7.462667e+10	-0.000000e+00	0.000000e+00	-0.000000e+00	-3.688523e+26	-3.688523e+26	-1.410183e+04
6	0.000000e+00	1.504083e+11	-1.481070e+11	-3.909279e+08	-1.910385e+09	-0.000000e+00	0.000000e+00	-2.140284e-03	-2.774902e-19
52	9.000000e-01	1.465263e+13	-1.468522e+13	-0.000000e+00	-4.771585e+13	0.000000e+00	0.000000e+00	-4.774845e+13	-3.670444e-12
20	0.000000e+00	2.045640e+12	-2.045639e+12	-9.659741e+05	0.000000e+00	-0.000000e+00	0.000000e+00	8.469171e-03	7.499038e-23
22	0.000000e+00	5.084820e+10	-4.138348e+10	-6.114949e+08	-8.853223e+09	-0.000000e+00	0.000000e+00	-5.550385e-04	-7.143549e-19
61	0.000000e+00	2.110324e+11	-2.110216e+11	-1.078203e+07	-3.660475e-05	-0.000000e+00	0.000000e+00	1.783221e-04	1.052047e-17
19	0.000000e+00	3.599666e+07	-3.599666e+07	-0.000000e+00	-3.414709e-23	-0.000000e+00	0.000000e+00	3.725290e-08	7.817575e-22
58	0.000000e+00	2.611127e+05	-2.611127e+05	-0.000000e+00	-3.252920e-25	-0.000000e+00	0.000000e+00	-1.396984e-09	-7.669451e-14
59	0.000000e+00	2.732657e+05	-2.732657e+05	-0.000000e+00	-5.875643e-22	-0.000000e+00	0.000000e+00	1.164153e-10	1.952219e-14
80	0.000000e+00	2.231145e+06	-2.231145e+06	-0.000000e+00	-3.287918e-21	-0.000000e+00	0.000000e+00	-1.536682e-08	-1.467432e-15
60	0.000000e+00	6.933618e+08	-6.933618e+08	-0.000000e+00	-2.505185e-08	-0.000000e+00	0.000000e+00	3.325760e-07	9.352514e-18
21	3.000000e+08	3.899760e+08	-6.899760e+08	-0.000000e+00	0.000000e+00	-0.000000e+00	0.000000e+00	2.266407e-03	1.254394e-22
62	0.000000e+00	8.134949e+06	-8.134876e+06	-7.265441e+01	-2.415291e-10	-0.000000e+00	0.000000e+00	2.575275e-09	2.931399e-17
24	0.000000e+00	1.453638e+06	-1.992644e+05	-9.752351e+05	-2.791385e+05	-0.000000e+00	0.000000e+00	-5.820766e-09	-1.172095e-21
63	0.000000e+00	4.868646e+11	-4.634460e+11	-1.544409e+09	-2.187419e+10	0.000000e+00	0.000000e+00	-9.155273e-05	-3.284714e-20
23	0.000000e+00	7.813704e+03	-5.554753e+03	-1.134490e+02	-2.145501e+03	0.000000e+00	0.000000e+00	-2.555680e-10	-1.121768e-19
71	0.000000e+00	2.726900e+08	-2.726900e+08	-0.000000e+00	-2.209721e-04	0.000000e+00	0.000000e+00	-1.769219e-08	-3.244104e-12
25	0.000000e+00	1.215217e+01	-1.208951e+01	-3.356679e-02	-2.909052e-02	0.000000e+00	0.000000e+00	-2.387257e-13	-2.174785e-19
26	0.000000e+00	1.840787e-31	-1.840787e-31	-0.000000e+00	-8.732392e-52	-0.000000e+00	0.000000e+00	6.568499e-47	1.915935e-13
64	0.000000e+00	3.166401e-01	-3.166401e-01	-0.000000e+00	-1.697122e-23	-0.000000e+00	0.000000e+00	3.497203e-15	8.679107e-13
27	0.000000e+00	8.167454e+00	-8.167454e+00	-0.000000e+00	0.000000e+00	-0.000000e+00	0.000000e+00	8.668621e-13	5.994425e-19
28	0.000000e+00	3.068464e+00	-3.068464e+00	-0.000000e+00	-4.140173e-17	-0.000000e+00	0.000000e+00	-2.491040e-14	-1.679107e-16
29	0.000000e+00	1.815941e+04	-1.815941e+04	-0.000000e+00	0.000000e+00	-0.000000e+00	0.000000e+00	1.091394e-11	6.463399e-21
30	0.000000e+00	4.684876e+05	-4.684876e+05	-0.000000e+00	-1.421992e-11	-0.000000e+00	0.000000e+00	2.186107e-10	3.210359e-18
31	0.000000e+00	4.686072e+05	-4.656999e+05	-2.907292e+03	0.000000e+00	-0.000000e+00	0.000000e+00	2.733395e-08	1.556077e-22
32	0.000000e+00	1.179018e+01	-1.179018e+01	-0.000000e+00	-3.409757e-22	-0.000000e+00	0.000000e+00	-2.682299e-13	-4.086275e-20
33	0.000000e+00	4.759279e+03	-1.740480e+03	-1.589758e+02	-2.859823e+03	-0.000000e+00	0.000000e+00	0.000000e+00	0.000000e+00
34	0.000000e+00	4.228643e+06	-4.228641e+06	-2.201364e+00	-1.179573e-11	0.000000e+00	0.000000e+00	-3.336652e-09	-4.216834e-17
35	0.000000e+00	4.070825e+07	-4.061102e+07	-9.467427e+04	-2.551615e+03	0.000000e+00	0.000000e+00	-1.343451e-07	-2.794854e-19
36	0.000000e+00	1.191091e+05	-1.191089e+05	-1.885916e-01	-4.039859e-12	0.000000e+00	0.000000e+00	5.244682e-11	3.633566e-19
40	0.000000e+00	4.666239e+10	-4.666239e+10	-0.000000e+00	-4.061626e-08	-0.000000e+00	0.000000e+00	2.342184e-03	1.328518e-14
41	0.000000e+00	3.177313e+08	-3.177313e+08	-0.000000e+00	-7.509919e-08	0.000000e+00	0.000000e+00	-9.909866e-06	-4.390810e-17
76	0.000000e+00	5.178472e+06	-5.178472e+06	-0.000000e+00	-2.724489e-12	0.000000e+00	0.000000e+00	-1.881299e-07	-1.025330e-14
77	0.000000e+00	6.447889e+06	-6.447889e+06	-0.000000e+00	-1.717104e-11	0.000000e+00	0.000000e+00	-1.723118e-07	-1.601217e-15
42	0.000000e+00	1.475323e+11	-1.475323e+11	-0.000000e+00	-3.878617e-05	0.000000e+00	0.000000e+00	3.836946e-03	9.138620e-18
43	3.000000e+09	1.878215e+12	-1.878890e+12	-2.030716e+09	-2.944799e+08	0.000000e+00	0.000000e+00	-4.903841e-02	-1.065572e-17
74	0.000000e+00	1.789558e+12	-1.789558e+12	-0.000000e+00	-6.903205e-16	0.000000e+00	0.000000e+00	4.272461e-02	2.623081e-06
75	0.000000e+00	1.664148e+11	-1.664148e+11	-0.000000e+00	-4.688775e-15	0.000000e+00	0.000000e+00	1.831055e-04	1.651070e-09
44	0.000000e+00	7.070041e+08	-7.070041e+08	-1.212699e-01	-3.534439e+01	0.000000e+00	0.000000e+00	3.441470e-08	7.758012e-20
45	3.000000e+08	7.030373e+10	-7.033122e+10	-2.724032e+08	-1.082165e+05	-0.000000e+00	0.000000e+00	-4.902642e-03	-1.274413e-18
46	0.000000e+00	1.010077e+11	-1.010077e+11	-0.000000e+00	-1.029124e-05	-0.000000e+00	0.000000e+00	5.116662e-03	3.461198e-16
47	0.000000e+00	4.420759e+10	-4.420759e+10	-0.000000e+00	-2.510748e-05	0.000000e+00	0.000000e+00	-1.776954e-04	-2.618123e-18
48	0.000000e+00	3.608980e+09	-3.608980e+09	-0.000000e+00	-1.003659e-07	0.000000e+00	0.000000e+00	-5.772031e-07	-4.608247e-19
68	0.000000e+00	2.611523e+08	-2.610664e+08	-3.796021e+04	-4.789184e+04	0.000000e+00	0.000000e+00	4.575122e-08	3.022342e-19
73	0.000000e+00	7.024015e+08	-1.948648e+05	-7.098943e+07	-1.105732e+08	0.000000e+00	-5.206439e+08	-1.192093e-07	-1.216827e-21
78	0.000000e+00	0.000000e+00	0.000000e+00	-5.206439e+08	-9.661729e-04	0.000000e+00	5.206439e+08	-7.152557e-07	-1.554217e-22
79	0.000000e+00	6.049787e-01	0.000000e+00	-0.000000e+00	-4.027965e-07	0.000000e+00	-6.049783e-01	4.941714e-12	7.699831e-24
111	0.000000e+00	0.000000e+00	0.000000e+00	-6.049783e-01	-1.046176e-10	0.000000e+00	6.049783e-01	2.197131e-13	4.777088e-24
8	0.000000e+00	3.133494e+00	-3.133494e+00	-0.000000e+00	-5.939095e-14	-0.000000e+00	0.000000e+00	-9.652958e-15	-2.437376e-20
9	0.000000e+00	3.351388e-04	-3.194437e-04	-1.569512e-05	0.000000e+00	-0.000000e+00	0.000000e+00	-9.934002e-18	-5.443609e-19
10	0.000000e+00	9.016919e-03	-9.016872e-03	-0.000000e+00	-4.661033e-08	-0.000000e+00	0.000000e+00	9.957130e-18	3.673370e-17
57	0.000000e+00	8.882203e-03	-8.882203e-03	-0.000000e+00	-5.587107e-21	-0.000000e+00	0.000000e+00	1.729136e-18	5.691315e-17
11	0.000000e+00	1.378832e+05	-1.378756e+05	-0.000000e+00	-7.610917e+00	0.000000e+00	0.000000e+00	-6.382852e-09	-1.714121e-21
12	0.000000e+00	7.987619e+05	-7.987591e+05	-2.822398e+00	-1.457151e-05	-0.000000e+00	0.000000e+00	4.012623e-09	5.179498e-18
13	0.000000e+00	7.456910e+05	-7.456910e+05	-2.605164e-04	-1.329397e-06	0.000000e+00	0.000000e+00	-1.904387e-09	-1.605904e-17
14	0.000000e+00	2.432442e+04	-2.432442e+04	-1.101863e-07	-9.226612e-04	0.000000e+00	0.000000e+00	1.989282e-10	6.273080e-16
15	0.000000e+00	3.619310e-05	-3.619281e-05	-8.251327e-19	-2.839775e-10	0.000000e+00	0.000000e+00	5.599155e-20	2.210427e-19
16	0.000000e+00	8.981767e+04	-8.981313e+04	-0.000000e+00	-4.537628e+00	-0.000000e+00	0.000000e+00	-2.747327e-09	-1.261362e-17
17	0.000000e+00	3.735270e+02	-3.734528e+02	-4.309801e-02	-3.114991e-02	0.000000e+00	0.000000e+00	-3.829045e-12	-6.042686e-18
18	0.000000e+00	1.034047e+02	-1.030541e+02	-1.810615e-01	-1.695918e-01	0.000000e+00	0.000000e+00	-1.506767e-12	-2.624828e-19
70	0.000000e+00	1.922490e+04	-1.922262e+04	-9.563187e-06	-2.283240e+00	0.000000e+00	0.000000e+00	2.634692e-11	1.640707e-19
37	0.000000e+00	2.056989e-05	-4.465588e-08	-1.763727e-05	-2.887958e-06	-0.000000e+00	0.000000e+00	1.312901e-19	3.604835e-23
38	0.000000e+00	2.708020e-06	-2.708020e-06	-7.280663e-22	-2.751766e-25	-0.000000e+00	0.000000e+00	1.186915e-22	1.261436e-17
39	0.000000e+00	3.573409e-08	-3.573409e-08	-0.000000e+00	-3.927974e-26	-0.000000e+00	0.000000e+00	-6.656725e-24	-2.965229e-18
72	0.000000e+00	2.173877e-05	-2.173877e-05	-0.000000e+00	-3.795148e-16	0.000000e+00	0.000000e+00	2.033114e-19	6.286550e-23
65	0.000000e+00	9.418247e+00	-9.418121e+00	-7.719526e-05	-4.813500e-05	0.000000e+00	0.000000e+00	-3.432462e-13	-2.341778e-17
66	0.000000e+00	1.006345e-03	-1.005869e-03	-4.593702e-07	-1.686513e-08	0.000000e+00	0.000000e+00	-5.910873e-17	-1.306423e-18
109	0.000000e+00	9.113202e-08	-8.986791e-08	-0.000000e+00	-1.264110e-09	-0.000000e+00	0.000000e+00	-5.655847e-21	-1.364697e-19
67	0.000000e+00	7.169960e-14	-7.169960e-14	-0.000000e+00	-5.826285e-32	-0.000000e+00	0.000000e+00	-1.268004e-29	-3.094318e-18
110	0.000000e+00	2.886284e-16	-2.811047e-16	-0.000000e+00	-7.523705e-18	0.000000e+00	0.000000e+00	-6.932886e-29	-2.159253e-19
106	0.000000e+00	6.755771e-40	-6.755771e-40	-0.000000e+00	-2.448878e-59	-0.000000e+00	0.000000e+00	-7.422558e-54	-1.046314e-18
107	0.000000e+00	2.527334e-18	-2.527334e-18	-0.000000e+00	-1.655548e-33	-0.000000e+00	0.000000e+00	2.607784e-32	4.386477e-21
108	0.000000e+00	2.527334e-18	-2.527334e-18	-0.000000e+00	-1.903361e-33	-0.000000e+00	0.000000e+00	-2.694045e-32	-1.048003e-18
49	0.000000e+00	5.219121e-05	-5.215251e-05	-3.869453e-08	-9.195646e-12	0.000000e+00	0.000000e+00	-1.645200e-18	-2.065712e-19
50	0.000000e+00	8.260400e-20	-8.260400e-20	-2.934561e-29	-1.074162e-39	0.000000e+00	0.000000e+00	-4.031933e-30	-3.300784e-11
51	0.000000e+00	0.000000e+00	0.000000e+00	-0.000000e+00	0.000000e+00	0.000000e+00	0.000000e+00	0.000000e+00	nan
69	0.000000e+00	0.000000e+00	0.000000e+00	-0.000000e+00	0.000000e+00	0.000000e+00	0.000000e+00	0.000000e+00	nan
