# z		 z0		 z1		 T		 P		1		2		3		4		5		6		7		8		9		10		11		12		13		14		15		16		17		18		19		20		21		22		23		24		25		26		27		28		29		30		31		32		33		34		35		36		37		38		39		40		41		42		43		44		45		46		47		48		49		50		51		52		53		54		55		56		57		58		59		60		61		62		63		64		65		66		67		68		69		70		71		72		73		74		75		76		77		78		79		80		81		82		83		84		85		86		87		88		89		90		91		92		93		94		95		96		97		98		99		100		101		102		103		104		105		106		107		108		109		110		111		
#  km		 km		 km		 K		 Pa		
1.000000 0.000000 2.000000 278.228305 9.110634e+04 1.488038e+04 8.736721e-08 7.787492e+09 1.064244e+06 2.268538e+00 2.755005e+04 3.106937e+17 4.305803e-08 5.439107e-02 4.639808e-07 2.021244e+04 6.443946e+01 5.847589e-06 8.568452e-12 3.823540e-25 1.077888e+01 7.450882e-01 3.341358e-05 3.331477e-15 1.705687e+11 5.080215e+11 7.939112e+08 9.062608e-13 3.464167e+08 4.343677e-08 4.089980e-42 3.029323e-08 6.231714e-11 3.877857e-01 1.187941e-01 3.616882e+05 1.649483e-12 3.198822e+01 9.132657e-02 9.593608e+01 3.848710e-04 1.991146e+02 3.005050e-12 1.099733e-11 9.522967e-15 0.000000e+00 9.422021e-17 0.000000e+00 1.079410e-25 1.390079e-18 8.359026e-18 1.547104e-18 5.779293e-13 1.719934e-27 3.318381e-38 0.000000e+00 2.371708e+15 4.797553e+14 6.886805e+01 2.134537e+19 7.080854e-13 1.202132e-04 3.168114e-12 1.864245e-05 2.085207e+03 1.108131e+06 1.154767e+03 1.651461e+08 1.053036e-18 1.852999e-03 7.547221e-09 5.489309e-17 0.000000e+00 0.000000e+00 5.583481e-15 9.234616e-08 2.927173e-04 1.713956e-14 0.000000e+00 0.000000e+00 0.000000e+00 0.000000e+00 0.000000e+00 0.000000e+00 3.924653e-10 0.000000e+00 0.000000e+00 0.000000e+00 0.000000e+00 0.000000e+00 0.000000e+00 0.000000e+00 0.000000e+00 0.000000e+00 0.000000e+00 0.000000e+00 0.000000e+00 0.000000e+00 0.000000e+00 0.000000e+00 0.000000e+00 0.000000e+00 0.000000e+00 0.000000e+00 0.000000e+00 0.000000e+00 0.000000e+00 0.000000e+00 0.000000e+00 0.000000e+00 6.608596e-46 1.538702e-21 3.041257e-20 6.282949e-08 1.885629e-13 0.000000e+00
3.000000 2.000000 4.000000 266.315586 7.128893e+04 2.478750e+05 3.000652e-05 5.419225e+09 6.946381e+05 1.649458e+01 3.805576e+04 2.007763e+16 3.221393e-07 8.960261e-02 2.158445e-06 1.654246e+04 5.416708e+01 3.620838e-05 7.676766e-11 7.312684e-23 7.945764e+00 3.908395e-01 8.481740e-05 1.269520e-14 1.417284e+11 4.151237e+11 5.707457e+08 1.447644e-12 2.714171e+08 1.845978e-07 1.894293e-40 7.553741e-07 7.711711e-10 2.767011e-01 7.106976e-02 2.976683e+05 8.705759e-12 2.246829e+01 4.686538e-02 6.336415e+01 1.705432e-04 1.632495e+02 2.690676e-12 1.780927e-10 8.139285e-15 0.000000e+00 8.758731e-17 0.000000e+00 0.000000e+00 1.199812e-18 6.842061e-18 1.270694e-18 4.726655e-13 1.859158e-27 2.750231e-38 0.000000e+00 1.938826e+15 3.921905e+14 1.069726e+03 1.744945e+19 1.329893e-12 2.582234e-04 1.193624e-11 6.229803e-06 1.085076e+03 7.347002e+05 5.579258e+02 1.353246e+08 5.120658e-16 7.131411e-04 8.933808e-09 4.727173e-17 0.000000e+00 0.000000e+00 1.570477e-12 1.022926e-06 1.317831e-03 2.870442e-14 0.000000e+00 0.000000e+00 1.722873e-31 0.000000e+00 0.000000e+00 0.000000e+00 3.607681e-10 0.000000e+00 0.000000e+00 0.000000e+00 0.000000e+00 0.000000e+00 0.000000e+00 0.000000e+00 0.000000e+00 0.000000e+00 0.000000e+00 0.000000e+00 0.000000e+00 0.000000e+00 0.000000e+00 0.000000e+00 0.000000e+00 0.000000e+00 0.000000e+00 0.000000e+00 0.000000e+00 0.000000e+00 0.000000e+00 0.000000e+00 0.000000e+00 0.000000e+00 1.303515e-45 2.409918e-20 5.685258e-19 5.537724e-08 1.599232e-13 0.000000e+00
5.000000 4.000000 6.000000 252.280877 5.508120e+04 7.034168e+05 2.811221e-04 8.964876e+09 1.882444e+06 7.554329e+01 1.526331e+05 6.045320e+15 1.634441e-05 1.197751e-01 2.987091e-06 1.353909e+04 4.470433e+01 5.264819e-05 2.333986e-10 2.764740e-21 5.955799e+00 7.310803e-01 1.663239e-04 3.126540e-13 1.186349e+11 3.383953e+11 4.488329e+08 2.173051e-12 2.054922e+08 7.293769e-07 2.084168e-39 2.174565e-05 1.441920e-08 3.174665e-01 6.571486e-02 2.456143e+05 1.413065e-10 1.110023e+01 1.548959e-02 2.714948e+01 7.508398e-05 1.336414e+02 4.222454e-12 1.183703e-10 7.716253e-15 8.177073e-30 1.255670e-16 8.147665e-16 2.336459e-22 5.559113e-19 6.422927e-18 1.628416e-18 3.885738e-13 2.582675e-27 2.666885e-38 0.000000e+00 1.581363e+15 3.198781e+14 5.703448e+03 1.423231e+19 1.860957e-12 8.325561e-04 1.218616e-10 1.096328e-05 7.884751e+02 4.662879e+05 2.840971e+02 1.065651e+08 4.716754e-14 2.744536e-04 7.586941e-09 7.442029e-17 1.707085e-20 0.000000e+00 8.138210e-11 2.278960e-06 4.505644e-03 3.937867e-14 3.782384e-27 2.560788e-26 1.148484e-31 0.000000e+00 0.000000e+00 0.000000e+00 4.857030e-10 0.000000e+00 0.000000e+00 0.000000e+00 0.000000e+00 0.000000e+00 0.000000e+00 0.000000e+00 0.000000e+00 0.000000e+00 0.000000e+00 0.000000e+00 0.000000e+00 0.000000e+00 0.000000e+00 0.000000e+00 0.000000e+00 0.000000e+00 0.000000e+00 0.000000e+00 0.000000e+00 0.000000e+00 0.000000e+00 0.000000e+00 0.000000e+00 0.000000e+00 3.489638e-45 2.933754e-20 8.957360e-19 4.830526e-08 1.444151e-13 0.000000e+00
7.000000 6.000000 8.000000 235.468069 4.186426e+04 1.618238e+06 2.364169e-03 1.113911e+10 3.757610e+06 2.831559e+02 5.146479e+05 1.179842e+15 8.804407e-05 1.374024e-01 4.141318e-06 1.110325e+04 3.666328e+01 8.495031e-05 8.260495e-10 2.797281e-20 4.521955e+00 1.079158e+00 3.137023e-04 3.864550e-12 1.012555e+11 2.753537e+11 3.228996e+08 3.225466e-12 1.512785e+08 3.626072e-06 7.242325e-39 9.110966e-04 3.824142e-07 4.116173e-01 6.403112e-02 2.041011e+05 2.299307e-09 6.175870e+00 6.284843e-03 1.373101e+01 9.642378e-05 1.093237e+02 3.704957e-12 7.227477e-11 7.368445e-15 2.200163e-29 2.012490e-16 3.814431e-15 1.036391e-20 4.354648e-19 8.454991e-18 2.381233e-18 3.151881e-13 4.157500e-27 3.502384e-38 0.000000e+00 1.287724e+15 2.604758e+14 2.373798e+04 1.158958e+19 2.339656e-12 1.867548e-03 8.321375e-10 1.250500e-05 5.656810e+02 2.780441e+05 1.498894e+02 8.414236e+07 5.012337e-12 1.119418e-04 7.861518e-09 2.400801e-16 1.295581e-19 0.000000e+00 8.946972e-10 5.185688e-06 1.539939e-02 4.846404e-14 2.604748e-26 1.763935e-25 4.584715e-33 8.310843e-64 0.000000e+00 0.000000e+00 6.750845e-10 0.000000e+00 0.000000e+00 0.000000e+00 0.000000e+00 0.000000e+00 0.000000e+00 0.000000e+00 0.000000e+00 0.000000e+00 0.000000e+00 0.000000e+00 0.000000e+00 0.000000e+00 0.000000e+00 0.000000e+00 0.000000e+00 0.000000e+00 0.000000e+00 0.000000e+00 0.000000e+00 0.000000e+00 0.000000e+00 0.000000e+00 0.000000e+00 0.000000e+00 1.147847e-44 4.827238e-20 2.038892e-18 4.233176e-08 1.422955e-13 0.000000e+00
9.000000 8.000000 10.000000 216.863715 3.113798e+04 4.103851e+06 3.237702e-02 9.833340e+09 4.838089e+06 1.071850e+03 9.784602e+05 1.414970e+14 4.158531e-04 1.323613e-01 5.768654e-06 9.077463e+03 3.003032e+01 1.946884e-04 4.413111e-09 2.035969e-19 3.452549e+00 1.064331e+00 5.898145e-04 1.155489e-11 8.882363e+10 2.221589e+11 1.908338e+08 4.881667e-12 1.100881e+08 2.036349e-05 3.835671e-39 3.087145e-02 7.272891e-06 5.187560e-01 5.629624e-02 1.704266e+05 6.835115e-08 4.364470e+00 3.328966e-03 7.276976e+00 2.146199e-04 8.878790e+01 1.622292e-12 6.426401e-11 5.547984e-15 5.572372e-30 2.215071e-16 2.359992e-15 7.090854e-20 2.996643e-19 8.354728e-18 2.422313e-18 2.378647e-13 7.178166e-27 6.352847e-38 0.000000e+00 1.039948e+15 2.103518e+14 9.797085e+04 9.359655e+18 3.021256e-12 2.983787e-03 1.914391e-09 7.226579e-06 3.524982e+02 1.547733e+05 9.355846e+01 6.529571e+07 3.509106e-10 5.510458e-05 1.306165e-08 1.315303e-15 1.193578e-19 0.000000e+00 6.389612e-09 1.419385e-05 4.262581e-02 5.502525e-14 1.841296e-26 1.253202e-25 7.931513e-33 4.037686e-60 0.000000e+00 0.000000e+00 8.490345e-10 0.000000e+00 0.000000e+00 0.000000e+00 0.000000e+00 0.000000e+00 0.000000e+00 0.000000e+00 0.000000e+00 0.000000e+00 0.000000e+00 0.000000e+00 0.000000e+00 0.000000e+00 0.000000e+00 0.000000e+00 0.000000e+00 0.000000e+00 0.000000e+00 0.000000e+00 0.000000e+00 0.000000e+00 0.000000e+00 0.000000e+00 0.000000e+00 0.000000e+00 4.244647e-44 1.213795e-19 7.331125e-18 3.761614e-08 1.535706e-13 0.000000e+00
11.000000 10.000000 12.000000 199.652460 2.255968e+04 1.236822e+07 7.416472e-01 6.023350e+09 3.497817e+06 4.014160e+03 8.097128e+05 1.339495e+13 1.597397e-03 1.056640e-01 8.875385e-06 7.283209e+03 2.454617e+01 7.427791e-04 4.674628e-08 1.489961e-18 2.445572e+00 6.021817e-01 1.083158e-03 4.716986e-12 7.890989e+10 1.746156e+11 8.375890e+07 7.517022e-12 7.911845e+07 1.086446e-04 4.137460e-40 5.307899e-01 6.602160e-05 5.775557e-01 3.897530e-02 1.407684e+05 2.073971e-06 4.339486e+00 2.289531e-03 4.429964e+00 5.608005e-04 7.036383e+01 3.665117e-13 6.291819e-11 5.986498e-15 1.054763e-31 3.196949e-16 4.480971e-15 1.057503e-18 2.822568e-19 1.070249e-17 3.160129e-18 1.665022e-13 1.274610e-26 1.602055e-37 0.000000e+00 8.183929e+14 1.655321e+14 4.041095e+05 7.365708e+18 1.384580e-11 2.300539e-03 8.262614e-10 1.965992e-06 1.775536e+02 8.284882e+04 6.447357e+01 4.012533e+07 1.206538e-08 3.011401e-05 2.929577e-08 8.725953e-15 2.706833e-19 0.000000e+00 4.826617e-08 4.488902e-05 8.262056e-02 5.846196e-14 4.902860e-26 3.339195e-25 7.040433e-33 1.957960e-56 0.000000e+00 0.000000e+00 8.629396e-10 0.000000e+00 0.000000e+00 0.000000e+00 0.000000e+00 0.000000e+00 0.000000e+00 0.000000e+00 0.000000e+00 0.000000e+00 0.000000e+00 0.000000e+00 0.000000e+00 0.000000e+00 0.000000e+00 0.000000e+00 0.000000e+00 0.000000e+00 0.000000e+00 0.000000e+00 0.000000e+00 0.000000e+00 0.000000e+00 0.000000e+00 0.000000e+00 0.000000e+00 1.660647e-43 4.512314e-19 3.294550e-17 3.524624e-08 1.780910e-13 0.000000e+00
13.000000 12.000000 14.000000 188.900543 1.597682e+04 3.251132e+07 1.502413e+01 3.545358e+09 2.967418e+06 1.626171e+04 6.677866e+05 2.396958e+12 4.204706e-03 7.169232e-02 1.369913e-05 5.614962e+03 1.938424e+01 2.364274e-03 4.498171e-07 1.011292e-17 1.304410e+00 3.558965e-01 1.818565e-03 3.844055e-12 6.801302e+10 1.304916e+11 2.891594e+07 1.146439e-11 5.410785e+07 4.595271e-04 7.398004e-41 3.442445e+00 2.646344e-04 8.831341e-01 3.498877e-02 1.122804e+05 2.714158e-05 6.020341e+00 3.730904e-03 4.733602e+00 2.090272e-03 5.314376e+01 1.354639e-13 7.416006e-11 6.027192e-15 0.000000e+00 5.870938e-16 9.320382e-15 1.044593e-17 2.431313e-19 1.528758e-17 4.770591e-18 1.026734e-13 2.289282e-26 6.409885e-37 0.000000e+00 6.125686e+14 1.238953e+14 1.979273e+06 5.513325e+18 3.300394e-10 1.079536e-03 6.644319e-10 1.356167e-06 1.316946e+02 4.830138e+04 6.049491e+01 1.788002e+07 1.524293e-07 2.085771e-05 6.337798e-08 3.373808e-14 7.884263e-19 0.000000e+00 3.102809e-07 2.586630e-04 1.183309e-01 5.784840e-14 1.489482e-25 1.013765e-24 0.000000e+00 1.686989e-57 0.000000e+00 0.000000e+00 1.191044e-09 0.000000e+00 0.000000e+00 0.000000e+00 0.000000e+00 0.000000e+00 0.000000e+00 0.000000e+00 0.000000e+00 0.000000e+00 0.000000e+00 0.000000e+00 0.000000e+00 0.000000e+00 0.000000e+00 0.000000e+00 0.000000e+00 0.000000e+00 0.000000e+00 0.000000e+00 0.000000e+00 0.000000e+00 0.000000e+00 0.000000e+00 0.000000e+00 0.000000e+00 6.056369e-43 1.496369e-18 9.133353e-17 3.691294e-08 2.140228e-13 0.000000e+00
15.000000 14.000000 16.000000 183.412478 1.116014e+04 6.388369e+07 1.758525e+02 2.367680e+09 3.758232e+06 6.331752e+04 8.061271e+05 9.307464e+11 7.613514e-03 4.145914e-02 1.745725e-05 4.227839e+03 1.472402e+01 4.285423e-03 1.664594e-06 3.970131e-17 5.184957e-01 2.792427e-01 2.603566e-03 1.400245e-11 5.703338e+10 9.366922e+10 9.016602e+06 1.786492e-11 3.510300e+07 1.778151e-03 4.758512e-41 1.159429e+01 6.585979e-04 1.511366e+00 4.360528e-02 8.787838e+04 2.213660e-04 8.869174e+00 1.076280e-02 6.847727e+00 7.751645e-03 3.870343e+01 1.128727e-13 1.131768e-10 3.807620e-15 6.774445e-30 9.093291e-16 1.546267e-14 5.276422e-17 1.339027e-19 1.572266e-17 5.525461e-18 5.242087e-14 4.248233e-26 4.460335e-36 0.000000e+00 4.406871e+14 8.912587e+13 1.025824e+07 3.966405e+18 5.662263e-09 4.840216e-04 1.918912e-09 3.082358e-06 1.514725e+02 3.110040e+04 7.103257e+01 8.956835e+06 9.582114e-07 1.679812e-05 1.045081e-07 7.813201e-14 2.296811e-18 0.000000e+00 1.320313e-06 2.152487e-03 1.449145e-01 5.454590e-14 3.673913e-25 2.497785e-24 2.038009e-31 8.834901e-60 0.000000e+00 0.000000e+00 2.344542e-09 0.000000e+00 0.000000e+00 0.000000e+00 0.000000e+00 0.000000e+00 0.000000e+00 0.000000e+00 0.000000e+00 0.000000e+00 0.000000e+00 0.000000e+00 0.000000e+00 0.000000e+00 0.000000e+00 0.000000e+00 0.000000e+00 0.000000e+00 0.000000e+00 0.000000e+00 0.000000e+00 0.000000e+00 0.000000e+00 0.000000e+00 0.000000e+00 0.000000e+00 1.519395e-42 3.147639e-18 1.364029e-16 4.369500e-08 2.582973e-13 0.000000e+00
17.000000 16.000000 18.000000 179.649306 7.728584e+03 9.624100e+07 1.072134e+03 1.743629e+09 5.391813e+06 1.895002e+05 1.204359e+06 4.682271e+11 1.021788e-02 2.023759e-02 1.685388e-05 3.200935e+03 1.092450e+01 5.120016e-03 2.803813e-06 6.420335e-17 1.879211e-01 2.367869e-01 2.981558e-03 8.299820e-11 4.741329e+10 6.601836e+10 2.762117e+06 2.900380e-11 2.201181e+07 7.319470e-03 4.416233e-41 2.801011e+01 1.229852e-03 2.222004e+00 5.528488e-02 6.939757e+04 1.368155e-03 1.228236e+01 2.835429e-02 8.909622e+00 2.091687e-02 2.783017e+01 1.275395e-13 1.751045e-10 1.546108e-15 3.928592e-30 9.310186e-16 1.803827e-14 1.534131e-16 4.727132e-20 9.823951e-18 4.043262e-18 2.002250e-14 7.841207e-26 4.905266e-35 0.000000e+00 3.115692e+14 6.300791e+13 4.271273e+07 2.804340e+18 4.789674e-06 2.259282e-04 7.856829e-09 8.394270e-06 1.873027e+02 2.034537e+04 8.190541e+01 5.491678e+06 4.223650e-06 1.283311e-05 1.206985e-07 1.315827e-13 4.677714e-18 0.000000e+00 3.210755e-06 1.388341e-02 1.638298e-01 4.938411e-14 6.369281e-25 4.325628e-24 1.408817e-31 4.112253e-56 0.000000e+00 0.000000e+00 6.306094e-09 0.000000e+00 0.000000e+00 0.000000e+00 0.000000e+00 0.000000e+00 0.000000e+00 0.000000e+00 0.000000e+00 0.000000e+00 0.000000e+00 0.000000e+00 0.000000e+00 0.000000e+00 0.000000e+00 0.000000e+00 0.000000e+00 0.000000e+00 0.000000e+00 0.000000e+00 0.000000e+00 0.000000e+00 0.000000e+00 0.000000e+00 0.000000e+00 0.000000e+00 1.728763e-42 3.695337e-18 1.140361e-16 5.643714e-08 2.929112e-13 0.000000e+00
19.000000 18.000000 20.000000 177.267493 5.320585e+03 1.068538e+08 3.079946e+03 1.425554e+09 8.386542e+06 4.095338e+05 1.984347e+06 2.926878e+11 9.969473e-03 8.475109e-03 1.260013e-05 2.461870e+03 8.002835e+00 4.085783e-03 2.168337e-06 3.739372e-17 7.826850e-02 2.086545e-01 2.674754e-03 3.491099e-09 3.919899e+10 4.585245e+10 8.722962e+05 4.911080e-11 1.341143e+07 3.346498e-02 6.129235e-41 5.596747e+01 2.048266e-03 3.447638e+00 7.451092e-02 5.588716e+04 7.782266e-03 1.677286e+01 6.155301e-02 9.923102e+00 4.312416e-02 1.987932e+01 3.417682e-13 2.812652e-10 4.479476e-16 8.600419e-31 6.155073e-16 1.436366e-14 2.561592e-16 1.204021e-20 4.148604e-18 1.875239e-18 4.965507e-15 1.325170e-25 7.145273e-34 0.000000e+00 2.173695e+14 4.395418e+13 1.306487e+08 1.956531e+18 2.829127e-05 1.132114e-04 1.635440e-07 3.866401e-05 2.393945e+02 1.352789e+04 8.877745e+01 4.103570e+06 1.485573e-05 8.960187e-06 9.520992e-08 1.942962e-13 6.236642e-18 0.000000e+00 3.999126e-06 6.089833e-02 1.766555e-01 4.231118e-14 7.531632e-25 5.108890e-24 4.179305e-33 6.347879e-60 0.000000e+00 0.000000e+00 3.369382e-07 0.000000e+00 0.000000e+00 0.000000e+00 0.000000e+00 0.000000e+00 0.000000e+00 0.000000e+00 0.000000e+00 0.000000e+00 0.000000e+00 0.000000e+00 0.000000e+00 0.000000e+00 0.000000e+00 0.000000e+00 0.000000e+00 0.000000e+00 0.000000e+00 0.000000e+00 0.000000e+00 0.000000e+00 0.000000e+00 0.000000e+00 0.000000e+00 0.000000e+00 7.931379e-43 2.446545e-18 5.787932e-17 7.988425e-08 3.025538e-13 0.000000e+00
21.000000 20.000000 22.000000 175.621817 3.647994e+03 9.237173e+07 5.365862e+03 1.217058e+09 1.389192e+07 7.340267e+05 3.358394e+06 2.069586e+11 7.483858e-03 3.242443e-03 8.560772e-06 1.936560e+03 5.876369e+00 2.762295e-03 1.151784e-06 1.318724e-17 3.860102e-02 1.906187e-01 2.183141e-03 1.395081e-04 3.245669e+10 3.152624e+10 3.090899e+05 8.696273e-11 8.102767e+06 1.829212e-01 1.055766e-40 1.008950e+02 3.294885e-03 1.278317e+01 1.232254e-01 4.640958e+04 3.086034e-01 3.068755e+01 2.038418e-01 1.483001e+01 1.350262e-01 1.421787e+01 1.772753e-10 5.073126e-10 9.004711e-17 0.000000e+00 2.590561e-16 8.211183e-15 2.873388e-16 2.291398e-21 1.225246e-18 5.526782e-19 7.118282e-16 1.977492e-25 1.082812e-32 0.000000e+00 1.504282e+14 3.041494e+13 3.316057e+08 1.354042e+18 8.456565e-05 5.730000e-05 4.539113e-03 3.977715e-01 5.768166e+02 9.074277e+03 9.708302e+01 3.269504e+06 4.554122e-05 6.233481e-06 6.592677e-08 2.730867e-13 6.023590e-18 0.000000e+00 3.402369e-06 3.979899e-01 1.852822e-01 3.408143e-14 6.377559e-25 4.319682e-24 0.000000e+00 1.955120e-57 0.000000e+00 0.000000e+00 8.199510e-03 0.000000e+00 0.000000e+00 0.000000e+00 0.000000e+00 0.000000e+00 0.000000e+00 0.000000e+00 0.000000e+00 0.000000e+00 0.000000e+00 0.000000e+00 0.000000e+00 0.000000e+00 0.000000e+00 0.000000e+00 0.000000e+00 0.000000e+00 0.000000e+00 0.000000e+00 0.000000e+00 0.000000e+00 0.000000e+00 0.000000e+00 0.000000e+00 0.000000e+00 2.196173e-43 1.215737e-18 2.311418e-17 1.260741e-07 2.964315e-13 0.000000e+00
23.000000 22.000000 24.000000 174.854077 2.495361e+03 7.402238e+07 8.150398e+03 1.011078e+09 2.287098e+07 1.226038e+06 5.246508e+06 1.455120e+11 4.904999e-03 1.191215e-03 5.856979e-06 1.557959e+03 4.370057e+00 2.262965e-03 7.758773e-07 6.233272e-18 1.951192e-02 1.695754e-01 1.998216e-03 5.218684e-03 2.722124e+10 2.145416e+10 2.647701e+05 1.582614e-10 5.101638e+06 1.260180e+00 2.427165e-40 1.707871e+02 5.207556e-03 7.227120e+01 2.666852e-01 3.998077e+04 5.720577e+00 8.017092e+01 1.406860e+00 4.379196e+01 9.991658e-01 1.022585e+01 4.037647e-09 1.202760e-09 1.369851e-17 5.493490e-30 8.164478e-17 3.798742e-15 2.621275e-16 3.585275e-22 2.698422e-19 1.190020e-19 5.272002e-17 2.751417e-25 1.209041e-31 0.000000e+00 1.033455e+14 2.089327e+13 8.058825e+08 9.302806e+17 3.464781e-04 2.592019e-05 9.960385e-02 5.854302e+00 4.404297e+03 6.338339e+03 1.187763e+02 2.237774e+06 1.292623e-04 4.961245e-06 5.805660e-08 3.543232e-13 4.646996e-18 0.000000e+00 2.997321e-06 7.897307e+00 1.907825e-01 2.580995e-14 4.366683e-25 2.951866e-24 0.000000e+00 2.794838e-61 0.000000e+00 0.000000e+00 1.281211e-01 0.000000e+00 0.000000e+00 0.000000e+00 0.000000e+00 0.000000e+00 0.000000e+00 0.000000e+00 0.000000e+00 0.000000e+00 0.000000e+00 0.000000e+00 0.000000e+00 0.000000e+00 0.000000e+00 0.000000e+00 0.000000e+00 0.000000e+00 0.000000e+00 0.000000e+00 0.000000e+00 0.000000e+00 0.000000e+00 0.000000e+00 0.000000e+00 0.000000e+00 5.135266e-44 5.794958e-19 8.749740e-18 2.098079e-07 2.898962e-13 0.000000e+00
25.000000 24.000000 26.000000 174.968016 1.706219e+03 5.994960e+07 1.057532e+04 8.494091e+08 3.314387e+07 1.746444e+06 6.608130e+06 1.015860e+11 3.363872e-03 4.569168e-04 4.304787e-06 1.260863e+03 3.333295e+00 2.151804e-03 6.233829e-07 4.006818e-18 9.997008e-03 1.326752e-01 1.903316e-03 3.176652e-02 2.353678e+10 1.445735e+10 3.036083e+05 2.571677e-10 3.679834e+06 5.648603e+00 7.622278e-40 2.702849e+02 7.964987e-03 1.399819e+02 4.515550e-01 3.594742e+04 1.997391e+01 1.324606e+02 4.031746e+00 7.469240e+01 3.032282e+00 7.442693e+00 1.550316e-08 2.738668e-09 2.437318e-18 1.091882e-29 2.703181e-17 1.700610e-15 2.122601e-16 5.740600e-23 6.100047e-20 2.626235e-20 2.258540e-18 3.953099e-25 7.061613e-31 0.000000e+00 7.061236e+13 1.427476e+13 1.721013e+09 6.356713e+17 8.518507e-04 1.205764e-05 3.754243e-01 1.431144e+01 1.127137e+04 4.748203e+03 1.575826e+02 1.298790e+06 3.334443e-04 4.460208e-06 6.261135e-08 4.593386e-13 2.900425e-18 0.000000e+00 2.582038e-06 4.440937e+01 1.942030e-01 1.856849e-14 2.892038e-25 1.949642e-24 1.522659e-32 3.508293e-60 0.000000e+00 0.000000e+00 3.346485e-01 0.000000e+00 0.000000e+00 0.000000e+00 0.000000e+00 0.000000e+00 0.000000e+00 0.000000e+00 0.000000e+00 0.000000e+00 0.000000e+00 0.000000e+00 0.000000e+00 0.000000e+00 0.000000e+00 0.000000e+00 0.000000e+00 0.000000e+00 0.000000e+00 0.000000e+00 0.000000e+00 0.000000e+00 0.000000e+00 0.000000e+00 0.000000e+00 0.000000e+00 1.235459e-44 2.936291e-19 3.601725e-18 3.002202e-07 2.941858e-13 0.000000e+00
27.000000 26.000000 28.000000 175.425138 1.167698e+03 5.109098e+07 1.185103e+04 7.410836e+08 4.066689e+07 2.096103e+06 6.451075e+06 7.037408e+10 2.639149e-03 2.018394e-04 3.602327e-06 1.016505e+03 2.634951e+00 2.014160e-03 4.547671e-07 2.360494e-18 5.279366e-03 9.017751e-02 1.606650e-03 9.738170e-02 2.141533e+10 9.671513e+09 3.058840e+05 3.842318e-10 3.264282e+06 1.434137e+01 2.692331e-39 4.130586e+02 1.179391e-02 1.890350e+02 6.115525e-01 3.375851e+04 4.249146e+01 1.695994e+02 6.968737e+00 9.423183e+01 5.372974e+00 5.533021e+00 3.495779e-08 5.105935e-09 7.122566e-19 0.000000e+00 1.266470e-17 9.322869e-16 1.778802e-16 1.265253e-23 1.934299e-20 8.169200e-21 1.167642e-19 6.411530e-25 3.125718e-30 0.000000e+00 4.819445e+13 9.743139e+12 3.119891e+09 4.339053e+17 1.546191e-03 6.430669e-06 8.416958e-01 2.004010e+01 1.719883e+04 3.684579e+03 2.126551e+02 7.017535e+05 7.932673e-04 4.150965e-06 6.759899e-08 6.256574e-13 1.755196e-18 0.000000e+00 1.937179e-06 1.188346e+02 1.967178e-01 1.288212e-14 2.337972e-25 1.569966e-24 2.685875e-32 1.598523e-62 0.000000e+00 0.000000e+00 5.111958e-01 0.000000e+00 0.000000e+00 0.000000e+00 0.000000e+00 0.000000e+00 0.000000e+00 0.000000e+00 0.000000e+00 0.000000e+00 0.000000e+00 0.000000e+00 0.000000e+00 0.000000e+00 0.000000e+00 0.000000e+00 0.000000e+00 0.000000e+00 0.000000e+00 0.000000e+00 0.000000e+00 0.000000e+00 0.000000e+00 0.000000e+00 0.000000e+00 0.000000e+00 3.761930e-45 1.743705e-19 1.824223e-18 3.785123e-07 3.160735e-13 0.000000e+00
29.000000 28.000000 30.000000 175.687901 8.000267e+02 4.760504e+07 1.232173e+04 6.828542e+08 4.353307e+07 2.215866e+06 5.123778e+06 4.826846e+10 2.355450e-03 1.056550e-04 3.269211e-06 8.174565e+02 2.163430e+00 1.751729e-03 2.768213e-07 1.086702e-18 2.889492e-03 5.571165e-02 1.140278e-03 2.221870e-01 2.074182e+10 6.426221e+09 3.504469e+05 5.947823e-10 3.458735e+06 2.750708e+01 8.993510e-39 6.314301e+02 1.710459e-02 2.739695e+02 7.636924e-01 3.279266e+04 9.277120e+01 2.362422e+02 1.094439e+01 1.267438e+02 8.402577e+00 4.233968e+00 1.244208e-07 1.117013e-08 3.786018e-19 0.000000e+00 9.580127e-18 7.314710e-16 1.744101e-16 5.280372e-24 9.920700e-21 4.166746e-21 2.442143e-20 1.157558e-24 1.293213e-29 0.000000e+00 3.296423e+13 6.665503e+12 4.912422e+09 2.968376e+17 2.757803e-03 4.016336e-06 1.810702e+00 2.574052e+01 2.362316e+04 3.090484e+03 2.804453e+02 3.781043e+05 1.836148e-03 3.871458e-06 6.622444e-08 8.687029e-13 1.238425e-18 0.000000e+00 1.259963e-06 2.325783e+02 1.989319e-01 8.668958e-15 2.690746e-25 1.796790e-24 3.214142e-32 1.862440e-61 0.000000e+00 0.000000e+00 7.456194e-01 0.000000e+00 0.000000e+00 0.000000e+00 0.000000e+00 0.000000e+00 0.000000e+00 0.000000e+00 0.000000e+00 0.000000e+00 0.000000e+00 0.000000e+00 0.000000e+00 0.000000e+00 0.000000e+00 0.000000e+00 0.000000e+00 0.000000e+00 0.000000e+00 0.000000e+00 0.000000e+00 0.000000e+00 0.000000e+00 0.000000e+00 0.000000e+00 0.000000e+00 1.439597e-45 1.137166e-19 1.078753e-18 4.592157e-07 3.518432e-13 0.000000e+00
31.000000 30.000000 32.000000 175.687666 5.484047e+02 4.861205e+07 1.220325e+04 6.750689e+08 4.245762e+07 2.136046e+06 3.524666e+06 3.261840e+10 2.311634e-03 6.356552e-05 3.034698e-06 6.542810e+02 1.836880e+00 1.394410e-03 1.422550e-07 3.867445e-19 1.656911e-03 3.256757e-02 6.823794e-04 5.020558e-01 2.121183e+10 4.223699e+09 4.996026e+05 9.673825e-10 4.001854e+06 4.582267e+01 2.852802e-38 9.596086e+02 2.431085e-02 4.879807e+02 9.966524e-01 3.229678e+04 2.464845e+02 3.993888e+02 1.823573e+01 2.056352e+02 1.355503e+01 3.344075e+00 3.857530e-07 2.595956e-08 3.148852e-19 3.557816e-30 1.038076e-17 7.573977e-16 1.918733e-16 4.181207e-24 7.361852e-21 3.111883e-21 1.175611e-20 2.157244e-24 5.094077e-29 0.000000e+00 2.258964e+13 4.569815e+12 6.903319e+09 2.034774e+17 5.106253e-03 3.034442e-06 4.487938e+00 3.575461e+01 3.417310e+04 3.006182e+03 3.563596e+02 2.090729e+05 4.195330e-03 3.600302e-06 5.671631e-08 1.186757e-12 9.775743e-19 0.000000e+00 7.134698e-07 3.975106e+02 2.006022e-01 5.613545e-15 4.068291e-25 2.695057e-24 0.000000e+00 4.224578e-62 0.000000e+00 0.000000e+00 1.253019e+00 0.000000e+00 0.000000e+00 0.000000e+00 0.000000e+00 0.000000e+00 0.000000e+00 0.000000e+00 0.000000e+00 0.000000e+00 0.000000e+00 0.000000e+00 0.000000e+00 0.000000e+00 0.000000e+00 0.000000e+00 0.000000e+00 0.000000e+00 0.000000e+00 0.000000e+00 0.000000e+00 0.000000e+00 0.000000e+00 0.000000e+00 0.000000e+00 0.000000e+00 5.669470e-46 7.236252e-20 6.693626e-19 5.484652e-07 3.896319e-13 0.000000e+00
33.000000 32.000000 34.000000 175.694716 3.759836e+02 5.308163e+07 1.142757e+04 7.170686e+08 3.902371e+07 1.913915e+06 2.194728e+06 2.159301e+10 2.415762e-03 4.271760e-05 2.876406e-06 5.173633e+02 1.599161e+00 1.009608e-03 6.367315e-08 1.088854e-19 9.976265e-04 1.835118e-02 3.483853e-04 1.182535e+00 2.242964e+10 2.727216e+09 7.652663e+05 1.537997e-09 4.602643e+06 6.112510e+01 9.479367e-38 1.398753e+03 3.320780e-02 9.325295e+02 1.443933e+00 3.112158e+04 6.898268e+02 7.169195e+02 2.900016e+01 3.520763e+02 2.026821e+01 2.720078e+00 8.751541e-07 4.859312e-08 3.201917e-19 1.659285e-30 1.286026e-17 8.485481e-16 2.061588e-16 4.435482e-24 6.316066e-21 2.698618e-21 7.412805e-21 3.818914e-24 1.762275e-28 0.000000e+00 1.547900e+13 3.133887e+12 8.878700e+09 1.394975e+17 9.257946e-03 2.850986e-06 1.159532e+01 4.801188e+01 4.757378e+04 3.200560e+03 4.124091e+02 1.183992e+05 9.119420e-03 3.073044e-06 3.999437e-08 1.551111e-12 7.328744e-19 0.000000e+00 3.490823e-07 5.546216e+02 2.008493e-01 3.442043e-15 6.639414e-25 4.348222e-24 1.958344e-32 9.934162e-66 0.000000e+00 0.000000e+00 2.204398e+00 0.000000e+00 0.000000e+00 0.000000e+00 0.000000e+00 0.000000e+00 0.000000e+00 0.000000e+00 0.000000e+00 0.000000e+00 0.000000e+00 0.000000e+00 0.000000e+00 0.000000e+00 0.000000e+00 0.000000e+00 0.000000e+00 0.000000e+00 0.000000e+00 0.000000e+00 0.000000e+00 0.000000e+00 0.000000e+00 0.000000e+00 0.000000e+00 0.000000e+00 2.111279e-46 4.407617e-20 4.277151e-19 6.193815e-07 4.140135e-13 0.000000e+00
35.000000 34.000000 36.000000 176.000575 2.579089e+02 6.032744e+07 1.004345e+04 8.035028e+08 3.424126e+07 1.610043e+06 1.256639e+06 1.392962e+10 2.638429e-03 3.109654e-05 2.810020e-06 4.012547e+02 1.409936e+00 6.658635e-04 2.560102e-08 2.499328e-20 6.194173e-04 9.911351e-03 1.529507e-04 2.641013e+00 2.402695e+10 1.718431e+09 1.079629e+06 2.235797e-09 4.900793e+06 5.929446e+01 3.478586e-37 1.869581e+03 4.175372e-02 1.607393e+03 2.152003e+00 2.778526e+04 1.678778e+03 1.173991e+03 3.828588e+01 5.362962e+02 2.425887e+01 2.261305e+00 1.802440e-06 7.851915e-08 3.446405e-19 0.000000e+00 1.600524e-17 9.100980e-16 1.950187e-16 4.654708e-24 5.467255e-21 2.360132e-21 5.120718e-21 5.932179e-24 4.761866e-28 0.000000e+00 1.059097e+13 2.146970e+12 1.067836e+10 9.552315e+16 1.567926e-02 3.200304e-06 2.675336e+01 5.406355e+01 5.612729e+04 3.250380e+03 4.022997e+02 6.725284e+04 1.745773e-02 2.151289e-06 2.172448e-08 1.871330e-12 4.721505e-19 0.000000e+00 1.474423e-07 5.737814e+02 1.980715e-01 1.970213e-15 1.036078e-24 6.674891e-24 1.080651e-32 1.906994e-62 0.000000e+00 0.000000e+00 3.507266e+00 0.000000e+00 0.000000e+00 0.000000e+00 0.000000e+00 0.000000e+00 0.000000e+00 0.000000e+00 0.000000e+00 0.000000e+00 0.000000e+00 0.000000e+00 0.000000e+00 0.000000e+00 0.000000e+00 0.000000e+00 0.000000e+00 0.000000e+00 0.000000e+00 0.000000e+00 0.000000e+00 0.000000e+00 0.000000e+00 0.000000e+00 0.000000e+00 0.000000e+00 7.595730e-47 2.645264e-20 2.843670e-19 6.232083e-07 4.050061e-13 0.000000e+00
37.000000 36.000000 38.000000 176.794689 1.771685e+02 7.092517e+07 8.397436e+03 9.273805e+08 2.853314e+07 1.279356e+06 6.556566e+05 8.711781e+09 2.990347e-03 2.318095e-05 2.769817e-06 3.041319e+02 1.238250e+00 4.010086e-04 9.569826e-09 4.826593e-21 3.824421e-04 5.006550e-03 5.770247e-05 5.281669e+00 2.570552e+10 1.051410e+09 1.346207e+06 2.915917e-09 4.654939e+06 4.155070e+01 1.397847e-36 2.191067e+03 4.573378e-02 2.303997e+03 2.940135e+00 2.177508e+04 3.274779e+03 1.681335e+03 4.025367e+01 6.747739e+02 2.186498e+01 1.893818e+00 3.717755e-06 1.151889e-07 3.754043e-19 0.000000e+00 1.933826e-17 8.953376e-16 1.559652e-16 4.333862e-24 4.550044e-21 1.991270e-21 3.591349e-21 7.498405e-24 8.964939e-28 0.000000e+00 7.233557e+12 1.469089e+12 1.220665e+10 6.532419e+16 2.464524e-02 3.792254e-06 5.206414e+01 4.974336e+01 5.391214e+04 2.933854e+03 3.203731e+02 3.720107e+04 2.710710e-02 1.168808e-06 8.851207e-09 1.969387e-12 2.519094e-19 0.000000e+00 5.404001e-08 4.347787e+02 1.896083e-01 1.046725e-15 1.480701e-24 9.318840e-24 0.000000e+00 2.700783e-66 0.000000e+00 0.000000e+00 4.805716e+00 0.000000e+00 0.000000e+00 0.000000e+00 0.000000e+00 0.000000e+00 0.000000e+00 0.000000e+00 0.000000e+00 0.000000e+00 0.000000e+00 0.000000e+00 0.000000e+00 0.000000e+00 0.000000e+00 0.000000e+00 0.000000e+00 0.000000e+00 0.000000e+00 0.000000e+00 0.000000e+00 0.000000e+00 0.000000e+00 0.000000e+00 0.000000e+00 0.000000e+00 2.568555e-47 1.538035e-20 1.886135e-19 5.287223e-07 3.425454e-13 0.000000e+00
39.000000 38.000000 40.000000 178.106750 1.220047e+02 9.043186e+07 7.109805e+03 1.089310e+09 2.200907e+07 9.636689e+05 2.983782e+05 5.246285e+09 3.628628e-03 1.589168e-05 2.542153e-06 2.253698e+02 1.063880e+00 2.195707e-04 3.546915e-09 8.227965e-22 2.214773e-04 2.264631e-03 1.834607e-05 9.360068e+00 2.722668e+10 6.228175e+08 1.544710e+06 3.497472e-09 3.893184e+06 2.119008e+01 5.725659e-36 2.140291e+03 4.067265e-02 2.619828e+03 3.306918e+00 1.453696e+04 5.066559e+03 2.284713e+03 3.409200e+01 6.927337e+02 1.429020e+01 1.566804e+00 7.253459e-06 1.435337e-07 4.210590e-19 0.000000e+00 2.324106e-17 8.044377e-16 1.050181e-16 3.671850e-24 3.626814e-21 1.648529e-21 2.491812e-21 7.219933e-24 1.029569e-27 0.000000e+00 4.935031e+12 1.004885e+12 1.340868e+10 4.465318e+16 3.644406e-02 3.990800e-06 8.530474e+01 3.848255e+01 4.101965e+04 2.358234e+03 2.055137e+02 1.922630e+04 3.188127e-02 4.759814e-07 2.669969e-09 1.658362e-12 1.084487e-19 0.000000e+00 1.726372e-08 2.376898e+02 1.726988e-01 5.179662e-16 1.925673e-24 1.172768e-23 0.000000e+00 5.487633e-67 0.000000e+00 0.000000e+00 5.715586e+00 0.000000e+00 0.000000e+00 0.000000e+00 0.000000e+00 0.000000e+00 0.000000e+00 0.000000e+00 0.000000e+00 0.000000e+00 0.000000e+00 0.000000e+00 0.000000e+00 0.000000e+00 0.000000e+00 0.000000e+00 0.000000e+00 0.000000e+00 0.000000e+00 0.000000e+00 0.000000e+00 0.000000e+00 0.000000e+00 0.000000e+00 0.000000e+00 0.000000e+00 6.616504e-48 7.499078e-21 1.065304e-19 3.487299e-07 2.254583e-13 0.000000e+00
41.000000 40.000000 42.000000 179.645659 8.429029e+01 2.035360e+08 1.002029e+04 1.302288e+09 1.138825e+07 6.554787e+05 9.160441e+04 3.007842e+09 7.502527e-03 7.089724e-06 1.294669e-06 1.638843e+02 8.775619e-01 1.068765e-04 2.066345e-09 1.722603e-22 8.298268e-05 6.703064e-04 4.221352e-06 1.455655e+01 2.836208e+10 3.571297e+08 1.981027e+06 4.071730e-09 2.857454e+06 6.891220e+00 1.896388e-35 1.589816e+03 2.352099e-02 2.112796e+03 2.160437e+00 8.298466e+03 6.192035e+03 4.082550e+03 2.355360e+01 6.655923e+02 5.528220e+00 1.255136e+00 1.017563e-05 9.329214e-08 6.821337e-19 5.645397e-31 3.874839e-17 6.573641e-16 5.931690e-17 3.358354e-24 2.898793e-21 1.773400e-21 1.679935e-21 4.935236e-24 4.329085e-28 0.000000e+00 3.370651e+12 6.887542e+11 1.419592e+10 3.058561e+16 5.146838e-02 2.131652e-06 1.164054e+02 2.550545e+01 1.666427e+04 1.621353e+03 9.017439e+01 6.547229e+03 2.586605e-02 1.138546e-07 5.389514e-10 8.771896e-13 2.629639e-20 0.000000e+00 4.861226e-09 6.171747e+01 1.468071e-01 2.412914e-16 2.260304e-24 1.316005e-23 9.122449e-33 2.657414e-63 0.000000e+00 0.000000e+00 6.035810e+00 0.000000e+00 0.000000e+00 0.000000e+00 0.000000e+00 0.000000e+00 0.000000e+00 0.000000e+00 0.000000e+00 0.000000e+00 0.000000e+00 0.000000e+00 0.000000e+00 0.000000e+00 0.000000e+00 0.000000e+00 0.000000e+00 0.000000e+00 0.000000e+00 0.000000e+00 0.000000e+00 0.000000e+00 0.000000e+00 0.000000e+00 0.000000e+00 0.000000e+00 7.304572e-49 1.485400e-21 2.436951e-20 1.475875e-07 9.220779e-14 0.000000e+00
43.000000 42.000000 44.000000 180.794922 5.841511e+01 1.203972e+09 3.538650e+04 1.478640e+09 1.747195e+06 2.709646e+05 1.756797e+04 1.647308e+09 3.857465e-02 1.627604e-06 2.138485e-07 1.175261e+02 6.604242e-01 5.253739e-05 3.625525e-09 9.294356e-23 1.028373e-05 6.085355e-05 6.385382e-07 1.665620e+01 2.841070e+10 2.000843e+08 2.259305e+06 3.755686e-09 1.857038e+06 1.520667e+00 2.884137e-35 6.831420e+02 3.590609e-03 5.655562e+02 2.005148e-01 4.490489e+03 5.411227e+03 8.395756e+03 1.331695e+01 4.784167e+02 1.025284e+00 9.578886e-01 3.517547e-06 1.549912e-08 2.554923e-18 0.000000e+00 1.389321e-16 4.115448e-16 2.984121e-17 1.712279e-24 1.343475e-21 2.689549e-21 8.868166e-22 2.161120e-24 3.179437e-29 0.000000e+00 2.312255e+12 4.745167e+11 1.385344e+10 2.106178e+16 6.971361e-02 5.946793e-07 1.135981e+02 1.467328e+01 2.109941e+03 6.862849e+02 2.770372e+01 4.944321e+02 1.155119e-02 1.562890e-08 8.132796e-11 1.161228e-13 1.090524e-21 0.000000e+00 9.377918e-10 3.748071e+00 1.152303e-01 1.074134e-16 2.006644e-24 1.100846e-23 0.000000e+00 4.917607e-67 0.000000e+00 0.000000e+00 5.828602e+00 0.000000e+00 0.000000e+00 0.000000e+00 0.000000e+00 0.000000e+00 0.000000e+00 0.000000e+00 0.000000e+00 0.000000e+00 0.000000e+00 0.000000e+00 0.000000e+00 0.000000e+00 0.000000e+00 0.000000e+00 0.000000e+00 0.000000e+00 0.000000e+00 0.000000e+00 0.000000e+00 0.000000e+00 0.000000e+00 0.000000e+00 0.000000e+00 0.000000e+00 6.279063e-50 1.255228e-22 2.224089e-21 5.021523e-08 2.686590e-14 0.000000e+00
45.000000 44.000000 46.000000 180.859437 4.054714e+01 3.464235e+09 6.127695e+04 1.455565e+09 3.598295e+05 8.464581e+04 3.106133e+03 8.882193e+08 8.444540e-02 3.394965e-07 5.458140e-08 8.342550e+01 4.434330e-01 3.501204e-05 4.513224e-09 5.616716e-23 1.716242e-06 5.803109e-06 9.112761e-08 1.177270e+01 2.688160e+10 1.108980e+08 1.508469e+06 1.967830e-09 1.092209e+06 3.388560e-01 1.599580e-35 1.808413e+02 3.054965e-04 8.424639e+01 1.161603e-02 2.398009e+03 3.282880e+03 8.505906e+03 5.562353e+00 9.206136e+01 1.582383e-01 6.977483e-01 1.340606e-06 3.291531e-09 4.006258e-18 7.276007e-34 1.872062e-16 2.301222e-16 1.475958e-17 2.720205e-25 2.463373e-22 1.305002e-21 3.949333e-22 7.331343e-25 2.236570e-30 0.000000e+00 1.597272e+12 3.293519e+11 1.198202e+10 1.461421e+16 8.961470e-02 2.517157e-07 7.007607e+01 7.890279e+00 4.557680e+02 2.970693e+02 9.366518e+00 4.083901e+01 3.311325e-03 2.478755e-09 1.317229e-11 7.510614e-15 5.108651e-23 0.000000e+00 1.513454e-10 3.318467e-01 8.498882e-02 4.634133e-17 1.563445e-24 7.953639e-24 5.880352e-35 5.608415e-64 0.000000e+00 0.000000e+00 5.289327e+00 0.000000e+00 0.000000e+00 0.000000e+00 0.000000e+00 0.000000e+00 0.000000e+00 0.000000e+00 0.000000e+00 0.000000e+00 0.000000e+00 0.000000e+00 0.000000e+00 0.000000e+00 0.000000e+00 0.000000e+00 0.000000e+00 0.000000e+00 0.000000e+00 0.000000e+00 0.000000e+00 0.000000e+00 0.000000e+00 0.000000e+00 0.000000e+00 0.000000e+00 5.314904e-51 1.090977e-23 1.899764e-22 1.696733e-08 7.634572e-15 0.000000e+00
47.000000 46.000000 48.000000 179.398873 2.810918e+01 5.786747e+09 6.339062e+04 1.288677e+09 1.171184e+05 2.876688e+04 5.382908e+02 4.758480e+08 1.103105e-01 7.159358e-08 1.890389e-08 5.868627e+01 2.795217e-01 2.053060e-05 3.057081e-09 1.836590e-23 4.088209e-07 8.025027e-07 1.295699e-08 6.866561e+00 2.435834e+10 6.107800e+07 8.752378e+05 8.341797e-10 6.101291e+05 7.703331e-02 4.223174e-36 4.288570e+01 3.089243e-05 1.544676e+01 1.118082e-03 1.269060e+03 1.797275e+03 6.681662e+03 2.054387e+00 1.235473e+01 2.861471e-02 4.952703e-01 8.088309e-07 7.530236e-10 4.343761e-18 7.005909e-34 1.608126e-16 1.488121e-16 7.120036e-18 3.635933e-26 4.928340e-23 4.774884e-22 1.877784e-22 2.293125e-25 2.219556e-31 0.000000e+00 1.110764e+12 2.302238e+11 9.532763e+09 1.021375e+16 1.089958e-01 1.154794e-07 3.598905e+01 4.294860e+00 1.631733e+02 1.394758e+02 3.668849e+00 6.166756e+00 8.946535e-04 4.533744e-10 2.259473e-12 5.963040e-16 5.593099e-24 0.000000e+00 2.263420e-11 5.350709e-02 6.098653e-02 1.956158e-17 1.380584e-24 6.406709e-24 8.702217e-35 1.036857e-65 0.000000e+00 0.000000e+00 4.585815e+00 0.000000e+00 0.000000e+00 0.000000e+00 0.000000e+00 0.000000e+00 0.000000e+00 0.000000e+00 0.000000e+00 0.000000e+00 0.000000e+00 0.000000e+00 0.000000e+00 0.000000e+00 0.000000e+00 0.000000e+00 0.000000e+00 0.000000e+00 0.000000e+00 0.000000e+00 0.000000e+00 0.000000e+00 0.000000e+00 0.000000e+00 0.000000e+00 0.000000e+00 4.507360e-52 1.054834e-24 1.642127e-23 5.749121e-09 2.159201e-15 0.000000e+00
49.000000 48.000000 50.000000 176.522082 1.940195e+01 7.411818e+09 5.103177e+04 1.063506e+09 4.646998e+04 1.048019e+04 9.281946e+01 2.537745e+08 1.154044e-01 1.534770e-08 7.091321e-09 4.085069e+01 1.696445e-01 1.047011e-05 1.458513e-09 3.853998e-24 1.135115e-07 1.378922e-07 1.851334e-09 4.786851e+00 2.130470e+10 3.345106e+07 5.042625e+05 3.293532e-10 3.320356e+05 1.775517e-02 1.325247e-36 1.305712e+01 4.667673e-06 3.850536e+00 1.665325e-04 6.661861e+02 1.035327e+03 4.856936e+03 8.064058e-01 1.850644e+00 6.703677e-03 3.467873e-01 6.005990e-07 2.018138e-10 4.668551e-18 0.000000e+00 1.292402e-16 9.709298e-17 3.325027e-18 5.374532e-27 1.260631e-23 1.856863e-22 8.418634e-23 7.043580e-26 3.020318e-32 0.000000e+00 7.749755e+11 1.615176e+11 7.150220e+09 7.164777e+15 1.260575e-01 5.355199e-08 1.868211e+01 2.424770e+00 7.452021e+01 6.966068e+01 1.720002e+00 1.312940e+00 3.226388e-04 9.699446e-11 4.116044e-13 7.429279e-17 9.258046e-25 0.000000e+00 3.208660e-12 1.221854e-02 4.329992e-02 8.121320e-18 1.205172e-24 5.019790e-24 0.000000e+00 0.000000e+00 0.000000e+00 0.000000e+00 3.846494e+00 0.000000e+00 0.000000e+00 0.000000e+00 0.000000e+00 0.000000e+00 0.000000e+00 0.000000e+00 0.000000e+00 0.000000e+00 0.000000e+00 0.000000e+00 0.000000e+00 0.000000e+00 0.000000e+00 0.000000e+00 0.000000e+00 0.000000e+00 0.000000e+00 0.000000e+00 0.000000e+00 0.000000e+00 0.000000e+00 0.000000e+00 0.000000e+00 0.000000e+00 3.831972e-53 1.121742e-25 1.456457e-24 1.952876e-09 6.085008e-16 0.000000e+00
51.000000 50.000000 52.000000 172.802672 1.330101e+01 8.122991e+09 3.462690e+04 8.344737e+08 2.008216e+04 3.940822e+03 1.595612e+01 1.345420e+08 1.067933e-01 3.305901e-09 2.728604e-09 2.805140e+01 9.995207e-02 4.860021e-06 5.624552e-10 6.030184e-25 3.384617e-08 2.575471e-08 2.653234e-10 7.091176e+00 1.803729e+10 1.818737e+07 2.946618e+05 1.264656e-10 1.775328e+05 4.125939e-03 7.039406e-36 5.773259e+00 1.093692e-06 1.236530e+00 3.414798e-05 3.464571e+02 6.382773e+02 3.433802e+03 3.454082e-01 3.789961e-01 1.961663e-03 2.401156e-01 4.881828e-07 6.285253e-11 5.241407e-18 0.000000e+00 1.035796e-16 5.963042e-17 1.498337e-18 9.226606e-28 3.866358e-24 7.785767e-23 3.392030e-23 2.186048e-26 5.613833e-33 0.000000e+00 5.396079e+11 1.131206e+11 5.116160e+09 5.017541e+15 1.397433e-01 2.462119e-08 1.027251e+01 1.423256e+00 3.890624e+01 3.673878e+01 9.097049e-01 3.345698e-01 1.742402e-04 2.282227e-11 7.853700e-14 1.489065e-17 1.802610e-25 0.000000e+00 4.328461e-13 3.420752e-03 3.049946e-02 3.322211e-18 9.705791e-25 3.574390e-24 0.000000e+00 0.000000e+00 0.000000e+00 0.000000e+00 3.151120e+00 0.000000e+00 0.000000e+00 0.000000e+00 0.000000e+00 0.000000e+00 0.000000e+00 0.000000e+00 0.000000e+00 0.000000e+00 0.000000e+00 0.000000e+00 0.000000e+00 0.000000e+00 0.000000e+00 0.000000e+00 0.000000e+00 0.000000e+00 0.000000e+00 0.000000e+00 0.000000e+00 0.000000e+00 0.000000e+00 0.000000e+00 0.000000e+00 0.000000e+00 3.257866e-54 1.293277e-26 1.325067e-25 6.631491e-10 1.706030e-16 0.000000e+00
53.000000 52.000000 54.000000 168.908580 9.043755e+00 8.017773e+09 2.020313e+04 6.292796e+08 8.976905e+03 1.488335e+03 2.728125e+00 7.076539e+07 9.111915e-02 7.100740e-10 1.079322e-09 1.895111e+01 5.730724e-02 2.097209e-06 1.850203e-10 7.536712e-26 1.045646e-08 4.863674e-09 3.786991e-11 1.849147e+01 1.480265e+10 9.797090e+06 1.722325e+05 4.787119e-11 9.346857e+04 9.615176e-04 5.265601e-35 3.232698e+00 3.498528e-07 4.805991e-01 8.895232e-06 1.782307e+02 4.059007e+02 2.390241e+03 1.577230e-01 1.042542e-01 6.854173e-04 1.642196e-01 4.132444e-07 2.193184e-11 6.071236e-18 0.000000e+00 8.222010e-17 3.371793e-17 6.516669e-19 1.762706e-28 1.320107e-24 3.384877e-23 1.234574e-23 6.953223e-27 1.604125e-33 0.000000e+00 3.731012e+11 7.869182e+10 3.511584e+09 3.490226e+15 1.498480e-01 1.111243e-08 5.965793e+00 8.669093e-01 2.206498e+01 2.035384e+01 5.183903e-01 9.302311e-02 1.223476e-04 5.590542e-12 1.521515e-14 4.175984e-18 3.645640e-26 0.000000e+00 5.485804e-14 1.077890e-03 2.127037e-02 1.339902e-18 7.044003e-25 2.266003e-24 0.000000e+00 0.000000e+00 0.000000e+00 0.000000e+00 2.539282e+00 0.000000e+00 0.000000e+00 0.000000e+00 0.000000e+00 0.000000e+00 0.000000e+00 0.000000e+00 0.000000e+00 0.000000e+00 0.000000e+00 0.000000e+00 0.000000e+00 0.000000e+00 0.000000e+00 0.000000e+00 0.000000e+00 0.000000e+00 0.000000e+00 0.000000e+00 0.000000e+00 0.000000e+00 0.000000e+00 0.000000e+00 0.000000e+00 0.000000e+00 2.761837e-55 1.601562e-27 1.234640e-26 2.244256e-10 4.748920e-17 0.000000e+00
55.000000 54.000000 56.000000 165.519066 6.098686e+00 7.325916e+09 1.013716e+04 4.589099e+08 4.052430e+03 5.539498e+02 4.625437e-01 3.687089e+07 7.316339e-02 1.527479e-10 4.520066e-10 1.257326e+01 3.201136e-02 8.488122e-07 5.286454e-11 7.755132e-27 3.311824e-09 8.919485e-10 5.334952e-12 4.697186e+01 1.179044e+10 5.221371e+06 9.898879e+04 1.794265e-11 4.847618e+04 2.238000e-04 2.463523e-34 1.975790e+00 1.397398e-07 2.144912e-01 2.800591e-06 9.061752e+01 2.552692e+02 1.640446e+03 7.554404e-02 3.499477e-02 2.765548e-04 1.107313e-01 3.556815e-07 8.326684e-12 7.052757e-18 7.575192e-35 6.302829e-17 1.789586e-17 2.744398e-19 3.518884e-29 4.715349e-25 1.456690e-23 4.258749e-24 2.292654e-27 8.014820e-34 0.000000e+00 2.551521e+11 5.415577e+10 2.318636e+09 2.401843e+15 1.571206e-01 4.890667e-09 3.615633e+00 5.480261e-01 1.324084e+01 1.181939e+01 3.104995e-01 2.673079e-02 9.609491e-05 1.375140e-12 2.892565e-15 1.484406e-18 7.329386e-27 0.000000e+00 6.402619e-15 3.613578e-04 1.464706e-02 5.332249e-19 4.720418e-25 1.317006e-24 1.196047e-35 1.988990e-65 0.000000e+00 0.000000e+00 2.024761e+00 0.000000e+00 0.000000e+00 0.000000e+00 0.000000e+00 0.000000e+00 0.000000e+00 0.000000e+00 0.000000e+00 0.000000e+00 0.000000e+00 0.000000e+00 0.000000e+00 0.000000e+00 0.000000e+00 0.000000e+00 0.000000e+00 0.000000e+00 0.000000e+00 0.000000e+00 0.000000e+00 0.000000e+00 0.000000e+00 0.000000e+00 0.000000e+00 0.000000e+00 2.329862e-56 2.137048e-28 1.188169e-27 7.553769e-11 1.310954e-17 0.000000e+00
57.000000 56.000000 58.000000 163.899491 4.087720e+00 6.282556e+09 4.278515e+03 3.239918e+08 1.822399e+03 1.989571e+02 7.745198e-02 1.896361e+07 5.577792e-02 3.398202e-11 2.201188e-10 8.159799e+00 1.739677e-02 3.209716e-07 1.292907e-11 6.580901e-28 1.099888e-09 1.525130e-10 7.332592e-13 1.025561e+02 9.104042e+09 2.743709e+06 5.504205e+04 6.657384e-12 2.470112e+04 5.181688e-05 7.622834e-34 1.191554e+00 6.720358e-08 1.037199e-01 1.043198e-06 4.540620e+01 1.529399e+02 1.105304e+03 3.883776e-02 1.306723e-02 1.265311e-04 7.328208e-02 3.053788e-07 3.376704e-12 7.499814e-18 1.126248e-34 4.250199e-17 6.723379e-18 1.120749e-19 6.775114e-30 1.569866e-25 5.548374e-24 1.168841e-24 7.329508e-28 5.241926e-34 0.000000e+00 1.715863e+11 3.666036e+10 1.471408e+09 1.625773e+15 1.634050e-01 2.079270e-09 2.251275e+00 3.631308e-01 8.281462e+00 7.198654e+00 1.927470e-01 7.575109e-03 7.643409e-05 3.265578e-13 5.156589e-16 6.385213e-19 1.040319e-27 0.000000e+00 6.628493e-16 1.218762e-04 9.908154e-03 2.092071e-19 2.130039e-25 5.153598e-25 1.531585e-35 1.057194e-65 0.000000e+00 0.000000e+00 1.605171e+00 0.000000e+00 0.000000e+00 0.000000e+00 0.000000e+00 0.000000e+00 0.000000e+00 0.000000e+00 0.000000e+00 0.000000e+00 0.000000e+00 0.000000e+00 0.000000e+00 0.000000e+00 0.000000e+00 0.000000e+00 0.000000e+00 0.000000e+00 0.000000e+00 0.000000e+00 0.000000e+00 0.000000e+00 0.000000e+00 0.000000e+00 0.000000e+00 0.000000e+00 1.951680e-57 3.229138e-29 1.247962e-28 2.521796e-11 3.582783e-18 0.000000e+00
59.000000 58.000000 60.000000 166.785717 2.743114e+00 5.078806e+09 1.438436e+03 2.204141e+08 8.101544e+02 6.679025e+01 1.272024e-02 9.542419e+06 4.039834e-02 8.655306e-12 1.545431e-10 5.135975e+00 9.137837e-03 1.109646e-07 2.554732e-12 4.542528e-29 4.369188e-10 2.283705e-11 9.686286e-14 1.965134e+02 6.781750e+09 1.408992e+06 2.901185e+04 2.430354e-12 1.225790e+04 1.185089e-05 1.698091e-33 6.472960e-01 3.704805e-08 5.001778e-02 4.660840e-07 2.223858e+01 8.424350e+01 7.242564e+02 2.363692e-02 4.983339e-03 6.583982e-05 4.717258e-02 2.545045e-07 1.481629e-12 7.776737e-18 7.588603e-37 2.674492e-17 2.129058e-18 4.434736e-20 1.305827e-30 5.102039e-26 1.938728e-24 3.333618e-25 2.397399e-28 3.445005e-34 0.000000e+00 1.123748e+11 2.418027e+10 8.925554e+08 1.072115e+15 1.715669e-01 8.423931e-10 1.405899e+00 2.571875e-01 5.335426e+00 4.605362e+00 1.227053e-01 1.996584e-03 5.650127e-05 7.010729e-14 8.010479e-17 3.119361e-19 1.138890e-28 0.000000e+00 5.696395e-17 3.805196e-05 6.523536e-03 8.044937e-20 7.923687e-26 1.672133e-25 7.018254e-38 2.668991e-68 0.000000e+00 0.000000e+00 1.267966e+00 0.000000e+00 0.000000e+00 0.000000e+00 0.000000e+00 0.000000e+00 0.000000e+00 0.000000e+00 0.000000e+00 0.000000e+00 0.000000e+00 0.000000e+00 0.000000e+00 0.000000e+00 0.000000e+00 0.000000e+00 0.000000e+00 0.000000e+00 0.000000e+00 0.000000e+00 0.000000e+00 0.000000e+00 0.000000e+00 0.000000e+00 0.000000e+00 0.000000e+00 1.616249e-58 7.511161e-30 1.973108e-29 8.294710e-12 9.642471e-19 0.000000e+00
61.000000 60.000000 62.000000 177.515833 1.868899e+00 3.902174e+09 3.740449e+02 1.445183e+08 3.641472e+02 2.048744e+01 2.036190e-03 4.660328e+06 2.792124e-02 3.034196e-12 1.884471e-10 3.122843e+00 4.618176e-03 3.440198e-08 3.889877e-13 2.632232e-30 3.047067e-10 2.909997e-12 1.220520e-14 3.411925e+02 4.883644e+09 7.016770e+05 1.420290e+04 8.662190e-13 5.871812e+03 2.654606e-06 2.973069e-33 2.952131e-01 2.159151e-08 2.230976e-02 2.550523e-07 1.056391e+01 4.142175e+01 4.596663e+02 1.970207e-02 1.835943e-03 3.944783e-05 2.942059e-02 2.009051e-07 9.524884e-13 7.819936e-18 8.495732e-38 1.565162e-17 6.907112e-19 1.694261e-20 2.656696e-31 1.643458e-26 6.074667e-25 1.251888e-25 7.132402e-29 1.724485e-34 0.000000e+00 7.139147e+10 1.548538e+10 5.175554e+08 6.862858e+14 1.840140e-01 3.307571e-10 8.614764e-01 1.917314e-01 3.487451e+00 3.084838e+00 7.923515e-02 4.797194e-04 3.611576e-05 1.282225e-14 1.020310e-17 1.573453e-19 1.105519e-29 0.000000e+00 3.900191e-18 1.018100e-05 4.165664e-03 3.010731e-20 3.018273e-26 5.634011e-26 1.249288e-38 7.130648e-70 0.000000e+00 0.000000e+00 9.945705e-01 0.000000e+00 0.000000e+00 0.000000e+00 0.000000e+00 0.000000e+00 0.000000e+00 0.000000e+00 0.000000e+00 0.000000e+00 0.000000e+00 0.000000e+00 0.000000e+00 0.000000e+00 0.000000e+00 0.000000e+00 0.000000e+00 0.000000e+00 0.000000e+00 0.000000e+00 0.000000e+00 0.000000e+00 0.000000e+00 0.000000e+00 0.000000e+00 0.000000e+00 1.315449e-59 6.763065e-30 1.181844e-29 2.667089e-12 2.538480e-19 0.000000e+00
63.000000 62.000000 64.000000 195.514424 1.310935e+00 2.949969e+09 8.324348e+01 9.386463e+07 1.788431e+02 5.951137e+00 3.210057e-04 2.240896e+06 1.899457e-02 1.526135e-12 3.434481e-10 1.876938e+00 2.288050e-03 9.897902e-09 4.959184e-14 1.400700e-31 4.447313e-10 3.522622e-13 1.494635e-15 5.547511e+02 3.504127e+09 3.439793e+05 6.498482e+03 3.042870e-13 2.748910e+03 5.857124e-07 4.480402e-33 1.145560e-01 1.278644e-08 9.317420e-03 1.709442e-07 4.935086e+00 1.825055e+01 2.895821e+02 2.178032e-02 6.849418e-04 2.775940e-05 1.820511e-02 1.524643e-07 2.322499e-12 7.299909e-18 0.000000e+00 8.332930e-18 2.413315e-19 6.327797e-21 5.964837e-32 5.643348e-27 1.684122e-25 5.757575e-26 1.882342e-29 6.511629e-35 0.000000e+00 4.507363e+10 9.870936e+09 2.944194e+08 4.370778e+14 2.015487e-01 1.484192e-10 5.243460e-01 1.407392e-01 2.281796e+00 2.155877e+00 5.183991e-02 1.167367e-04 1.975370e-05 2.081827e-15 1.102504e-18 7.877325e-20 1.088584e-30 0.000000e+00 2.256627e-19 2.432785e-06 2.644466e-03 1.108191e-20 1.210820e-26 2.050000e-26 0.000000e+00 0.000000e+00 0.000000e+00 0.000000e+00 7.718159e-01 0.000000e+00 0.000000e+00 0.000000e+00 0.000000e+00 0.000000e+00 0.000000e+00 0.000000e+00 0.000000e+00 0.000000e+00 0.000000e+00 0.000000e+00 0.000000e+00 0.000000e+00 0.000000e+00 0.000000e+00 0.000000e+00 0.000000e+00 0.000000e+00 0.000000e+00 0.000000e+00 0.000000e+00 0.000000e+00 0.000000e+00 0.000000e+00 0.000000e+00 1.061291e-60 1.456695e-29 1.905142e-29 8.457517e-13 6.594349e-20 0.000000e+00
65.000000 64.000000 66.000000 205.809998 9.397108e-01 2.370065e+09 2.451182e+01 6.491958e+07 1.015481e+02 2.002996e+00 5.115623e-05 1.124941e+06 1.372133e-02 7.141650e-13 3.724117e-10 1.196408e+00 1.182551e-03 3.270533e-09 8.619944e-15 7.368284e-33 4.653426e-10 5.885438e-14 1.840867e-16 8.508154e+02 2.698782e+09 1.762084e+05 3.193429e+03 1.099901e-13 1.334909e+03 1.311971e-07 6.335424e-33 4.993457e-02 7.998318e-09 4.522666e-03 1.057423e-07 2.400975e+00 8.318520e+00 1.949442e+02 1.638956e-02 3.017721e-04 1.892153e-05 1.200165e-02 1.213784e-07 4.177172e-12 6.401770e-18 0.000000e+00 4.365778e-18 4.843915e-20 2.424654e-21 1.491265e-32 2.384604e-27 5.013452e-26 1.941088e-26 5.137195e-30 2.756865e-35 0.000000e+00 3.038107e+10 6.725395e+09 1.763094e+08 2.976349e+14 2.160610e-01 8.424501e-11 3.266817e-01 9.489352e-02 1.466684e+00 1.414865e+00 3.289856e-02 3.871573e-05 1.137851e-05 4.022888e-16 1.217968e-19 4.280107e-20 8.525144e-32 0.000000e+00 1.340057e-20 7.357563e-07 1.794869e-03 4.199910e-21 2.476222e-27 3.943079e-27 0.000000e+00 0.000000e+00 0.000000e+00 0.000000e+00 5.850667e-01 0.000000e+00 0.000000e+00 0.000000e+00 0.000000e+00 0.000000e+00 0.000000e+00 0.000000e+00 0.000000e+00 0.000000e+00 0.000000e+00 0.000000e+00 0.000000e+00 0.000000e+00 0.000000e+00 0.000000e+00 0.000000e+00 0.000000e+00 0.000000e+00 0.000000e+00 0.000000e+00 0.000000e+00 0.000000e+00 0.000000e+00 0.000000e+00 0.000000e+00 8.641395e-62 1.565212e-29 1.484427e-29 2.751088e-13 1.747479e-20 0.000000e+00
67.000000 66.000000 68.000000 205.809998 6.765836e-01 1.973956e+09 9.537862e+00 4.723294e+07 6.059846e+01 7.975949e-01 8.618159e-06 5.967507e+05 1.037412e-02 2.704319e-13 2.345381e-10 8.050200e-01 6.440685e-04 1.264662e-09 2.072563e-15 4.094903e-34 2.907574e-10 1.347416e-14 2.403898e-17 1.223463e+03 2.179028e+09 9.536209e+04 1.780785e+03 4.201515e-14 6.852811e+02 3.112652e-08 6.387716e-33 2.789827e-02 5.495314e-09 2.669227e-03 5.302772e-08 1.233755e+00 4.361843e+00 1.391028e+02 8.682967e-03 1.457257e-04 1.090291e-05 8.362193e-03 1.033124e-07 2.917209e-12 5.438410e-18 2.009919e-38 2.339468e-18 1.263397e-20 9.792499e-22 4.164842e-33 1.180926e-27 1.696216e-26 6.916082e-27 1.473187e-30 1.361619e-35 0.000000e+00 2.163821e+10 4.841107e+09 1.112160e+08 2.142948e+14 2.262839e-01 4.554077e-11 2.121117e-01 6.273046e-02 9.567932e-01 8.907367e-01 2.044874e-02 1.616467e-05 8.019412e-06 9.824359e-17 1.629539e-20 2.668898e-20 1.149282e-32 0.000000e+00 9.951266e-22 3.004628e-07 1.289186e-03 1.680971e-21 6.713264e-28 1.026828e-27 0.000000e+00 2.353309e-70 0.000000e+00 0.000000e+00 4.417218e-01 0.000000e+00 0.000000e+00 0.000000e+00 0.000000e+00 0.000000e+00 0.000000e+00 0.000000e+00 0.000000e+00 0.000000e+00 0.000000e+00 0.000000e+00 0.000000e+00 0.000000e+00 0.000000e+00 0.000000e+00 0.000000e+00 0.000000e+00 0.000000e+00 0.000000e+00 0.000000e+00 0.000000e+00 0.000000e+00 0.000000e+00 0.000000e+00 0.000000e+00 7.440623e-63 8.239292e-30 5.078208e-30 9.458947e-14 4.892638e-21 0.000000e+00
69.000000 68.000000 70.000000 205.809998 4.871343e-01 1.618926e+09 3.625486e+00 3.426017e+07 3.720708e+01 3.203479e-01 1.453355e-06 3.164524e+05 7.784119e-03 9.472037e-14 1.490857e-10 5.409622e-01 3.496580e-04 4.826491e-10 4.809186e-16 2.285001e-35 1.837659e-10 3.228127e-15 3.161734e-18 1.703524e+03 1.746127e+09 5.158134e+04 1.003692e+03 1.604656e-14 3.518557e+02 7.397719e-09 5.670444e-33 1.664690e-02 3.982066e-09 1.623748e-03 2.712712e-08 6.335164e-01 2.453505e+00 9.947490e+01 4.894369e-03 7.134226e-05 6.310755e-06 5.824830e-03 8.891089e-08 2.029005e-12 4.412047e-18 8.136340e-38 1.195288e-18 3.601716e-21 3.945355e-22 1.259549e-33 6.348721e-28 5.540096e-27 2.736523e-27 4.220809e-31 6.621109e-36 0.000000e+00 1.540210e+10 3.484408e+09 6.988954e+07 1.542903e+14 2.380934e-01 2.531541e-11 1.397392e-01 4.194798e-02 6.327950e-01 5.761756e-01 1.287219e-02 7.002362e-06 6.071093e-06 2.435448e-17 2.435575e-21 1.769351e-20 1.776038e-33 0.000000e+00 8.678002e-23 1.345151e-07 9.265851e-04 6.722969e-22 1.969265e-28 2.922189e-28 1.962082e-39 2.875066e-71 0.000000e+00 0.000000e+00 3.329632e-01 0.000000e+00 0.000000e+00 0.000000e+00 0.000000e+00 0.000000e+00 0.000000e+00 0.000000e+00 0.000000e+00 0.000000e+00 0.000000e+00 0.000000e+00 0.000000e+00 0.000000e+00 0.000000e+00 0.000000e+00 0.000000e+00 0.000000e+00 0.000000e+00 0.000000e+00 0.000000e+00 0.000000e+00 0.000000e+00 0.000000e+00 0.000000e+00 0.000000e+00 6.413092e-64 3.740875e-30 1.545829e-30 3.252082e-14 1.369362e-21 0.000000e+00
71.000000 70.000000 72.000000 205.809998 3.507326e-01 1.311135e+09 1.347162e+00 2.479377e+07 2.350714e+01 1.294153e-01 2.454292e-07 1.677676e+05 5.807121e-03 3.234519e-14 9.579580e-11 3.630512e-01 1.891876e-04 1.814168e-10 1.080789e-16 1.278775e-36 1.175020e-10 7.942092e-16 4.198418e-19 2.315068e+03 1.389514e+09 2.788857e+04 5.644512e+02 6.127901e-15 1.807024e+02 1.760756e-09 4.720748e-33 1.015090e-02 2.993000e-09 1.007683e-03 1.402611e-08 3.251159e-01 1.461113e+00 7.126087e+01 2.921947e-03 3.499785e-05 3.654968e-06 4.056640e-03 7.722186e-08 1.412783e-12 3.453350e-18 2.155162e-38 5.867657e-19 1.038899e-21 1.586388e-22 4.053490e-34 3.617522e-28 1.756036e-27 1.228442e-27 1.208633e-31 3.181417e-36 0.000000e+00 1.095707e+10 2.507602e+09 4.373954e+07 1.110877e+14 2.507765e-01 1.449260e-11 9.318167e-02 2.833404e-02 4.233678e-01 3.783268e-01 8.196484e-03 3.137281e-06 4.725400e-06 6.072058e-18 3.902816e-22 1.225016e-20 2.893524e-34 0.000000e+00 8.442524e-24 6.638146e-08 6.662916e-04 2.687319e-22 5.801250e-29 8.414903e-29 1.094324e-40 1.406445e-72 0.000000e+00 0.000000e+00 2.507416e-01 0.000000e+00 0.000000e+00 0.000000e+00 0.000000e+00 0.000000e+00 0.000000e+00 0.000000e+00 0.000000e+00 0.000000e+00 0.000000e+00 0.000000e+00 0.000000e+00 0.000000e+00 0.000000e+00 0.000000e+00 0.000000e+00 0.000000e+00 0.000000e+00 0.000000e+00 0.000000e+00 0.000000e+00 0.000000e+00 0.000000e+00 0.000000e+00 0.000000e+00 5.539591e-65 1.655445e-30 4.634550e-31 1.118060e-14 3.831526e-22 0.000000e+00
73.000000 72.000000 74.000000 205.809998 2.525244e-01 1.050467e+09 4.906610e-01 1.791163e+07 1.528534e+01 5.250134e-02 4.153775e-08 8.892377e+04 4.312890e-03 1.097680e-14 6.213470e-11 2.433269e-01 1.019880e-04 6.705172e-11 2.353480e-17 7.165958e-38 7.583444e-11 2.003825e-16 5.645104e-20 3.089015e+03 1.098387e+09 1.507356e+04 3.159189e+02 2.339983e-15 9.282466e+01 4.195859e-10 3.778185e-33 6.234439e-03 2.312906e-09 6.348178e-04 7.278093e-09 1.667716e-01 9.107453e-01 5.111760e+01 1.825515e-03 1.705690e-05 2.106363e-06 2.824879e-03 6.761633e-08 9.842416e-13 2.631377e-18 7.918029e-38 2.790467e-19 2.953568e-22 6.368289e-23 1.361023e-34 2.144664e-28 5.440523e-28 6.236113e-28 3.458268e-32 1.516252e-36 0.000000e+00 7.791050e+09 1.804313e+09 2.724791e+07 7.998217e+13 2.627070e-01 8.538685e-12 6.278760e-02 1.930912e-02 2.860815e-01 2.513804e-01 5.273002e-03 1.452079e-06 3.725144e-06 1.519264e-18 6.478347e-23 8.775344e-21 4.833160e-35 0.000000e+00 8.678468e-25 3.587524e-08 4.792868e-04 1.073723e-22 1.674976e-29 2.388924e-29 7.726132e-40 2.683563e-72 0.000000e+00 0.000000e+00 1.886927e-01 0.000000e+00 0.000000e+00 0.000000e+00 0.000000e+00 0.000000e+00 0.000000e+00 0.000000e+00 0.000000e+00 0.000000e+00 0.000000e+00 0.000000e+00 0.000000e+00 0.000000e+00 0.000000e+00 0.000000e+00 0.000000e+00 0.000000e+00 0.000000e+00 0.000000e+00 0.000000e+00 0.000000e+00 0.000000e+00 0.000000e+00 0.000000e+00 0.000000e+00 4.809930e-66 7.415957e-31 1.401743e-31 3.843765e-15 1.071842e-22 0.000000e+00
75.000000 74.000000 76.000000 205.809998 1.818154e-01 8.336526e+08 1.754621e-01 1.292181e+07 1.023247e+01 2.135669e-02 7.059128e-09 4.712576e+04 3.191833e-03 3.730344e-15 4.064068e-11 1.628521e-01 5.475128e-05 2.431655e-11 4.963300e-18 4.013632e-39 4.931738e-11 5.183267e-17 7.712332e-21 4.067557e+03 8.626701e+08 8.145070e+03 1.759061e+02 8.935036e-16 4.769206e+01 1.000839e-10 2.944137e-33 3.834209e-03 1.826449e-09 4.045731e-04 3.769239e-09 8.551721e-02 5.884278e-01 3.670501e+01 1.181495e-03 8.203510e-06 1.202737e-06 1.967031e-03 5.964912e-08 6.858781e-13 1.967186e-18 0.000000e+00 1.294652e-19 8.257051e-23 2.553073e-23 4.705512e-35 1.307455e-28 1.657954e-28 3.517329e-28 9.883849e-33 7.192281e-37 0.000000e+00 5.537648e+09 1.297959e+09 1.688382e+07 5.758649e+13 2.726754e-01 5.169550e-12 4.270127e-02 1.326596e-02 1.950294e-01 1.688328e-01 3.423909e-03 6.938495e-07 2.956041e-06 3.807870e-19 1.089227e-23 6.462215e-21 8.249861e-36 0.000000e+00 9.086257e-26 2.085715e-08 3.448553e-04 4.288691e-23 4.735717e-30 6.670815e-30 0.000000e+00 0.000000e+00 0.000000e+00 0.000000e+00 1.419340e-01 0.000000e+00 0.000000e+00 0.000000e+00 0.000000e+00 0.000000e+00 0.000000e+00 0.000000e+00 0.000000e+00 0.000000e+00 0.000000e+00 0.000000e+00 0.000000e+00 0.000000e+00 0.000000e+00 0.000000e+00 0.000000e+00 0.000000e+00 0.000000e+00 0.000000e+00 0.000000e+00 0.000000e+00 0.000000e+00 0.000000e+00 0.000000e+00 0.000000e+00 4.231008e-67 3.411541e-31 4.300694e-32 1.321415e-15 2.997896e-23 0.000000e+00
77.000000 76.000000 78.000000 205.809998 1.309055e-01 6.559723e+08 6.166053e-02 9.311185e+06 7.053670e+00 8.697329e-03 1.209848e-09 2.497167e+04 2.355453e-03 1.273273e-15 2.678328e-11 1.088221e-01 2.924794e-05 8.630820e-12 1.012597e-18 2.242862e-40 3.227198e-11 1.373846e-17 1.074632e-21 5.311079e+03 6.733328e+08 4.400379e+03 9.746198e+01 3.411691e-16 2.450700e+01 2.389170e-11 2.250817e-33 2.353755e-03 1.466828e-09 2.601521e-04 1.940066e-09 4.383979e-02 3.908829e-01 2.637558e+01 7.856328e-04 3.873372e-06 6.784365e-07 1.369709e-03 5.298980e-08 4.780434e-13 1.451713e-18 0.000000e+00 5.890227e-20 2.286188e-23 1.022462e-23 1.663733e-35 8.141801e-29 4.992694e-29 2.152254e-28 2.820307e-33 3.406825e-37 0.000000e+00 3.934841e+09 9.333949e+08 1.039567e+07 4.146179e+13 2.801179e-01 3.209017e-12 2.928466e-02 9.183287e-03 1.340238e-01 1.145299e-01 2.242118e-03 3.421171e-07 2.353227e-06 9.543202e-20 1.830129e-24 4.867268e-21 1.448344e-36 0.000000e+00 9.488267e-27 1.277001e-08 2.481752e-04 1.712581e-23 1.322012e-30 1.845333e-30 0.000000e+00 3.422911e-74 0.000000e+00 0.000000e+00 1.067394e-01 0.000000e+00 0.000000e+00 0.000000e+00 0.000000e+00 0.000000e+00 0.000000e+00 0.000000e+00 0.000000e+00 0.000000e+00 0.000000e+00 0.000000e+00 0.000000e+00 0.000000e+00 0.000000e+00 0.000000e+00 0.000000e+00 0.000000e+00 0.000000e+00 0.000000e+00 0.000000e+00 0.000000e+00 0.000000e+00 0.000000e+00 0.000000e+00 0.000000e+00 3.850242e-68 1.622755e-31 1.339109e-32 4.542710e-16 8.383928e-24 0.000000e+00
79.000000 78.000000 80.000000 205.809998 9.425079e-02 5.122015e+08 2.129764e-02 6.702334e+06 5.007664e+00 3.539446e-03 2.111961e-10 1.323121e+04 1.734161e-03 4.369342e-16 1.777087e-11 7.259123e-02 1.552975e-05 2.989726e-12 1.995395e-19 1.248545e-41 2.121987e-11 3.727711e-18 1.532702e-22 6.911037e+03 5.224258e+08 2.376976e+03 5.375611e+01 1.302676e-16 1.259425e+01 5.706886e-12 1.696671e-33 1.439211e-03 1.193094e-09 1.684209e-04 9.896330e-10 2.246962e-02 2.652113e-01 1.896331e+01 5.331833e-04 1.789052e-06 3.775154e-07 9.538556e-04 4.738636e-08 3.332439e-13 1.062269e-18 0.000000e+00 2.636464e-20 6.341210e-24 4.091382e-24 6.000027e-36 5.160069e-29 1.489870e-29 1.396060e-28 8.029863e-34 1.617267e-37 0.000000e+00 2.795415e+09 6.709205e+08 6.351903e+06 2.985211e+13 2.850101e-01 2.037244e-12 2.023714e-02 6.402723e-03 9.277494e-02 7.841783e-02 1.479584e-03 1.740017e-07 1.874935e-06 2.386947e-20 3.047239e-25 3.732830e-21 2.643541e-37 0.000000e+00 9.763006e-28 8.087490e-09 1.786229e-04 6.837483e-24 3.688750e-31 5.114902e-31 8.972103e-41 5.925759e-74 0.000000e+00 0.000000e+00 8.027469e-02 0.000000e+00 0.000000e+00 0.000000e+00 0.000000e+00 0.000000e+00 0.000000e+00 0.000000e+00 0.000000e+00 0.000000e+00 0.000000e+00 0.000000e+00 0.000000e+00 0.000000e+00 0.000000e+00 0.000000e+00 0.000000e+00 0.000000e+00 0.000000e+00 0.000000e+00 0.000000e+00 0.000000e+00 0.000000e+00 0.000000e+00 0.000000e+00 0.000000e+00 3.826363e-69 8.016509e-32 4.227563e-33 1.561656e-16 2.344428e-24 0.000000e+00
81.000000 80.000000 82.000000 205.809998 6.785980e-02 3.971499e+08 7.226893e-03 4.819345e+06 3.661414e+00 1.436389e-03 3.840190e-11 7.010214e+03 1.274223e-03 1.507542e-16 1.186258e-11 4.832902e-02 8.183036e-06 1.007699e-12 3.790765e-20 6.916548e-43 1.399980e-11 1.033832e-18 2.243826e-23 9.015778e+03 4.030449e+08 1.283878e+03 2.953229e+01 4.973929e-17 6.472546e+00 1.363844e-12 1.265434e-33 8.752027e-04 9.790585e-10 1.095626e-04 4.996404e-10 1.151495e-02 1.828344e-01 1.363951e+01 3.674105e-04 8.068866e-07 2.072989e-07 6.643785e-04 4.264473e-08 2.323620e-13 7.731720e-19 1.378276e-38 1.162787e-20 1.786865e-24 1.636100e-24 2.206636e-36 3.321477e-29 4.411175e-30 9.419844e-29 2.279319e-34 7.728473e-38 0.000000e+00 1.985770e+09 4.819529e+08 3.844976e+06 2.149327e+13 2.876509e-01 1.319392e-12 1.408318e-02 4.495072e-03 6.465371e-02 5.415591e-02 9.832770e-04 9.125290e-08 1.492583e-06 5.946341e-21 4.999001e-26 2.902764e-21 5.083659e-38 0.000000e+00 9.819955e-29 5.232806e-09 1.285755e-04 2.729487e-24 1.043924e-31 1.440569e-31 2.159396e-40 6.691359e-74 0.000000e+00 0.000000e+00 6.039106e-02 0.000000e+00 0.000000e+00 0.000000e+00 0.000000e+00 0.000000e+00 0.000000e+00 0.000000e+00 0.000000e+00 0.000000e+00 0.000000e+00 0.000000e+00 0.000000e+00 0.000000e+00 0.000000e+00 0.000000e+00 0.000000e+00 0.000000e+00 0.000000e+00 0.000000e+00 0.000000e+00 0.000000e+00 0.000000e+00 0.000000e+00 0.000000e+00 0.000000e+00 4.657494e-70 4.126578e-32 1.351433e-33 5.368490e-17 6.555360e-25 0.000000e+00
83.000000 82.000000 84.000000 205.809998 4.885851e-02 3.059672e+08 2.406626e-03 3.461326e+06 2.756693e+00 5.799529e-04 7.621922e-12 3.714207e+03 9.346638e-04 5.228048e-17 7.960968e-12 3.210811e-02 4.270055e-06 3.294675e-13 6.928012e-21 3.811277e-44 9.252689e-12 2.924124e-19 3.375865e-24 1.187236e+04 3.092657e+08 6.934550e+02 1.616980e+01 1.899157e-17 3.326508e+00 3.260597e-13 9.361763e-34 5.288013e-04 8.074424e-10 7.148810e-05 2.497272e-10 5.900584e-03 1.275502e-01 9.813138e+00 2.560402e-04 3.553206e-07 1.125714e-07 4.628928e-04 3.861474e-08 1.620843e-13 5.609828e-19 0.000000e+00 5.054469e-21 5.194404e-25 6.539277e-25 8.285585e-37 2.168750e-29 1.295951e-30 6.520524e-29 6.443152e-35 3.736900e-38 0.000000e+00 1.410657e+09 3.459106e+08 2.301170e+06 1.547499e+13 2.884743e-01 8.697897e-13 9.864889e-03 3.177752e-03 4.533924e-02 3.769970e-02 6.576974e-04 4.932476e-08 1.185862e-06 1.472242e-21 8.044220e-27 2.279292e-21 1.045111e-38 0.000000e+00 9.596045e-30 3.432851e-09 9.255700e-05 1.089484e-24 3.044140e-32 4.186133e-32 0.000000e+00 6.908425e-74 0.000000e+00 0.000000e+00 4.546340e-02 0.000000e+00 0.000000e+00 0.000000e+00 0.000000e+00 0.000000e+00 0.000000e+00 0.000000e+00 0.000000e+00 0.000000e+00 0.000000e+00 0.000000e+00 0.000000e+00 0.000000e+00 0.000000e+00 0.000000e+00 0.000000e+00 0.000000e+00 0.000000e+00 0.000000e+00 0.000000e+00 0.000000e+00 0.000000e+00 0.000000e+00 0.000000e+00 0.000000e+00 7.967705e-71 2.218611e-32 4.368433e-34 1.845511e-17 1.832889e-25 0.000000e+00
85.000000 84.000000 86.000000 205.809998 3.517769e-02 2.343111e+08 7.854985e-04 2.482489e+06 2.136313e+00 2.324722e-04 1.784549e-12 1.968109e+03 6.845330e-04 1.821376e-17 5.367441e-12 2.128616e-02 2.201503e-06 1.042072e-13 1.215723e-21 2.089430e-45 6.114908e-12 8.412021e-20 5.215305e-25 1.582604e+04 2.360750e+08 3.745978e+02 8.829471e+00 7.251393e-18 1.709720e+00 7.797560e-14 6.882752e-34 3.173215e-04 6.666100e-10 4.670193e-05 1.237681e-10 3.023677e-03 8.976701e-02 7.061666e+00 1.798996e-04 1.530037e-07 6.068585e-08 3.226658e-04 3.517725e-08 1.131346e-13 4.063635e-19 0.000000e+00 2.164552e-21 1.583383e-25 2.612644e-25 3.182919e-37 1.435471e-29 3.776531e-31 4.586450e-29 1.812078e-35 1.830885e-38 0.000000e+00 1.002246e+09 2.479761e+08 1.358938e+06 1.114184e+13 2.879330e-01 5.827093e-13 6.953516e-03 2.262711e-03 3.198567e-02 2.644106e-02 4.426096e-04 2.746176e-08 9.398480e-07 3.615622e-22 1.265299e-27 1.799598e-21 2.332570e-39 0.000000e+00 9.065233e-31 2.273729e-09 6.663180e-05 4.348378e-25 9.300164e-33 1.275681e-32 2.555694e-41 0.000000e+00 0.000000e+00 0.000000e+00 3.426565e-02 0.000000e+00 0.000000e+00 0.000000e+00 0.000000e+00 0.000000e+00 0.000000e+00 0.000000e+00 0.000000e+00 0.000000e+00 0.000000e+00 0.000000e+00 0.000000e+00 0.000000e+00 0.000000e+00 0.000000e+00 0.000000e+00 0.000000e+00 0.000000e+00 0.000000e+00 0.000000e+00 0.000000e+00 0.000000e+00 0.000000e+00 0.000000e+00 0.000000e+00 1.941564e-71 1.247066e-32 1.425872e-34 6.344225e-18 5.124629e-26 0.000000e+00
87.000000 86.000000 88.000000 205.809998 2.532762e-02 1.784153e+08 2.511440e-04 1.777278e+06 1.702643e+00 9.242858e-05 5.309908e-13 1.043250e+03 5.006158e-04 6.370633e-18 3.633181e-12 1.408719e-02 1.119978e-06 3.184961e-14 2.047270e-22 1.140432e-46 4.032451e-12 2.456054e-20 8.250615e-26 2.109127e+04 1.792909e+08 2.024374e+02 4.811996e+00 2.768769e-18 8.789249e-01 1.865181e-14 5.035785e-34 1.891586e-04 5.486920e-10 3.049442e-05 6.100102e-11 1.549791e-03 6.358529e-02 5.082439e+00 1.271586e-04 6.461598e-08 3.265100e-08 2.250831e-04 3.223244e-08 7.904845e-14 2.942089e-19 2.338561e-39 9.133027e-22 5.336588e-26 1.043539e-25 1.254802e-37 9.630353e-30 1.092095e-31 3.257692e-29 5.094735e-36 9.024397e-39 0.000000e+00 7.122799e+08 1.774818e+08 7.910365e+05 8.022031e+12 2.864415e-01 3.963515e-13 4.932194e-03 1.623066e-03 2.270144e-02 1.868033e-02 2.996465e-04 1.573310e-08 7.432057e-07 8.802960e-23 1.941334e-28 1.422641e-21 5.962430e-40 0.000000e+00 8.254368e-32 1.517435e-09 4.796999e-05 1.735471e-25 3.139588e-33 4.298644e-33 1.267293e-41 0.000000e+00 0.000000e+00 0.000000e+00 2.587577e-02 0.000000e+00 0.000000e+00 0.000000e+00 0.000000e+00 0.000000e+00 0.000000e+00 0.000000e+00 0.000000e+00 0.000000e+00 0.000000e+00 0.000000e+00 0.000000e+00 0.000000e+00 0.000000e+00 0.000000e+00 0.000000e+00 0.000000e+00 0.000000e+00 0.000000e+00 0.000000e+00 0.000000e+00 0.000000e+00 0.000000e+00 0.000000e+00 0.000000e+00 6.018991e-72 7.323423e-33 4.693115e-35 2.180928e-18 1.432795e-26 0.000000e+00
89.000000 88.000000 90.000000 205.809998 1.823567e-02 1.350945e+08 7.879832e-05 1.269386e+06 1.393872e+00 3.652430e-05 2.013932e-13 5.535424e+02 3.655909e-04 2.235588e-18 2.467305e-12 9.317331e-03 5.633612e-07 9.432152e-15 3.318628e-23 6.203480e-48 2.646766e-12 7.282757e-21 1.331956e-26 2.723743e+04 1.354709e+08 1.095195e+02 2.620372e+00 1.057254e-18 4.521456e-01 4.462328e-15 3.670627e-34 1.121290e-04 4.484915e-10 1.987304e-05 3.002314e-11 7.949361e-04 4.525357e-02 3.658346e+00 9.027530e-05 2.688023e-08 1.765380e-08 1.571844e-04 2.969997e-08 5.532066e-14 2.130901e-19 2.638305e-40 3.805724e-22 3.412531e-26 4.167520e-26 5.101355e-38 6.553598e-30 3.143865e-32 2.327364e-29 1.516877e-36 4.621289e-39 0.000000e+00 5.064404e+08 1.267463e+08 4.545840e+05 5.775792e+12 2.843608e-01 2.736806e-13 3.522188e-03 1.172254e-03 1.621925e-02 1.329911e-02 2.041553e-04 9.262561e-09 5.870829e-07 2.131748e-23 2.906971e-29 1.121491e-21 3.061052e-40 0.000000e+00 7.252159e-33 1.019993e-09 3.453578e-05 6.926755e-26 2.009988e-33 2.748401e-33 6.542266e-42 0.000000e+00 0.000000e+00 0.000000e+00 1.960350e-02 0.000000e+00 0.000000e+00 0.000000e+00 0.000000e+00 0.000000e+00 0.000000e+00 0.000000e+00 0.000000e+00 0.000000e+00 0.000000e+00 0.000000e+00 0.000000e+00 0.000000e+00 0.000000e+00 0.000000e+00 0.000000e+00 0.000000e+00 0.000000e+00 0.000000e+00 0.000000e+00 0.000000e+00 0.000000e+00 0.000000e+00 0.000000e+00 0.000000e+00 2.153037e-72 4.482247e-33 1.555467e-35 7.497451e-19 4.005984e-27 0.000000e+00
91.000000 90.000000 92.000000 205.809998 1.312953e-02 1.017095e+08 2.440155e-05 9.037183e+05 1.170205e+00 1.444372e-05 9.114464e-14 2.944496e+02 2.665898e-04 7.865069e-19 1.679775e-12 6.172518e-03 2.823773e-07 2.730423e-15 5.224394e-24 3.366550e-49 1.723941e-12 2.206227e-21 2.189217e-27 3.291784e+04 1.018179e+08 5.941362e+01 1.428671e+00 4.038370e-19 2.330739e-01 1.067737e-15 2.667696e-34 6.625033e-05 3.628706e-10 1.291967e-05 1.484489e-11 4.086114e-04 3.231897e-02 2.633494e+00 6.430888e-05 1.108228e-08 9.676675e-09 1.099473e-04 2.753201e-08 3.881224e-14 1.545244e-19 0.000000e+00 1.576394e-22 1.133686e-25 1.664779e-26 2.155856e-38 4.534185e-30 9.082439e-33 1.668365e-29 6.958468e-37 3.540163e-39 0.000000e+00 3.603396e+08 9.023874e+07 2.593922e+05 4.158523e+12 2.819981e-01 1.919901e-13 2.536355e-03 8.518767e-04 1.168593e-02 9.556207e-03 1.401914e-04 5.594267e-09 4.645080e-07 5.185886e-24 4.269308e-30 8.788368e-22 8.687550e-40 0.000000e+00 6.194414e-34 6.914633e-10 2.486436e-05 2.765760e-26 6.683068e-33 9.129561e-33 0.000000e+00 0.000000e+00 0.000000e+00 0.000000e+00 1.493719e-02 0.000000e+00 0.000000e+00 0.000000e+00 0.000000e+00 0.000000e+00 0.000000e+00 0.000000e+00 0.000000e+00 0.000000e+00 0.000000e+00 0.000000e+00 0.000000e+00 0.000000e+00 0.000000e+00 0.000000e+00 0.000000e+00 0.000000e+00 0.000000e+00 0.000000e+00 0.000000e+00 0.000000e+00 0.000000e+00 0.000000e+00 0.000000e+00 0.000000e+00 8.478774e-73 2.848171e-33 5.183689e-36 2.577781e-19 1.120095e-27 0.000000e+00
93.000000 92.000000 94.000000 205.809998 9.453151e-03 7.610904e+07 7.536128e-06 6.405292e+05 1.005714e+00 5.791442e-06 4.600580e-14 1.576414e+02 1.940825e-04 2.771781e-19 1.145520e-12 4.109821e-03 1.431266e-07 7.848883e-16 8.112510e-25 1.824329e-50 1.110230e-12 6.915148e-22 3.666995e-28 3.641313e+04 7.608527e+07 3.244996e+01 7.832803e-01 1.544890e-19 1.208384e-01 2.555360e-16 1.934279e-34 3.920559e-05 2.904243e-10 8.396951e-06 7.444564e-12 2.112604e-04 2.314056e-02 1.895854e+00 4.594639e-05 4.568030e-09 5.439720e-09 7.709122e-05 2.571807e-08 2.733731e-14 1.122881e-19 3.348568e-39 6.581425e-23 6.834176e-25 6.662246e-27 9.598702e-39 3.206522e-30 2.677904e-33 1.198318e-29 9.066273e-37 7.146153e-39 0.000000e+00 2.566515e+08 6.397671e+07 1.485595e+05 2.994099e+12 2.796194e-01 1.370754e-13 1.849547e-03 6.239576e-04 8.528459e-03 6.960238e-03 9.742725e-05 3.459918e-09 3.701559e-07 1.291958e-24 6.219389e-31 6.843171e-22 4.610489e-39 0.000000e+00 5.227384e-35 4.747760e-10 1.790158e-05 1.106447e-26 4.031185e-32 5.503123e-32 2.261591e-41 9.191859e-77 0.000000e+00 0.000000e+00 1.150690e-02 0.000000e+00 0.000000e+00 0.000000e+00 0.000000e+00 0.000000e+00 0.000000e+00 0.000000e+00 0.000000e+00 0.000000e+00 0.000000e+00 0.000000e+00 0.000000e+00 0.000000e+00 0.000000e+00 0.000000e+00 0.000000e+00 0.000000e+00 0.000000e+00 0.000000e+00 0.000000e+00 0.000000e+00 0.000000e+00 0.000000e+00 0.000000e+00 0.000000e+00 3.596511e-73 1.870347e-33 1.734104e-36 8.870460e-20 3.132738e-28 0.000000e+00
95.000000 94.000000 96.000000 205.809998 6.806186e-03 5.656354e+07 2.356886e-06 4.511649e+05 8.835228e-01 2.405260e-06 2.491772e-14 8.576972e+01 1.410296e-04 9.778887e-20 7.816732e-13 2.762930e-03 7.498811e-08 2.292202e-16 1.270440e-25 9.877785e-52 7.038482e-13 2.288505e-22 6.300168e-29 3.657335e+04 5.648532e+07 1.801365e+01 4.360874e-01 5.954531e-20 6.363143e-02 6.123000e-17 1.399820e-34 2.346893e-05 2.312005e-10 5.501444e-06 3.850444e-12 1.109495e-04 1.660047e-02 1.364886e+00 3.292089e-05 1.908547e-09 3.184117e-09 5.424478e-05 2.427292e-08 1.937534e-14 8.184552e-20 0.000000e+00 2.920258e-23 4.333573e-24 2.689180e-27 4.614658e-39 2.345488e-30 8.554219e-34 8.617085e-30 2.044421e-36 2.183137e-38 0.000000e+00 1.830719e+08 4.509244e+07 8.677421e+04 2.155727e+12 2.774683e-01 9.989736e-14 1.379807e-03 4.647623e-04 6.369878e-03 5.191187e-03 6.925469e-05 2.188036e-09 3.003717e-07 3.405758e-25 9.177893e-32 5.326793e-22 2.692486e-38 0.000000e+00 4.481130e-36 3.338512e-10 1.288872e-05 4.464925e-27 2.557306e-31 3.489352e-31 0.000000e+00 2.224270e-77 0.000000e+00 0.000000e+00 9.063090e-03 0.000000e+00 0.000000e+00 0.000000e+00 0.000000e+00 0.000000e+00 0.000000e+00 0.000000e+00 0.000000e+00 0.000000e+00 0.000000e+00 0.000000e+00 0.000000e+00 0.000000e+00 0.000000e+00 0.000000e+00 0.000000e+00 0.000000e+00 0.000000e+00 0.000000e+00 0.000000e+00 0.000000e+00 0.000000e+00 0.000000e+00 0.000000e+00 0.000000e+00 1.621679e-73 1.263392e-33 5.812111e-37 3.068135e-20 8.781839e-29 0.000000e+00
97.000000 96.000000 98.000000 205.809998 4.900394e-03 4.169755e+07 7.619330e-07 3.149747e+05 7.930048e-01 1.071697e-06 1.426851e-14 4.851154e+01 1.022417e-04 3.467114e-20 5.329977e-13 1.886291e-03 4.187273e-08 7.014568e-17 2.067091e-26 5.347120e-53 4.369231e-13 8.240050e-23 1.130151e-29 3.328920e+04 4.160802e+07 1.038283e+01 2.518991e-01 2.378850e-20 3.488001e-02 1.487983e-17 1.011350e-34 1.447899e-05 1.859906e-10 3.700773e-06 2.118317e-12 6.067018e-05 1.192621e-02 9.826578e-01 2.365295e-05 8.301970e-10 1.975900e-09 3.836543e-05 2.320953e-08 1.387103e-14 5.988901e-20 0.000000e+00 2.014186e-23 2.756324e-23 1.127331e-27 2.508315e-39 1.818703e-30 4.417606e-34 6.201077e-30 4.813025e-36 6.048523e-38 0.000000e+00 1.308641e+08 3.152084e+07 5.283292e+04 1.552105e+12 2.757970e-01 7.462767e-14 1.077396e-03 3.603205e-04 4.981165e-03 4.055060e-03 5.167578e-05 1.414131e-09 2.532804e-07 1.005013e-25 1.428850e-32 4.214706e-22 1.608538e-37 0.000000e+00 4.094332e-37 2.469217e-10 9.279646e-06 1.871280e-27 1.627060e-30 2.219276e-30 0.000000e+00 3.571195e-78 0.000000e+00 0.000000e+00 7.474946e-03 0.000000e+00 0.000000e+00 0.000000e+00 0.000000e+00 0.000000e+00 0.000000e+00 0.000000e+00 0.000000e+00 0.000000e+00 0.000000e+00 0.000000e+00 0.000000e+00 0.000000e+00 0.000000e+00 0.000000e+00 0.000000e+00 0.000000e+00 0.000000e+00 0.000000e+00 0.000000e+00 0.000000e+00 0.000000e+00 0.000000e+00 0.000000e+00 0.000000e+00 7.707228e-74 8.742249e-34 1.950217e-37 1.094056e-20 2.512167e-29 0.000000e+00
99.000000 98.000000 100.000000 205.809998 3.528243e-03 3.042769e+07 2.616121e-07 2.170797e+05 7.248694e-01 5.449354e-07 8.702261e-15 2.988073e+01 7.390113e-05 1.319167e-20 3.626109e-13 1.317030e-03 2.596179e-08 2.345662e-17 3.637248e-27 3.045736e-54 2.642678e-13 3.370290e-23 2.373867e-30 2.728851e+04 3.034947e+07 6.481393e+00 1.572024e-01 1.106816e-20 2.100183e-02 4.238898e-18 7.294954e-35 9.483076e-06 1.541235e-10 2.611232e-06 1.309271e-12 3.646926e-05 8.578145e-03 7.074894e-01 1.702819e-05 4.067995e-10 1.319691e-09 2.733555e-05 2.219800e-08 1.008406e-14 4.391816e-20 3.570484e-40 4.499158e-23 1.751326e-22 5.473701e-28 1.614558e-39 1.513579e-30 8.856774e-34 4.464608e-30 9.869617e-36 1.197960e-37 0.000000e+00 9.382573e+07 2.177467e+07 3.447491e+04 1.117504e+12 2.748987e-01 5.745846e-14 9.170797e-04 3.031847e-04 4.249446e-03 3.453137e-03 4.267936e-05 9.339244e-10 2.264415e-07 3.655046e-26 2.679453e-33 3.453128e-22 8.932661e-37 0.000000e+00 4.530718e-38 2.027744e-10 6.681229e-06 9.083159e-28 1.157374e-29 1.573873e-29 9.050704e-42 1.888851e-77 0.000000e+00 0.000000e+00 6.733388e-03 0.000000e+00 0.000000e+00 0.000000e+00 0.000000e+00 0.000000e+00 0.000000e+00 0.000000e+00 0.000000e+00 0.000000e+00 0.000000e+00 0.000000e+00 0.000000e+00 0.000000e+00 0.000000e+00 0.000000e+00 0.000000e+00 0.000000e+00 0.000000e+00 0.000000e+00 0.000000e+00 0.000000e+00 0.000000e+00 0.000000e+00 0.000000e+00 0.000000e+00 3.917589e-74 6.177175e-34 6.824100e-38 4.584680e-21 8.475553e-30 0.000000e+00
