# z		 z0		 z1		 T		 P		1		2		3		4		5		6		7		8		9		10		11		12		13		14		15		16		17		18		19		20		21		22		23		24		25		26		27		28		29		30		31		32		33		34		35		36		37		38		39		40		41		42		43		44		45		46		47		48		49		50		51		52		53		54		55		56		57		58		59		60		61		62		63		64		65		66		67		68		69		70		71		72		73		74		75		76		77		78		79		80		81		82		83		84		85		86		87		88		89		90		91		92		93		94		95		96		97		98		99		100		101		102		103		104		105		106		107		108		109		110		111		
#  km		 km		 km		 K		 Pa		
1.000000 0.000000 2.000000 277.796416 9.103242e+04 1.430671e+04 8.777752e-08 7.281661e+09 9.873114e+05 2.147080e+00 2.609443e+04 2.990570e+17 4.669411e-08 4.697537e-02 4.344188e-07 2.023692e+04 6.095710e+01 5.311078e-06 8.804519e-12 6.989509e-25 1.024453e+01 6.592460e-01 3.477583e-05 2.545205e-15 1.837622e+11 4.837902e+11 8.515460e+08 1.195302e-12 3.627264e+08 1.026047e-07 4.711776e-42 3.825122e-08 6.928834e-11 3.685395e-01 1.117650e-01 3.489260e+05 1.486405e-12 3.511637e+01 9.929436e-02 1.062665e+02 4.121142e-04 1.801120e+02 2.497891e-12 9.892687e-12 1.500954e-14 2.198278e-30 1.496146e-16 4.364455e-17 3.863931e-25 2.667446e-18 1.396769e-17 2.468975e-18 7.560548e-13 2.738885e-27 3.216215e-38 0.000000e+00 2.373468e+15 5.022176e+14 6.560573e+01 2.136121e+19 7.124220e-13 1.313961e-04 2.714741e-12 1.637186e-05 1.998036e+03 1.180680e+06 1.199273e+03 1.775583e+08 1.402324e-18 1.830246e-03 7.736179e-09 6.875225e-17 6.008915e-22 0.000000e+00 7.735679e-15 9.012721e-08 3.010419e-04 2.439115e-14 9.740403e-29 6.589334e-28 2.531597e-34 7.155814e-58 0.000000e+00 0.000000e+00 3.533077e-10 0.000000e+00 0.000000e+00 0.000000e+00 0.000000e+00 0.000000e+00 0.000000e+00 0.000000e+00 0.000000e+00 0.000000e+00 0.000000e+00 0.000000e+00 0.000000e+00 0.000000e+00 0.000000e+00 0.000000e+00 0.000000e+00 0.000000e+00 0.000000e+00 0.000000e+00 0.000000e+00 0.000000e+00 0.000000e+00 0.000000e+00 0.000000e+00 0.000000e+00 3.651147e-46 1.367734e-21 2.731248e-20 5.169197e-08 1.705584e-13 0.000000e+00
3.000000 2.000000 4.000000 265.781773 7.119754e+04 2.684087e+05 3.652748e-05 5.326117e+09 6.936971e+05 1.806798e+01 3.990745e+04 1.867464e+16 3.608443e-07 7.615001e-02 1.891912e-06 1.656226e+04 5.119000e+01 3.787084e-05 8.659836e-11 1.229763e-22 7.558138e+00 3.699921e-01 8.790803e-05 1.190908e-14 1.525324e+11 3.953093e+11 6.161366e+08 1.882474e-12 2.848359e+08 4.153594e-07 2.737540e-40 1.197790e-06 1.157731e-09 2.670649e-01 6.769241e-02 2.869909e+05 9.232836e-12 2.405001e+01 4.905993e-02 6.758454e+01 1.748382e-04 1.476676e+02 2.288089e-12 1.693291e-10 1.274342e-14 1.098573e-28 1.420869e-16 0.000000e+00 4.813363e-24 2.182267e-18 1.131780e-17 2.073857e-18 6.176818e-13 2.960782e-27 2.664139e-38 0.000000e+00 1.940229e+15 4.105452e+14 1.165249e+03 1.746208e+19 1.337758e-12 2.700259e-04 1.195127e-11 5.894304e-06 1.046356e+03 7.800966e+05 5.788874e+02 1.457969e+08 8.499085e-16 7.018565e-04 9.539814e-09 5.908662e-17 0.000000e+00 0.000000e+00 2.241880e-12 1.092766e-06 1.262251e-03 4.023541e-14 0.000000e+00 0.000000e+00 3.992478e-32 3.493825e-56 0.000000e+00 0.000000e+00 3.288448e-10 0.000000e+00 0.000000e+00 0.000000e+00 0.000000e+00 0.000000e+00 0.000000e+00 0.000000e+00 0.000000e+00 0.000000e+00 0.000000e+00 0.000000e+00 0.000000e+00 0.000000e+00 0.000000e+00 0.000000e+00 0.000000e+00 0.000000e+00 0.000000e+00 0.000000e+00 0.000000e+00 0.000000e+00 0.000000e+00 0.000000e+00 0.000000e+00 0.000000e+00 7.212836e-46 1.877394e-20 4.486753e-19 4.524993e-08 1.447086e-13 0.000000e+00
5.000000 4.000000 6.000000 251.608939 5.497730e+04 7.494815e+05 3.243491e-04 8.991744e+09 1.902997e+06 8.107106e+01 1.605113e+05 5.456928e+15 1.828698e-05 1.007996e-01 2.543215e-06 1.355629e+04 4.222116e+01 5.321619e-05 2.507855e-10 4.197565e-21 5.676832e+00 7.032042e-01 1.720749e-04 3.081322e-13 1.275298e+11 3.222531e+11 4.868642e+08 2.807328e-12 2.161320e+08 1.626023e-06 2.959702e-39 3.623304e-05 2.328774e-08 3.064428e-01 6.228474e-02 2.366264e+05 1.574888e-10 1.155022e+01 1.556681e-02 2.799832e+01 7.409023e-05 1.208925e+02 3.566074e-12 1.062157e-10 1.126547e-14 0.000000e+00 1.847937e-16 1.709935e-15 5.330648e-22 8.981087e-19 9.574920e-18 2.415268e-18 5.038175e-13 4.113539e-27 2.609595e-38 0.000000e+00 1.582595e+15 3.348671e+14 6.073105e+03 1.424340e+19 1.877591e-12 8.884603e-04 1.256835e-10 1.022520e-05 7.464512e+02 4.919968e+05 2.934336e+02 1.149237e+08 8.084699e-14 2.689148e-04 8.063039e-09 9.630334e-17 3.623516e-20 0.000000e+00 1.063297e-10 2.288598e-06 4.199706e-03 5.475863e-14 8.739242e-27 5.908246e-26 0.000000e+00 6.848077e-60 0.000000e+00 0.000000e+00 4.406369e-10 0.000000e+00 0.000000e+00 0.000000e+00 0.000000e+00 0.000000e+00 0.000000e+00 0.000000e+00 0.000000e+00 0.000000e+00 0.000000e+00 0.000000e+00 0.000000e+00 0.000000e+00 0.000000e+00 0.000000e+00 0.000000e+00 0.000000e+00 0.000000e+00 0.000000e+00 0.000000e+00 0.000000e+00 0.000000e+00 0.000000e+00 0.000000e+00 0.000000e+00 1.914192e-45 2.122482e-20 6.612772e-19 3.891996e-08 1.308332e-13 0.000000e+00
7.000000 6.000000 8.000000 234.670869 4.174983e+04 1.707746e+06 2.677479e-03 1.124874e+10 3.831718e+06 3.020201e+02 5.371567e+05 1.025167e+15 9.670680e-05 1.144006e-01 3.451739e-06 1.111655e+04 3.459380e+01 8.481111e-05 8.830554e-10 4.015976e-20 4.315906e+00 1.045863e+00 3.253058e-04 3.822511e-12 1.087060e+11 2.621768e+11 3.489425e+08 4.154687e-12 1.594004e+08 8.062995e-06 9.093355e-39 1.498049e-03 6.051766e-07 3.993698e-01 6.064253e-02 1.964035e+05 2.863415e-09 6.305138e+00 6.190834e-03 1.378779e+01 9.520859e-05 9.888252e+01 3.092506e-12 6.248394e-11 9.542072e-15 9.310688e-30 2.520505e-16 2.513150e-15 8.181750e-21 5.935607e-19 1.072352e-17 3.010883e-18 4.013554e-13 6.620755e-27 3.494428e-38 0.000000e+00 1.288566e+15 2.726474e+14 2.507189e+04 1.159716e+19 2.360810e-12 1.975398e-03 8.557552e-10 1.150135e-05 5.291902e+02 2.908917e+05 1.548754e+02 9.074397e+07 8.245192e-12 1.096906e-04 8.509679e-09 3.238004e-16 8.674787e-20 0.000000e+00 1.097433e-09 5.066261e-06 1.404770e-02 6.700726e-14 1.584642e-26 1.074817e-25 0.000000e+00 4.344784e-57 0.000000e+00 0.000000e+00 6.123907e-10 0.000000e+00 0.000000e+00 0.000000e+00 0.000000e+00 0.000000e+00 0.000000e+00 0.000000e+00 0.000000e+00 0.000000e+00 0.000000e+00 0.000000e+00 0.000000e+00 0.000000e+00 0.000000e+00 0.000000e+00 0.000000e+00 0.000000e+00 0.000000e+00 0.000000e+00 0.000000e+00 0.000000e+00 0.000000e+00 0.000000e+00 0.000000e+00 0.000000e+00 6.319125e-45 3.355699e-20 1.456945e-18 3.361786e-08 1.291791e-13 0.000000e+00
9.000000 8.000000 10.000000 216.009382 3.101796e+04 4.413507e+06 3.851348e-02 9.666455e+09 4.708420e+06 1.143849e+03 9.566597e+05 1.184047e+14 4.401186e-04 1.085071e-01 4.814688e-06 9.084117e+03 2.834938e+01 2.023664e-04 4.926512e-09 2.915528e-19 3.295248e+00 9.876825e-01 6.161154e-04 9.428666e-12 9.525137e+10 2.113973e+11 2.025536e+08 6.284996e-12 1.162739e+08 4.534470e-05 4.147091e-39 4.944886e-02 1.110417e-05 4.961031e-01 5.199144e-02 1.637011e+05 1.022757e-07 4.473894e+00 3.250861e-03 7.215755e+00 2.119215e-04 8.026261e+01 1.276369e-12 5.514197e-11 9.117262e-15 0.000000e+00 3.621931e-16 4.858776e-15 1.697952e-19 5.339808e-19 1.381197e-17 4.001023e-18 3.052187e-13 1.142695e-26 6.455603e-38 0.000000e+00 1.040037e+15 2.200559e+14 1.034221e+05 9.360453e+18 3.102617e-12 2.957218e-03 1.666990e-09 6.145890e-06 3.214039e+02 1.604032e+05 9.626011e+01 6.966270e+07 5.573389e-10 5.383093e-05 1.480235e-08 1.819003e-15 2.446610e-19 0.000000e+00 7.990871e-09 1.386356e-05 3.806890e-02 7.614210e-14 3.979080e-26 2.705908e-25 1.057702e-32 1.770776e-56 0.000000e+00 0.000000e+00 7.522091e-10 0.000000e+00 0.000000e+00 0.000000e+00 0.000000e+00 0.000000e+00 0.000000e+00 0.000000e+00 0.000000e+00 0.000000e+00 0.000000e+00 0.000000e+00 0.000000e+00 0.000000e+00 0.000000e+00 0.000000e+00 0.000000e+00 0.000000e+00 0.000000e+00 0.000000e+00 0.000000e+00 0.000000e+00 0.000000e+00 0.000000e+00 0.000000e+00 0.000000e+00 2.353218e-44 8.753658e-20 5.432774e-18 2.959489e-08 1.398161e-13 0.000000e+00
11.000000 10.000000 12.000000 198.928534 2.244472e+04 1.356707e+07 9.353983e-01 5.750658e+09 3.267665e+06 4.337953e+03 7.491885e+05 1.117621e+13 1.673628e-03 8.514621e-02 7.502133e-06 7.278546e+03 2.317362e+01 8.157164e-04 5.743228e-08 2.141249e-18 2.305987e+00 5.357366e-01 1.147149e-03 3.371784e-12 8.435905e+10 1.658873e+11 8.644616e+07 9.661742e-12 8.364317e+07 2.378320e-04 4.071839e-40 8.009206e-01 9.482364e-05 5.729277e-01 3.549851e-02 1.347547e+05 2.970404e-06 4.622194e+00 2.294751e-03 4.503467e+00 5.791129e-04 6.350906e+01 2.791323e-13 5.369530e-11 1.034655e-14 9.541652e-31 5.473857e-16 8.273041e-15 2.192821e-18 5.235447e-19 1.843915e-17 5.448566e-18 2.128701e-13 2.027308e-26 1.670355e-37 0.000000e+00 8.171847e+14 1.728983e+14 4.329829e+05 7.354842e+18 1.672854e-11 2.118726e-03 6.464840e-10 1.629576e-06 1.619820e+02 8.545474e+04 6.669623e+01 4.080989e+07 1.807968e-08 2.952666e-05 3.463216e-08 1.182549e-14 4.910425e-19 0.000000e+00 6.173509e-08 4.581604e-05 7.205625e-02 8.060712e-14 9.195551e-26 6.261572e-25 3.371624e-33 1.531193e-56 0.000000e+00 0.000000e+00 7.562771e-10 0.000000e+00 0.000000e+00 0.000000e+00 0.000000e+00 0.000000e+00 0.000000e+00 0.000000e+00 0.000000e+00 0.000000e+00 0.000000e+00 0.000000e+00 0.000000e+00 0.000000e+00 0.000000e+00 0.000000e+00 0.000000e+00 0.000000e+00 0.000000e+00 0.000000e+00 0.000000e+00 0.000000e+00 0.000000e+00 0.000000e+00 0.000000e+00 0.000000e+00 9.264847e-44 3.376791e-19 2.469483e-17 2.771816e-08 1.625661e-13 0.000000e+00
13.000000 12.000000 14.000000 188.316977 1.587940e+04 3.588783e+07 2.027435e+01 3.328996e+09 2.836096e+06 1.850198e+04 6.277573e+05 2.052679e+12 4.386736e-03 5.666016e-02 1.161517e-05 5.604881e+03 1.829494e+01 2.645750e-03 5.771855e-07 1.470549e-17 1.186206e+00 3.215529e-01 1.966701e-03 3.101972e-12 7.240299e+10 1.237664e+11 2.895875e+07 1.471493e-11 5.716839e+07 9.799384e-04 7.085299e-41 4.839737e+00 3.552384e-04 9.629521e-01 3.310756e-02 1.070690e+05 3.687736e-05 6.556902e+00 4.079656e-03 5.024683e+00 2.337904e-03 4.789463e+01 1.079141e-13 6.510202e-11 9.456907e-15 0.000000e+00 9.446956e-16 1.492195e-14 1.880955e-17 4.124721e-19 2.437597e-17 7.683340e-18 1.294612e-13 3.642569e-26 7.005159e-37 0.000000e+00 6.107190e+14 1.292087e+14 2.246834e+06 5.496689e+18 4.444721e-10 9.563976e-04 5.938788e-10 1.317575e-06 1.272003e+02 4.982931e+04 6.540263e+01 1.744128e+07 2.129748e-07 2.128692e-05 7.799191e-08 4.281969e-14 1.286687e-18 0.000000e+00 4.081874e-07 3.009491e-04 1.016977e-01 7.938904e-14 2.405112e-25 1.636860e-24 0.000000e+00 2.366219e-60 0.000000e+00 0.000000e+00 1.087946e-09 0.000000e+00 0.000000e+00 0.000000e+00 0.000000e+00 0.000000e+00 0.000000e+00 0.000000e+00 0.000000e+00 0.000000e+00 0.000000e+00 0.000000e+00 0.000000e+00 0.000000e+00 0.000000e+00 0.000000e+00 0.000000e+00 0.000000e+00 0.000000e+00 0.000000e+00 0.000000e+00 0.000000e+00 0.000000e+00 0.000000e+00 0.000000e+00 0.000000e+00 3.394316e-43 1.134841e-18 6.684403e-17 2.917973e-08 1.953081e-13 0.000000e+00
15.000000 14.000000 16.000000 182.943585 1.108135e+04 7.073482e+07 2.535316e+02 2.177877e+09 3.666960e+06 7.564615e+04 7.862288e+05 7.994911e+11 7.938229e-03 3.182050e-02 1.459427e-05 4.216788e+03 1.387438e+01 4.886372e-03 2.197068e-06 5.914055e-17 4.459475e-01 2.567911e-01 2.880119e-03 1.244774e-11 6.045869e+10 8.869697e+10 8.729593e+06 2.291260e-11 3.703003e+07 3.728415e-03 4.259190e-41 1.538979e+01 8.274264e-04 1.662783e+00 4.210915e-02 8.344006e+04 2.900863e-04 9.625233e+00 1.246699e-02 7.366108e+00 9.067685e-03 3.483126e+01 9.401004e-14 1.007891e-10 5.296094e-15 1.256329e-29 1.359526e-15 2.318643e-14 9.031607e-17 2.046630e-19 2.263190e-17 8.213351e-18 6.403552e-14 6.736961e-26 5.181871e-36 0.000000e+00 4.386962e+14 9.280849e+13 1.230662e+07 3.948496e+18 8.195431e-09 4.170995e-04 1.922296e-09 3.423174e-06 1.524524e+02 3.189578e+04 7.962475e+01 8.655497e+06 1.267008e-06 1.773644e-05 1.338815e-07 9.264473e-14 3.643746e-18 0.000000e+00 1.808334e-06 2.809914e-03 1.233756e-01 7.442885e-14 5.558265e-25 3.778773e-24 0.000000e+00 1.259709e-60 0.000000e+00 0.000000e+00 2.189382e-09 0.000000e+00 0.000000e+00 0.000000e+00 0.000000e+00 0.000000e+00 0.000000e+00 0.000000e+00 0.000000e+00 0.000000e+00 0.000000e+00 0.000000e+00 0.000000e+00 0.000000e+00 0.000000e+00 0.000000e+00 0.000000e+00 0.000000e+00 0.000000e+00 0.000000e+00 0.000000e+00 0.000000e+00 0.000000e+00 0.000000e+00 0.000000e+00 0.000000e+00 8.392046e-43 2.368914e-18 9.595600e-17 3.454329e-08 2.322438e-13 0.000000e+00
17.000000 16.000000 18.000000 179.243246 7.666374e+03 1.048903e+08 1.583570e+03 1.573639e+09 5.388945e+06 2.329624e+05 1.222255e+06 4.050456e+11 1.043764e-02 1.488893e-02 1.357695e-05 3.191831e+03 1.026235e+01 5.830423e-03 3.645064e-06 9.417678e-17 1.549423e-01 2.218858e-01 3.349840e-03 7.591953e-11 5.008701e+10 6.242145e+10 2.578958e+06 3.717701e-11 2.315957e+07 1.523361e-02 3.758279e-41 3.534199e+01 1.452185e-03 2.360761e+00 5.409161e-02 6.559437e+04 1.743767e-03 1.302442e+01 3.370285e-02 9.431095e+00 2.482893e-02 2.501703e+01 1.133372e-13 1.582155e-10 1.909368e-15 1.379389e-29 1.301871e-15 2.558643e-14 2.500377e-16 6.578926e-20 1.279048e-17 5.568782e-18 2.283649e-14 1.222010e-25 6.102924e-35 0.000000e+00 3.097602e+14 6.552650e+13 5.318045e+07 2.788069e+18 5.307812e-06 1.896161e-04 8.227063e-09 9.788291e-06 1.955206e+02 2.073448e+04 9.496966e+01 5.402514e+06 5.323351e-06 1.395672e-05 1.590311e-07 1.460069e-13 7.283155e-18 0.000000e+00 4.476332e-06 1.982444e-02 1.385502e-01 6.688085e-14 9.126784e-25 6.198167e-24 0.000000e+00 6.030916e-57 0.000000e+00 0.000000e+00 6.527240e-09 0.000000e+00 0.000000e+00 0.000000e+00 0.000000e+00 0.000000e+00 0.000000e+00 0.000000e+00 0.000000e+00 0.000000e+00 0.000000e+00 0.000000e+00 0.000000e+00 0.000000e+00 0.000000e+00 0.000000e+00 0.000000e+00 0.000000e+00 0.000000e+00 0.000000e+00 0.000000e+00 0.000000e+00 0.000000e+00 0.000000e+00 0.000000e+00 0.000000e+00 8.907144e-43 2.661401e-18 7.474911e-17 4.424772e-08 2.537162e-13 0.000000e+00
19.000000 18.000000 20.000000 176.859916 5.273350e+03 1.121022e+08 4.464432e+03 1.265696e+09 8.625624e+06 5.114477e+05 2.082853e+06 2.594451e+11 9.785975e-03 5.936690e-03 9.753926e-06 2.456370e+03 7.497858e+00 4.589067e-03 2.684505e-06 5.202682e-17 6.416896e-02 1.997150e-01 3.048064e-03 2.943571e-09 4.134437e+10 4.330759e+10 7.886282e+05 6.295301e-11 1.405763e+07 7.029637e-02 5.202449e-41 6.761445e+01 2.317943e-03 3.540822e+00 7.539738e-02 5.260413e+04 9.664466e-03 1.710847e+01 7.417326e-02 1.021499e+01 5.174575e-02 1.786015e+01 3.520503e-13 2.628459e-10 5.000158e-16 0.000000e+00 8.064805e-16 1.926597e-14 3.942443e-16 1.564138e-20 5.011636e-18 2.403427e-18 5.008239e-15 1.998526e-25 9.419015e-34 0.000000e+00 2.159350e+14 4.567471e+13 1.661543e+08 1.943630e+18 3.078324e-05 9.299291e-05 1.561653e-07 4.259036e-05 2.605150e+02 1.378104e+04 1.066025e+02 4.165115e+06 1.796951e-05 1.003663e-05 1.285388e-07 2.061852e-13 9.565006e-18 0.000000e+00 5.556241e-06 9.401978e-02 1.487594e-01 5.681371e-14 1.022531e-24 6.935792e-24 0.000000e+00 8.812659e-61 0.000000e+00 0.000000e+00 3.203515e-07 0.000000e+00 0.000000e+00 0.000000e+00 0.000000e+00 0.000000e+00 0.000000e+00 0.000000e+00 0.000000e+00 0.000000e+00 0.000000e+00 0.000000e+00 0.000000e+00 0.000000e+00 0.000000e+00 0.000000e+00 0.000000e+00 0.000000e+00 0.000000e+00 0.000000e+00 0.000000e+00 0.000000e+00 0.000000e+00 0.000000e+00 0.000000e+00 0.000000e+00 3.759091e-43 1.671782e-18 3.521412e-17 6.198943e-08 2.491282e-13 0.000000e+00
21.000000 20.000000 22.000000 175.298960 3.612810e+03 9.334677e+07 7.779531e+03 1.046202e+09 1.456864e+07 9.403146e+05 3.567446e+06 1.839277e+11 7.069044e-03 2.147291e-03 6.439871e-06 1.932523e+03 5.491782e+00 3.226522e-03 1.455829e-06 1.921899e-17 3.141678e-02 1.846836e-01 2.599969e-03 1.332986e-04 3.426049e+10 2.972713e+10 2.815737e+05 1.115439e-10 8.448900e+06 3.939239e-01 8.902629e-41 1.172235e+02 3.600121e-03 1.282652e+01 1.296540e-01 4.349303e+04 3.654798e-01 3.013188e+01 2.532051e-01 1.479561e+01 1.666845e-01 1.276322e+01 1.942279e-10 5.025871e-10 9.155858e-17 0.000000e+00 3.194435e-16 1.051499e-14 4.266667e-16 2.826322e-21 1.389640e-18 6.624005e-19 5.950200e-16 2.867602e-25 1.462819e-32 0.000000e+00 1.492504e+14 3.156645e+13 4.345809e+08 1.343452e+18 9.241194e-05 4.534776e-05 5.185522e-03 4.971842e-01 7.169667e+02 9.261592e+03 1.217309e+02 3.313762e+06 5.322446e-05 7.259759e-06 9.571049e-08 2.794009e-13 9.244681e-18 0.000000e+00 4.972593e-06 7.461525e-01 1.554718e-01 4.531944e-14 8.281694e-25 5.609051e-24 2.834638e-32 4.754337e-59 0.000000e+00 0.000000e+00 9.496391e-03 0.000000e+00 0.000000e+00 0.000000e+00 0.000000e+00 0.000000e+00 0.000000e+00 0.000000e+00 0.000000e+00 0.000000e+00 0.000000e+00 0.000000e+00 0.000000e+00 0.000000e+00 0.000000e+00 0.000000e+00 0.000000e+00 0.000000e+00 0.000000e+00 0.000000e+00 0.000000e+00 0.000000e+00 0.000000e+00 0.000000e+00 0.000000e+00 0.000000e+00 9.871553e-44 8.083825e-19 1.322560e-17 9.700737e-08 2.307270e-13 0.000000e+00
23.000000 22.000000 24.000000 174.616849 2.469755e+03 7.393633e+07 1.173755e+04 8.482333e+08 2.369799e+07 1.564908e+06 5.427330e+06 1.296522e+11 4.605048e-03 7.406137e-04 4.217608e-06 1.554217e+03 4.079318e+00 2.833244e-03 1.040781e-06 1.019224e-17 1.563114e-02 1.615092e-01 2.492356e-03 4.022965e-03 2.891119e+10 2.019458e+10 2.730300e+05 2.031658e-10 5.304343e+06 2.738281e+00 2.063824e-40 1.912889e+02 5.494135e-03 6.507165e+01 2.675059e-01 3.733922e+04 5.671470e+00 7.536256e+01 1.616356e+00 4.020178e+01 1.123574e+00 9.175284e+00 3.658362e-09 1.219665e-09 1.365809e-17 2.392400e-29 9.947541e-17 4.756687e-15 3.747432e-16 4.339528e-22 2.994538e-19 1.395998e-19 3.537843e-17 3.906896e-25 1.567486e-31 0.000000e+00 1.024226e+14 2.166037e+13 1.062150e+09 9.219854e+17 3.677019e-04 2.005582e-05 9.443678e-02 6.156665e+00 5.138005e+03 6.543524e+03 1.506737e+02 2.179011e+06 1.462984e-04 5.870653e-06 9.025947e-08 3.518505e-13 6.987655e-18 0.000000e+00 4.652568e-06 1.427458e+01 1.596495e-01 3.400335e-14 5.552730e-25 3.753284e-24 0.000000e+00 7.103911e-63 0.000000e+00 0.000000e+00 1.232615e-01 0.000000e+00 0.000000e+00 0.000000e+00 0.000000e+00 0.000000e+00 0.000000e+00 0.000000e+00 0.000000e+00 0.000000e+00 0.000000e+00 0.000000e+00 0.000000e+00 0.000000e+00 0.000000e+00 0.000000e+00 0.000000e+00 0.000000e+00 0.000000e+00 0.000000e+00 0.000000e+00 0.000000e+00 0.000000e+00 0.000000e+00 0.000000e+00 0.000000e+00 2.117764e-44 3.637972e-19 4.602198e-18 1.585528e-07 2.125547e-13 0.000000e+00
25.000000 24.000000 26.000000 174.835365 1.687955e+03 6.134133e+07 1.498252e+04 7.117358e+08 3.285190e+07 2.150133e+06 6.415815e+06 9.067576e+10 3.268173e-03 2.676548e-04 2.942644e-06 1.256365e+03 3.113149e+00 2.727941e-03 8.178915e-07 6.543892e-18 7.881846e-03 1.207318e-01 2.337583e-03 2.335404e-02 2.531799e+10 1.358147e+10 3.366074e+05 3.348838e-10 3.835291e+06 1.171234e+01 6.821791e-40 2.946486e+02 8.202767e-03 1.255680e+02 4.322076e-01 3.348106e+04 1.925811e+01 1.248737e+02 4.429047e+00 6.795438e+01 3.238903e+00 6.677238e+00 1.360658e-08 2.702550e-09 2.690627e-18 0.000000e+00 3.561267e-17 2.202752e-15 2.986968e-16 7.404797e-23 7.222514e-20 3.305795e-20 1.321679e-18 5.657354e-25 8.692081e-31 0.000000e+00 6.990788e+13 1.478343e+13 2.208211e+09 6.293441e+17 8.896573e-04 9.443812e-06 3.469251e-01 1.473580e+01 1.266944e+04 5.019616e+03 1.949971e+02 1.213528e+06 3.679602e-04 5.216679e-06 9.583278e-08 4.494946e-13 4.256477e-18 0.000000e+00 3.985217e-06 7.512382e+01 1.621494e-01 2.427213e-14 3.809241e-25 2.567602e-24 0.000000e+00 1.572655e-60 0.000000e+00 0.000000e+00 3.126230e-01 0.000000e+00 0.000000e+00 0.000000e+00 0.000000e+00 0.000000e+00 0.000000e+00 0.000000e+00 0.000000e+00 0.000000e+00 0.000000e+00 0.000000e+00 0.000000e+00 0.000000e+00 0.000000e+00 0.000000e+00 0.000000e+00 0.000000e+00 0.000000e+00 0.000000e+00 0.000000e+00 0.000000e+00 0.000000e+00 0.000000e+00 0.000000e+00 0.000000e+00 4.364927e-45 1.668763e-19 1.707867e-18 2.189777e-07 2.049684e-13 0.000000e+00
27.000000 26.000000 28.000000 175.398071 1.154993e+03 5.401362e+07 1.632762e+04 6.308444e+08 3.851216e+07 2.468896e+06 5.870558e+06 6.287414e+10 2.669316e-03 1.148336e-04 2.407770e-06 1.011458e+03 2.462903e+00 2.456803e-03 5.450900e-07 3.428928e-18 4.144049e-03 7.837940e-02 1.851147e-03 6.977471e-02 2.338999e+10 9.066226e+09 3.563178e+05 5.116662e-10 3.396598e+06 2.696674e+01 2.599271e-39 4.412927e+02 1.198733e-02 1.745803e+02 5.660050e-01 3.130301e+04 4.081189e+01 1.646766e+02 7.426762e+00 8.786186e+01 5.538077e+00 4.966416e+00 3.066040e-08 4.842815e-09 9.100755e-19 0.000000e+00 1.869583e-17 1.290516e-15 2.508986e-16 1.872319e-23 2.553624e-20 1.151373e-20 8.908565e-20 9.218006e-25 3.670049e-30 0.000000e+00 4.767550e+13 1.008249e+13 3.839713e+09 4.292505e+17 1.607909e-03 5.204620e-06 7.753208e-01 2.050202e+01 1.858111e+04 3.969926e+03 2.505612e+02 6.408035e+05 8.583790e-04 4.648144e-06 9.502861e-08 6.083619e-13 2.553075e-18 0.000000e+00 2.819292e-06 1.820667e+02 1.639735e-01 1.672538e-14 3.294556e-25 2.211837e-24 0.000000e+00 2.224602e-64 0.000000e+00 0.000000e+00 4.724547e-01 0.000000e+00 0.000000e+00 0.000000e+00 0.000000e+00 0.000000e+00 0.000000e+00 0.000000e+00 0.000000e+00 0.000000e+00 0.000000e+00 0.000000e+00 0.000000e+00 0.000000e+00 0.000000e+00 0.000000e+00 0.000000e+00 0.000000e+00 0.000000e+00 0.000000e+00 0.000000e+00 0.000000e+00 0.000000e+00 0.000000e+00 0.000000e+00 0.000000e+00 1.117715e-45 9.183521e-20 8.134444e-19 2.670865e-07 2.141982e-13 0.000000e+00
29.000000 28.000000 30.000000 175.769384 7.914025e+02 5.156072e+07 1.638918e+04 5.949766e+08 3.998029e+07 2.510994e+06 4.456214e+06 4.313370e+10 2.446918e-03 6.093141e-05 2.204907e-06 8.122537e+02 2.022829e+00 2.031609e-03 3.033587e-07 1.380615e-18 2.282277e-03 4.688192e-02 1.222535e-03 1.604506e-01 2.290215e+10 6.009571e+09 4.189437e+05 8.013506e-10 3.544410e+06 4.626924e+01 9.448969e-39 6.602006e+02 1.720022e-02 2.618571e+02 6.907856e-01 3.014887e+04 8.950707e+01 2.371387e+02 1.145825e+01 1.217454e+02 8.457363e+00 3.804624e+00 1.165871e-07 1.062392e-08 5.400872e-19 0.000000e+00 1.535844e-17 1.064211e-15 2.445091e-16 8.859055e-24 1.425497e-20 6.400278e-21 2.535936e-20 1.653765e-24 1.476895e-29 0.000000e+00 3.259157e+13 6.894078e+12 5.804178e+09 2.935016e+17 2.868273e-03 3.353615e-06 1.686401e+00 2.641947e+01 2.461600e+04 3.369543e+03 3.109679e+02 3.420004e+05 1.947547e-03 4.082545e-06 8.353071e-08 8.372273e-13 1.777336e-18 0.000000e+00 1.703816e-06 3.221453e+02 1.656077e-01 1.117665e-14 3.988022e-25 2.662194e-24 0.000000e+00 6.287230e-67 0.000000e+00 0.000000e+00 6.897390e-01 0.000000e+00 0.000000e+00 0.000000e+00 0.000000e+00 0.000000e+00 0.000000e+00 0.000000e+00 0.000000e+00 0.000000e+00 0.000000e+00 0.000000e+00 0.000000e+00 0.000000e+00 0.000000e+00 0.000000e+00 0.000000e+00 0.000000e+00 0.000000e+00 0.000000e+00 0.000000e+00 0.000000e+00 0.000000e+00 0.000000e+00 0.000000e+00 0.000000e+00 3.916341e-46 5.872775e-20 4.827259e-19 3.171798e-07 2.368702e-13 0.000000e+00
31.000000 30.000000 32.000000 175.883894 5.426568e+02 5.338170e+07 1.568118e+04 6.019673e+08 3.836149e+07 2.348277e+06 2.987223e+06 2.913792e+10 2.433080e-03 3.808566e-05 2.094119e-06 6.490866e+02 1.717669e+00 1.546023e-03 1.470086e-07 4.426821e-19 1.322554e-03 2.688416e-02 6.876758e-04 3.759574e-01 2.348989e+10 3.938323e+09 5.951722e+05 1.296596e-09 3.995843e+06 6.910058e+01 3.262910e-38 9.780619e+02 2.414619e-02 4.765356e+02 8.985191e-01 2.929287e+04 2.372857e+02 4.091970e+02 1.881075e+01 2.010463e+02 1.334806e+01 3.009576e+00 3.639532e-07 2.438505e-08 4.688640e-19 0.000000e+00 1.700522e-17 1.105600e-15 2.619662e-16 7.307359e-24 1.085284e-20 4.902263e-21 1.330101e-20 3.028207e-24 5.744446e-29 0.000000e+00 2.232555e+13 4.724797e+12 7.891242e+09 2.011201e+17 5.293366e-03 2.573156e-06 4.230101e+00 3.678672e+01 3.437824e+04 3.275891e+03 3.738941e+02 1.882676e+05 4.353929e-03 3.588202e-06 6.471258e-08 1.128230e-12 1.347677e-18 0.000000e+00 8.998546e-07 5.022931e+02 1.668033e-01 7.179126e-15 6.052152e-25 4.007330e-24 1.848467e-32 2.886538e-63 0.000000e+00 0.000000e+00 1.159331e+00 0.000000e+00 0.000000e+00 0.000000e+00 0.000000e+00 0.000000e+00 0.000000e+00 0.000000e+00 0.000000e+00 0.000000e+00 0.000000e+00 0.000000e+00 0.000000e+00 0.000000e+00 0.000000e+00 0.000000e+00 0.000000e+00 0.000000e+00 0.000000e+00 0.000000e+00 0.000000e+00 0.000000e+00 0.000000e+00 0.000000e+00 0.000000e+00 0.000000e+00 1.548498e-46 3.796298e-20 3.113133e-19 3.735210e-07 2.630916e-13 0.000000e+00
33.000000 32.000000 34.000000 175.998295 3.722432e+02 5.871640e+07 1.427081e+04 6.516528e+08 3.498423e+07 2.055414e+06 1.834899e+06 1.927457e+10 2.556962e-03 2.666399e-05 2.034261e-06 5.124621e+02 1.495904e+00 1.080019e-03 6.414570e-08 1.166514e-19 8.044636e-04 1.498687e-02 3.343833e-04 9.205411e-01 2.474236e+10 2.534295e+09 8.906865e+05 2.028110e-09 4.456668e+06 8.336351e+01 1.172444e-37 1.386904e+03 3.251771e-02 9.144821e+02 1.317417e+00 2.769053e+04 6.557121e+02 7.396424e+02 2.943058e+01 3.449094e+02 1.945928e+01 2.452534e+00 8.221040e-07 4.478859e-08 4.785649e-19 2.203992e-30 2.080539e-17 1.211524e-15 2.722061e-16 7.596018e-24 9.225438e-21 4.207269e-21 8.647142e-21 5.226208e-24 1.964645e-28 0.000000e+00 1.529609e+13 3.239840e+12 9.899391e+09 1.378715e+17 9.540076e-03 2.409816e-06 1.099038e+01 4.920393e+01 4.613365e+04 3.427442e+03 4.120989e+02 1.061669e+05 9.258964e-03 2.907325e-06 4.190202e-08 1.450562e-12 9.614528e-19 0.000000e+00 4.146994e-07 6.459147e+02 1.668110e-01 4.363717e-15 9.660756e-25 6.322507e-24 2.371857e-32 4.091352e-67 0.000000e+00 0.000000e+00 2.025692e+00 0.000000e+00 0.000000e+00 0.000000e+00 0.000000e+00 0.000000e+00 0.000000e+00 0.000000e+00 0.000000e+00 0.000000e+00 0.000000e+00 0.000000e+00 0.000000e+00 0.000000e+00 0.000000e+00 0.000000e+00 0.000000e+00 0.000000e+00 0.000000e+00 0.000000e+00 0.000000e+00 0.000000e+00 0.000000e+00 0.000000e+00 0.000000e+00 0.000000e+00 6.020615e-47 2.376727e-20 2.083201e-19 4.164072e-07 2.804810e-13 0.000000e+00
35.000000 34.000000 36.000000 176.386460 2.555255e+02 6.707322e+07 1.228566e+04 7.404474e+08 3.055658e+07 1.697331e+06 1.042197e+06 1.241962e+10 2.801339e-03 2.003293e-05 2.024655e-06 3.969642e+02 1.319718e+00 6.931071e-04 2.583001e-08 2.590856e-20 5.031599e-04 8.042472e-03 1.413781e-04 2.122662e+00 2.628925e+10 1.590918e+09 1.220065e+06 2.885268e-09 4.599145e+06 7.413898e+01 4.569559e-37 1.801743e+03 4.018474e-02 1.564662e+03 1.981358e+00 2.412488e+04 1.569973e+03 1.215297e+03 3.831543e+01 5.216346e+02 2.267719e+01 2.042610e+00 1.691923e-06 7.145420e-08 5.108104e-19 5.235220e-31 2.535055e-17 1.264669e-15 2.499743e-16 7.654058e-24 7.831268e-21 3.605215e-21 6.049063e-21 7.868763e-24 5.202451e-28 0.000000e+00 1.046766e+13 2.220005e+12 1.168213e+10 9.443335e+16 1.606310e-02 2.665170e-06 2.541057e+01 5.502941e+01 5.253670e+04 3.392689e+03 3.845045e+02 5.995376e+04 1.734065e-02 1.939089e-06 2.118848e-08 1.715828e-12 5.923978e-19 0.000000e+00 1.667408e-07 6.229973e+02 1.642312e-01 2.477148e-15 1.466501e-24 9.438653e-24 5.708280e-33 5.797093e-71 0.000000e+00 0.000000e+00 3.191236e+00 0.000000e+00 0.000000e+00 0.000000e+00 0.000000e+00 0.000000e+00 0.000000e+00 0.000000e+00 0.000000e+00 0.000000e+00 0.000000e+00 0.000000e+00 0.000000e+00 0.000000e+00 0.000000e+00 0.000000e+00 0.000000e+00 0.000000e+00 0.000000e+00 0.000000e+00 0.000000e+00 0.000000e+00 0.000000e+00 0.000000e+00 0.000000e+00 0.000000e+00 2.263497e-47 1.459626e-20 1.437088e-19 4.123450e-07 2.735842e-13 0.000000e+00
37.000000 36.000000 38.000000 177.238761 1.756751e+02 7.930304e+07 1.013419e+04 8.642014e+08 2.537772e+07 1.328283e+06 5.404340e+05 7.752937e+09 3.184119e-03 1.520976e-05 2.015421e-06 3.006524e+02 1.159641e+00 4.083584e-04 9.852086e-09 4.958054e-21 3.119553e-04 4.046611e-03 5.176044e-05 4.361569e+00 2.783268e+10 9.697157e+08 1.476648e+06 3.669671e-09 4.240344e+06 4.811248e+01 1.893476e-36 2.046998e+03 4.297939e-02 2.204334e+03 2.691996e+00 1.840782e+04 3.019276e+03 1.758593e+03 3.990490e+01 6.484623e+02 1.986258e+01 1.712836e+00 3.482484e-06 1.034429e-07 5.507321e-19 1.635095e-30 2.999897e-17 1.213856e-15 1.954208e-16 6.819724e-24 6.382836e-21 2.979731e-21 4.270864e-21 9.583409e-24 9.472803e-28 0.000000e+00 7.152240e+12 1.519725e+12 1.315115e+10 6.461127e+16 2.513628e-02 3.098447e-06 4.951860e+01 5.021727e+01 4.877451e+04 2.984035e+03 2.939539e+02 3.293850e+04 2.624796e-02 1.007293e-06 8.121679e-09 1.757885e-12 3.046490e-19 0.000000e+00 5.860565e-08 4.432800e+02 1.567901e-01 1.307026e-15 2.042516e-24 1.283785e-23 3.277332e-33 8.209046e-75 0.000000e+00 0.000000e+00 4.331713e+00 0.000000e+00 0.000000e+00 0.000000e+00 0.000000e+00 0.000000e+00 0.000000e+00 0.000000e+00 0.000000e+00 0.000000e+00 0.000000e+00 0.000000e+00 0.000000e+00 0.000000e+00 0.000000e+00 0.000000e+00 0.000000e+00 0.000000e+00 0.000000e+00 0.000000e+00 0.000000e+00 0.000000e+00 0.000000e+00 0.000000e+00 0.000000e+00 0.000000e+00 7.803334e-48 8.549633e-21 9.714524e-20 3.418375e-07 2.279790e-13 0.000000e+00
39.000000 38.000000 40.000000 178.581284 1.210911e+02 1.041966e+08 8.691795e+03 1.028840e+09 1.932171e+07 9.852831e+05 2.418364e+05 4.653724e+09 3.965579e-03 1.035440e-05 1.817635e-06 2.227553e+02 9.961380e-01 2.184219e-04 3.810775e-09 8.554049e-22 1.783250e-04 1.806685e-03 1.590834e-05 7.947684e+00 2.914250e+10 5.725423e+08 1.662766e+06 4.289053e-09 3.448150e+06 2.256189e+01 7.705242e-36 1.921578e+03 3.665585e-02 2.430070e+03 2.923974e+00 1.198485e+04 4.618806e+03 2.493351e+03 3.353410e+01 6.595367e+02 1.244428e+01 1.417425e+00 6.673472e-06 1.240214e-07 6.196531e-19 4.868581e-31 3.581449e-17 1.067703e-15 1.293116e-16 5.555061e-24 4.982498e-21 2.445485e-21 2.987560e-21 8.803191e-24 1.016620e-27 0.000000e+00 4.882888e+12 1.040268e+12 1.425669e+10 4.420102e+16 3.706581e-02 3.135262e-06 8.124735e+01 3.837302e+01 3.524805e+04 2.342768e+03 1.796348e+02 1.672179e+04 2.968347e-02 3.872851e-07 2.298279e-09 1.413734e-12 1.253887e-19 0.000000e+00 1.796750e-08 2.233208e+02 1.422129e-01 6.436521e-16 2.596397e-24 1.578603e-23 0.000000e+00 1.154357e-75 0.000000e+00 0.000000e+00 5.113187e+00 0.000000e+00 0.000000e+00 0.000000e+00 0.000000e+00 0.000000e+00 0.000000e+00 0.000000e+00 0.000000e+00 0.000000e+00 0.000000e+00 0.000000e+00 0.000000e+00 0.000000e+00 0.000000e+00 0.000000e+00 0.000000e+00 0.000000e+00 0.000000e+00 0.000000e+00 0.000000e+00 0.000000e+00 0.000000e+00 0.000000e+00 0.000000e+00 0.000000e+00 1.909961e-48 3.995813e-21 5.329129e-20 2.162949e-07 1.442591e-13 0.000000e+00
41.000000 40.000000 42.000000 180.116461 8.374333e+01 2.768250e+08 1.418483e+04 1.248035e+09 8.683466e+06 6.351014e+05 6.863416e+04 2.652755e+09 9.638228e-03 4.221818e-06 7.897196e-07 1.620425e+02 8.183492e-01 1.021992e-04 2.622013e-09 1.977669e-22 5.760268e-05 4.675885e-04 3.366807e-06 1.262716e+01 2.998849e+10 3.276297e+08 2.125767e+06 4.834298e-09 2.463775e+06 6.479680e+00 2.378695e-35 1.334062e+03 1.827891e-02 1.776301e+03 1.550486e+00 6.749513e+03 5.552787e+03 4.792469e+03 2.288997e+01 6.492901e+02 4.313369e+00 1.133898e+00 7.973015e-06 6.429253e-08 1.129514e-18 9.531500e-31 6.644277e-17 8.464650e-16 7.198259e-17 4.749060e-24 3.761449e-21 2.811984e-21 2.011290e-21 5.634039e-24 3.392839e-28 0.000000e+00 3.338152e+12 7.136890e+11 1.488296e+10 3.030771e+16 5.226198e-02 1.476828e-06 1.100952e+02 2.491940e+01 1.186002e+04 1.494972e+03 7.147634e+01 4.836709e+03 2.236763e-02 8.072748e-08 4.229475e-10 6.424498e-13 2.468486e-20 0.000000e+00 4.699607e-09 4.563378e+01 1.201569e-01 2.989983e-16 2.951061e-24 1.714673e-23 8.042539e-33 5.590794e-72 0.000000e+00 0.000000e+00 5.372211e+00 0.000000e+00 0.000000e+00 0.000000e+00 0.000000e+00 0.000000e+00 0.000000e+00 0.000000e+00 0.000000e+00 0.000000e+00 0.000000e+00 0.000000e+00 0.000000e+00 0.000000e+00 0.000000e+00 0.000000e+00 0.000000e+00 0.000000e+00 0.000000e+00 0.000000e+00 0.000000e+00 0.000000e+00 0.000000e+00 0.000000e+00 0.000000e+00 0.000000e+00 1.934219e-49 6.474615e-22 1.004374e-20 8.574282e-08 5.426771e-14 0.000000e+00
43.000000 42.000000 44.000000 181.234131 5.808862e+01 1.548306e+09 4.674382e+04 1.406652e+09 1.277360e+06 2.334842e+05 1.304406e+04 1.450182e+09 4.560513e-02 9.621721e-07 1.348243e-07 1.162716e+02 6.057861e-01 5.195105e-05 4.563434e-09 1.117824e-22 6.982518e-06 4.021435e-05 4.996656e-07 1.395882e+01 2.958131e+10 1.836045e+08 2.139335e+06 3.929499e-09 1.564631e+06 1.414330e+00 3.075842e-35 5.090989e+02 2.197804e-03 3.911234e+02 1.098316e-01 3.654239e+03 4.620024e+03 8.693852e+03 1.241045e+01 3.490503e+02 7.334001e-01 8.623980e-01 2.460955e-06 1.119349e-08 3.833418e-18 2.033984e-34 2.118829e-16 4.985211e-16 3.655051e-17 1.717608e-24 1.327351e-21 3.451009e-21 1.013929e-21 2.298370e-24 2.295897e-29 0.000000e+00 2.292365e+12 4.921910e+11 1.418504e+10 2.089331e+16 7.059915e-02 4.774905e-07 1.021365e+02 1.398168e+01 1.516830e+03 6.055873e+02 2.189600e+01 3.282938e+02 8.871938e-03 1.104258e-08 6.280926e-11 6.519744e-14 8.616048e-22 0.000000e+00 8.149577e-10 2.571879e+00 9.358589e-02 1.329455e-16 2.459268e-24 1.346003e-23 0.000000e+00 2.719703e-68 0.000000e+00 0.000000e+00 5.176548e+00 0.000000e+00 0.000000e+00 0.000000e+00 0.000000e+00 0.000000e+00 0.000000e+00 0.000000e+00 0.000000e+00 0.000000e+00 0.000000e+00 0.000000e+00 0.000000e+00 0.000000e+00 0.000000e+00 0.000000e+00 0.000000e+00 0.000000e+00 0.000000e+00 0.000000e+00 0.000000e+00 0.000000e+00 0.000000e+00 0.000000e+00 0.000000e+00 0.000000e+00 1.651813e-50 5.444607e-23 9.113043e-22 2.909652e-08 1.569049e-14 0.000000e+00
45.000000 44.000000 46.000000 181.248378 4.035295e+01 3.934636e+09 7.136759e+04 1.368091e+09 2.954478e+05 7.311913e+04 2.305860e+03 7.817771e+08 8.741132e-02 2.056214e-07 3.801889e-08 8.258695e+01 4.031559e-01 3.419956e-05 4.974659e-09 5.987540e-23 1.280242e-06 4.172176e-06 7.124736e-08 9.594663e+00 2.769912e+10 1.018312e+08 1.369352e+06 1.951437e-09 9.079896e+05 3.158547e-01 1.504841e-35 1.258330e+02 1.857978e-04 5.945192e+01 6.987084e-03 1.952906e+03 2.717977e+03 8.283536e+03 5.017355e+00 5.985650e+01 1.143219e-01 6.268268e-01 1.050900e-06 2.425363e-09 5.187174e-18 2.351979e-33 2.430705e-16 2.879133e-16 1.820477e-17 2.493382e-25 2.294603e-22 1.451243e-21 4.658578e-22 7.586612e-25 1.736801e-30 0.000000e+00 1.585208e+12 3.419709e+11 1.208657e+10 1.451301e+16 9.043643e-02 2.096816e-07 6.104065e+01 7.436236e+00 3.690267e+02 2.652035e+02 7.448365e+00 3.101536e+01 2.385843e-03 1.776091e-09 1.006661e-11 4.154152e-15 4.769840e-23 0.000000e+00 1.267146e-10 2.538541e-01 6.872804e-02 5.733863e-17 1.974686e-24 1.002061e-23 2.088728e-34 1.328588e-64 0.000000e+00 0.000000e+00 4.690952e+00 0.000000e+00 0.000000e+00 0.000000e+00 0.000000e+00 0.000000e+00 0.000000e+00 0.000000e+00 0.000000e+00 0.000000e+00 0.000000e+00 0.000000e+00 0.000000e+00 0.000000e+00 0.000000e+00 0.000000e+00 0.000000e+00 0.000000e+00 0.000000e+00 0.000000e+00 0.000000e+00 0.000000e+00 0.000000e+00 0.000000e+00 0.000000e+00 0.000000e+00 1.396517e-51 4.840044e-24 7.892558e-23 9.831357e-09 4.454835e-15 0.000000e+00
47.000000 46.000000 48.000000 179.743645 2.799724e+01 6.238028e+09 7.011267e+04 1.201397e+09 1.011265e+05 2.517992e+04 4.003023e+02 4.189350e+08 1.086748e-01 4.450706e-08 1.360431e-08 5.813450e+01 2.531966e-01 1.945083e-05 3.113443e-09 1.776842e-23 3.168842e-07 6.121752e-07 1.014874e-08 5.625772e+00 2.493178e+10 5.612647e+07 7.893796e+05 8.133002e-10 5.035638e+05 7.194025e-02 3.724996e-36 2.963769e+01 1.953728e-05 1.144837e+01 7.299507e-04 1.034299e+03 1.482267e+03 6.393317e+03 1.860138e+00 7.888576e+00 2.153620e-02 4.447304e-01 6.715361e-07 5.677318e-10 5.422485e-18 0.000000e+00 1.998689e-16 1.874969e-16 8.810496e-18 3.274295e-26 4.669731e-23 5.192392e-22 2.221684e-22 2.342567e-25 1.804529e-31 0.000000e+00 1.103501e+12 2.392854e+11 9.538613e+09 1.015356e+16 1.096670e-01 9.688019e-08 3.133814e+01 4.036613e+00 1.392658e+02 1.252868e+02 2.965991e+00 5.053998e+00 6.418412e-04 3.313447e-10 1.708817e-12 3.441242e-16 5.693477e-24 0.000000e+00 1.857593e-11 4.352429e-02 4.925709e-02 2.420819e-17 1.752614e-24 8.112453e-24 0.000000e+00 7.478616e-65 0.000000e+00 0.000000e+00 4.063424e+00 0.000000e+00 0.000000e+00 0.000000e+00 0.000000e+00 0.000000e+00 0.000000e+00 0.000000e+00 0.000000e+00 0.000000e+00 0.000000e+00 0.000000e+00 0.000000e+00 0.000000e+00 0.000000e+00 0.000000e+00 0.000000e+00 0.000000e+00 0.000000e+00 0.000000e+00 0.000000e+00 0.000000e+00 0.000000e+00 0.000000e+00 0.000000e+00 0.000000e+00 1.183601e-52 4.801440e-25 6.948957e-24 3.331835e-09 1.259357e-15 0.000000e+00
49.000000 48.000000 50.000000 176.843654 1.933809e+01 7.780043e+09 5.496405e+04 9.862682e+08 4.108056e+04 9.264968e+03 6.917379e+01 2.234798e+08 1.110216e-01 9.744530e-09 5.159113e-09 4.048650e+01 1.534306e-01 9.745782e-06 1.425247e-09 3.527668e-24 8.958410e-08 1.084423e-07 1.454004e-09 4.121687e+00 2.170612e+10 3.075663e+07 4.565562e+05 3.191209e-10 2.727682e+05 1.660224e-02 1.199636e-36 9.469662e+00 3.171559e-06 2.962300e+00 1.145223e-04 5.432525e+02 8.608264e+02 4.624418e+03 7.403145e-01 1.224295e+00 5.208978e-03 3.114511e-01 5.135132e-07 1.559480e-10 5.709278e-18 0.000000e+00 1.568115e-16 1.200801e-16 4.117950e-18 4.831833e-27 1.207337e-23 1.999266e-22 9.727825e-23 7.142460e-26 2.540594e-32 0.000000e+00 7.705088e+11 1.680046e+11 7.124236e+09 7.128210e+15 1.265307e-01 4.502143e-08 1.641236e+01 2.278992e+00 6.533866e+01 6.292968e+01 1.405119e+00 1.121511e+00 2.430234e-04 7.191913e-11 3.092374e-13 4.622013e-17 9.667082e-25 0.000000e+00 2.611503e-12 1.031399e-02 3.497082e-02 1.005256e-17 1.499258e-24 6.229315e-24 0.000000e+00 2.209277e-65 0.000000e+00 0.000000e+00 3.405817e+00 0.000000e+00 0.000000e+00 0.000000e+00 0.000000e+00 0.000000e+00 0.000000e+00 0.000000e+00 0.000000e+00 0.000000e+00 0.000000e+00 0.000000e+00 0.000000e+00 0.000000e+00 0.000000e+00 0.000000e+00 0.000000e+00 0.000000e+00 0.000000e+00 0.000000e+00 0.000000e+00 0.000000e+00 0.000000e+00 0.000000e+00 0.000000e+00 0.000000e+00 1.005478e-53 5.239227e-26 6.290244e-25 1.131778e-09 3.547007e-16 0.000000e+00
51.000000 50.000000 52.000000 173.108635 1.326617e+01 8.397305e+09 3.667189e+04 7.712853e+08 1.796995e+04 3.509310e+03 1.192125e+01 1.185287e+08 1.013847e-01 2.130873e-09 1.990382e-09 2.781512e+01 9.035812e-02 4.479810e-06 5.370102e-10 5.344870e-25 2.695626e-08 2.059584e-08 2.090933e-10 6.771080e+00 1.831768e+10 1.673261e+07 2.682992e+05 1.222485e-10 1.453770e+05 3.862356e-03 6.251037e-36 4.411284e+00 7.897290e-07 9.759147e-01 2.425322e-05 2.826939e+02 5.364693e+02 3.266228e+03 3.207319e-01 2.630300e-01 1.557062e-03 2.157472e-01 4.245735e-07 4.950850e-11 6.237869e-18 0.000000e+00 1.221224e-16 7.149285e-17 1.855157e-18 8.234771e-28 3.677554e-24 8.220934e-23 3.779801e-23 2.202340e-26 4.870212e-33 0.000000e+00 5.368822e+11 1.177476e+11 5.087346e+09 4.995552e+15 1.400369e-01 2.071965e-08 9.106252e+00 1.339072e+00 3.465386e+01 3.333904e+01 7.462491e-01 2.927316e-01 1.381742e-04 1.705976e-11 5.878267e-14 9.869816e-18 1.873517e-25 0.000000e+00 3.517071e-13 2.958931e-03 2.464396e-02 4.113941e-18 1.168914e-24 4.294882e-24 0.000000e+00 9.436379e-66 0.000000e+00 0.000000e+00 2.789082e+00 0.000000e+00 0.000000e+00 0.000000e+00 0.000000e+00 0.000000e+00 0.000000e+00 0.000000e+00 0.000000e+00 0.000000e+00 0.000000e+00 0.000000e+00 0.000000e+00 0.000000e+00 0.000000e+00 0.000000e+00 0.000000e+00 0.000000e+00 0.000000e+00 0.000000e+00 0.000000e+00 0.000000e+00 0.000000e+00 0.000000e+00 0.000000e+00 0.000000e+00 8.543448e-55 6.195848e-27 5.845378e-26 3.843785e-10 9.940311e-17 0.000000e+00
53.000000 52.000000 54.000000 169.186464 9.026300e+00 8.212683e+09 2.112583e+04 5.804927e+08 8.084925e+03 1.332505e+03 2.043881e+00 6.238267e+07 8.582412e-02 4.622542e-10 7.867071e-10 1.880358e+01 5.181704e-02 1.922251e-06 1.741238e-10 6.549299e-26 8.360597e-09 3.927212e-09 2.995376e-11 1.851655e+01 1.500001e+10 9.020537e+06 1.575879e+05 4.624363e-11 7.637048e+04 9.011298e-04 4.379446e-35 2.545662e+00 2.627683e-07 3.858641e-01 6.444904e-06 1.455420e+02 3.442943e+02 2.274612e+03 1.474664e-01 7.491533e-02 5.514319e-04 1.476570e-01 3.634447e-07 1.751468e-11 6.943659e-18 0.000000e+00 9.309688e-17 3.862924e-17 8.063929e-19 1.538685e-28 1.223946e-24 3.452721e-23 1.308315e-23 6.911522e-27 1.446896e-33 0.000000e+00 3.715182e+11 8.197672e+10 3.489607e+09 3.477768e+15 1.500524e-01 9.356876e-09 5.328529e+00 8.167907e-01 1.985664e+01 1.853778e+01 4.258730e-01 8.255747e-02 9.986826e-05 4.197819e-12 1.136358e-14 2.884105e-18 3.679718e-26 0.000000e+00 4.462441e-14 9.483749e-04 1.719996e-02 1.660356e-18 8.098594e-25 2.599666e-24 0.000000e+00 0.000000e+00 0.000000e+00 0.000000e+00 2.248068e+00 0.000000e+00 0.000000e+00 0.000000e+00 0.000000e+00 0.000000e+00 0.000000e+00 0.000000e+00 0.000000e+00 0.000000e+00 0.000000e+00 0.000000e+00 0.000000e+00 0.000000e+00 0.000000e+00 0.000000e+00 0.000000e+00 0.000000e+00 0.000000e+00 0.000000e+00 0.000000e+00 0.000000e+00 0.000000e+00 0.000000e+00 0.000000e+00 0.000000e+00 7.240505e-56 7.867302e-28 5.564369e-27 1.301326e-10 2.766499e-17 0.000000e+00
55.000000 54.000000 56.000000 165.743850 6.090170e+00 7.461042e+09 1.048683e+04 4.228716e+08 3.661810e+03 4.978986e+02 3.474649e-01 3.252794e+07 6.857073e-02 1.000641e-10 3.289708e-10 1.248400e+01 2.895863e-02 7.753322e-07 4.926539e-11 6.652809e-27 2.647525e-09 7.241107e-10 4.233681e-12 4.758380e+01 1.192964e+10 4.811688e+06 9.088574e+04 1.733366e-11 3.954559e+04 2.099782e-04 1.937404e-34 1.580124e+00 1.079959e-07 1.741300e-01 2.054112e-06 7.406188e+01 2.177724e+02 1.562539e+03 7.085331e-02 2.567310e-02 2.243260e-04 9.964063e-02 3.152742e-07 6.715999e-12 7.675010e-18 3.785821e-34 6.785537e-17 1.853395e-17 3.394069e-19 2.965668e-29 4.204546e-25 1.418185e-23 4.092405e-24 2.163012e-27 7.263734e-34 0.000000e+00 2.542777e+11 5.646243e+10 2.304188e+09 2.395236e+15 1.573216e-01 4.119210e-09 3.248689e+00 5.169968e-01 1.200183e+01 1.079884e+01 2.552001e-01 2.392059e-02 7.954073e-05 1.035158e-12 2.157142e-15 1.056053e-18 6.753369e-27 0.000000e+00 5.217145e-15 3.217777e-04 1.185441e-02 6.612985e-19 4.864208e-25 1.354661e-24 6.000556e-35 1.501422e-65 0.000000e+00 0.000000e+00 1.793663e+00 0.000000e+00 0.000000e+00 0.000000e+00 0.000000e+00 0.000000e+00 0.000000e+00 0.000000e+00 0.000000e+00 0.000000e+00 0.000000e+00 0.000000e+00 0.000000e+00 0.000000e+00 0.000000e+00 0.000000e+00 0.000000e+00 0.000000e+00 0.000000e+00 0.000000e+00 0.000000e+00 0.000000e+00 0.000000e+00 0.000000e+00 0.000000e+00 0.000000e+00 6.107109e-57 1.077005e-28 5.476604e-28 4.382296e-11 7.636674e-18 0.000000e+00
57.000000 56.000000 58.000000 164.076801 4.083951e+00 6.374713e+09 4.383550e+03 2.983796e+08 1.648628e+03 1.792959e+02 5.832148e-02 1.674352e+07 5.210545e-02 2.236487e-11 1.602431e-10 8.107123e+00 1.574650e-02 2.925372e-07 1.195744e-11 5.596101e-28 8.741898e-10 1.240601e-10 5.833268e-13 1.042766e+02 9.201343e+09 2.530692e+06 5.064783e+04 6.434202e-12 2.012672e+04 4.867109e-05 5.733268e-34 9.606236e-01 5.310977e-08 8.477254e-02 7.713360e-07 3.714430e+01 1.307277e+02 1.053951e+03 3.649888e-02 9.700386e-03 1.031743e-04 6.599098e-02 2.722163e-07 2.746202e-12 8.218257e-18 3.301610e-35 4.607086e-17 7.516756e-18 1.387384e-19 5.686017e-30 1.423732e-25 5.451607e-24 1.185990e-24 6.916311e-28 4.906114e-34 0.000000e+00 1.711267e+11 3.825038e+10 1.462569e+09 1.622519e+15 1.636971e-01 1.750972e-09 2.032462e+00 3.427543e-01 7.547445e+00 6.597056e+00 1.584468e-01 6.805533e-03 6.367872e-05 2.461043e-13 3.839509e-16 4.647966e-19 1.039409e-27 0.000000e+00 5.406637e-16 1.094055e-04 8.025888e-03 2.596983e-19 2.399911e-25 5.795176e-25 4.496297e-36 6.204447e-66 0.000000e+00 0.000000e+00 1.423319e+00 0.000000e+00 0.000000e+00 0.000000e+00 0.000000e+00 0.000000e+00 0.000000e+00 0.000000e+00 0.000000e+00 0.000000e+00 0.000000e+00 0.000000e+00 0.000000e+00 0.000000e+00 0.000000e+00 0.000000e+00 0.000000e+00 0.000000e+00 0.000000e+00 0.000000e+00 0.000000e+00 0.000000e+00 0.000000e+00 0.000000e+00 0.000000e+00 0.000000e+00 5.115688e-58 1.679361e-29 5.922960e-29 1.463945e-11 2.087241e-18 0.000000e+00
59.000000 58.000000 60.000000 166.974639 2.741866e+00 5.139350e+09 1.458684e+03 2.028921e+08 7.321375e+02 6.023604e+01 9.596191e-03 8.430277e+06 3.764380e-02 5.734849e-12 1.133538e-10 5.104485e+00 8.273198e-03 1.009225e-07 2.343121e-12 3.838088e-29 3.413887e-10 1.852322e-11 7.714880e-14 2.002011e+02 6.846790e+09 1.300446e+06 2.671842e+04 2.350039e-12 9.976620e+03 1.114387e-05 1.234536e-33 5.233471e-01 2.973556e-08 4.099471e-02 3.471952e-07 1.820478e+01 7.184472e+01 6.912398e+02 2.235813e-02 3.722079e-03 5.394485e-05 4.249687e-02 2.277298e-07 1.219840e-12 8.397519e-18 3.958951e-40 2.854394e-17 2.366894e-18 5.495593e-20 1.089958e-30 4.605643e-26 1.877241e-24 3.383808e-25 2.128714e-28 3.070970e-34 0.000000e+00 1.121203e+11 2.523950e+10 8.871508e+08 1.070415e+15 1.721013e-01 7.081663e-10 1.274477e+00 2.424994e-01 4.884439e+00 4.234247e+00 1.009005e-01 1.791935e-03 4.715308e-05 5.278875e-14 5.945490e-17 2.306061e-19 1.130356e-28 0.000000e+00 4.639478e-17 3.427283e-05 5.287275e-03 9.995213e-20 8.869565e-26 1.868182e-25 0.000000e+00 0.000000e+00 0.000000e+00 0.000000e+00 1.125838e+00 0.000000e+00 0.000000e+00 0.000000e+00 0.000000e+00 0.000000e+00 0.000000e+00 0.000000e+00 0.000000e+00 0.000000e+00 0.000000e+00 0.000000e+00 0.000000e+00 0.000000e+00 0.000000e+00 0.000000e+00 0.000000e+00 0.000000e+00 0.000000e+00 0.000000e+00 0.000000e+00 0.000000e+00 0.000000e+00 0.000000e+00 0.000000e+00 0.000000e+00 4.236887e-59 4.156250e-30 9.945103e-30 4.818294e-12 5.618221e-19 0.000000e+00
61.000000 60.000000 62.000000 177.620485 1.868920e+00 3.944176e+09 3.739622e+02 1.330882e+08 3.285044e+02 1.844733e+01 1.539851e-03 4.121509e+06 2.598688e-02 2.044432e-12 1.423945e-10 3.106407e+00 4.183836e-03 3.119122e-08 3.519866e-13 2.216157e-30 2.348857e-10 2.336445e-12 9.732012e-15 3.487678e+02 4.929779e+09 6.483338e+05 1.307569e+04 8.385787e-13 4.776719e+03 2.501341e-06 2.110124e-33 2.382502e-01 1.749667e-08 1.824570e-02 1.927339e-07 8.657719e+00 3.510712e+01 4.394519e+02 1.905553e-02 1.375685e-03 3.265857e-05 2.653048e-02 1.802393e-07 8.304548e-13 8.139332e-18 0.000000e+00 1.606067e-17 6.407540e-19 2.102800e-20 2.184333e-31 1.447322e-26 5.645863e-25 1.108173e-25 6.000686e-29 1.454783e-34 0.000000e+00 7.130096e+10 1.618020e+10 5.146765e+08 6.858893e+14 1.853752e-01 2.767739e-10 7.851320e-01 1.805633e-01 3.209519e+00 2.853966e+00 6.529294e-02 4.274763e-04 3.007831e-05 9.606737e-15 7.524952e-18 1.172819e-19 9.060319e-30 0.000000e+00 3.160342e-18 9.125725e-06 3.380378e-03 3.746119e-20 2.771119e-26 5.164319e-26 0.000000e+00 0.000000e+00 0.000000e+00 0.000000e+00 8.858169e-01 0.000000e+00 0.000000e+00 0.000000e+00 0.000000e+00 0.000000e+00 0.000000e+00 0.000000e+00 0.000000e+00 0.000000e+00 0.000000e+00 0.000000e+00 0.000000e+00 0.000000e+00 0.000000e+00 0.000000e+00 0.000000e+00 0.000000e+00 0.000000e+00 0.000000e+00 0.000000e+00 0.000000e+00 0.000000e+00 0.000000e+00 0.000000e+00 0.000000e+00 3.453408e-60 4.084282e-30 6.517205e-30 1.551417e-12 1.480591e-19 0.000000e+00
63.000000 62.000000 64.000000 195.106836 1.310767e+00 2.985817e+09 8.358978e+01 8.663207e+07 1.616492e+02 5.383807e+00 2.427982e-04 1.984571e+06 1.769585e-02 1.031905e-12 2.568037e-10 1.871163e+00 2.074954e-03 9.012543e-09 4.515217e-14 1.177136e-31 3.341283e-10 2.840102e-13 1.190598e-15 5.674899e+02 3.543994e+09 3.183123e+05 5.993927e+03 2.946996e-13 2.236151e+03 5.520727e-07 3.133030e-33 9.283030e-02 1.041304e-08 7.645064e-03 1.300301e-07 4.050166e+00 1.535568e+01 2.777940e+02 2.083645e-02 5.187109e-04 2.313745e-05 1.645615e-02 1.372154e-07 2.113143e-12 7.311547e-18 0.000000e+00 8.224208e-18 1.154367e-19 7.861289e-21 4.814489e-32 4.897550e-27 1.509700e-25 3.415186e-26 1.632078e-29 5.688692e-35 0.000000e+00 4.512879e+10 1.033991e+10 2.932827e+08 4.379348e+14 2.030538e-01 1.223099e-10 4.803302e-01 1.314025e-01 2.102141e+00 1.993760e+00 4.262904e-02 1.046653e-04 1.644907e-05 1.567099e-15 8.112433e-19 5.902334e-20 4.650638e-31 0.000000e+00 1.827256e-19 2.181360e-06 2.152023e-03 1.380058e-20 5.307585e-27 8.995814e-27 0.000000e+00 0.000000e+00 0.000000e+00 0.000000e+00 6.873408e-01 0.000000e+00 0.000000e+00 0.000000e+00 0.000000e+00 0.000000e+00 0.000000e+00 0.000000e+00 0.000000e+00 0.000000e+00 0.000000e+00 0.000000e+00 0.000000e+00 0.000000e+00 0.000000e+00 0.000000e+00 0.000000e+00 0.000000e+00 0.000000e+00 0.000000e+00 0.000000e+00 0.000000e+00 0.000000e+00 0.000000e+00 0.000000e+00 0.000000e+00 2.783171e-61 8.670011e-30 1.045707e-29 4.921382e-13 3.844564e-20 0.000000e+00
65.000000 64.000000 66.000000 205.000000 9.388239e-01 2.397287e+09 2.484367e+01 5.996223e+07 9.201149e+01 1.824772e+00 3.873651e-05 9.971676e+05 1.277599e-02 4.780706e-13 2.710038e-10 1.193907e+00 1.072768e-03 2.994344e-09 7.944955e-15 6.196980e-33 3.393146e-10 4.810753e-14 1.467117e-16 8.674601e+02 2.729208e+09 1.632204e+05 2.958927e+03 1.065861e-13 1.085762e+03 1.238066e-07 4.351535e-33 4.092863e-02 6.541320e-09 3.734855e-03 8.014802e-08 1.972377e+00 6.969980e+00 1.874007e+02 1.526477e-02 2.308930e-04 1.573257e-05 1.085993e-02 1.095189e-07 3.641448e-12 6.356540e-18 2.624872e-37 4.285345e-18 3.449263e-20 3.016220e-21 1.204707e-32 2.098098e-27 4.495376e-26 1.201813e-26 4.436745e-30 2.417307e-35 0.000000e+00 3.044987e+10 7.052019e+09 1.757602e+08 2.985289e+14 2.169445e-01 6.735055e-11 3.000324e-01 8.815361e-02 1.350901e+00 1.303566e+00 2.692997e-02 3.510960e-05 9.539147e-06 3.056511e-16 9.000029e-20 3.226384e-20 5.458545e-32 0.000000e+00 1.092262e-20 6.603374e-07 1.462655e-03 5.235145e-21 1.763775e-27 2.807459e-27 8.826223e-39 2.418108e-70 0.000000e+00 0.000000e+00 5.200455e-01 0.000000e+00 0.000000e+00 0.000000e+00 0.000000e+00 0.000000e+00 0.000000e+00 0.000000e+00 0.000000e+00 0.000000e+00 0.000000e+00 0.000000e+00 0.000000e+00 0.000000e+00 0.000000e+00 0.000000e+00 0.000000e+00 0.000000e+00 0.000000e+00 0.000000e+00 0.000000e+00 0.000000e+00 0.000000e+00 0.000000e+00 0.000000e+00 0.000000e+00 2.266162e-62 8.966819e-30 7.830811e-30 1.601868e-13 1.018863e-20 0.000000e+00
67.000000 66.000000 68.000000 205.000000 6.753477e-01 1.992173e+09 9.631891e+00 4.358081e+07 5.491908e+01 7.267836e-01 6.522735e-06 5.285016e+05 9.638326e-03 1.801768e-13 1.701455e-10 8.026189e-01 5.834516e-04 1.155026e-09 1.903224e-15 3.441851e-34 2.111805e-10 1.103482e-14 1.914345e-17 1.245329e+03 2.199440e+09 8.826068e+04 1.650457e+03 4.067060e-14 5.563913e+02 2.935760e-08 4.346895e-33 2.296466e-02 4.506613e-09 2.204956e-03 4.014021e-08 1.012698e+00 3.638154e+00 1.337153e+02 8.030410e-03 1.116381e-04 9.048635e-06 7.560119e-03 9.328146e-08 2.525207e-12 5.382923e-18 0.000000e+00 2.289690e-18 1.095515e-20 1.217493e-21 3.384462e-33 1.049480e-27 1.518413e-26 4.524117e-27 1.269854e-30 1.193854e-35 0.000000e+00 2.166812e+10 5.071703e+09 1.107483e+08 2.147485e+14 2.269574e-01 3.598088e-11 1.949614e-01 5.823972e-02 8.816230e-01 8.208582e-01 1.670933e-02 1.467927e-05 6.740987e-06 7.464431e-17 1.207159e-20 2.017891e-20 9.011967e-33 0.000000e+00 8.162367e-22 2.668914e-07 1.049908e-03 2.093656e-21 5.822014e-28 8.902778e-28 0.000000e+00 4.070063e-71 0.000000e+00 0.000000e+00 3.922538e-01 0.000000e+00 0.000000e+00 0.000000e+00 0.000000e+00 0.000000e+00 0.000000e+00 0.000000e+00 0.000000e+00 0.000000e+00 0.000000e+00 0.000000e+00 0.000000e+00 0.000000e+00 0.000000e+00 0.000000e+00 0.000000e+00 0.000000e+00 0.000000e+00 0.000000e+00 0.000000e+00 0.000000e+00 0.000000e+00 0.000000e+00 0.000000e+00 0.000000e+00 1.948367e-63 4.715716e-30 2.659052e-30 5.501820e-14 2.848072e-21 0.000000e+00
69.000000 68.000000 70.000000 205.000000 4.858146e-01 1.630724e+09 3.645337e+00 3.158073e+07 3.376743e+01 2.917476e-01 1.099472e-06 2.800114e+05 7.217978e-03 6.298524e-14 1.081825e-10 5.388636e-01 3.163266e-04 4.395660e-10 4.396061e-16 1.919086e-35 1.334402e-10 2.645632e-15 2.516597e-18 1.731954e+03 1.759457e+09 4.770096e+04 9.295435e+02 1.551659e-14 2.851927e+02 6.973181e-09 3.838117e-33 1.371613e-02 3.270910e-09 1.340669e-03 2.053666e-08 5.195834e-01 2.038484e+00 9.559941e+01 4.508629e-03 5.464280e-05 5.233191e-06 5.261553e-03 8.030639e-08 1.754723e-12 4.358493e-18 0.000000e+00 1.167228e-18 3.383507e-21 4.901919e-22 1.030082e-33 5.684976e-28 4.950984e-27 1.845534e-27 3.634669e-31 5.804313e-36 0.000000e+00 1.540980e+10 3.647157e+09 6.951959e+07 1.544803e+14 2.386796e-01 1.978765e-11 1.285232e-01 3.893662e-02 5.833249e-01 5.311572e-01 1.050599e-02 6.367956e-06 5.102446e-06 1.847936e-17 1.805376e-21 1.339906e-20 1.514334e-33 0.000000e+00 7.147728e-23 1.176252e-07 7.540801e-04 8.366835e-22 1.850087e-28 2.744828e-28 0.000000e+00 0.000000e+00 0.000000e+00 0.000000e+00 2.954835e-01 0.000000e+00 0.000000e+00 0.000000e+00 0.000000e+00 0.000000e+00 0.000000e+00 0.000000e+00 0.000000e+00 0.000000e+00 0.000000e+00 0.000000e+00 0.000000e+00 0.000000e+00 0.000000e+00 0.000000e+00 0.000000e+00 0.000000e+00 0.000000e+00 0.000000e+00 0.000000e+00 0.000000e+00 0.000000e+00 0.000000e+00 0.000000e+00 0.000000e+00 1.677257e-64 2.150177e-30 8.084520e-31 1.889581e-14 7.958470e-22 0.000000e+00
71.000000 70.000000 72.000000 205.000000 3.494731e-01 1.318431e+09 1.349528e+00 2.283380e+07 2.138673e+01 1.177816e-01 1.855940e-07 1.483164e+05 5.375250e-03 2.148645e-14 6.951634e-11 3.613143e-01 1.709391e-04 1.648025e-10 9.839990e-17 1.072937e-36 8.530321e-11 6.520195e-16 3.341418e-19 2.351126e+03 1.397899e+09 2.576932e+04 5.222342e+02 5.919338e-15 1.462265e+02 1.658642e-09 3.182564e-33 8.361481e-03 2.460924e-09 8.315635e-04 1.061632e-08 2.664287e-01 1.209916e+00 6.845708e+01 2.682572e-03 2.678637e-05 3.028110e-06 3.661162e-03 6.975705e-08 1.220619e-12 3.405804e-18 0.000000e+00 5.718345e-19 1.007033e-21 1.969532e-22 3.329459e-34 3.254361e-28 1.566827e-27 8.400423e-28 1.040069e-31 2.788785e-36 0.000000e+00 1.095290e+10 2.622407e+09 4.346004e+07 1.111261e+14 2.512443e-01 1.120940e-11 8.573662e-02 2.629317e-02 3.903467e-01 3.487982e-01 6.682177e-03 2.859925e-06 3.966491e-06 4.600208e-18 2.890143e-22 9.285568e-21 2.556290e-34 0.000000e+00 6.963258e-24 5.699039e-08 5.418393e-04 3.341744e-22 5.623398e-29 8.155864e-29 0.000000e+00 0.000000e+00 0.000000e+00 0.000000e+00 2.223718e-01 0.000000e+00 0.000000e+00 0.000000e+00 0.000000e+00 0.000000e+00 0.000000e+00 0.000000e+00 0.000000e+00 0.000000e+00 0.000000e+00 0.000000e+00 0.000000e+00 0.000000e+00 0.000000e+00 0.000000e+00 0.000000e+00 0.000000e+00 0.000000e+00 0.000000e+00 0.000000e+00 0.000000e+00 0.000000e+00 0.000000e+00 0.000000e+00 0.000000e+00 1.447947e-65 9.566335e-31 2.423843e-31 6.489470e-15 2.223240e-22 0.000000e+00
73.000000 72.000000 74.000000 205.000000 2.513953e-01 1.054673e+09 4.899484e-01 1.648114e+07 1.395893e+01 4.774436e-02 3.140416e-08 7.854399e+04 3.985621e-03 7.286799e-15 4.508411e-11 2.419406e-01 9.204424e-05 6.077048e-11 2.135122e-17 6.005571e-38 5.503844e-11 1.650160e-16 4.494991e-20 3.133951e+03 1.103378e+09 1.391667e+04 2.919801e+02 2.258013e-15 7.499532e+01 3.949808e-10 2.538878e-33 5.131130e-03 1.902933e-09 5.235824e-04 5.506804e-09 1.365558e-01 7.520206e-01 4.908046e+01 1.671118e-03 1.304230e-05 1.743548e-06 2.547267e-03 6.107747e-08 8.495346e-13 2.591337e-18 0.000000e+00 2.714363e-19 2.903889e-22 7.900091e-23 1.120589e-34 1.934324e-28 4.846936e-28 4.289677e-28 2.974175e-32 1.329064e-36 0.000000e+00 7.781236e+09 1.885256e+09 2.704338e+07 7.993915e+13 2.630178e-01 6.539636e-12 5.778334e-02 1.791345e-02 2.637772e-01 2.317568e-01 4.294027e-03 1.328547e-06 3.121602e-06 1.149024e-18 4.788365e-23 6.655322e-21 4.353052e-35 0.000000e+00 7.153652e-25 3.025055e-08 3.894572e-04 1.334135e-22 1.646756e-29 2.348480e-29 0.000000e+00 0.000000e+00 0.000000e+00 0.000000e+00 1.672333e-01 0.000000e+00 0.000000e+00 0.000000e+00 0.000000e+00 0.000000e+00 0.000000e+00 0.000000e+00 0.000000e+00 0.000000e+00 0.000000e+00 0.000000e+00 0.000000e+00 0.000000e+00 0.000000e+00 0.000000e+00 0.000000e+00 0.000000e+00 0.000000e+00 0.000000e+00 0.000000e+00 0.000000e+00 0.000000e+00 0.000000e+00 0.000000e+00 0.000000e+00 1.258444e-66 4.310789e-31 7.332203e-32 2.228646e-15 6.209388e-23 0.000000e+00
75.000000 74.000000 76.000000 205.000000 1.808424e-01 8.357909e+08 1.747094e-01 1.187955e+07 9.393095e+00 1.940436e-02 5.338329e-09 4.158794e+04 2.945114e-03 2.474915e-15 2.948111e-11 1.617736e-01 4.936143e-05 2.199236e-11 4.488528e-18 3.359459e-39 3.578088e-11 4.288191e-17 6.149257e-21 4.122965e+03 8.653811e+08 7.513741e+03 1.624017e+02 8.613211e-16 3.847181e+01 9.414705e-11 1.973016e-33 3.151959e-03 1.503285e-09 3.334974e-04 2.850781e-09 6.996588e-02 4.846942e-01 3.522028e+01 1.078898e-03 6.266037e-06 9.948138e-07 1.772180e-03 5.387193e-08 5.914280e-13 1.934669e-18 1.098188e-38 1.257105e-19 8.197621e-23 3.164601e-23 3.878568e-35 1.180799e-28 1.474862e-28 2.425713e-28 8.495531e-33 6.304160e-37 0.000000e+00 5.525811e+09 1.354990e+09 1.673768e+07 5.750464e+13 2.727965e-01 3.924714e-12 3.930079e-02 1.230391e-02 1.798079e-01 1.556401e-01 2.785185e-03 6.380326e-07 2.472372e-06 2.874349e-19 8.032658e-24 4.902436e-21 7.550668e-36 0.000000e+00 7.477972e-26 1.732241e-08 2.799934e-04 5.324579e-23 4.701337e-30 6.622078e-30 2.626039e-40 1.866441e-73 0.000000e+00 0.000000e+00 1.257094e-01 0.000000e+00 0.000000e+00 0.000000e+00 0.000000e+00 0.000000e+00 0.000000e+00 0.000000e+00 0.000000e+00 0.000000e+00 0.000000e+00 0.000000e+00 0.000000e+00 0.000000e+00 0.000000e+00 0.000000e+00 0.000000e+00 0.000000e+00 0.000000e+00 0.000000e+00 0.000000e+00 0.000000e+00 0.000000e+00 0.000000e+00 0.000000e+00 0.000000e+00 1.112559e-67 1.996055e-31 2.249696e-32 7.653558e-16 1.733957e-23 0.000000e+00
77.000000 76.000000 78.000000 205.000000 1.300900e-01 6.567730e+08 6.123713e-02 8.552844e+06 6.518178e+00 7.894382e-03 9.162137e-10 2.201762e+04 2.170231e-03 8.442829e-16 1.942209e-11 1.079993e-01 2.634430e-05 7.790995e-12 9.131304e-19 1.874854e-40 2.340440e-11 1.143660e-17 8.589846e-22 5.379191e+03 6.745546e+08 4.055958e+03 8.988357e+01 3.285453e-16 1.973907e+01 2.245768e-11 1.504847e-33 1.932182e-03 1.207538e-09 2.143258e-04 1.466828e-09 3.583814e-02 3.213037e-01 2.529112e+01 7.159011e-04 2.955497e-06 5.608668e-07 1.232954e-03 4.784539e-08 4.118147e-13 1.425947e-18 0.000000e+00 5.709489e-20 2.294327e-23 1.266326e-23 1.371940e-35 7.357763e-29 4.434681e-29 1.485986e-28 2.422827e-33 2.986176e-37 0.000000e+00 3.922982e+09 9.735496e+08 1.029323e+07 4.136629e+13 2.800280e-01 2.418190e-12 2.695160e-02 8.515391e-03 1.235408e-01 1.055652e-01 1.821889e-03 3.166403e-07 1.964148e-06 7.188034e-20 1.346491e-24 3.692805e-21 1.350208e-36 0.000000e+00 7.793255e-27 1.048491e-08 2.013294e-04 2.124537e-23 1.326599e-30 1.851705e-30 0.000000e+00 0.000000e+00 0.000000e+00 0.000000e+00 9.447535e-02 0.000000e+00 0.000000e+00 0.000000e+00 0.000000e+00 0.000000e+00 0.000000e+00 0.000000e+00 0.000000e+00 0.000000e+00 0.000000e+00 0.000000e+00 0.000000e+00 0.000000e+00 0.000000e+00 0.000000e+00 0.000000e+00 0.000000e+00 0.000000e+00 0.000000e+00 0.000000e+00 0.000000e+00 0.000000e+00 0.000000e+00 0.000000e+00 0.000000e+00 1.028427e-68 9.564578e-32 7.004044e-33 2.628324e-16 4.841422e-24 0.000000e+00
79.000000 78.000000 80.000000 205.000000 9.358093e-02 5.121771e+08 2.110009e-02 6.151244e+06 4.664694e+00 3.209097e-03 1.606211e-10 1.165565e+04 1.595583e-03 2.895538e-16 1.288116e-11 7.197283e-02 1.397688e-05 2.694164e-12 1.794798e-19 1.042351e-41 1.538174e-11 3.127110e-18 1.230075e-22 6.995342e+03 5.227129e+08 2.189125e+03 4.952436e+01 1.253200e-16 1.012889e+01 5.360229e-12 1.132031e-33 1.179540e-03 9.822404e-10 1.386702e-04 7.480885e-10 1.835343e-02 2.176111e-01 1.817007e+01 4.849810e-04 1.363871e-06 3.120541e-07 8.578741e-04 4.277209e-08 2.868016e-13 1.042177e-18 0.000000e+00 2.551096e-20 6.457726e-24 5.063017e-24 4.948250e-36 4.664214e-29 1.321298e-29 9.642798e-29 6.894365e-34 1.417725e-37 0.000000e+00 2.784549e+09 6.991686e+08 6.281251e+06 2.975706e+13 2.846992e-01 1.525946e-12 1.862255e-02 5.936066e-03 8.549611e-02 7.226513e-02 1.200995e-03 1.623106e-07 1.561572e-06 1.793548e-20 2.236849e-25 2.831912e-21 2.523024e-37 0.000000e+00 8.001780e-28 6.586392e-09 1.447832e-04 8.475448e-24 3.756116e-31 5.208341e-31 0.000000e+00 0.000000e+00 0.000000e+00 0.000000e+00 7.100427e-02 0.000000e+00 0.000000e+00 0.000000e+00 0.000000e+00 0.000000e+00 0.000000e+00 0.000000e+00 0.000000e+00 0.000000e+00 0.000000e+00 0.000000e+00 0.000000e+00 0.000000e+00 0.000000e+00 0.000000e+00 0.000000e+00 0.000000e+00 0.000000e+00 0.000000e+00 0.000000e+00 0.000000e+00 0.000000e+00 0.000000e+00 0.000000e+00 0.000000e+00 1.064594e-69 4.764241e-32 2.210566e-33 9.025875e-17 1.351657e-24 0.000000e+00
81.000000 80.000000 82.000000 205.000000 6.731790e-02 3.966506e+08 7.143035e-03 4.419320e+06 3.442039e+00 1.300692e-03 2.953057e-11 6.169953e+03 1.170839e-03 9.984348e-17 8.594259e-12 4.786981e-02 7.359901e-06 9.066758e-13 3.401872e-20 5.767401e-43 1.014249e-11 8.751033e-19 1.811297e-23 9.122320e+03 4.027771e+08 1.181439e+03 2.717979e+01 4.780149e-17 5.197890e+00 1.279990e-12 8.427712e-34 7.160432e-04 8.059560e-10 9.015134e-05 3.777070e-10 9.397817e-03 1.497843e-01 1.305870e+01 3.336704e-04 6.147300e-07 1.714216e-07 5.970046e-04 3.847758e-08 1.997902e-13 7.576548e-19 0.000000e+00 1.123072e-20 1.856458e-24 2.022974e-24 1.819771e-36 3.002155e-29 3.905547e-30 6.506162e-29 1.955862e-34 6.776641e-38 0.000000e+00 1.976314e+09 5.018025e+08 3.796953e+06 2.140588e+13 2.871163e-01 9.836895e-13 1.295702e-02 4.167141e-03 5.956194e-02 4.989387e-02 7.972965e-04 8.588962e-08 1.240378e-06 4.456297e-21 3.661634e-26 2.201708e-21 4.999004e-38 0.000000e+00 8.030950e-29 4.237447e-09 1.041277e-04 3.380644e-24 1.084446e-31 1.496520e-31 0.000000e+00 1.755441e-75 0.000000e+00 0.000000e+00 5.338129e-02 0.000000e+00 0.000000e+00 0.000000e+00 0.000000e+00 0.000000e+00 0.000000e+00 0.000000e+00 0.000000e+00 0.000000e+00 0.000000e+00 0.000000e+00 0.000000e+00 0.000000e+00 0.000000e+00 0.000000e+00 0.000000e+00 0.000000e+00 0.000000e+00 0.000000e+00 0.000000e+00 0.000000e+00 0.000000e+00 0.000000e+00 0.000000e+00 0.000000e+00 1.405424e-70 2.474962e-32 7.063627e-34 3.099525e-17 3.773371e-25 0.000000e+00
83.000000 82.000000 84.000000 205.000000 4.842545e-02 3.052280e+08 2.373122e-03 3.171317e+06 2.617560e+00 5.244208e-04 6.010524e-12 3.266104e+03 8.577256e-04 3.460376e-17 5.764379e-12 3.177055e-02 3.838518e-06 2.960331e-13 6.204585e-21 3.174651e-44 6.699185e-12 2.500026e-19 2.746214e-24 1.201187e+04 3.086987e+08 6.375985e+02 1.486707e+01 1.823313e-17 2.667554e+00 3.057675e-13 6.224702e-34 4.318460e-04 6.645306e-10 5.878210e-05 1.888548e-10 4.811750e-03 1.043485e-01 9.387622e+00 2.322062e-04 2.706358e-07 9.319026e-08 4.155884e-04 3.482682e-08 1.392345e-13 5.490631e-19 1.508904e-39 4.872138e-21 5.535120e-25 8.078905e-25 6.832395e-37 1.959736e-29 1.145299e-30 4.502113e-29 5.525034e-35 3.278018e-38 0.000000e+00 1.402706e+09 3.598401e+08 2.268989e+06 1.539843e+13 2.877193e-01 6.463547e-13 9.073777e-03 2.946144e-03 4.175297e-02 3.472195e-02 5.327436e-04 4.688340e-08 9.832915e-07 1.100214e-21 5.880354e-27 1.728202e-21 1.065287e-38 0.000000e+00 7.830762e-30 2.768811e-09 7.489295e-05 1.348314e-24 3.243369e-32 4.460263e-32 1.771938e-41 3.541519e-75 0.000000e+00 0.000000e+00 4.015952e-02 0.000000e+00 0.000000e+00 0.000000e+00 0.000000e+00 0.000000e+00 0.000000e+00 0.000000e+00 0.000000e+00 0.000000e+00 0.000000e+00 0.000000e+00 0.000000e+00 0.000000e+00 0.000000e+00 0.000000e+00 0.000000e+00 0.000000e+00 0.000000e+00 0.000000e+00 0.000000e+00 0.000000e+00 0.000000e+00 0.000000e+00 0.000000e+00 0.000000e+00 2.660567e-71 1.343652e-32 2.282065e-34 1.064384e-17 1.053350e-25 0.000000e+00
85.000000 84.000000 86.000000 205.000000 3.483508e-02 2.334835e+08 7.727058e-04 2.272548e+06 2.049738e+00 2.098776e-04 1.473187e-12 1.729128e+03 6.274030e-04 1.204829e-17 3.884100e-12 2.104021e-02 1.978312e-06 9.352343e-14 1.086838e-21 1.738800e-45 4.424331e-12 7.268628e-20 4.282844e-25 1.601364e+04 2.353760e+08 3.441410e+02 8.110390e+00 6.954741e-18 1.369090e+00 7.306363e-14 4.569624e-34 2.586589e-04 5.484241e-10 3.837270e-05 9.367633e-11 2.463697e-03 7.334638e-02 6.749836e+00 1.629522e-04 1.165718e-07 5.033633e-08 2.894391e-04 3.171219e-08 9.709751e-14 3.972256e-19 0.000000e+00 2.081874e-21 1.735496e-25 3.225131e-25 2.624372e-37 1.296533e-29 3.330659e-31 3.165024e-29 1.551933e-35 1.605969e-38 0.000000e+00 9.957244e+08 2.577353e+08 1.337695e+06 1.107692e+13 2.869648e-01 4.321500e-13 6.394039e-03 2.098400e-03 2.944350e-02 2.434388e-02 3.581524e-04 2.637086e-08 7.775852e-07 2.694097e-22 9.232463e-28 1.363818e-21 2.472539e-39 0.000000e+00 7.381649e-31 1.828611e-09 5.386853e-05 5.377126e-25 1.019213e-32 1.398093e-32 0.000000e+00 1.469516e-75 0.000000e+00 0.000000e+00 3.024801e-02 0.000000e+00 0.000000e+00 0.000000e+00 0.000000e+00 0.000000e+00 0.000000e+00 0.000000e+00 0.000000e+00 0.000000e+00 0.000000e+00 0.000000e+00 0.000000e+00 0.000000e+00 0.000000e+00 0.000000e+00 0.000000e+00 0.000000e+00 0.000000e+00 0.000000e+00 0.000000e+00 0.000000e+00 0.000000e+00 0.000000e+00 0.000000e+00 0.000000e+00 6.990060e-72 7.627496e-33 7.444023e-35 3.655108e-18 2.940380e-26 0.000000e+00
87.000000 86.000000 88.000000 205.000000 2.505880e-02 1.775926e+08 2.464425e-04 1.625580e+06 1.650687e+00 8.329842e-05 4.649593e-13 9.157574e+02 4.582810e-04 4.211855e-18 2.627412e-12 1.390936e-02 1.006331e-06 2.855946e-14 1.827594e-22 9.482995e-47 2.915425e-12 2.145330e-20 6.848971e-26 2.133610e+04 1.785641e+08 1.858249e+02 4.416022e+00 2.652808e-18 7.028286e-01 1.746258e-14 3.338847e-34 1.539039e-04 4.511804e-10 2.503525e-05 4.623430e-11 1.261737e-03 5.189436e-02 4.853894e+00 1.150507e-04 4.927867e-08 2.716413e-08 2.017290e-04 2.904311e-08 6.778379e-14 2.871978e-19 0.000000e+00 8.762531e-22 5.945923e-26 1.287128e-25 1.034441e-37 8.692434e-30 9.609430e-32 2.246562e-29 4.338171e-36 7.874085e-39 0.000000e+00 7.070245e+08 1.843045e+08 7.772481e+05 7.968248e+12 2.852675e-01 2.937106e-13 4.533896e-03 1.505938e-03 2.088779e-02 1.719180e-02 2.422239e-04 1.526275e-08 6.135715e-07 6.540722e-23 1.414255e-28 1.077453e-21 6.493535e-40 0.000000e+00 6.707387e-32 1.217691e-09 3.874750e-05 2.144336e-25 3.497535e-33 4.788990e-33 0.000000e+00 1.981409e-76 0.000000e+00 0.000000e+00 2.282667e-02 0.000000e+00 0.000000e+00 0.000000e+00 0.000000e+00 0.000000e+00 0.000000e+00 0.000000e+00 0.000000e+00 0.000000e+00 0.000000e+00 0.000000e+00 0.000000e+00 0.000000e+00 0.000000e+00 0.000000e+00 0.000000e+00 0.000000e+00 0.000000e+00 0.000000e+00 0.000000e+00 0.000000e+00 0.000000e+00 0.000000e+00 0.000000e+00 0.000000e+00 2.261492e-72 4.521806e-33 2.448358e-35 1.255171e-18 8.207863e-27 0.000000e+00
89.000000 88.000000 90.000000 205.000000 1.802619e-02 1.343302e+08 7.712881e-05 1.160035e+06 1.364761e+00 3.285519e-05 1.858653e-13 4.854636e+02 3.342819e-04 1.477380e-18 1.783056e-12 9.189615e-03 5.063754e-07 8.454696e-15 2.959884e-23 5.154836e-48 1.912024e-12 6.430524e-21 1.118641e-26 2.752415e+04 1.347779e+08 1.004492e+02 2.402586e+00 1.011947e-18 3.610550e-01 4.174369e-15 2.430659e-34 9.106609e-05 3.685376e-10 1.630053e-05 2.280344e-11 6.466530e-04 3.689362e-02 3.490846e+00 8.159555e-05 2.053775e-08 1.474908e-08 1.407523e-04 2.674650e-08 4.739796e-14 2.076928e-19 0.000000e+00 3.641371e-22 3.409127e-26 5.136155e-26 4.204498e-38 5.909921e-30 2.759319e-32 1.603772e-29 1.235083e-36 3.842274e-39 0.000000e+00 5.022632e+08 1.315027e+08 4.457966e+05 5.732002e+12 2.829886e-01 2.028932e-13 3.236585e-03 1.088192e-03 1.491629e-02 1.223397e-02 1.648672e-04 9.073127e-09 4.836775e-07 1.580029e-23 2.115059e-29 8.486965e-22 3.013002e-40 0.000000e+00 5.882043e-33 8.170604e-10 2.787164e-05 8.551809e-26 2.007666e-33 2.745388e-33 0.000000e+00 0.000000e+00 0.000000e+00 0.000000e+00 1.728202e-02 0.000000e+00 0.000000e+00 0.000000e+00 0.000000e+00 0.000000e+00 0.000000e+00 0.000000e+00 0.000000e+00 0.000000e+00 0.000000e+00 0.000000e+00 0.000000e+00 0.000000e+00 0.000000e+00 0.000000e+00 0.000000e+00 0.000000e+00 0.000000e+00 0.000000e+00 0.000000e+00 0.000000e+00 0.000000e+00 0.000000e+00 0.000000e+00 0.000000e+00 8.299863e-73 2.791159e-33 8.108256e-36 4.310373e-19 2.291186e-27 0.000000e+00
91.000000 90.000000 92.000000 205.000000 1.296723e-02 1.010302e+08 2.382536e-05 8.251462e+05 1.156101e+00 1.296865e-05 8.730087e-14 2.580058e+02 2.434812e-04 5.196174e-19 1.213047e-12 6.081246e-03 2.541001e-07 2.448568e-15 4.659422e-24 2.795787e-49 1.244261e-12 1.968987e-21 1.861069e-27 3.320227e+04 1.011918e+08 5.444805e+01 1.308781e+00 3.861390e-19 1.858621e-01 9.980070e-16 1.764450e-34 5.371216e-05 2.979270e-10 1.058647e-05 1.130888e-11 3.321180e-04 2.632176e-02 2.510741e+00 5.806999e-05 8.491720e-09 8.129050e-09 9.836723e-05 2.477918e-08 3.322868e-14 1.503448e-19 0.000000e+00 1.503797e-22 9.708737e-26 2.050055e-26 1.776196e-38 4.083883e-30 7.949743e-33 1.148715e-29 4.325597e-37 2.210171e-39 0.000000e+00 3.570537e+08 9.354206e+07 2.538825e+05 4.123347e+12 2.804338e-01 1.425712e-13 2.329718e-03 7.908942e-04 1.074166e-02 8.786620e-03 1.131007e-04 5.528212e-09 3.819373e-07 3.837319e-24 3.104069e-30 6.644237e-22 7.437594e-40 0.000000e+00 5.017137e-34 5.530545e-10 2.004881e-05 3.411891e-26 5.722365e-33 7.817662e-33 0.000000e+00 9.629344e-78 0.000000e+00 0.000000e+00 1.315962e-02 0.000000e+00 0.000000e+00 0.000000e+00 0.000000e+00 0.000000e+00 0.000000e+00 0.000000e+00 0.000000e+00 0.000000e+00 0.000000e+00 0.000000e+00 0.000000e+00 0.000000e+00 0.000000e+00 0.000000e+00 0.000000e+00 0.000000e+00 0.000000e+00 0.000000e+00 0.000000e+00 0.000000e+00 0.000000e+00 0.000000e+00 0.000000e+00 0.000000e+00 3.327737e-73 1.786294e-33 2.699758e-36 1.480426e-19 6.396056e-28 0.000000e+00
93.000000 92.000000 94.000000 205.000000 9.328042e-03 7.552512e+07 7.340861e-06 5.843211e+05 1.001313e+00 5.190997e-06 4.517597e-14 1.380065e+02 1.770629e-04 1.831171e-19 8.266003e-13 4.044715e-03 1.290812e-07 7.049901e-16 7.243401e-25 1.514203e-50 8.005251e-13 6.237035e-22 3.156424e-28 3.664449e+04 7.554083e+07 2.971322e+01 7.169302e-01 1.475683e-19 9.622907e-02 2.386484e-16 1.277941e-34 3.173334e-05 2.381997e-10 6.872834e-06 5.694174e-12 1.715701e-04 1.882817e-02 1.805908e+00 4.145077e-05 3.514298e-09 4.600271e-09 6.891115e-05 2.313179e-08 2.338983e-14 1.090240e-19 2.424860e-40 6.256030e-23 5.734343e-25 8.197427e-27 7.903597e-39 2.883467e-30 2.336455e-33 8.243627e-30 3.523067e-37 2.777044e-39 0.000000e+00 2.540875e+08 6.625913e+07 1.451329e+05 2.966147e+12 2.778678e-01 1.020991e-13 1.698032e-03 5.789703e-04 7.835085e-03 6.396399e-03 7.852306e-05 3.444957e-09 3.037883e-07 9.555448e-25 4.522408e-31 5.167715e-22 3.902842e-39 0.000000e+00 4.231352e-35 3.792210e-10 1.442180e-05 1.363840e-26 3.381886e-32 4.617046e-32 1.913330e-42 2.830426e-78 0.000000e+00 0.000000e+00 1.013090e-02 0.000000e+00 0.000000e+00 0.000000e+00 0.000000e+00 0.000000e+00 0.000000e+00 0.000000e+00 0.000000e+00 0.000000e+00 0.000000e+00 0.000000e+00 0.000000e+00 0.000000e+00 0.000000e+00 0.000000e+00 0.000000e+00 0.000000e+00 0.000000e+00 0.000000e+00 0.000000e+00 0.000000e+00 0.000000e+00 0.000000e+00 0.000000e+00 0.000000e+00 1.430422e-73 1.179539e-33 9.022886e-37 5.088922e-20 1.786022e-28 0.000000e+00
95.000000 94.000000 96.000000 205.000000 6.710172e-03 5.607488e+07 2.290870e-06 4.112009e+05 8.851187e-01 2.152672e-06 2.488909e-14 7.501899e+01 1.285252e-04 6.462607e-20 5.635918e-13 2.716353e-03 6.786361e-08 2.064795e-16 1.137108e-25 8.194396e-52 5.069558e-13 2.085358e-22 5.492830e-29 3.672222e+04 5.602589e+07 1.648065e+01 3.988057e-01 5.681959e-20 5.060329e-02 5.713563e-17 9.238638e-35 1.896654e-05 1.893922e-10 4.497319e-06 2.960386e-12 9.003007e-05 1.349414e-02 1.298992e+00 2.967231e-05 1.475805e-09 2.712293e-09 4.844631e-05 2.181744e-08 1.657081e-14 7.926803e-20 2.244249e-40 2.753076e-23 3.631396e-24 3.306162e-27 3.796371e-39 2.104795e-30 7.405606e-34 5.922665e-30 6.488908e-37 6.824737e-39 0.000000e+00 1.810834e+08 4.665844e+07 8.462842e+04 2.133714e+12 2.755321e-01 7.473917e-14 1.266055e-03 4.306573e-04 5.848642e-03 4.768000e-03 5.576218e-05 2.191677e-09 2.460825e-07 2.521283e-25 6.681746e-32 4.017288e-22 2.274349e-38 0.000000e+00 3.629270e-36 2.663142e-10 1.037420e-05 5.499181e-27 2.142584e-31 2.923679e-31 1.146820e-42 8.344298e-78 0.000000e+00 0.000000e+00 7.974177e-03 0.000000e+00 0.000000e+00 0.000000e+00 0.000000e+00 0.000000e+00 0.000000e+00 0.000000e+00 0.000000e+00 0.000000e+00 0.000000e+00 0.000000e+00 0.000000e+00 0.000000e+00 0.000000e+00 0.000000e+00 0.000000e+00 0.000000e+00 0.000000e+00 0.000000e+00 0.000000e+00 0.000000e+00 0.000000e+00 0.000000e+00 0.000000e+00 0.000000e+00 6.510903e-74 7.998405e-34 3.020988e-37 1.758293e-20 4.998644e-29 0.000000e+00
97.000000 96.000000 98.000000 205.000000 4.826995e-03 4.129813e+07 7.391809e-07 2.868041e+05 7.978318e-01 9.580667e-07 1.441319e-14 4.239224e+01 9.308158e-05 2.293262e-20 3.839582e-13 1.852663e-03 3.805308e-08 6.341763e-17 1.856164e-26 4.433639e-53 3.143206e-13 7.577034e-23 9.983173e-30 3.335748e+04 4.123015e+07 9.491164e+00 2.301662e-01 2.267591e-20 2.770121e-02 1.387309e-17 6.668124e-35 1.168469e-05 1.521393e-10 3.021169e-06 1.639094e-12 4.918935e-05 9.685637e-03 9.343947e-01 2.129826e-05 6.456511e-10 1.693945e-09 3.423418e-05 2.084698e-08 1.186293e-14 5.782912e-20 0.000000e+00 1.818980e-23 2.309533e-23 1.384821e-27 2.064754e-39 1.627934e-30 3.655991e-34 4.258153e-30 1.298622e-36 1.543943e-38 0.000000e+00 1.293287e+08 3.258464e+07 5.144983e+04 1.534898e+12 2.736754e-01 5.616657e-14 9.879370e-04 3.331635e-04 4.570739e-03 3.722242e-03 4.156732e-05 1.422260e-09 2.071637e-07 7.453926e-26 1.042728e-32 3.173811e-22 1.328320e-37 0.000000e+00 3.322304e-37 1.967252e-10 7.462652e-06 2.302874e-27 1.363091e-30 1.859358e-30 0.000000e+00 0.000000e+00 0.000000e+00 0.000000e+00 6.572671e-03 0.000000e+00 0.000000e+00 0.000000e+00 0.000000e+00 0.000000e+00 0.000000e+00 0.000000e+00 0.000000e+00 0.000000e+00 0.000000e+00 0.000000e+00 0.000000e+00 0.000000e+00 0.000000e+00 0.000000e+00 0.000000e+00 0.000000e+00 0.000000e+00 0.000000e+00 0.000000e+00 0.000000e+00 0.000000e+00 0.000000e+00 0.000000e+00 0.000000e+00 3.112621e-74 5.546841e-34 1.012488e-37 6.263026e-21 1.427590e-29 0.000000e+00
99.000000 98.000000 100.000000 205.000000 3.472322e-03 3.010853e+07 2.533960e-07 1.974663e+05 7.305298e-01 4.868623e-07 8.838352e-15 2.608769e+01 6.721549e-05 8.735924e-21 2.609639e-13 1.292336e-03 2.366708e-08 2.126319e-17 3.273592e-27 2.524192e-54 1.898584e-13 3.116256e-23 2.122215e-30 2.730132e+04 3.004606e+07 5.919630e+00 1.435190e-01 1.053945e-20 1.665893e-02 3.948644e-18 4.805227e-35 7.643754e-06 1.258761e-10 2.128673e-06 1.021121e-12 2.954247e-05 6.960300e-03 6.721477e-01 1.531772e-05 3.178960e-10 1.135421e-09 2.437047e-05 1.992157e-08 8.628719e-15 4.226974e-20 0.000000e+00 3.828812e-23 1.467402e-22 6.717834e-28 1.365160e-39 1.396897e-30 5.743247e-34 3.062792e-30 1.493267e-36 1.861672e-38 0.000000e+00 9.264295e+07 2.248699e+07 3.353163e+04 1.104138e+12 2.725866e-01 4.356414e-14 8.403286e-04 2.796313e-04 3.896923e-03 3.167681e-03 3.429697e-05 9.407673e-10 1.849226e-07 2.713556e-26 1.960732e-33 2.596162e-22 6.856370e-37 0.000000e+00 3.686453e-38 1.613689e-10 5.368267e-06 1.116870e-27 9.696845e-30 1.318722e-29 0.000000e+00 0.000000e+00 0.000000e+00 0.000000e+00 5.917786e-03 0.000000e+00 0.000000e+00 0.000000e+00 0.000000e+00 0.000000e+00 0.000000e+00 0.000000e+00 0.000000e+00 0.000000e+00 0.000000e+00 0.000000e+00 0.000000e+00 0.000000e+00 0.000000e+00 0.000000e+00 0.000000e+00 0.000000e+00 0.000000e+00 0.000000e+00 0.000000e+00 0.000000e+00 0.000000e+00 0.000000e+00 0.000000e+00 0.000000e+00 1.586109e-74 3.921769e-34 3.538089e-38 2.621664e-21 4.808336e-30 0.000000e+00
