# z		 z0		 z1		 T		 P		1		2		3		4		5		6		7		8		9		10		11		12		13		14		15		16		17		18		19		20		21		22		23		24		25		26		27		28		29		30		31		32		33		34		35		36		37		38		39		40		41		42		43		44		45		46		47		48		49		50		51		52		53		54		55		56		57		58		59		60		61		62		63		64		65		66		67		68		69		70		71		72		73		74		75		76		77		78		79		80		81		82		83		84		85		86		87		88		89		90		91		92		93		94		95		96		97		98		99		100		101		102		103		104		105		106		107		108		109		110		111		
#  km		 km		 km		 K		 Pa		
1.000000 0.000000 2.000000 310.742424 9.768099e+04 8.112286e+04 6.217439e-04 3.874372e+09 1.615752e+07 1.568671e+03 5.462149e+06 1.607415e+18 7.168551e-12 1.368166e-07 1.314482e-11 3.334718e+06 1.302890e+00 2.799701e-05 4.537935e-08 5.601366e-24 1.702980e-01 1.722558e-01 9.764625e-03 1.129949e-15 1.636098e+11 4.014136e+10 2.683624e+08 9.667041e-08 4.017809e+07 2.135278e+02 4.751181e-39 4.925568e-07 5.198127e-09 9.570007e-01 4.274308e-01 4.661546e+04 1.042022e-11 2.233940e+01 2.088347e-01 2.584230e+02 3.046986e-03 7.273299e-04 7.225799e-17 1.862035e-16 2.559191e-22 1.658198e-36 1.549477e-21 2.378872e-19 1.749643e-27 1.009776e-23 7.107447e-23 2.082402e-23 2.205607e-17 1.319745e-35 2.375926e-53 0.000000e+00 2.276792e+18 4.358359e+12 4.869993e+04 2.049114e+19 4.567669e-11 6.860302e-10 1.836179e-14 1.352944e-06 5.628570e+03 1.491424e+06 9.177967e+02 1.522314e+08 1.227090e-18 2.756757e-05 4.083940e-06 3.220196e-25 8.638827e-23 0.000000e+00 8.783781e-14 5.007217e-02 2.439960e-08 4.000111e-18 5.486267e-31 3.696892e-30 5.749250e-38 5.346213e-69 0.000000e+00 3.387460e-136 1.425552e-07 0.000000e+00 0.000000e+00 0.000000e+00 0.000000e+00 0.000000e+00 0.000000e+00 0.000000e+00 0.000000e+00 0.000000e+00 0.000000e+00 0.000000e+00 0.000000e+00 0.000000e+00 0.000000e+00 0.000000e+00 0.000000e+00 0.000000e+00 0.000000e+00 0.000000e+00 0.000000e+00 0.000000e+00 0.000000e+00 0.000000e+00 0.000000e+00 0.000000e+00 2.829258e-58 1.199382e-29 1.423742e-28 5.514768e-10 2.098073e-18 0.000000e+00
3.000000 2.000000 4.000000 303.713986 7.789920e+04 1.160160e+06 9.719480e-01 2.124017e+09 8.178483e+06 5.290479e+04 1.211578e+07 2.060240e+17 3.871562e-12 4.907720e-07 7.243740e-11 2.722962e+06 1.174803e+00 2.168495e-05 2.030139e-07 4.994514e-23 1.272034e-01 7.736893e-02 5.310819e-02 1.530530e-15 1.567811e+11 3.260974e+10 2.172284e+08 3.346125e-07 2.897808e+07 1.573392e+03 5.950221e-37 1.696824e-05 4.029610e-08 8.518042e-01 3.386781e-01 4.155847e+04 2.592172e-10 3.056813e+01 2.087035e-01 2.963311e+02 3.353312e-03 5.951697e-04 2.210545e-16 1.015397e-14 3.690700e-21 0.000000e+00 3.825733e-20 1.942545e-18 5.479842e-26 2.568560e-22 1.482197e-21 4.391197e-22 1.639383e-17 1.416615e-35 1.777557e-53 0.000000e+00 1.857727e+18 3.534339e+12 4.208933e+06 1.671955e+19 1.061863e-10 2.286214e-10 3.066915e-14 5.081538e-07 3.783772e+03 1.238192e+06 5.573909e+02 1.277050e+08 6.465443e-16 1.397954e-05 6.600902e-06 2.615431e-25 6.306297e-22 0.000000e+00 8.714207e-12 3.793580e-01 1.231836e-07 1.785785e-17 6.063658e-30 4.085594e-29 4.675179e-36 2.398903e-65 0.000000e+00 2.763967e-136 1.738624e-07 0.000000e+00 0.000000e+00 0.000000e+00 0.000000e+00 0.000000e+00 0.000000e+00 0.000000e+00 0.000000e+00 0.000000e+00 0.000000e+00 0.000000e+00 0.000000e+00 0.000000e+00 0.000000e+00 0.000000e+00 0.000000e+00 0.000000e+00 0.000000e+00 0.000000e+00 0.000000e+00 0.000000e+00 0.000000e+00 0.000000e+00 0.000000e+00 0.000000e+00 5.048024e-58 3.076731e-28 3.828608e-27 5.172831e-10 1.751440e-18 0.000000e+00
5.000000 4.000000 6.000000 296.433186 6.167640e+04 7.818059e+06 4.379359e+02 1.856444e+09 2.296376e+07 2.862181e+06 7.211568e+07 1.373411e+17 3.028012e-12 7.487552e-07 2.485471e-10 2.213710e+06 9.251314e-01 1.936850e-04 1.720403e-06 2.799241e-20 7.944623e-02 1.273528e-01 1.370507e-01 1.834908e-14 1.607286e+11 2.630308e+10 1.102351e+08 7.206787e-07 1.851950e+07 8.415443e+03 1.433920e-35 5.112556e-04 1.002955e-06 3.530931e+00 9.413555e-01 3.875412e+04 3.234192e-08 6.394551e+01 9.181144e-01 4.489015e+02 2.758479e-02 4.845646e-04 7.192045e-16 8.270918e-14 7.083697e-21 0.000000e+00 9.024532e-20 8.924210e-18 1.010844e-24 3.168887e-22 2.860124e-21 8.692960e-22 6.580810e-18 1.949762e-35 2.324393e-53 0.000000e+00 1.506973e+18 2.835350e+12 2.799764e+08 1.356280e+19 2.015403e-09 4.576016e-11 2.806772e-13 3.399733e-06 8.195386e+03 1.071447e+06 5.860946e+02 9.221498e+07 4.454137e-14 1.263162e-05 1.570353e-05 8.000913e-25 8.728514e-21 0.000000e+00 2.762328e-08 1.309630e+01 4.427890e-07 3.654912e-17 3.812269e-29 2.569445e-28 1.904697e-35 6.386555e-65 0.000000e+00 2.242109e-136 7.119784e-07 0.000000e+00 0.000000e+00 0.000000e+00 0.000000e+00 0.000000e+00 0.000000e+00 0.000000e+00 0.000000e+00 0.000000e+00 0.000000e+00 0.000000e+00 0.000000e+00 0.000000e+00 0.000000e+00 0.000000e+00 0.000000e+00 0.000000e+00 0.000000e+00 0.000000e+00 0.000000e+00 0.000000e+00 0.000000e+00 0.000000e+00 0.000000e+00 0.000000e+00 1.347780e-57 4.211655e-27 5.226170e-26 5.645433e-10 1.503287e-18 0.000000e+00
7.000000 6.000000 8.000000 288.877781 4.852936e+04 1.383903e+07 1.661624e+05 2.126519e+08 6.374271e+07 9.965817e+07 4.322354e+08 8.781740e+16 5.574501e-12 5.537657e-07 1.004252e-09 1.795436e+06 6.338802e-01 1.867327e-02 3.072551e-05 3.771264e-17 1.691624e-02 1.718923e-01 3.333670e-01 1.811418e-14 1.908725e+11 2.108234e+10 7.478638e+06 1.555808e-06 1.394437e+07 7.734961e+04 3.024242e-35 1.189469e-02 4.533240e-05 7.973418e+01 1.755659e+01 3.996279e+04 3.003666e-06 7.167483e+01 1.264085e+01 1.117516e+03 6.807721e+00 3.930585e-04 2.403569e-15 5.739103e-13 2.956405e-22 2.130222e-34 8.677667e-20 1.873335e-17 8.589926e-24 6.315188e-23 1.109110e-21 5.344415e-22 5.953394e-20 3.119225e-35 8.685351e-53 0.000000e+00 1.216755e+18 2.258602e+12 1.411126e+10 1.095083e+19 9.897015e-07 4.992521e-11 2.212234e-12 1.425457e-04 1.131997e+05 3.266515e+05 7.517437e+03 2.281620e+07 2.260445e-12 1.287254e-04 4.415707e-05 1.344812e-23 1.032119e-19 0.000000e+00 6.419377e-05 2.667972e+04 1.322951e-06 5.642742e-17 1.095091e-28 7.386255e-28 1.438707e-36 4.278576e-67 0.000000e+00 1.810319e-136 1.920895e-05 0.000000e+00 0.000000e+00 0.000000e+00 0.000000e+00 0.000000e+00 0.000000e+00 0.000000e+00 0.000000e+00 0.000000e+00 0.000000e+00 0.000000e+00 0.000000e+00 0.000000e+00 0.000000e+00 0.000000e+00 0.000000e+00 0.000000e+00 0.000000e+00 0.000000e+00 0.000000e+00 0.000000e+00 0.000000e+00 0.000000e+00 0.000000e+00 0.000000e+00 4.193205e-57 9.086217e-26 5.980519e-25 6.951732e-10 1.349865e-18 0.000000e+00
9.000000 8.000000 10.000000 280.925851 3.793744e+04 1.137664e+07 1.222776e+06 4.007875e+07 2.898608e+07 2.611936e+08 1.689727e+09 5.314214e+16 5.270742e-12 3.735421e-07 5.767111e-10 1.454554e+06 4.435832e-01 9.740319e-02 4.470904e-05 8.205929e-16 3.062397e-03 5.778472e-02 5.561815e-01 7.998456e-17 3.007058e+11 1.683355e+10 4.939094e+06 3.556704e-06 1.565197e+07 1.009858e+06 7.881363e-36 2.351945e-02 4.601590e-05 8.619028e+01 1.636679e+01 2.722391e+04 4.124238e-06 1.235896e+01 2.339018e+00 2.166338e+02 1.392342e+01 3.178155e-04 1.366489e-15 8.202971e-13 1.239741e-22 1.143171e-35 1.818102e-19 1.612203e-17 5.366296e-24 1.548298e-23 4.296434e-22 6.858512e-22 7.000620e-22 4.750756e-35 1.538008e-53 0.000000e+00 9.781131e+17 1.807492e+12 7.958520e+10 8.803041e+18 1.013959e-05 2.951656e-11 1.095046e-13 2.138737e-05 3.444229e+04 2.365864e+04 2.201817e+03 3.052982e+06 9.863665e-12 8.839701e-05 5.409831e-05 1.677127e-23 1.041641e-20 0.000000e+00 2.649112e-03 1.672043e+05 2.199756e-06 5.054857e-17 1.354259e-28 9.133950e-28 8.135757e-38 7.021998e-71 0.000000e+00 1.455261e-136 2.546493e-05 0.000000e+00 0.000000e+00 0.000000e+00 0.000000e+00 0.000000e+00 0.000000e+00 0.000000e+00 0.000000e+00 0.000000e+00 0.000000e+00 0.000000e+00 0.000000e+00 0.000000e+00 0.000000e+00 0.000000e+00 0.000000e+00 0.000000e+00 0.000000e+00 0.000000e+00 0.000000e+00 0.000000e+00 0.000000e+00 0.000000e+00 0.000000e+00 0.000000e+00 8.812662e-57 1.889376e-25 3.445103e-25 4.272479e-10 1.043061e-18 0.000000e+00
11.000000 10.000000 12.000000 272.622856 2.944268e+04 1.316496e+07 2.543953e+06 2.064601e+07 1.777453e+07 3.174092e+08 2.736585e+09 3.006670e+16 2.564380e-11 2.487096e-07 3.463320e-10 1.177445e+06 4.428608e-01 1.540962e-01 5.312910e-05 4.933349e-15 1.279440e-03 3.141634e-02 5.620610e-01 3.555980e-18 4.433339e+11 1.341327e+10 3.088534e+06 3.892645e-06 1.255125e+07 1.404364e+06 2.494413e-36 2.251149e-02 2.132747e-05 4.707343e+01 7.854646e+00 1.880159e+04 3.787953e-06 4.660986e+00 1.164886e+00 1.110133e+02 8.678444e+00 2.560356e-04 1.095579e-15 1.363046e-12 1.987407e-23 0.000000e+00 4.959501e-20 2.400056e-18 8.330575e-25 2.442943e-24 4.468069e-23 1.255983e-22 1.801620e-23 3.317244e-35 2.186900e-54 0.000000e+00 7.822177e+17 1.443336e+12 1.629539e+11 7.039983e+18 2.928011e-05 1.792969e-11 1.673096e-14 3.362302e-06 8.188451e+03 6.945640e+03 5.037376e+02 1.185385e+06 2.202937e-11 2.988323e-05 2.699208e-05 3.886008e-23 4.677187e-22 0.000000e+00 1.690838e-02 1.216547e+05 2.934945e-06 3.918520e-17 2.349004e-29 1.588789e-28 0.000000e+00 2.591061e-71 0.000000e+00 1.163804e-136 1.733461e-05 0.000000e+00 0.000000e+00 0.000000e+00 0.000000e+00 0.000000e+00 0.000000e+00 0.000000e+00 0.000000e+00 0.000000e+00 0.000000e+00 0.000000e+00 0.000000e+00 0.000000e+00 0.000000e+00 0.000000e+00 0.000000e+00 0.000000e+00 0.000000e+00 0.000000e+00 0.000000e+00 0.000000e+00 0.000000e+00 0.000000e+00 0.000000e+00 0.000000e+00 7.409155e-57 1.727396e-25 1.424921e-25 2.247634e-10 7.131349e-19 0.000000e+00
13.000000 12.000000 14.000000 263.829590 2.266675e+04 1.674596e+07 4.140763e+06 1.290960e+07 1.157634e+07 3.084884e+08 2.855204e+09 1.452454e+16 6.488115e-10 1.561878e-07 2.401007e-10 9.535170e+05 5.286644e-01 2.031154e-01 7.600900e-05 2.787850e-14 7.075482e-04 2.153201e-02 4.587336e-01 4.209011e-19 6.007632e+11 1.065096e+10 1.741945e+06 3.010936e-06 8.756430e+06 1.127927e+06 7.554206e-37 1.751471e-02 9.163253e-06 2.193943e+01 3.217000e+00 1.364489e+04 3.110819e-06 2.613925e+00 7.155711e-01 7.021253e+01 3.849301e+00 2.055717e-04 1.037574e-15 2.402850e-12 8.704621e-24 1.501296e-36 2.868457e-20 8.260351e-19 3.740743e-25 4.317680e-25 1.194317e-23 4.474101e-23 1.801325e-24 9.020811e-35 8.014732e-55 0.000000e+00 6.222689e+17 1.147864e+12 2.530092e+11 5.600440e+18 6.574569e-05 1.344684e-11 4.778090e-15 6.863030e-07 2.395996e+03 2.912937e+03 1.467165e+02 5.864639e+05 4.731236e-11 1.081912e-05 1.097617e-05 3.081320e-22 6.706490e-23 0.000000e+00 6.589676e-02 6.609135e+04 3.531158e-06 3.140283e-17 1.150412e-29 7.779942e-29 0.000000e+00 0.000000e+00 0.000000e+00 9.258282e-137 1.008027e-05 0.000000e+00 0.000000e+00 0.000000e+00 0.000000e+00 0.000000e+00 0.000000e+00 0.000000e+00 0.000000e+00 0.000000e+00 0.000000e+00 0.000000e+00 0.000000e+00 0.000000e+00 0.000000e+00 0.000000e+00 0.000000e+00 0.000000e+00 0.000000e+00 0.000000e+00 0.000000e+00 0.000000e+00 0.000000e+00 0.000000e+00 0.000000e+00 0.000000e+00 4.352970e-57 1.331339e-25 5.844615e-26 1.111183e-10 4.581668e-19 0.000000e+00
15.000000 14.000000 16.000000 253.550984 1.728642e+04 2.237522e+07 6.207189e+06 8.155995e+06 7.296616e+06 2.527953e+08 2.134950e+09 5.753525e+15 1.370465e-08 8.765270e-08 1.716408e-10 7.758241e+05 6.667963e-01 2.301588e-01 1.053250e-04 8.731289e-14 3.925338e-04 1.527633e-02 3.126352e-01 6.842223e-20 7.600705e+11 8.444981e+09 8.861182e+05 1.893189e-06 5.839723e+06 6.371059e+05 1.631445e-37 1.210627e-02 3.560561e-06 9.218706e+00 1.118121e+00 1.029030e+04 2.360440e-06 1.609006e+00 4.221544e-01 4.230616e+01 1.511190e+00 1.650366e-04 9.833544e-16 3.420743e-12 2.216718e-23 0.000000e+00 8.459413e-20 1.601630e-18 1.115316e-24 1.365053e-25 1.726994e-23 7.087845e-23 1.241308e-24 1.515435e-34 3.777794e-55 0.000000e+00 4.938009e+17 9.109891e+11 3.425108e+11 4.444230e+18 1.339886e-04 1.537812e-11 1.675794e-15 1.357054e-07 7.160522e+02 1.297413e+03 4.547217e+01 3.028004e+05 1.138388e-10 3.582645e-06 3.895379e-06 1.805740e-21 6.160728e-23 0.000000e+00 1.223543e-01 2.879697e+04 4.011056e-06 2.590189e-17 3.205651e-29 2.167212e-28 0.000000e+00 8.713353e-73 0.000000e+00 7.346906e-137 4.960379e-06 0.000000e+00 0.000000e+00 0.000000e+00 0.000000e+00 0.000000e+00 0.000000e+00 0.000000e+00 0.000000e+00 0.000000e+00 0.000000e+00 0.000000e+00 0.000000e+00 0.000000e+00 0.000000e+00 0.000000e+00 0.000000e+00 0.000000e+00 0.000000e+00 0.000000e+00 0.000000e+00 0.000000e+00 0.000000e+00 0.000000e+00 0.000000e+00 0.000000e+00 2.153370e-57 9.721254e-26 2.431625e-26 5.246805e-11 2.818190e-19 0.000000e+00
17.000000 16.000000 18.000000 240.417294 1.301546e+04 3.594346e+07 1.065737e+07 4.843712e+06 4.351773e+06 1.598507e+08 1.075965e+09 1.556941e+15 1.941031e-07 4.079466e-08 1.116382e-10 6.372350e+05 9.147607e-01 2.163021e-01 1.116476e-04 1.043235e-13 1.913758e-04 1.143347e-02 1.767508e-01 1.409977e-20 9.103466e+11 6.703506e+09 4.001019e+05 1.041075e-06 3.925676e+06 2.443969e+05 1.885723e-38 7.527663e-03 1.158983e-06 3.299807e+00 2.782845e-01 7.960647e+03 1.749082e-06 1.147448e+00 2.562270e-01 2.260157e+01 5.607649e-01 1.329658e-04 6.674119e-16 2.116450e-12 2.303481e-23 2.497161e-38 9.384729e-20 1.140920e-18 1.791595e-24 3.259816e-26 7.883544e-24 3.292821e-23 3.294072e-25 1.974011e-34 1.749630e-55 0.000000e+00 3.921078e+17 7.235113e+11 4.257562e+11 3.528989e+18 3.059627e-04 3.473130e-11 7.426626e-16 2.284991e-08 1.930389e+02 5.379669e+02 1.385688e+01 1.559422e+05 3.804548e-10 9.508726e-07 1.185230e-06 5.219971e-21 2.244932e-23 0.000000e+00 8.858120e-02 8.991112e+03 4.401260e-06 2.160038e-17 3.068692e-29 2.076226e-28 0.000000e+00 5.328572e-72 0.000000e+00 5.833893e-137 1.733632e-06 0.000000e+00 0.000000e+00 0.000000e+00 0.000000e+00 0.000000e+00 0.000000e+00 0.000000e+00 0.000000e+00 0.000000e+00 0.000000e+00 0.000000e+00 0.000000e+00 0.000000e+00 0.000000e+00 0.000000e+00 0.000000e+00 0.000000e+00 0.000000e+00 0.000000e+00 0.000000e+00 0.000000e+00 0.000000e+00 0.000000e+00 0.000000e+00 0.000000e+00 9.038739e-58 6.542542e-26 8.945386e-27 2.384766e-11 1.675807e-19 0.000000e+00
19.000000 18.000000 20.000000 223.821825 9.620949e+03 8.804971e+07 2.743413e+07 3.290303e+06 2.964621e+06 6.607048e+07 3.386843e+08 2.400932e+14 1.774929e-06 1.464685e-08 4.124712e-11 5.287188e+05 1.216191e+00 1.240988e-01 1.064155e-04 5.910459e-14 6.944129e-05 9.763516e-03 8.063301e-02 1.276768e-20 1.040299e+12 5.321804e+09 1.652718e+05 5.225919e-07 2.701619e+06 6.311180e+04 1.042784e-39 4.077826e-03 2.479909e-07 9.102532e-01 4.465613e-02 6.232946e+03 1.619313e-06 1.134724e+00 2.398021e-01 1.045811e+01 2.309518e-01 1.074951e-04 1.849144e-16 4.779331e-13 1.136657e-23 4.388538e-37 4.678883e-20 5.066022e-19 3.958445e-24 4.874143e-27 8.268048e-25 5.007630e-24 4.117835e-26 2.849863e-34 2.327757e-55 0.000000e+00 3.113341e+17 5.745794e+11 4.970907e+11 2.802025e+18 1.022682e-03 7.220447e-11 1.209009e-15 4.883218e-09 5.141590e+01 2.411167e+02 4.416299e+00 9.594715e+04 1.973864e-09 1.854925e-07 2.837029e-07 4.384950e-21 6.586941e-24 0.000000e+00 2.443798e-02 1.603335e+03 4.711642e-06 1.813816e-17 1.770084e-29 1.199280e-28 5.623626e-39 2.073125e-71 0.000000e+00 4.632123e-137 3.870031e-07 0.000000e+00 0.000000e+00 0.000000e+00 0.000000e+00 0.000000e+00 0.000000e+00 0.000000e+00 0.000000e+00 0.000000e+00 0.000000e+00 0.000000e+00 0.000000e+00 0.000000e+00 0.000000e+00 0.000000e+00 0.000000e+00 0.000000e+00 0.000000e+00 0.000000e+00 0.000000e+00 0.000000e+00 0.000000e+00 0.000000e+00 0.000000e+00 0.000000e+00 2.984691e-58 3.762901e-26 1.869384e-27 1.050182e-11 9.689029e-20 0.000000e+00
21.000000 20.000000 22.000000 206.580563 6.938917e+03 3.284994e+08 1.003196e+08 3.145381e+06 2.554434e+06 1.776586e+07 7.768597e+07 2.658361e+13 5.932690e-06 4.454505e-09 6.335434e-12 4.363029e+05 1.381720e+00 4.200409e-02 1.062619e-04 2.146714e-14 1.762066e-05 8.948978e-03 3.057699e-02 2.737233e-19 1.128981e+12 4.158268e+09 6.483296e+04 2.432380e-07 1.870829e+06 1.358750e+04 2.846407e-41 1.786056e-03 2.465282e-08 1.672234e-01 5.300162e-03 4.830295e+03 3.768742e-06 1.397664e+00 3.892275e-01 4.262838e+00 1.178570e-01 8.589393e-05 2.212799e-17 7.082665e-14 2.427956e-24 0.000000e+00 9.612739e-21 1.605024e-19 1.327920e-23 6.205168e-28 1.478279e-26 2.573239e-25 4.204837e-27 6.072791e-35 9.998593e-55 0.000000e+00 2.432836e+17 4.490971e+11 5.463955e+11 2.189568e+18 4.855646e-03 5.249925e-11 3.144206e-14 1.789781e-09 1.462322e+01 1.438830e+02 1.484627e+00 7.474678e+04 7.607045e-09 3.494360e-08 5.283009e-08 4.158562e-22 1.867418e-24 0.000000e+00 3.151932e-03 1.443435e+02 4.881837e-06 1.511833e-17 6.352927e-30 4.323085e-29 0.000000e+00 1.359061e-74 0.000000e+00 3.619652e-137 6.429261e-08 0.000000e+00 0.000000e+00 0.000000e+00 0.000000e+00 0.000000e+00 0.000000e+00 0.000000e+00 0.000000e+00 0.000000e+00 0.000000e+00 0.000000e+00 0.000000e+00 0.000000e+00 0.000000e+00 0.000000e+00 0.000000e+00 0.000000e+00 0.000000e+00 0.000000e+00 0.000000e+00 0.000000e+00 0.000000e+00 0.000000e+00 0.000000e+00 0.000000e+00 7.971745e-59 1.929315e-26 2.516914e-28 4.475101e-12 5.412084e-20 0.000000e+00
23.000000 22.000000 24.000000 194.500860 4.888552e+03 1.043334e+09 2.676785e+08 3.575835e+06 2.125471e+06 5.048709e+06 1.584360e+07 4.707810e+12 1.387869e-05 1.217918e-09 1.334949e-12 3.473113e+05 1.366432e+00 2.287665e-02 1.433323e-04 1.310186e-14 4.697863e-06 6.449289e-03 1.123160e-02 3.367457e-18 1.152791e+12 3.111341e+09 2.549112e+04 1.051917e-07 1.263285e+06 2.831776e+03 6.451035e-43 5.879389e-04 2.087530e-09 2.653251e-02 7.435007e-04 3.595258e+03 4.659732e-05 1.551037e+00 4.706069e-01 1.580752e+00 6.168374e-02 6.612380e-05 1.987667e-18 1.355012e-14 6.939418e-24 0.000000e+00 2.518031e-20 9.101501e-19 4.074297e-22 7.275196e-29 3.863227e-27 1.936683e-25 1.335597e-26 1.270111e-33 4.389110e-53 0.000000e+00 1.820407e+17 3.361531e+11 5.622495e+11 1.638381e+18 1.755576e-02 3.345837e-11 3.648777e-13 7.754525e-10 3.883493e+00 1.054452e+02 5.264330e-01 5.220030e+04 6.498870e-09 9.120927e-09 9.247205e-09 2.681226e-23 8.666059e-24 0.000000e+00 4.131795e-04 1.156101e+01 4.825680e-06 1.222405e-17 5.881963e-29 3.987120e-28 5.346903e-39 5.792563e-72 0.000000e+00 2.708466e-137 1.300340e-08 0.000000e+00 0.000000e+00 0.000000e+00 0.000000e+00 0.000000e+00 0.000000e+00 0.000000e+00 0.000000e+00 0.000000e+00 0.000000e+00 0.000000e+00 0.000000e+00 0.000000e+00 0.000000e+00 0.000000e+00 0.000000e+00 0.000000e+00 0.000000e+00 0.000000e+00 0.000000e+00 0.000000e+00 0.000000e+00 0.000000e+00 0.000000e+00 0.000000e+00 1.756699e-59 8.952000e-27 2.992009e-29 1.810079e-12 2.850915e-20 0.000000e+00
25.000000 24.000000 26.000000 187.817785 3.389192e+03 2.059816e+09 3.896742e+08 4.475160e+06 1.696420e+06 2.228301e+06 3.099414e+06 1.629715e+12 3.157812e-05 3.013104e-10 7.341346e-13 2.643459e+05 1.260613e+00 1.585775e-02 1.435182e-04 7.977208e-15 1.950178e-06 3.844303e-03 4.205775e-03 7.255226e-18 1.126510e+12 2.233730e+09 1.112860e+04 4.288610e-08 8.261007e+05 5.836481e+02 3.114420e-44 1.527178e-04 3.398215e-10 6.542884e-03 1.765794e-04 2.571467e+03 4.496595e-04 1.357721e+00 3.233090e-01 6.136498e-01 3.279010e-02 4.930767e-05 3.202443e-19 4.422685e-15 9.975589e-24 0.000000e+00 3.234133e-20 1.512962e-18 1.958864e-21 7.867460e-30 1.275981e-27 1.171578e-25 1.652906e-26 1.008995e-33 3.639546e-53 0.000000e+00 1.306979e+17 2.414546e+11 5.522082e+11 1.176293e+18 3.613738e-02 3.472325e-11 6.324953e-13 4.240898e-10 1.190375e+00 9.073600e+01 2.306659e-01 3.230478e+04 2.180730e-09 3.006881e-09 1.768933e-09 5.121312e-24 1.046519e-23 0.000000e+00 8.197703e-05 1.568800e+00 4.625379e-06 9.603256e-18 1.395388e-28 9.444131e-28 0.000000e+00 1.290849e-68 0.000000e+00 1.944572e-137 4.560648e-09 0.000000e+00 0.000000e+00 0.000000e+00 0.000000e+00 0.000000e+00 0.000000e+00 0.000000e+00 0.000000e+00 0.000000e+00 0.000000e+00 0.000000e+00 0.000000e+00 0.000000e+00 0.000000e+00 0.000000e+00 0.000000e+00 0.000000e+00 0.000000e+00 0.000000e+00 0.000000e+00 0.000000e+00 0.000000e+00 0.000000e+00 0.000000e+00 0.000000e+00 3.204444e-60 3.707322e-27 3.336508e-30 6.926710e-13 1.411714e-20 0.000000e+00
27.000000 26.000000 28.000000 182.804432 2.323775e+03 3.024754e+09 4.019551e+08 6.229273e+06 1.482939e+06 1.419245e+06 6.426144e+05 6.938323e+11 6.635933e-05 6.965791e-11 6.371935e-13 1.947196e+05 1.112296e+00 1.033737e-02 9.805722e-05 3.319591e-15 1.133454e-06 2.306136e-03 1.634835e-03 9.212548e-18 1.079280e+12 1.573476e+09 5.683764e+03 1.693805e-08 5.315856e+05 1.193658e+02 2.056649e-45 3.528210e-05 9.345345e-11 2.528182e-03 6.280933e-05 1.806033e+03 2.571290e-03 1.017493e+00 1.648393e-01 2.792160e-01 1.896997e-02 3.655856e-05 8.322600e-20 1.902820e-15 1.506787e-23 0.000000e+00 4.354147e-20 2.037676e-18 5.673290e-21 8.221412e-31 8.637103e-28 1.076488e-25 1.921623e-26 4.969601e-34 1.256381e-53 0.000000e+00 9.206935e+16 1.702014e+11 5.309366e+11 8.286355e+17 5.342037e-02 4.872957e-11 5.660029e-13 2.966772e-10 4.642101e-01 8.787554e+01 1.263134e-01 2.119801e+04 5.379655e-10 1.200957e-09 4.191308e-10 2.049130e-24 1.099271e-23 0.000000e+00 2.437915e-05 3.515764e-01 4.412046e-06 7.461994e-18 2.713753e-28 1.832826e-27 0.000000e+00 5.617056e-69 0.000000e+00 1.369847e-137 2.404659e-09 0.000000e+00 0.000000e+00 0.000000e+00 0.000000e+00 0.000000e+00 0.000000e+00 0.000000e+00 0.000000e+00 0.000000e+00 0.000000e+00 0.000000e+00 0.000000e+00 0.000000e+00 0.000000e+00 0.000000e+00 0.000000e+00 0.000000e+00 0.000000e+00 0.000000e+00 0.000000e+00 0.000000e+00 0.000000e+00 0.000000e+00 0.000000e+00 0.000000e+00 4.906793e-61 1.352831e-27 4.169693e-31 2.566556e-13 6.715353e-21 0.000000e+00
29.000000 28.000000 30.000000 177.932527 1.577469e+03 3.895997e+09 3.575740e+08 8.939185e+06 1.341806e+06 1.047792e+06 1.677312e+05 2.860980e+11 1.232011e-04 1.566040e-11 5.775856e-13 1.395960e+05 9.427938e-01 6.331682e-03 5.489148e-05 1.060076e-15 7.340650e-07 1.360017e-03 6.463114e-04 1.327189e-17 1.021309e+12 1.097326e+09 3.194579e+03 6.564052e-09 3.386982e+05 2.431214e+01 1.211012e-46 7.966957e-06 3.032065e-11 1.157972e-03 2.579658e-05 1.256438e+03 9.583917e-03 6.973174e-01 7.285337e-02 1.410276e-01 1.102338e-02 2.731305e-05 2.544453e-20 8.811260e-16 2.342708e-23 1.954598e-34 6.047158e-20 2.530029e-18 1.390377e-20 1.015828e-31 8.032426e-28 1.183871e-25 2.097633e-26 1.945598e-34 4.278339e-54 0.000000e+00 6.421128e+16 1.188114e+11 5.036313e+11 5.779125e+17 6.825859e-02 7.027881e-11 5.503154e-13 2.205060e-10 1.976077e-01 8.614022e+01 7.618680e-02 1.422933e+04 1.211003e-10 5.148036e-10 1.206144e-10 9.748751e-25 1.105689e-23 0.000000e+00 8.539574e-06 9.629009e-02 4.219917e-06 5.744226e-18 4.887948e-28 3.291495e-27 1.684569e-35 8.082019e-73 0.000000e+00 9.553669e-138 1.460758e-09 0.000000e+00 0.000000e+00 0.000000e+00 0.000000e+00 0.000000e+00 0.000000e+00 0.000000e+00 0.000000e+00 0.000000e+00 0.000000e+00 0.000000e+00 0.000000e+00 0.000000e+00 0.000000e+00 0.000000e+00 0.000000e+00 0.000000e+00 0.000000e+00 0.000000e+00 0.000000e+00 0.000000e+00 0.000000e+00 0.000000e+00 0.000000e+00 0.000000e+00 6.345100e-62 4.263615e-28 9.055583e-32 9.321781e-14 3.100492e-21 0.000000e+00
31.000000 30.000000 32.000000 173.501166 1.059944e+03 4.519239e+09 2.776592e+08 1.326367e+07 1.263482e+06 8.661457e+05 6.987695e+04 1.235967e+11 2.013703e-04 3.772925e-12 4.993371e-13 9.719382e+04 7.642857e-01 3.632319e-03 2.578985e-05 2.660466e-16 5.153103e-07 7.826112e-04 2.532510e-04 2.780965e-17 9.504483e+11 7.561060e+08 1.926850e+03 2.506524e-09 2.128071e+05 4.923825e+00 9.042225e-48 1.976578e-06 1.158544e-11 6.052965e-04 1.214995e-05 8.638949e+02 2.493894e-02 4.531171e-01 2.979706e-02 7.810232e-02 6.389253e-03 2.061545e-05 1.005262e-20 4.610679e-16 3.829986e-23 0.000000e+00 8.786585e-20 2.976294e-18 2.617251e-20 3.797516e-32 9.957833e-28 1.540001e-25 2.261304e-26 5.704868e-35 1.661242e-54 0.000000e+00 4.424701e+16 8.197781e+10 4.694755e+11 3.982329e+17 7.673146e-02 1.011843e-10 7.387713e-13 1.729713e-10 9.462895e-02 8.652519e+01 4.970305e-02 9.773449e+03 2.988642e-11 2.288301e-10 3.837215e-11 5.332857e-25 1.103617e-23 0.000000e+00 3.144984e-06 3.201079e-02 4.017147e-06 4.338843e-18 8.391183e-28 5.626536e-27 0.000000e+00 1.157940e-76 0.000000e+00 6.583323e-138 1.020439e-09 0.000000e+00 0.000000e+00 0.000000e+00 0.000000e+00 0.000000e+00 0.000000e+00 0.000000e+00 0.000000e+00 0.000000e+00 0.000000e+00 0.000000e+00 0.000000e+00 0.000000e+00 0.000000e+00 0.000000e+00 0.000000e+00 0.000000e+00 0.000000e+00 0.000000e+00 0.000000e+00 0.000000e+00 0.000000e+00 0.000000e+00 0.000000e+00 0.000000e+00 7.018783e-63 1.117846e-28 3.613051e-32 3.333206e-14 1.391522e-21 0.000000e+00
33.000000 32.000000 34.000000 170.634952 7.064249e+02 4.717844e+09 1.833157e+08 2.108626e+07 1.283927e+06 8.199576e+05 4.865022e+04 7.036971e+10 2.930212e-04 1.211277e-12 4.086365e-13 6.557329e+04 5.919284e-01 1.946379e-03 1.006445e-05 5.182333e-17 4.068998e-07 4.456121e-04 9.689452e-05 8.049677e-17 8.671734e+11 5.123435e+08 1.239970e+03 9.404009e-10 1.308991e+05 9.800518e-01 1.936438e-48 6.636363e-07 6.011428e-12 3.786675e-04 7.110540e-06 5.842130e+02 4.931707e-02 2.864042e-01 1.198449e-02 4.876433e-02 3.758309e-03 1.573412e-05 6.465487e-21 3.127409e-16 7.248749e-23 3.701025e-36 1.463774e-19 3.610660e-18 3.544067e-20 6.173780e-32 1.895958e-27 2.674035e-25 2.866006e-26 2.849165e-35 1.462858e-54 0.000000e+00 2.998459e+16 5.565702e+10 4.289253e+11 2.698698e+17 7.466260e-02 1.518489e-10 1.245027e-12 1.547960e-10 5.582975e-02 9.440800e+01 3.513848e-02 7.019653e+03 1.037155e-11 1.034572e-10 1.246726e-11 3.897382e-25 1.219926e-23 0.000000e+00 1.185941e-06 1.394108e-02 3.768809e-06 3.192838e-18 1.511302e-27 1.006814e-26 3.447142e-37 1.112059e-76 0.000000e+00 4.461312e-138 8.939476e-10 0.000000e+00 0.000000e+00 0.000000e+00 0.000000e+00 0.000000e+00 0.000000e+00 0.000000e+00 0.000000e+00 0.000000e+00 0.000000e+00 0.000000e+00 0.000000e+00 0.000000e+00 0.000000e+00 0.000000e+00 0.000000e+00 0.000000e+00 0.000000e+00 0.000000e+00 0.000000e+00 0.000000e+00 0.000000e+00 0.000000e+00 0.000000e+00 0.000000e+00 6.830016e-64 2.272605e-29 1.649015e-32 1.170072e-14 6.044192e-22 0.000000e+00
35.000000 34.000000 36.000000 169.199141 4.685569e+02 4.602098e+09 1.076919e+08 3.410653e+07 1.332516e+06 8.199047e+05 4.333395e+04 4.696043e+10 3.928891e-04 6.046274e-13 3.166571e-13 4.320070e+04 4.435642e-01 9.954803e-04 3.451827e-06 8.275111e-18 3.362476e-07 2.420322e-04 3.551749e-05 2.755893e-16 7.803976e+11 3.426666e+08 8.194544e+02 3.479138e-10 7.901958e+04 1.927559e-01 1.417367e-48 3.737071e-07 3.914583e-12 2.612374e-04 4.744810e-06 3.899775e+02 8.096511e-02 1.813413e-01 4.947754e-03 3.265519e-02 2.111717e-03 1.225300e-05 6.202646e-21 2.576007e-16 1.363103e-22 0.000000e+00 2.410303e-19 4.081820e-18 3.735815e-20 1.414870e-31 4.253987e-27 4.907660e-25 3.663590e-26 1.273243e-35 1.348299e-54 0.000000e+00 2.005672e+16 3.732852e+10 3.864347e+11 1.805180e+17 6.562874e-02 2.257336e-10 2.389962e-12 1.501103e-10 3.740213e-02 1.055578e+02 2.545714e-02 5.006364e+03 6.164463e-12 4.518400e-11 3.915055e-12 3.506883e-25 1.261750e-23 0.000000e+00 4.349046e-07 7.097717e-03 3.477085e-06 2.291119e-18 2.561216e-27 1.689649e-26 0.000000e+00 5.287164e-73 0.000000e+00 2.984207e-138 8.992174e-10 0.000000e+00 0.000000e+00 0.000000e+00 0.000000e+00 0.000000e+00 0.000000e+00 0.000000e+00 0.000000e+00 0.000000e+00 0.000000e+00 0.000000e+00 0.000000e+00 0.000000e+00 0.000000e+00 0.000000e+00 0.000000e+00 0.000000e+00 0.000000e+00 0.000000e+00 0.000000e+00 0.000000e+00 0.000000e+00 0.000000e+00 0.000000e+00 0.000000e+00 6.183699e-65 3.402337e-30 6.991346e-33 4.046075e-15 2.547454e-22 0.000000e+00
37.000000 36.000000 38.000000 169.024221 3.102535e+02 4.347623e+09 5.873864e+07 5.435933e+07 1.355292e+06 8.154394e+05 3.989371e+04 3.101712e+10 5.045577e-04 3.974321e-13 2.381068e-13 2.800243e+04 3.263645e-01 4.966406e-04 1.096314e-06 1.152208e-18 2.767637e-07 1.227032e-04 1.229889e-05 1.040799e-15 6.963845e+11 2.270878e+08 5.426888e+02 1.275351e-10 4.699424e+04 3.826278e-02 2.756048e-48 3.038991e-07 2.952037e-12 1.849827e-04 3.351701e-06 2.579524e+02 1.170681e-01 1.180155e-01 2.113650e-03 2.234483e-02 1.106856e-03 9.808578e-06 7.896848e-21 2.371129e-16 2.300303e-22 0.000000e+00 3.555008e-19 4.062422e-18 3.329128e-20 3.133573e-31 9.207031e-27 8.090810e-25 4.308712e-26 8.286360e-36 1.974152e-54 0.000000e+00 1.329407e+16 2.483513e+10 3.451220e+11 1.196532e+17 5.421019e-02 3.240545e-10 5.060624e-12 1.511273e-10 2.671340e-02 1.162508e+02 1.828849e-02 3.411702e+03 5.231269e-12 1.853418e-11 1.161023e-12 3.596657e-25 1.084317e-23 0.000000e+00 1.498581e-07 3.841040e-03 3.150215e-06 1.606179e-18 3.831007e-27 2.490609e-26 0.000000e+00 2.504124e-69 0.000000e+00 1.978029e-138 9.618758e-10 0.000000e+00 0.000000e+00 0.000000e+00 0.000000e+00 0.000000e+00 0.000000e+00 0.000000e+00 0.000000e+00 0.000000e+00 0.000000e+00 0.000000e+00 0.000000e+00 0.000000e+00 0.000000e+00 0.000000e+00 0.000000e+00 0.000000e+00 0.000000e+00 0.000000e+00 0.000000e+00 0.000000e+00 0.000000e+00 0.000000e+00 0.000000e+00 0.000000e+00 5.441902e-66 3.652331e-31 2.761813e-33 1.384470e-15 1.045610e-22 0.000000e+00
39.000000 38.000000 40.000000 169.635086 2.056447e+02 4.093566e+09 3.108980e+07 8.625903e+07 1.363029e+06 8.025116e+05 3.522570e+04 2.037565e+10 6.548926e-04 2.950803e-13 1.867785e-13 1.800195e+04 2.397988e-01 2.480142e-04 3.411594e-07 1.498765e-19 2.272592e-07 6.024690e-05 4.077242e-06 4.129895e-15 6.207884e+11 1.499361e+08 3.588318e+02 4.648686e-11 2.768205e+04 7.903273e-03 7.648797e-48 2.634542e-07 2.389289e-12 1.309262e-04 2.415956e-06 1.700027e+02 1.556911e-01 8.083165e-02 9.140510e-04 1.524952e-02 5.460088e-04 8.129904e-06 1.176196e-20 2.280946e-16 3.647786e-22 0.000000e+00 4.947634e-19 3.949355e-18 2.746467e-20 6.352770e-31 1.955065e-26 1.246589e-24 5.090556e-26 5.359885e-36 2.952609e-54 0.000000e+00 8.779784e+15 1.648498e+10 3.078210e+11 7.902389e+16 4.367119e-02 4.680724e-10 1.125324e-11 1.551925e-10 1.962977e-02 1.262598e+02 1.290009e-02 2.264791e+03 4.517344e-12 7.186554e-12 3.293017e-13 4.003244e-25 8.580300e-24 0.000000e+00 4.967531e-08 2.081057e-03 2.813242e-06 1.108880e-18 5.605741e-27 3.566055e-26 0.000000e+00 5.043013e-70 0.000000e+00 1.306370e-138 1.049647e-09 0.000000e+00 0.000000e+00 0.000000e+00 0.000000e+00 0.000000e+00 0.000000e+00 0.000000e+00 0.000000e+00 0.000000e+00 0.000000e+00 0.000000e+00 0.000000e+00 0.000000e+00 0.000000e+00 0.000000e+00 0.000000e+00 0.000000e+00 0.000000e+00 0.000000e+00 0.000000e+00 0.000000e+00 0.000000e+00 0.000000e+00 0.000000e+00 0.000000e+00 4.726470e-67 2.767413e-32 1.137883e-33 4.702335e-16 4.192735e-23 0.000000e+00
41.000000 40.000000 42.000000 170.105371 1.365247e+02 4.358212e+09 1.842135e+07 1.377580e+08 1.280915e+06 7.068951e+05 2.549613e+04 1.338069e+10 9.620086e-04 2.259833e-13 1.537035e-13 1.156780e+04 1.786746e-01 1.239842e-04 1.163850e-07 1.999978e-20 1.687675e-07 2.805869e-05 1.276161e-06 1.554715e-14 5.559513e+11 9.922378e+07 2.313565e+02 1.697217e-11 1.626491e+04 1.720192e-03 1.379207e-47 1.847148e-07 1.559481e-12 7.711572e-05 1.439252e-06 1.123111e+02 1.953429e-01 6.054769e-02 3.745193e-04 9.293513e-03 2.377689e-04 7.001305e-06 1.574212e-20 1.854275e-16 5.092823e-22 0.000000e+00 6.108605e-19 3.751946e-18 2.218714e-20 9.167534e-31 3.055776e-26 1.518717e-24 5.856035e-26 3.620427e-36 3.875683e-54 0.000000e+00 5.812519e+15 1.098139e+10 2.755054e+11 5.231782e+16 3.922060e-02 6.829276e-10 2.368928e-11 1.483053e-10 1.214590e-02 1.324003e+02 8.603058e-03 1.392812e+03 2.743841e-12 2.606276e-12 8.862155e-14 3.598696e-25 5.710408e-24 0.000000e+00 1.488633e-08 8.223671e-04 2.486149e-06 7.608781e-19 7.940377e-27 4.895663e-26 0.000000e+00 0.000000e+00 0.000000e+00 8.648840e-139 9.416011e-10 0.000000e+00 0.000000e+00 0.000000e+00 0.000000e+00 0.000000e+00 0.000000e+00 0.000000e+00 0.000000e+00 0.000000e+00 0.000000e+00 0.000000e+00 0.000000e+00 0.000000e+00 0.000000e+00 0.000000e+00 0.000000e+00 0.000000e+00 0.000000e+00 0.000000e+00 0.000000e+00 0.000000e+00 0.000000e+00 0.000000e+00 0.000000e+00 0.000000e+00 4.089141e-68 1.599153e-33 5.013865e-34 1.596022e-16 1.652897e-23 0.000000e+00
43.000000 42.000000 44.000000 170.983504 9.078060e+01 6.507237e+09 1.480073e+07 2.132424e+08 9.009312e+05 4.311466e+05 1.103889e+04 8.744218e+09 1.742301e-03 1.483675e-13 1.101524e-13 7.413605e+03 1.350906e-01 5.901015e-05 4.804093e-08 2.898418e-21 8.808009e-08 9.920335e-06 3.343666e-07 4.012964e-14 4.981901e+11 6.559778e+07 1.355703e+02 6.212964e-12 9.501008e+03 3.689922e-04 1.393085e-47 7.397149e-08 5.321467e-13 2.554447e-05 4.804169e-07 7.413428e+01 2.331064e-01 5.181539e-02 1.403212e-04 3.900743e-03 8.049269e-05 6.213084e-06 1.131595e-20 1.021109e-16 6.773932e-22 0.000000e+00 7.178835e-19 3.785647e-18 1.922316e-20 6.175559e-31 2.296542e-26 1.224136e-24 7.094530e-26 1.374506e-36 1.419656e-54 0.000000e+00 3.844991e+15 7.309887e+09 2.456986e+11 3.460949e+16 4.786226e-02 8.483981e-10 3.507654e-11 1.119208e-10 4.533798e-03 1.207037e+02 5.033955e-03 6.073553e+02 7.570605e-13 8.149244e-13 2.065488e-14 1.484558e-25 2.414568e-24 0.000000e+00 3.127798e-09 1.368109e-04 2.164641e-06 5.186957e-19 1.192585e-26 7.031431e-26 0.000000e+00 1.186941e-69 0.000000e+00 5.721416e-139 4.732173e-10 0.000000e+00 0.000000e+00 0.000000e+00 0.000000e+00 0.000000e+00 0.000000e+00 0.000000e+00 0.000000e+00 0.000000e+00 0.000000e+00 0.000000e+00 0.000000e+00 0.000000e+00 0.000000e+00 0.000000e+00 0.000000e+00 0.000000e+00 0.000000e+00 0.000000e+00 0.000000e+00 0.000000e+00 0.000000e+00 0.000000e+00 0.000000e+00 0.000000e+00 3.532888e-69 1.096192e-34 1.797757e-34 5.412630e-17 6.400027e-24 0.000000e+00
45.000000 44.000000 46.000000 173.289340 6.060537e+01 1.210618e+10 1.421708e+07 2.922537e+08 4.515317e+05 1.844083e+05 2.996124e+03 5.658803e+09 3.307964e-03 7.833143e-14 6.718374e-14 4.722683e+03 1.029304e-01 2.856666e-05 2.213276e-08 4.558324e-22 3.298002e-08 2.474924e-06 7.192537e-08 5.530414e-14 4.453877e+11 4.316961e+07 6.891126e+01 2.270825e-12 5.461803e+03 7.973866e-05 1.434090e-47 1.614125e-08 1.269578e-13 5.667962e-06 1.122541e-07 4.870967e+01 2.672846e-01 4.940477e-02 5.638641e-05 1.073337e-03 2.582551e-05 5.642249e-06 4.077577e-21 6.572039e-17 7.952789e-22 9.019282e-37 7.375477e-19 3.709829e-18 1.849962e-20 1.723685e-31 8.003520e-27 6.124230e-25 7.948620e-26 4.376557e-37 1.980131e-55 0.000000e+00 2.532653e+15 4.839643e+09 2.165907e+11 2.279794e+16 7.048174e-02 7.816777e-10 3.075539e-11 7.267695e-11 1.291309e-03 8.372152e+01 2.714085e-03 1.689778e+02 1.019566e-13 2.265415e-13 4.286580e-15 3.583185e-26 5.396833e-25 0.000000e+00 4.722859e-10 1.328397e-05 1.854520e-06 3.506229e-19 1.730503e-26 9.582359e-26 2.243349e-37 5.463512e-70 0.000000e+00 3.768808e-139 1.672819e-10 0.000000e+00 0.000000e+00 0.000000e+00 0.000000e+00 0.000000e+00 0.000000e+00 0.000000e+00 0.000000e+00 0.000000e+00 0.000000e+00 0.000000e+00 0.000000e+00 0.000000e+00 0.000000e+00 0.000000e+00 0.000000e+00 0.000000e+00 0.000000e+00 0.000000e+00 0.000000e+00 0.000000e+00 0.000000e+00 0.000000e+00 0.000000e+00 0.000000e+00 3.037714e-70 1.424276e-35 4.911049e-35 1.825967e-17 2.422137e-24 0.000000e+00
47.000000 46.000000 48.000000 176.439502 4.073491e+01 2.104419e+10 1.278185e+07 3.487391e+08 2.065150e+05 7.275325e+04 6.636838e+02 3.644903e+09 5.475885e-03 3.701756e-14 4.164088e-14 3.008632e+03 7.907443e-02 1.447826e-05 9.562221e-09 7.103360e-23 1.165615e-08 5.562011e-07 1.384099e-08 6.430201e-14 3.995764e+11 2.845669e+07 3.239793e+01 8.305711e-13 3.078666e+03 1.750310e-05 5.001664e-47 3.310849e-09 4.860273e-14 1.838156e-06 3.954084e-08 3.204676e+01 2.995610e-01 4.904972e-02 3.212496e-05 3.482546e-04 1.313323e-05 5.255016e-06 1.554545e-21 7.397375e-17 8.388850e-22 6.499400e-41 6.761088e-19 3.338021e-18 1.821170e-20 3.129016e-32 2.225884e-27 2.544253e-25 7.427179e-26 1.266801e-37 2.506462e-56 0.000000e+00 1.671783e+15 3.206700e+09 1.892733e+11 1.504968e+16 9.714072e-02 5.864986e-10 2.581647e-11 6.420229e-11 4.770110e-04 4.700109e+01 1.512654e-03 3.952743e+01 1.372829e-14 6.387444e-14 8.699893e-16 1.291214e-26 9.420712e-26 0.000000e+00 6.347132e-11 1.705811e-06 1.577718e-06 2.364541e-19 2.263105e-26 1.152583e-25 5.518881e-42 8.506633e-74 0.000000e+00 2.487915e-139 8.912463e-11 0.000000e+00 0.000000e+00 0.000000e+00 0.000000e+00 0.000000e+00 0.000000e+00 0.000000e+00 0.000000e+00 0.000000e+00 0.000000e+00 0.000000e+00 0.000000e+00 0.000000e+00 0.000000e+00 0.000000e+00 0.000000e+00 0.000000e+00 0.000000e+00 0.000000e+00 0.000000e+00 0.000000e+00 0.000000e+00 0.000000e+00 0.000000e+00 0.000000e+00 2.603726e-71 2.854734e-36 1.279917e-35 6.143975e-18 8.983161e-25 0.000000e+00
49.000000 48.000000 50.000000 179.019032 2.756895e+01 3.214511e+10 1.056548e+07 3.756779e+08 9.764450e+04 2.969445e+04 1.363277e+02 2.353236e+09 7.897252e-03 1.663617e-14 2.682018e-14 1.932735e+03 6.147226e-02 7.570214e-06 3.886294e-09 1.075343e-23 4.312786e-09 1.318687e-07 2.540371e-09 1.015310e-13 3.616937e+11 1.894045e+07 1.564669e+01 3.062310e-13 1.705533e+03 3.871193e-06 4.313212e-46 1.306222e-09 3.131436e-14 1.011900e-06 2.316320e-08 2.127757e+01 3.319134e-01 4.863396e-02 2.618248e-05 1.852399e-04 1.080315e-05 5.023996e-06 1.034303e-21 9.358640e-17 9.300401e-22 2.690949e-45 6.499249e-19 3.023111e-18 1.720627e-20 5.128070e-33 7.028880e-28 1.149672e-25 6.192646e-26 4.311650e-38 6.553464e-57 0.000000e+00 1.115046e+15 2.144598e+09 1.648150e+11 1.003870e+16 1.214827e-01 3.980474e-10 3.257826e-11 7.973799e-11 2.332433e-04 2.409185e+01 8.683425e-04 9.466520e+00 3.924085e-15 1.890363e-14 1.805312e-16 7.782674e-27 1.840991e-26 0.000000e+00 8.679547e-12 3.275725e-07 1.344359e-06 1.602087e-19 2.903051e-26 1.332172e-25 1.362884e-46 1.203258e-77 0.000000e+00 1.659533e-139 6.422076e-10 0.000000e+00 0.000000e+00 0.000000e+00 0.000000e+00 0.000000e+00 0.000000e+00 0.000000e+00 0.000000e+00 0.000000e+00 0.000000e+00 0.000000e+00 0.000000e+00 0.000000e+00 0.000000e+00 0.000000e+00 0.000000e+00 0.000000e+00 0.000000e+00 0.000000e+00 0.000000e+00 0.000000e+00 0.000000e+00 0.000000e+00 0.000000e+00 0.000000e+00 2.239012e-72 7.067719e-37 3.483033e-36 2.076592e-18 3.287544e-25 0.000000e+00
51.000000 50.000000 52.000000 180.449347 1.874440e+01 4.437907e+10 8.301899e+06 3.757288e+08 4.788479e+04 1.254793e+04 2.721141e+01 1.522613e+09 1.035021e-02 7.128508e-15 1.712332e-14 1.253392e+03 4.823072e-02 4.045098e-06 1.545599e-09 1.616754e-24 1.664132e-09 3.357729e-08 4.588019e-10 4.842228e-12 3.295769e+11 1.273434e+07 7.998321e+00 1.141430e-13 9.288321e+02 8.584115e-07 3.360420e-45 1.077936e-09 2.277650e-14 6.704326e-07 1.584947e-08 1.426178e+01 3.637360e-01 4.705768e-02 2.367952e-05 1.213126e-04 1.016009e-05 4.896218e-06 2.442447e-20 1.076870e-16 1.135207e-21 7.892113e-50 6.841742e-19 2.860586e-18 1.530673e-20 8.795586e-34 2.622770e-28 5.917607e-26 4.841212e-26 3.048694e-38 1.344312e-55 0.000000e+00 7.520360e+14 1.449179e+09 1.426570e+11 6.771302e+15 1.423028e-01 2.549817e-10 1.336216e-09 2.104642e-10 1.290509e-04 1.189916e+01 4.893404e-04 2.416573e+00 2.541621e-15 5.658753e-15 3.808885e-17 5.347141e-27 4.299392e-27 0.000000e+00 1.264282e-12 7.975519e-08 1.146787e-06 1.090036e-19 3.780094e-26 1.534897e-25 3.387753e-51 1.693282e-81 0.000000e+00 1.119389e-139 2.373501e-07 0.000000e+00 0.000000e+00 0.000000e+00 0.000000e+00 0.000000e+00 0.000000e+00 0.000000e+00 0.000000e+00 0.000000e+00 0.000000e+00 0.000000e+00 0.000000e+00 0.000000e+00 0.000000e+00 0.000000e+00 0.000000e+00 0.000000e+00 0.000000e+00 0.000000e+00 0.000000e+00 0.000000e+00 0.000000e+00 0.000000e+00 0.000000e+00 0.000000e+00 1.937354e-73 1.932205e-37 9.575400e-37 7.068018e-19 1.190038e-25 0.000000e+00
53.000000 52.000000 54.000000 181.253050 1.277600e+01 5.691724e+10 6.203720e+06 3.540758e+08 2.369657e+04 5.343478e+03 5.334251e+00 9.815246e+08 1.268102e-02 2.910726e-15 1.083552e-14 8.166483e+02 3.793343e-02 2.177167e-06 6.032332e-10 2.403111e-25 6.550529e-10 8.790068e-09 8.218565e-11 5.299659e-10 3.004034e+11 8.599715e+06 4.244944e+00 4.291092e-14 4.954638e+02 1.898132e-07 1.999599e-44 6.090690e-09 1.671406e-14 4.619695e-07 1.109522e-08 9.595476e+00 3.926514e-01 4.404653e-02 2.175327e-05 8.300698e-05 9.660790e-06 4.816495e-06 1.636113e-18 1.167699e-16 1.443919e-21 1.803335e-54 7.407070e-19 2.661389e-18 1.237364e-20 1.600337e-34 1.050443e-28 3.197952e-26 3.484975e-26 5.371298e-38 1.750184e-53 0.000000e+00 5.102308e+14 9.845673e+08 1.218074e+11 4.594798e+15 1.575702e-01 1.557789e-10 1.320972e-07 1.682717e-08 7.541287e-05 5.755431e+00 2.681081e-04 6.392481e-01 1.196596e-14 1.667191e-15 7.980458e-18 3.737962e-27 1.070867e-27 0.000000e+00 1.918049e-13 2.206786e-08 9.734350e-07 7.401244e-20 4.700273e-26 1.664388e-25 8.460352e-56 2.390086e-85 0.000000e+00 7.595814e-140 4.250597e-05 0.000000e+00 0.000000e+00 0.000000e+00 0.000000e+00 0.000000e+00 0.000000e+00 0.000000e+00 0.000000e+00 0.000000e+00 0.000000e+00 0.000000e+00 0.000000e+00 0.000000e+00 0.000000e+00 0.000000e+00 0.000000e+00 0.000000e+00 0.000000e+00 0.000000e+00 0.000000e+00 0.000000e+00 0.000000e+00 0.000000e+00 0.000000e+00 0.000000e+00 1.683605e-74 5.602099e-38 2.620968e-37 2.415737e-19 4.249528e-26 0.000000e+00
55.000000 54.000000 56.000000 182.050694 8.724466e+00 6.903131e+10 4.376149e+06 3.177139e+08 1.161194e+04 2.251380e+03 1.025239e+00 6.273828e+08 1.477676e-02 1.143288e-15 6.933346e-15 5.325538e+02 2.982599e-02 1.171129e-06 2.304539e-10 3.484949e-26 2.600466e-10 2.285535e-09 1.457828e-11 8.226451e-09 2.730473e+11 5.805423e+06 2.457660e+00 1.624256e-14 2.580541e+02 4.162914e-08 9.033769e-44 5.429330e-08 1.309531e-14 3.335947e-07 7.956305e-09 6.449165e+00 4.172727e-01 3.993675e-02 2.046529e-05 5.803524e-05 9.334939e-06 4.756359e-06 1.738865e-17 1.275658e-16 1.712875e-21 3.418933e-59 7.343310e-19 2.162476e-18 8.610451e-21 2.848432e-35 3.940496e-29 1.595467e-26 2.129406e-26 1.220906e-37 4.619069e-52 0.000000e+00 3.468306e+14 6.699658e+08 1.020714e+11 3.123941e+15 1.654379e-01 9.131572e-11 1.908422e-06 3.277596e-07 5.418920e-05 2.748660e+00 1.446803e-04 1.706800e-01 9.302005e-14 4.828451e-16 1.638162e-18 2.805871e-27 2.415158e-28 0.000000e+00 2.923518e-14 7.690686e-09 8.192505e-07 4.990233e-20 4.936452e-26 1.511525e-25 2.115562e-60 3.377171e-89 0.000000e+00 5.164297e-140 1.069865e-03 0.000000e+00 0.000000e+00 0.000000e+00 0.000000e+00 0.000000e+00 0.000000e+00 0.000000e+00 0.000000e+00 0.000000e+00 0.000000e+00 0.000000e+00 0.000000e+00 0.000000e+00 0.000000e+00 0.000000e+00 0.000000e+00 0.000000e+00 0.000000e+00 0.000000e+00 0.000000e+00 0.000000e+00 0.000000e+00 0.000000e+00 0.000000e+00 0.000000e+00 1.464613e-75 1.729673e-38 7.277043e-38 8.261163e-20 1.492636e-26 0.000000e+00
57.000000 56.000000 58.000000 182.822762 5.968933e+00 8.010800e+10 2.932204e+06 2.742154e+08 5.618813e+03 9.370692e+02 1.933460e-01 3.973943e+08 1.657235e-02 4.344190e-16 4.454370e-15 3.476992e+02 2.355319e-02 6.329569e-07 8.736063e-11 4.982099e-27 1.044265e-10 5.906374e-10 2.564789e-12 3.917130e-08 2.478110e+11 3.913616e+06 2.060658e+00 6.222314e-15 1.315288e+02 9.045836e-09 3.143436e-43 2.308061e-07 1.117243e-14 2.579322e-07 5.723681e-09 4.325365e+00 4.375205e-01 3.527426e-02 1.937018e-05 4.070575e-05 8.997565e-06 4.709198e-06 6.172302e-17 1.395228e-16 1.753048e-21 5.673028e-64 6.164117e-19 1.410303e-18 5.017431e-21 4.614028e-36 1.277158e-29 6.786431e-27 1.024556e-26 2.489137e-37 3.588632e-51 0.000000e+00 2.362239e+14 4.567289e+08 8.390975e+10 2.128249e+15 1.687448e-01 5.189683e-11 8.626825e-06 1.846142e-06 6.902692e-05 1.305103e+00 7.680837e-05 4.601407e-02 3.575225e-13 1.384792e-16 3.297833e-19 2.307314e-27 4.491012e-29 0.000000e+00 4.444900e-15 4.639588e-09 6.842029e-07 3.337485e-20 3.992254e-26 1.057575e-25 5.293283e-65 4.774656e-93 0.000000e+00 3.518286e-140 8.153994e-03 0.000000e+00 0.000000e+00 0.000000e+00 0.000000e+00 0.000000e+00 0.000000e+00 0.000000e+00 0.000000e+00 0.000000e+00 0.000000e+00 0.000000e+00 0.000000e+00 0.000000e+00 0.000000e+00 0.000000e+00 0.000000e+00 0.000000e+00 0.000000e+00 0.000000e+00 0.000000e+00 0.000000e+00 0.000000e+00 0.000000e+00 0.000000e+00 0.000000e+00 1.274715e-76 5.617679e-39 2.042393e-38 2.825643e-20 5.160794e-27 0.000000e+00
59.000000 58.000000 60.000000 183.373428 4.090539e+00 8.960438e+10 1.878807e+06 2.294331e+08 2.687806e+03 3.862920e+02 3.588998e-02 2.495038e+08 1.801762e-02 1.597290e-16 2.832855e-15 2.275436e+02 1.884043e-02 3.472385e-07 3.343179e-11 7.197935e-28 4.280532e-11 1.536234e-10 4.497894e-13 1.838960e-07 2.249031e+11 2.632493e+06 4.242692e+00 2.460138e-15 6.599275e+01 1.952065e-09 8.658861e-43 9.653808e-07 1.235999e-14 2.562708e-07 4.028108e-09 2.892390e+00 4.530797e-01 3.052262e-02 1.804880e-05 2.813984e-05 8.444474e-06 4.667290e-06 2.318532e-16 1.505755e-16 1.716335e-21 8.680965e-69 4.859417e-19 8.255312e-19 2.601239e-21 7.183065e-37 3.981163e-30 2.735105e-27 4.343270e-27 4.731015e-37 2.711841e-50 0.000000e+00 1.613437e+14 3.122467e+08 6.770031e+10 1.454123e+15 1.827018e-01 2.883911e-11 3.896276e-05 9.688253e-06 2.026911e-04 6.191937e-01 4.014068e-05 1.259954e-02 1.394261e-12 4.066201e-17 6.591354e-20 2.476372e-27 7.709390e-30 0.000000e+00 6.809669e-16 6.458851e-09 5.676580e-07 2.210789e-20 2.783818e-26 6.440417e-26 1.326297e-69 6.760012e-97 0.000000e+00 2.403858e-140 5.995117e-02 0.000000e+00 0.000000e+00 0.000000e+00 0.000000e+00 0.000000e+00 0.000000e+00 0.000000e+00 0.000000e+00 0.000000e+00 0.000000e+00 0.000000e+00 0.000000e+00 0.000000e+00 0.000000e+00 0.000000e+00 0.000000e+00 0.000000e+00 0.000000e+00 0.000000e+00 0.000000e+00 0.000000e+00 0.000000e+00 0.000000e+00 0.000000e+00 0.000000e+00 1.110942e-77 1.870597e-39 5.681870e-39 9.675554e-21 1.760215e-27 0.000000e+00
61.000000 60.000000 62.000000 183.590419 2.806317e+00 9.707819e+10 1.153916e+06 1.870915e+08 1.271946e+03 1.578421e+02 6.574448e-03 1.551617e+08 1.906691e-02 5.669446e-17 1.766404e-15 1.493170e+02 1.542500e-02 1.954827e-07 1.310650e-11 1.080391e-28 1.809877e-11 4.072793e-11 7.909132e-14 7.700509e-07 2.041880e+11 1.762489e+06 1.411278e+01 1.057909e-15 3.283328e+01 4.198941e-10 1.903089e-42 3.693534e-06 2.169581e-14 4.272095e-07 2.732766e-09 1.923423e+00 4.614959e-01 2.601250e-02 1.652257e-05 1.897049e-05 7.606776e-06 4.606163e-06 8.233123e-16 1.613073e-16 1.920122e-21 1.295141e-73 4.296359e-19 5.410588e-19 1.334466e-21 1.319650e-37 1.430016e-30 1.248347e-27 2.025231e-27 8.120675e-37 1.734934e-49 0.000000e+00 1.105090e+14 2.141055e+08 5.359787e+10 9.964211e+14 2.669504e-01 1.574113e-11 1.582519e-04 4.343680e-05 7.609760e-04 2.948432e-01 2.132168e-05 3.512191e-03 5.133451e-12 1.444676e-17 1.352958e-20 4.242845e-27 1.523769e-30 0.000000e+00 1.064571e-16 1.206563e-08 4.676724e-07 1.443429e-20 2.111226e-26 4.333375e-26 3.328183e-74 9.585285e-101 0.000000e+00 1.647219e-140 3.833659e-01 0.000000e+00 0.000000e+00 0.000000e+00 0.000000e+00 0.000000e+00 0.000000e+00 0.000000e+00 0.000000e+00 0.000000e+00 0.000000e+00 0.000000e+00 0.000000e+00 0.000000e+00 0.000000e+00 0.000000e+00 0.000000e+00 0.000000e+00 0.000000e+00 0.000000e+00 0.000000e+00 0.000000e+00 0.000000e+00 0.000000e+00 0.000000e+00 0.000000e+00 9.696335e-79 6.235812e-40 1.536444e-39 3.317283e-21 5.930166e-28 0.000000e+00
63.000000 62.000000 64.000000 183.302388 1.925509e+00 1.022483e+11 6.816527e+05 1.493186e+08 5.973182e+02 6.400687e+01 1.191830e-03 9.547027e+07 1.968965e-02 1.930063e-17 1.063848e-15 9.828425e+01 1.305075e-02 1.141101e-07 5.337617e-12 1.736262e-29 7.969105e-12 1.117855e-11 1.405757e-14 2.294373e-06 1.854381e+11 1.170286e+06 3.953543e+01 5.318089e-16 1.634615e+01 9.056715e-11 3.312940e-42 1.054819e-05 4.358849e-14 8.792560e-07 1.750448e-09 1.266999e+00 4.565898e-01 2.195157e-02 1.509906e-05 1.229639e-05 6.445051e-06 4.471837e-06 2.180656e-15 1.694909e-16 2.346406e-21 2.003126e-78 4.072158e-19 3.919238e-19 7.089560e-22 3.895617e-38 5.681439e-31 6.175185e-28 1.022596e-27 1.489978e-36 8.853577e-49 0.000000e+00 7.589800e+13 1.472567e+08 4.163013e+10 6.847529e+14 5.886855e-01 8.465998e-12 4.594484e-04 1.345372e-04 2.179716e-03 1.425194e-01 1.279124e-05 1.001403e-03 1.473225e-11 8.580349e-18 3.129188e-21 8.366925e-27 3.438970e-31 0.000000e+00 1.723789e-17 1.775663e-08 3.820516e-07 9.212916e-21 1.727056e-26 3.206063e-26 8.362608e-79 1.360916e-104 0.000000e+00 1.131988e-140 1.700722e+00 0.000000e+00 0.000000e+00 0.000000e+00 0.000000e+00 0.000000e+00 0.000000e+00 0.000000e+00 0.000000e+00 0.000000e+00 0.000000e+00 0.000000e+00 0.000000e+00 0.000000e+00 0.000000e+00 0.000000e+00 0.000000e+00 0.000000e+00 0.000000e+00 0.000000e+00 0.000000e+00 0.000000e+00 0.000000e+00 0.000000e+00 0.000000e+00 0.000000e+00 8.473934e-80 2.023358e-40 3.933086e-40 1.138757e-21 1.974782e-28 0.000000e+00
65.000000 64.000000 66.000000 181.798614 1.319316e+00 1.051963e+11 3.934431e+05 1.172908e+08 2.813251e+02 2.595087e+01 2.151275e-04 5.818159e+07 1.991658e-02 6.212288e-18 5.911467e-16 6.506932e+01 1.146346e-02 6.964400e-08 2.298070e-12 3.104056e-30 3.671916e-12 3.258397e-12 2.562005e-15 4.874111e-06 1.687094e+11 7.690682e+05 8.515930e+01 3.101798e-16 8.238238e+00 1.980029e-11 4.674390e-42 2.266140e-05 7.314119e-14 1.604554e-06 9.938612e-10 8.245553e-01 4.323006e-01 1.845899e-02 1.400214e-05 7.381648e-06 4.844753e-06 4.207772e-06 4.293013e-15 1.640058e-16 2.487233e-21 3.402583e-83 3.290442e-19 2.228616e-19 3.802100e-22 1.748984e-38 2.001769e-31 2.645324e-28 3.897803e-28 1.789630e-36 2.242021e-48 0.000000e+00 5.239315e+13 1.018361e+08 3.178489e+10 4.730584e+14 1.453179e+00 4.516678e-12 9.546737e-04 2.916090e-04 4.512666e-03 7.218333e-02 9.977776e-06 2.976546e-04 3.391358e-11 7.626485e-18 9.587122e-22 1.387667e-26 6.443408e-32 0.000000e+00 2.966137e-18 1.956802e-08 3.094206e-07 5.700199e-21 1.060242e-26 1.817459e-26 2.105012e-83 1.935696e-108 0.000000e+00 7.820288e-141 5.250481e+00 0.000000e+00 0.000000e+00 0.000000e+00 0.000000e+00 0.000000e+00 0.000000e+00 0.000000e+00 0.000000e+00 0.000000e+00 0.000000e+00 0.000000e+00 0.000000e+00 0.000000e+00 0.000000e+00 0.000000e+00 0.000000e+00 0.000000e+00 0.000000e+00 0.000000e+00 0.000000e+00 0.000000e+00 0.000000e+00 0.000000e+00 0.000000e+00 0.000000e+00 7.420455e-81 6.081495e-41 8.988132e-41 3.923104e-22 6.514699e-29 0.000000e+00
67.000000 66.000000 68.000000 180.589996 9.025084e-01 1.048479e+11 2.109052e+05 9.007481e+07 1.312279e+02 1.027392e+01 3.854549e-05 3.480718e+07 1.955876e-02 1.930123e-18 3.314198e-16 4.298285e+01 1.025467e-02 4.307834e-08 9.916478e-13 5.768123e-31 1.734762e-12 9.528849e-13 4.768385e-16 7.887699e-06 1.519964e+11 4.939466e+05 1.379447e+02 1.885212e-16 4.166783e+00 4.386064e-12 5.891835e-42 3.653345e-05 1.033487e-13 2.361040e-06 5.764100e-10 5.231260e-01 3.827034e-01 1.534787e-02 1.496974e-05 4.473269e-06 3.679003e-06 3.745079e-06 6.514053e-15 1.618735e-16 2.632062e-21 6.650319e-88 2.580178e-19 1.216521e-19 2.290388e-22 8.698597e-39 7.098791e-32 1.104758e-28 1.444987e-28 1.791175e-36 3.663214e-48 0.000000e+00 3.604481e+13 7.022200e+07 2.359647e+10 3.257723e+14 3.209882e+00 2.352736e-12 1.500887e-03 4.714464e-04 7.084984e-03 4.054557e-02 1.010059e-05 8.861174e-05 6.399325e-11 6.747022e-18 3.919112e-22 1.940061e-26 1.170980e-32 0.000000e+00 5.117933e-19 1.626706e-08 2.452734e-07 3.356587e-21 6.162940e-27 9.922457e-27 5.319168e-88 2.763880e-112 0.000000e+00 5.385453e-141 1.192355e+01 0.000000e+00 0.000000e+00 0.000000e+00 0.000000e+00 0.000000e+00 0.000000e+00 0.000000e+00 0.000000e+00 0.000000e+00 0.000000e+00 0.000000e+00 0.000000e+00 0.000000e+00 0.000000e+00 0.000000e+00 0.000000e+00 0.000000e+00 0.000000e+00 0.000000e+00 0.000000e+00 0.000000e+00 0.000000e+00 0.000000e+00 0.000000e+00 0.000000e+00 6.520578e-82 1.818587e-41 1.995275e-41 1.353436e-22 2.123909e-29 0.000000e+00
69.000000 68.000000 70.000000 180.589996 6.171016e-01 1.013312e+11 1.030896e+05 6.755174e+07 6.101585e+01 3.922970e+00 6.757123e-06 2.030433e+07 1.867298e-02 5.914524e-19 1.980957e-16 2.819845e+01 9.189020e-03 2.642176e-08 4.150383e-13 1.032419e-31 8.249343e-13 2.719553e-13 8.883042e-17 1.028735e-05 1.352453e+11 3.075085e+05 1.706442e+02 1.090100e-16 2.086803e+00 9.685138e-13 6.881256e-42 4.501014e-05 1.278572e-13 2.783188e-06 3.697259e-10 3.206137e-01 3.157594e-01 1.254633e-02 1.737611e-05 2.864856e-06 3.040675e-06 3.133179e-06 7.903841e-15 1.607291e-16 2.799173e-21 1.478948e-92 1.970355e-19 6.192635e-20 1.551279e-22 3.829408e-39 2.535212e-32 4.478236e-29 5.246550e-29 1.451896e-36 3.842947e-48 0.000000e+00 2.461479e+13 4.809225e+07 1.697397e+10 2.227510e+14 6.087860e+00 1.191527e-12 1.877245e-03 6.010454e-04 8.856773e-03 2.626715e-02 1.072958e-05 2.616217e-05 9.922621e-11 5.028410e-18 1.719264e-22 2.370962e-26 1.970529e-33 0.000000e+00 8.361301e-20 1.045441e-08 1.894634e-07 1.856209e-21 3.286248e-27 5.043145e-27 1.333701e-92 3.918385e-116 0.000000e+00 3.682373e-141 2.104365e+01 0.000000e+00 0.000000e+00 0.000000e+00 0.000000e+00 0.000000e+00 0.000000e+00 0.000000e+00 0.000000e+00 0.000000e+00 0.000000e+00 0.000000e+00 0.000000e+00 0.000000e+00 0.000000e+00 0.000000e+00 0.000000e+00 0.000000e+00 0.000000e+00 0.000000e+00 0.000000e+00 0.000000e+00 0.000000e+00 0.000000e+00 0.000000e+00 0.000000e+00 5.689040e-83 5.795562e-42 4.687412e-42 4.634746e-23 6.777952e-30 0.000000e+00
71.000000 70.000000 72.000000 180.589996 4.219507e-01 9.550695e+10 4.776588e+04 4.985524e+07 2.915649e+01 1.477400e+00 1.169969e-06 1.162695e+07 1.744310e-02 1.784302e-19 1.173000e-16 1.849769e+01 8.179618e-03 1.609273e-08 1.718029e-13 1.806818e-32 3.932736e-13 7.907139e-14 1.674218e-17 1.134548e-05 1.193516e+11 1.866061e+05 1.769674e+02 5.784455e-17 1.042965e+00 2.145605e-13 7.327200e-42 4.641998e-05 1.370667e-13 2.789501e-06 2.351340e-10 1.908310e-01 2.464102e-01 1.008187e-02 1.926506e-05 1.820542e-06 2.471750e-06 2.489392e-06 8.163147e-15 1.456518e-16 2.962901e-21 0.000000e+00 1.463906e-19 2.984365e-20 1.085639e-22 1.495178e-39 9.295471e-33 1.782060e-29 1.817643e-29 9.933494e-37 2.930512e-48 0.000000e+00 1.680378e+13 3.293757e+07 1.193506e+10 1.523086e+14 1.008845e+01 5.958799e-13 1.971979e-03 6.395642e-04 9.300360e-03 1.896601e-02 1.067182e-05 8.056165e-06 1.332724e-10 3.191040e-18 7.216790e-23 2.519126e-26 3.305422e-34 0.000000e+00 1.328055e-20 5.672361e-09 1.435729e-07 9.685484e-22 1.636864e-27 2.425524e-27 0.000000e+00 5.555136e-120 0.000000e+00 2.517866e-141 3.042376e+01 0.000000e+00 0.000000e+00 0.000000e+00 0.000000e+00 0.000000e+00 0.000000e+00 0.000000e+00 0.000000e+00 0.000000e+00 0.000000e+00 0.000000e+00 0.000000e+00 0.000000e+00 0.000000e+00 0.000000e+00 0.000000e+00 0.000000e+00 0.000000e+00 0.000000e+00 0.000000e+00 0.000000e+00 0.000000e+00 0.000000e+00 0.000000e+00 0.000000e+00 4.963471e-84 1.932009e-42 1.115439e-42 1.586163e-23 2.131914e-30 0.000000e+00
73.000000 72.000000 74.000000 180.589996 2.885138e-01 8.782752e+10 2.104034e+04 3.623686e+07 1.447928e+01 5.498761e-01 2.005501e-07 6.540621e+06 1.594283e-02 5.280979e-20 6.887157e-17 1.212899e+01 7.164889e-03 9.642173e-09 6.965269e-14 3.059568e-33 1.862581e-13 2.350464e-14 3.204700e-18 1.105652e-05 1.042426e+11 1.104494e+05 1.606783e+02 2.809526e-17 5.206376e-01 4.768558e-14 7.150570e-42 4.190649e-05 1.320299e-13 2.471873e-06 1.487392e-10 1.103791e-01 1.840394e-01 7.926084e-03 1.993591e-05 1.150365e-06 1.980186e-06 1.893828e-06 7.865265e-15 1.214669e-16 3.117174e-21 0.000000e+00 1.058556e-19 1.365794e-20 7.237977e-23 5.347883e-40 3.542760e-33 6.966429e-30 6.022865e-30 5.863484e-37 1.735987e-48 0.000000e+00 1.146715e+13 2.255391e+07 8.216968e+09 1.041428e+14 1.513980e+01 2.943611e-13 1.819775e-03 5.953813e-04 8.580063e-03 1.427751e-02 9.831611e-06 2.611060e-06 1.580013e-10 1.765669e-18 2.791036e-23 2.411771e-26 5.604597e-35 0.000000e+00 2.051201e-21 2.730103e-09 1.068197e-07 4.782287e-22 7.666973e-28 1.107956e-27 0.000000e+00 7.875569e-124 0.000000e+00 1.721621e-141 3.770984e+01 0.000000e+00 0.000000e+00 0.000000e+00 0.000000e+00 0.000000e+00 0.000000e+00 0.000000e+00 0.000000e+00 0.000000e+00 0.000000e+00 0.000000e+00 0.000000e+00 0.000000e+00 0.000000e+00 0.000000e+00 0.000000e+00 0.000000e+00 0.000000e+00 0.000000e+00 0.000000e+00 0.000000e+00 0.000000e+00 0.000000e+00 0.000000e+00 0.000000e+00 4.330398e-85 6.644000e-43 2.638106e-43 5.423220e-24 6.612441e-31 0.000000e+00
75.000000 74.000000 76.000000 180.589996 1.972749e-01 7.893041e+10 8.846783e+03 2.596960e+07 7.517649e+00 2.025202e-01 3.410540e-08 3.620248e+06 1.426452e-02 1.532703e-20 4.014348e-17 7.947241e+00 6.155509e-03 5.664629e-09 2.755376e-14 4.975455e-34 8.731136e-14 7.162995e-15 6.256362e-19 9.857997e-06 9.001419e+10 6.390195e+04 1.321277e+02 1.265965e-17 2.598148e-01 1.063801e-14 6.480447e-42 3.431585e-05 1.178306e-13 2.000181e-06 9.426310e-11 6.218901e-02 1.331525e-01 6.087944e-03 1.930083e-05 7.279597e-07 1.575462e-06 1.392486e-06 8.877145e-15 9.466692e-17 3.260690e-21 0.000000e+00 7.465428e-20 5.959046e-21 4.453765e-23 1.827548e-40 1.429193e-33 2.679682e-30 1.916894e-30 3.054417e-37 8.451294e-49 0.000000e+00 7.822069e+12 1.543709e+07 5.548743e+09 7.120900e+13 2.130148e+01 1.436509e-13 1.528267e-03 5.030060e-04 7.203909e-03 1.070109e-02 8.533543e-06 8.940089e-07 1.694262e-10 8.766940e-19 9.985851e-24 2.142892e-26 9.686951e-36 0.000000e+00 3.076831e-22 1.215538e-09 7.817122e-08 2.248590e-22 3.399698e-28 4.826617e-28 0.000000e+00 1.116527e-127 0.000000e+00 1.177180e-141 4.158720e+01 0.000000e+00 0.000000e+00 0.000000e+00 0.000000e+00 0.000000e+00 0.000000e+00 0.000000e+00 0.000000e+00 0.000000e+00 0.000000e+00 0.000000e+00 0.000000e+00 0.000000e+00 0.000000e+00 0.000000e+00 0.000000e+00 0.000000e+00 0.000000e+00 0.000000e+00 0.000000e+00 0.000000e+00 0.000000e+00 0.000000e+00 0.000000e+00 0.000000e+00 3.778047e-86 2.354174e-43 6.167973e-44 1.852060e-24 2.024663e-31 0.000000e+00
77.000000 76.000000 78.000000 180.589996 1.348892e-01 6.945866e+10 3.566085e+03 1.838087e+07 4.083688e+00 7.390722e-02 5.764916e-09 1.975616e+06 1.250391e-02 4.368490e-21 2.327152e-17 5.202087e+00 5.186121e-03 3.262611e-09 1.062708e-14 7.749697e-35 4.049573e-14 2.239475e-15 1.250342e-19 8.318961e-06 7.681108e+10 3.624427e+04 1.009892e+02 5.382643e-18 1.297160e-01 2.383941e-15 5.533470e-42 2.620890e-05 9.992896e-14 1.516558e-06 6.047001e-11 3.423456e-02 9.427377e-02 4.574075e-03 1.768562e-05 4.660216e-07 1.257971e-06 9.978544e-07 1.403016e-14 7.008746e-17 3.391894e-21 0.000000e+00 5.144370e-20 2.488440e-21 2.524472e-23 6.245383e-41 6.257825e-34 1.015800e-30 5.891499e-31 1.436839e-37 3.548454e-49 0.000000e+00 5.333177e+12 1.055933e+07 3.681141e+09 4.868999e+13 2.883986e+01 6.929317e-14 1.200247e-03 3.966607e-04 5.656540e-03 7.843661e-03 7.125630e-06 3.229201e-07 1.688426e-10 4.010475e-19 3.359296e-24 1.810256e-26 1.711454e-36 0.000000e+00 4.484500e-23 5.209366e-10 5.639564e-08 1.014584e-22 1.435684e-28 2.013160e-28 0.000000e+00 1.582912e-131 0.000000e+00 8.049117e-142 4.201995e+01 0.000000e+00 0.000000e+00 0.000000e+00 0.000000e+00 0.000000e+00 0.000000e+00 0.000000e+00 0.000000e+00 0.000000e+00 0.000000e+00 0.000000e+00 0.000000e+00 0.000000e+00 0.000000e+00 0.000000e+00 0.000000e+00 0.000000e+00 0.000000e+00 0.000000e+00 0.000000e+00 0.000000e+00 0.000000e+00 0.000000e+00 0.000000e+00 0.000000e+00 3.296137e-87 8.648754e-44 1.426223e-44 6.316913e-25 6.128332e-32 0.000000e+00
79.000000 78.000000 80.000000 180.589996 9.223215e-02 5.994431e+10 1.383287e+03 1.287328e+07 2.314200e+00 2.677676e-02 9.702318e-10 1.065205e+06 1.074754e-02 1.226150e-21 1.345267e-17 3.400978e+00 4.285258e-03 1.842374e-09 3.992342e-15 1.154736e-35 1.859450e-14 7.163933e-16 2.562944e-20 2.424214e-04 6.474312e+10 2.021435e+04 7.313885e+01 2.193295e-18 6.482943e-02 5.369741e-16 4.509658e-42 1.906918e-05 8.218721e-14 1.099068e-06 3.960504e-11 1.847159e-02 6.581936e-02 3.370432e-03 1.552536e-05 3.042936e-07 1.016012e-06 7.014785e-07 2.516332e-14 4.998418e-17 3.503745e-21 0.000000e+00 3.464109e-20 9.968206e-22 1.330101e-23 2.233462e-41 3.059623e-34 3.796699e-31 1.757625e-31 6.227138e-38 1.398067e-49 0.000000e+00 3.634402e+12 7.217085e+06 2.402918e+09 3.329239e+13 3.802358e+01 3.308520e-14 8.999067e-04 2.982136e-04 4.240276e-03 5.610419e-03 5.806028e-06 1.224763e-07 1.601789e-10 1.724811e-19 1.077201e-24 1.482840e-26 3.084365e-37 0.000000e+00 6.360387e-24 2.243448e-10 4.020239e-08 4.426812e-23 5.795720e-29 8.057280e-29 0.000000e+00 2.244110e-135 0.000000e+00 5.503682e-142 3.977577e+01 0.000000e+00 0.000000e+00 0.000000e+00 0.000000e+00 0.000000e+00 0.000000e+00 0.000000e+00 0.000000e+00 0.000000e+00 0.000000e+00 0.000000e+00 0.000000e+00 0.000000e+00 0.000000e+00 0.000000e+00 0.000000e+00 0.000000e+00 0.000000e+00 0.000000e+00 0.000000e+00 0.000000e+00 0.000000e+00 0.000000e+00 0.000000e+00 0.000000e+00 2.875689e-88 3.328542e-44 3.272848e-45 2.151905e-25 1.836241e-32 0.000000e+00
81.000000 80.000000 82.000000 180.589996 6.306483e-02 5.077915e+10 5.179074e+02 8.938989e+06 1.362231e+00 9.656545e-03 1.628439e-10 5.686095e+05 9.065574e-03 3.401642e-22 7.779405e-18 2.220314e+00 3.469041e-03 1.018897e-09 1.457236e-15 1.641927e-36 8.454748e-15 2.332538e-16 5.384602e-21 1.496576e-02 5.386553e+10 1.111795e+04 5.087702e+01 8.673370e-19 3.244503e-02 1.216086e-16 3.545123e-42 1.342170e-05 6.658244e-14 7.724850e-07 2.651619e-11 9.797349e-03 4.555556e-02 2.443098e-03 1.317673e-05 2.028150e-07 8.297458e-07 4.861049e-07 4.699675e-14 3.469642e-17 3.578674e-21 0.000000e+00 2.273260e-20 3.828059e-22 6.590208e-24 8.648577e-42 1.701013e-34 1.396961e-31 5.111878e-32 2.524054e-38 2.341713e-49 0.000000e+00 2.475469e+12 4.928005e+06 1.545671e+09 2.276408e+13 4.877104e+01 1.567013e-14 6.541267e-04 2.171264e-04 3.081481e-03 3.931076e-03 4.639113e-06 4.849755e-08 1.472504e-10 7.065959e-20 3.311792e-25 1.196186e-26 5.637624e-38 0.000000e+00 8.791304e-25 1.017547e-10 2.837861e-08 1.880617e-23 2.237586e-29 3.092269e-29 0.000000e+00 3.181496e-139 0.000000e+00 3.763208e-142 3.585441e+01 0.000000e+00 0.000000e+00 0.000000e+00 0.000000e+00 0.000000e+00 0.000000e+00 0.000000e+00 0.000000e+00 0.000000e+00 0.000000e+00 0.000000e+00 0.000000e+00 0.000000e+00 0.000000e+00 0.000000e+00 0.000000e+00 0.000000e+00 0.000000e+00 0.000000e+00 0.000000e+00 0.000000e+00 0.000000e+00 0.000000e+00 0.000000e+00 0.000000e+00 2.508867e-89 1.357733e-44 7.492523e-46 7.322507e-26 5.453414e-33 0.000000e+00
83.000000 82.000000 84.000000 180.589996 4.312136e-02 4.223845e+10 1.876210e+02 6.164918e+06 8.294058e-01 3.476620e-03 2.730172e-11 3.010650e+05 7.509665e-03 9.365520e-23 4.514767e-18 1.447354e+00 2.746469e-03 5.508362e-10 5.148702e-16 2.219139e-37 3.806386e-15 7.684100e-17 1.155940e-21 6.633859e-01 4.419750e+10 6.046036e+03 3.430490e+01 3.360568e-19 1.626256e-02 2.768986e-17 2.710352e-42 9.236691e-06 5.373989e-14 5.319904e-07 1.803077e-11 5.122223e-03 3.136619e-02 1.747265e-03 1.087619e-05 1.370440e-07 6.796687e-07 3.332324e-07 3.229987e-13 2.361529e-17 3.586099e-21 0.000000e+00 1.444888e-20 1.403828e-22 3.104698e-24 3.652235e-42 1.066683e-34 5.035998e-32 1.455861e-32 9.665030e-39 3.839513e-48 0.000000e+00 1.685266e+12 3.361053e+06 9.812633e+08 1.556523e+13 6.049643e+01 7.380742e-15 4.662080e-04 1.548705e-04 2.195518e-03 2.712005e-03 3.633062e-06 1.994199e-08 1.327245e-10 2.778240e-20 9.760899e-26 9.614759e-27 1.036280e-38 0.000000e+00 1.185619e-25 5.057052e-11 1.987369e-08 7.824208e-24 8.235723e-30 1.133496e-29 0.000000e+00 4.510436e-143 0.000000e+00 2.573140e-142 3.114369e+01 0.000000e+00 0.000000e+00 0.000000e+00 0.000000e+00 0.000000e+00 0.000000e+00 0.000000e+00 0.000000e+00 0.000000e+00 0.000000e+00 0.000000e+00 0.000000e+00 0.000000e+00 0.000000e+00 0.000000e+00 0.000000e+00 0.000000e+00 0.000000e+00 0.000000e+00 0.000000e+00 0.000000e+00 0.000000e+00 0.000000e+00 0.000000e+00 0.000000e+00 2.188834e-90 5.930255e-45 1.721388e-46 2.489323e-26 1.607217e-33 0.000000e+00
85.000000 84.000000 86.000000 180.589996 2.948477e-02 3.450986e+10 6.591347e+01 4.228609e+06 5.205184e-01 1.252879e-03 4.580921e-12 1.583854e+05 6.113627e-03 2.569047e-23 2.636547e-18 9.421404e-01 2.123546e-03 2.906630e-10 1.754048e-16 2.838933e-38 1.696902e-15 2.548602e-17 2.524462e-22 1.062470e+01 3.573894e+10 3.258527e+03 2.255033e+01 1.284641e-19 8.164266e-03 6.337252e-18 2.027858e-42 6.261579e-06 4.356730e-14 3.615848e-07 1.234195e-11 2.646431e-03 2.153067e-02 1.236219e-03 8.766396e-06 9.302415e-08 5.529399e-07 2.265824e-07 4.095997e-12 1.584629e-17 3.486541e-21 0.000000e+00 8.811608e-21 4.882959e-23 1.404258e-24 1.643194e-42 7.287815e-35 1.764046e-32 4.091249e-33 3.518156e-39 2.727647e-47 0.000000e+00 1.146803e+12 2.288980e+06 6.157507e+08 1.064291e+13 7.230782e+01 3.465815e-15 3.285252e-04 1.091347e-04 1.546388e-03 1.851098e-03 2.787060e-06 8.477809e-09 1.182292e-10 1.053513e-20 2.754273e-26 7.766857e-27 1.895602e-39 0.000000e+00 1.561869e-26 2.792563e-11 1.382995e-08 3.203170e-24 2.871828e-30 3.941432e-30 0.000000e+00 6.394490e-147 0.000000e+00 1.759418e-142 2.629991e+01 0.000000e+00 0.000000e+00 0.000000e+00 0.000000e+00 0.000000e+00 0.000000e+00 0.000000e+00 0.000000e+00 0.000000e+00 0.000000e+00 0.000000e+00 0.000000e+00 0.000000e+00 0.000000e+00 0.000000e+00 0.000000e+00 0.000000e+00 0.000000e+00 0.000000e+00 0.000000e+00 0.000000e+00 0.000000e+00 0.000000e+00 0.000000e+00 0.000000e+00 1.909628e-91 2.790529e-45 3.991227e-47 8.455857e-27 4.705937e-34 0.000000e+00
87.000000 86.000000 88.000000 180.589996 2.016058e-02 2.770701e+10 2.250326e+01 2.887075e+06 3.358479e-01 4.527342e-04 7.712900e-13 8.292344e+04 4.895220e-03 7.043997e-24 1.552043e-18 6.125479e-01 1.602869e-03 1.496173e-10 5.742628e-17 3.426455e-39 7.495397e-16 8.484690e-18 5.583662e-23 8.140682e+01 2.847019e+10 1.744296e+03 1.450175e+01 4.868585e-20 4.105514e-03 1.457155e-18 1.491789e-42 4.203976e-06 3.569186e-14 2.438844e-07 8.451425e-12 1.354465e-03 1.475356e-02 8.672475e-04 6.926222e-06 6.302963e-08 4.440952e-07 1.531433e-07 2.906575e-11 1.053025e-17 3.246452e-21 0.000000e+00 5.097658e-21 1.597658e-23 6.147923e-25 7.577154e-43 5.188917e-35 5.939023e-33 1.152489e-33 1.221677e-39 9.035326e-47 0.000000e+00 7.801079e+11 1.555838e+06 3.824297e+08 7.277222e+12 8.337152e+01 1.626475e-15 2.303319e-04 7.646446e-05 1.083462e-03 1.255464e-03 2.098783e-06 3.713890e-09 1.047056e-10 3.869692e-21 7.447202e-27 6.345719e-27 3.411974e-40 0.000000e+00 2.012079e-27 1.687417e-11 9.576795e-09 1.295341e-24 9.412483e-31 1.289322e-30 0.000000e+00 9.065530e-151 0.000000e+00 1.203023e-142 2.174783e+01 0.000000e+00 0.000000e+00 0.000000e+00 0.000000e+00 0.000000e+00 0.000000e+00 0.000000e+00 0.000000e+00 0.000000e+00 0.000000e+00 0.000000e+00 0.000000e+00 0.000000e+00 0.000000e+00 0.000000e+00 0.000000e+00 0.000000e+00 0.000000e+00 0.000000e+00 0.000000e+00 0.000000e+00 0.000000e+00 0.000000e+00 0.000000e+00 0.000000e+00 1.666047e-92 1.415265e-45 9.379790e-48 2.870487e-27 1.370452e-34 0.000000e+00
89.000000 88.000000 90.000000 180.589996 1.378504e-02 2.187383e+10 7.479948e+00 1.962444e+06 2.224552e-01 1.641487e-04 1.309004e-13 4.327985e+04 3.858326e-03 1.934764e-24 9.216182e-19 3.979550e-01 1.181917e-03 7.516052e-11 1.802057e-17 3.894354e-40 3.284433e-16 2.832815e-18 1.246452e-23 3.723679e+02 2.234329e+10 9.294365e+02 9.144078e+00 1.835339e-20 2.068652e-03 3.364320e-19 1.082814e-42 2.807602e-06 2.969103e-14 1.639981e-07 5.780813e-12 6.883904e-04 1.009980e-02 6.044013e-04 5.388768e-06 4.256463e-08 3.521716e-07 1.030759e-07 1.239069e-10 6.959251e-18 2.860728e-21 0.000000e+00 2.767645e-21 4.877726e-24 2.623168e-25 3.455860e-43 3.708530e-35 1.900651e-33 3.340713e-34 4.037723e-40 1.729929e-46 0.000000e+00 5.305318e+11 1.054692e+06 2.353136e+08 4.975881e+12 9.318504e+01 7.649336e-16 1.614889e-04 5.354768e-05 7.590034e-04 8.496710e-04 1.559181e-06 1.673051e-09 9.267410e-11 1.383846e-21 1.937307e-27 5.270216e-27 5.982016e-41 0.000000e+00 2.537546e-28 1.085554e-11 6.606659e-09 5.190316e-25 2.877052e-31 3.935775e-31 0.000000e+00 1.285228e-154 0.000000e+00 8.225816e-143 1.772540e+01 0.000000e+00 0.000000e+00 0.000000e+00 0.000000e+00 0.000000e+00 0.000000e+00 0.000000e+00 0.000000e+00 0.000000e+00 0.000000e+00 0.000000e+00 0.000000e+00 0.000000e+00 0.000000e+00 0.000000e+00 0.000000e+00 0.000000e+00 0.000000e+00 0.000000e+00 0.000000e+00 0.000000e+00 0.000000e+00 0.000000e+00 0.000000e+00 0.000000e+00 1.453570e-93 7.696580e-46 2.240025e-48 9.739623e-28 3.973568e-35 0.000000e+00
91.000000 90.000000 92.000000 180.589996 9.425698e-03 1.699134e+10 2.424462e+00 1.327391e+06 1.512853e-01 5.970313e-05 2.258625e-14 2.257044e+04 2.995425e-03 5.328344e-25 5.519374e-19 2.585263e-01 8.529303e-04 3.690113e-11 5.410591e-18 4.166560e-41 1.430935e-16 9.502913e-19 2.803701e-24 1.187757e+03 1.727764e+10 4.943147e+02 5.665884e+00 6.898428e-21 1.045613e-03 7.795341e-20 7.774632e-43 1.873062e-06 2.519883e-14 1.104660e-07 3.964253e-12 3.484227e-04 6.910281e-03 4.190852e-04 4.152918e-06 2.876211e-08 2.776805e-07 6.920364e-08 3.669929e-10 4.596475e-18 2.366837e-21 0.000000e+00 1.400202e-21 1.369328e-24 1.097192e-25 1.524617e-43 2.600603e-35 5.735803e-34 1.002371e-34 1.214891e-40 2.136828e-46 0.000000e+00 3.607578e+11 7.122744e+05 1.435544e+08 3.402327e+12 1.017426e+02 3.619879e-16 1.137804e-04 3.767530e-05 5.343056e-04 5.766442e-04 1.151941e-06 7.748124e-10 8.242521e-11 4.851532e-22 4.885774e-28 4.470339e-27 1.006221e-41 0.000000e+00 3.136547e-29 7.280473e-12 4.544835e-09 2.066212e-25 8.083268e-32 1.104781e-31 0.000000e+00 1.822082e-158 0.000000e+00 5.624507e-143 1.433770e+01 0.000000e+00 0.000000e+00 0.000000e+00 0.000000e+00 0.000000e+00 0.000000e+00 0.000000e+00 0.000000e+00 0.000000e+00 0.000000e+00 0.000000e+00 0.000000e+00 0.000000e+00 0.000000e+00 0.000000e+00 0.000000e+00 0.000000e+00 0.000000e+00 0.000000e+00 0.000000e+00 0.000000e+00 0.000000e+00 0.000000e+00 0.000000e+00 0.000000e+00 1.268312e-94 4.447795e-46 5.439927e-49 3.303834e-28 1.148192e-35 0.000000e+00
93.000000 92.000000 94.000000 180.589996 6.444937e-03 1.299073e+10 7.676826e-01 8.922411e+05 1.059858e-01 2.178390e-05 4.031557e-15 1.180997e+04 2.290631e-03 1.470614e-25 3.330618e-19 1.681443e-01 6.044366e-04 1.775703e-11 1.553658e-18 4.203048e-42 6.225523e-17 3.224073e-19 6.364571e-25 2.972418e+03 1.316407e+10 2.635851e+02 3.461128e+00 2.591740e-21 5.319177e-04 1.811927e-20 5.531372e-43 1.255698e-06 2.196388e-14 7.502015e-08 2.756911e-12 1.764283e-04 4.726624e-03 2.894532e-04 3.192027e-06 1.964454e-08 2.206101e-07 4.642224e-08 8.511465e-10 3.056698e-18 1.833735e-21 0.000000e+00 6.591261e-22 2.722789e-25 4.525789e-26 6.461323e-44 1.775646e-35 1.627832e-34 2.340852e-35 1.835508e-41 1.053006e-46 0.000000e+00 2.453223e+11 4.784207e+05 8.694747e+07 2.326384e+12 1.097870e+02 1.736790e-16 8.108248e-05 2.678445e-05 3.802650e-04 3.950057e-04 8.579784e-07 3.699970e-10 7.422608e-11 1.685572e-22 1.210546e-28 3.897265e-27 1.254680e-42 0.000000e+00 3.808157e-30 5.063821e-12 3.119985e-09 8.198803e-26 1.608170e-32 2.196604e-32 0.000000e+00 2.583182e-162 0.000000e+00 3.845826e-143 1.159791e+01 0.000000e+00 0.000000e+00 0.000000e+00 0.000000e+00 0.000000e+00 0.000000e+00 0.000000e+00 0.000000e+00 0.000000e+00 0.000000e+00 0.000000e+00 0.000000e+00 0.000000e+00 0.000000e+00 0.000000e+00 0.000000e+00 0.000000e+00 0.000000e+00 0.000000e+00 0.000000e+00 0.000000e+00 0.000000e+00 0.000000e+00 0.000000e+00 0.000000e+00 1.107127e-95 2.702512e-46 1.342187e-49 1.121318e-28 3.310009e-36 0.000000e+00
95.000000 94.000000 96.000000 180.589996 4.406803e-03 9.769917e+09 2.383317e-01 5.945574e+05 7.723203e-02 7.996648e-06 7.724289e-16 6.256833e+03 1.723075e-03 4.061150e-26 2.022541e-19 1.097294e-01 4.231261e-04 8.417793e-12 4.273884e-19 4.014438e-43 2.728571e-17 1.123417e-19 1.469346e-25 6.315475e+03 9.874529e+09 1.422090e+02 2.094085e+00 9.796003e-22 2.747363e-04 4.227822e-21 3.903195e-43 8.558255e-07 1.992013e-14 5.200190e-08 1.988258e-12 9.024635e-05 3.232485e-03 1.993045e-04 2.459634e-06 1.376072e-08 1.790597e-07 3.116900e-08 1.683206e-09 2.074998e-18 1.331560e-21 0.000000e+00 2.899408e-22 0.000000e+00 1.859832e-26 2.645312e-44 1.184739e-35 4.358624e-35 0.000000e+00 0.000000e+00 0.000000e+00 0.000000e+00 1.668687e+11 3.188089e+05 5.250155e+07 1.590691e+12 1.188524e+02 8.587789e-17 5.910492e-05 1.931673e-05 2.757000e-04 2.754147e-04 6.583027e-07 1.839199e-10 6.863515e-11 5.902527e-23 3.014216e-29 3.535377e-27 0.000000e+00 0.000000e+00 4.567433e-31 3.699349e-12 2.138611e-09 3.268221e-26 0.000000e+00 0.000000e+00 0.000000e+00 3.662201e-166 0.000000e+00 2.629629e-143 9.436978e+00 0.000000e+00 0.000000e+00 0.000000e+00 0.000000e+00 0.000000e+00 0.000000e+00 0.000000e+00 0.000000e+00 0.000000e+00 0.000000e+00 0.000000e+00 0.000000e+00 0.000000e+00 0.000000e+00 0.000000e+00 0.000000e+00 0.000000e+00 0.000000e+00 0.000000e+00 0.000000e+00 0.000000e+00 0.000000e+00 0.000000e+00 0.000000e+00 0.000000e+00 9.683385e-97 1.709017e-46 3.357821e-50 3.823983e-29 9.547775e-37 0.000000e+00
97.000000 96.000000 98.000000 180.589996 3.013205e-03 7.210525e+09 7.321311e-02 3.911766e+05 5.999926e-02 2.986092e-06 1.730282e-16 3.426193e+03 1.270002e-03 1.124703e-26 1.234396e-19 7.213688e-02 2.956130e-04 3.966520e-12 1.131688e-19 3.660456e-44 1.225760e-17 4.162783e-20 3.536449e-26 1.175598e+04 7.274184e+09 7.917192e+01 1.261832e+00 3.827063e-22 1.472512e-04 1.002819e-21 2.731694e-43 6.065695e-07 1.936994e-14 3.780802e-08 1.572834e-12 4.771827e-05 2.210463e-03 1.368846e-04 1.894081e-06 1.013253e-08 1.488619e-07 2.099149e-08 2.965866e-09 1.478751e-18 9.075676e-22 5.355008e-43 1.201075e-22 0.000000e+00 7.847567e-27 1.061841e-44 7.807736e-36 1.109516e-35 0.000000e+00 0.000000e+00 0.000000e+00 0.000000e+00 1.135761e+11 2.099614e+05 3.197120e+07 1.087655e+12 1.334157e+02 4.553373e-17 4.507600e-05 1.403682e-05 2.053011e-04 1.974781e-04 5.459827e-07 9.753253e-11 6.692495e-11 2.148283e-23 7.945593e-30 3.433200e-27 0.000000e+00 0.000000e+00 5.491130e-32 2.985917e-12 1.464314e-09 1.346320e-26 0.000000e+00 0.000000e+00 0.000000e+00 5.191938e-170 0.000000e+00 1.798041e-143 7.682979e+00 0.000000e+00 0.000000e+00 0.000000e+00 0.000000e+00 0.000000e+00 0.000000e+00 0.000000e+00 0.000000e+00 0.000000e+00 0.000000e+00 0.000000e+00 0.000000e+00 0.000000e+00 0.000000e+00 0.000000e+00 0.000000e+00 0.000000e+00 0.000000e+00 0.000000e+00 0.000000e+00 0.000000e+00 0.000000e+00 0.000000e+00 0.000000e+00 0.000000e+00 8.559887e-98 1.115327e-46 8.512652e-51 1.342417e-29 2.809264e-37 0.000000e+00
99.000000 98.000000 100.000000 180.589996 2.060317e-03 5.188335e+09 2.273272e-02 2.523958e+05 5.423789e-02 1.167854e-06 5.705079e-17 2.024459e+03 9.093073e-04 3.390613e-27 7.572075e-20 4.810342e-02 2.087560e-04 1.877394e-12 2.895018e-20 3.375065e-45 5.825030e-18 1.815140e-20 1.009722e-26 1.882873e+04 5.228438e+09 4.732345e+01 7.688507e-01 1.724232e-22 8.587522e-05 2.781775e-22 1.893280e-43 4.547195e-07 2.160223e-14 3.052636e-08 1.745919e-12 2.745607e-05 1.511494e-03 9.380261e-05 1.423586e-06 8.411375e-09 1.228745e-07 1.421904e-08 4.659922e-09 1.172367e-18 5.872504e-22 0.000000e+00 4.647931e-23 0.000000e+00 3.762126e-27 4.315748e-45 5.158558e-36 2.694572e-36 0.000000e+00 0.000000e+00 0.000000e+00 0.000000e+00 7.740445e+10 1.358214e+05 2.015937e+07 7.436984e+11 1.881592e+02 3.020149e-17 3.764668e-05 9.928467e-06 1.587974e-04 1.489508e-04 6.064074e-07 6.022285e-11 7.055866e-11 9.026343e-24 2.721506e-30 3.809730e-27 0.000000e+00 0.000000e+00 7.085854e-33 3.391332e-12 1.001803e-09 6.346732e-27 0.000000e+00 0.000000e+00 0.000000e+00 7.361698e-174 0.000000e+00 1.229433e-143 6.043625e+00 0.000000e+00 0.000000e+00 0.000000e+00 0.000000e+00 0.000000e+00 0.000000e+00 0.000000e+00 0.000000e+00 0.000000e+00 0.000000e+00 0.000000e+00 0.000000e+00 0.000000e+00 0.000000e+00 0.000000e+00 0.000000e+00 0.000000e+00 0.000000e+00 0.000000e+00 0.000000e+00 0.000000e+00 0.000000e+00 0.000000e+00 0.000000e+00 0.000000e+00 8.557216e-99 7.465055e-47 2.302078e-51 5.486060e-30 9.667243e-38 0.000000e+00
