# z		 z0		 z1		 T		 P		1		2		3		4		5		6		7		8		9		10		11		12		13		14		15		16		17		18		19		20		21		22		23		24		25		26		27		28		29		30		31		32		33		34		35		36		37		38		39		40		41		42		43		44		45		46		47		48		49		50		51		52		53		54		55		56		57		58		59		60		61		62		63		64		65		66		67		68		69		70		71		72		73		74		75		76		77		78		79		80		81		82		83		84		85		86		87		88		89		90		91		92		93		94		95		96		97		98		99		100		101		102		103		104		105		106		107		108		109		110		111		
#  km		 km		 km		 K		 Pa		
1.000000 0.000000 2.000000 303.435938 9.428881e+04 1.036428e+06 1.438307e+02 1.297727e+09 8.209327e+06 3.525646e+06 4.348101e+08 9.430204e+17 4.489475e-12 8.410860e-07 5.812422e-10 8.389970e+06 1.821980e+00 3.833873e-04 1.147780e-06 7.498848e-20 2.492590e-01 1.392059e-01 2.129933e-01 7.508108e-17 9.438789e+11 5.688226e+10 9.670977e+08 3.103887e-06 5.697697e+07 2.626018e+05 1.217957e-36 1.038421e-03 1.885320e-06 5.820128e+00 1.578372e+00 1.311036e+05 5.841779e-09 4.255952e+02 5.174538e+00 6.776517e+03 5.616854e-02 2.041869e-03 1.632696e-16 1.205119e-14 1.869587e-20 1.833762e-33 3.133739e-19 1.957236e-17 1.314967e-25 2.045815e-20 1.526712e-20 4.471103e-21 1.742765e-17 4.005875e-34 1.401207e-52 0.000000e+00 2.250646e+18 1.014311e+13 1.316326e+08 2.025581e+19 4.483661e-10 2.123540e-10 8.436550e-15 1.024620e-06 9.763306e+03 7.337000e+06 2.070555e+03 6.655763e+08 6.769273e-15 1.014678e-04 2.145475e-04 1.874821e-23 1.131399e-20 0.000000e+00 9.676920e-08 9.792377e+01 1.679635e-06 1.105214e-17 4.699487e-29 3.167658e-28 4.979855e-36 4.714835e-65 0.000000e+00 4.496991e-124 2.409290e-07 0.000000e+00 0.000000e+00 0.000000e+00 0.000000e+00 0.000000e+00 0.000000e+00 0.000000e+00 0.000000e+00 0.000000e+00 0.000000e+00 0.000000e+00 0.000000e+00 0.000000e+00 0.000000e+00 0.000000e+00 0.000000e+00 0.000000e+00 0.000000e+00 0.000000e+00 0.000000e+00 0.000000e+00 0.000000e+00 0.000000e+00 0.000000e+00 0.000000e+00 4.159980e-57 1.170252e-26 1.469773e-25 8.914842e-10 2.389694e-18 0.000000e+00
3.000000 2.000000 4.000000 295.637604 7.464154e+04 6.642321e+06 1.440054e+05 1.238118e+08 1.660299e+07 1.958414e+08 2.484820e+09 1.044876e+17 1.066925e-11 6.951536e-07 8.659030e-10 6.823308e+06 1.393185e+00 1.129772e-01 3.821886e-05 2.019166e-16 6.763024e-02 1.702905e-01 8.479859e-01 2.039232e-16 8.348826e+11 4.607871e+10 1.049882e+08 8.275258e-06 3.868561e+07 1.067995e+06 1.114191e-35 1.792400e-02 4.551837e-05 1.037939e+02 2.198281e+01 1.106522e+05 3.056841e-07 3.093573e+02 3.232009e+01 1.366967e+04 3.589615e+00 1.663849e-03 2.220414e-15 5.210843e-13 1.420470e-21 1.327549e-33 5.018642e-19 4.004726e-17 4.643710e-24 1.069436e-20 1.157052e-20 7.017867e-21 1.663649e-19 4.337011e-34 1.795530e-52 0.000000e+00 1.828667e+18 8.203561e+12 1.167226e+10 1.645801e+19 4.718141e-07 7.570948e-11 1.712868e-13 2.295778e-05 1.003737e+05 1.499789e+06 9.131833e+03 4.934802e+07 1.970352e-12 5.638859e-04 3.633304e-04 5.577027e-23 9.111227e-20 0.000000e+00 5.023227e-04 4.450229e+04 3.175324e-06 2.820182e-17 1.373291e-28 9.259112e-28 7.188341e-36 5.150968e-66 0.000000e+00 3.653842e-124 5.172265e-06 0.000000e+00 0.000000e+00 0.000000e+00 0.000000e+00 0.000000e+00 0.000000e+00 0.000000e+00 0.000000e+00 0.000000e+00 0.000000e+00 0.000000e+00 0.000000e+00 0.000000e+00 0.000000e+00 0.000000e+00 0.000000e+00 0.000000e+00 0.000000e+00 0.000000e+00 0.000000e+00 0.000000e+00 0.000000e+00 0.000000e+00 0.000000e+00 0.000000e+00 7.714819e-57 1.080705e-25 5.909446e-25 8.137033e-10 1.988087e-18 0.000000e+00
5.000000 4.000000 6.000000 287.379425 5.864304e+04 6.293684e+06 1.393116e+06 2.256258e+07 1.010124e+07 4.149326e+08 6.580758e+09 6.045207e+16 1.431012e-11 4.866049e-07 3.903525e-10 5.529727e+06 9.712907e-01 4.461643e-01 9.380953e-05 6.323598e-15 9.109680e-03 6.801870e-02 1.404302e+00 1.874145e-18 8.520727e+11 3.713419e+10 1.863333e+07 1.637783e-05 2.993289e+07 5.490532e+06 3.184167e-36 3.896357e-02 5.601992e-05 1.880520e+02 3.071801e+01 8.120978e+04 6.244355e-07 6.332187e+01 4.933689e+00 1.734003e+03 1.329920e+01 1.349762e-03 1.733113e-15 8.083291e-13 2.608102e-22 0.000000e+00 5.321861e-19 2.072203e-17 2.488588e-24 1.816783e-21 1.404081e-21 4.319347e-21 8.534603e-22 5.798925e-34 3.863734e-53 0.000000e+00 1.478000e+18 6.613720e+12 8.615999e+10 1.330202e+19 6.368423e-06 2.754611e-11 9.238925e-15 3.692049e-06 2.478767e+04 4.268160e+04 1.800602e+03 3.879734e+06 1.122198e-11 3.091051e-04 2.879025e-04 1.172526e-22 5.092164e-21 0.000000e+00 1.434400e-02 2.587681e+05 4.634511e-06 2.758205e-17 9.349372e-29 6.313727e-28 0.000000e+00 1.165615e-69 0.000000e+00 2.953178e-124 1.059986e-05 0.000000e+00 0.000000e+00 0.000000e+00 0.000000e+00 0.000000e+00 0.000000e+00 0.000000e+00 0.000000e+00 0.000000e+00 0.000000e+00 0.000000e+00 0.000000e+00 0.000000e+00 0.000000e+00 0.000000e+00 0.000000e+00 0.000000e+00 0.000000e+00 0.000000e+00 0.000000e+00 0.000000e+00 0.000000e+00 0.000000e+00 0.000000e+00 0.000000e+00 1.370394e-56 2.048139e-25 2.701343e-25 4.816422e-10 1.507681e-18 0.000000e+00
7.000000 6.000000 8.000000 278.522902 4.573142e+04 9.321129e+06 3.720895e+06 1.168500e+07 8.126343e+06 4.297447e+08 7.435420e+09 3.209488e+16 1.517335e-10 3.328148e-07 2.836711e-10 4.473113e+06 1.085873e+00 6.212935e-01 1.647711e-04 6.005394e-14 3.486185e-03 5.178705e-02 1.500158e+00 1.883339e-19 9.249499e+11 2.982612e+10 6.357929e+06 1.977574e-05 2.234377e+07 5.633734e+06 1.106764e-36 4.395229e-02 3.861388e-05 1.280438e+02 1.758886e+01 6.031971e+04 9.081500e-07 1.651778e+01 1.826273e+00 4.566426e+02 1.308567e+01 1.091148e-03 1.856428e-15 1.792730e-12 1.173552e-22 0.000000e+00 3.977874e-19 1.110144e-17 1.941714e-24 3.072896e-22 2.818984e-22 1.520889e-21 6.653179e-23 8.355004e-34 8.359712e-54 0.000000e+00 1.189233e+18 5.313854e+12 1.835169e+11 1.070312e+19 2.376216e-05 1.725529e-11 2.309368e-15 8.760340e-07 6.834656e+03 8.834912e+03 4.686287e+02 1.405662e+06 3.366233e-11 1.093490e-04 1.363897e-04 5.513960e-22 1.034145e-21 0.000000e+00 8.284487e-02 1.959248e+05 5.848213e-06 2.414425e-17 6.913590e-29 4.672919e-28 0.000000e+00 0.000000e+00 0.000000e+00 2.376198e-124 8.733899e-06 0.000000e+00 0.000000e+00 0.000000e+00 0.000000e+00 0.000000e+00 0.000000e+00 0.000000e+00 0.000000e+00 0.000000e+00 0.000000e+00 0.000000e+00 0.000000e+00 0.000000e+00 0.000000e+00 0.000000e+00 0.000000e+00 0.000000e+00 0.000000e+00 0.000000e+00 0.000000e+00 0.000000e+00 0.000000e+00 0.000000e+00 0.000000e+00 0.000000e+00 1.412475e-56 2.173316e-25 1.236789e-25 2.624223e-10 1.067725e-18 0.000000e+00
9.000000 8.000000 10.000000 269.157093 3.536968e+04 1.404518e+07 7.205360e+06 6.602520e+06 5.934745e+06 3.640327e+08 5.810709e+09 1.360393e+16 2.228004e-09 2.127561e-07 2.263495e-10 3.612168e+06 1.395540e+00 7.407041e-01 2.997957e-04 4.931386e-13 1.695966e-03 4.269640e-02 1.256775e+00 2.876813e-20 1.027678e+12 2.384858e+10 3.024054e+06 1.655621e-05 1.579939e+07 3.649225e+06 2.869120e-37 3.782890e-02 2.025427e-05 6.262766e+01 7.212967e+00 4.584384e+04 9.657189e-07 6.579758e+00 1.132717e+00 2.352072e+02 6.755377e+00 8.784743e-04 1.957112e-15 4.196665e-12 6.607700e-23 3.010102e-35 2.941368e-19 5.846773e-18 1.724653e-24 5.336622e-23 7.811692e-23 5.133194e-22 9.331898e-24 1.260529e-33 2.524769e-54 0.000000e+00 9.517839e+17 4.249758e+12 2.889150e+11 8.566070e+18 6.412879e-05 1.469318e-11 8.275487e-16 2.123680e-07 2.096160e+03 2.750735e+03 1.489568e+02 6.406723e+05 9.419530e-11 3.800570e-05 5.471422e-05 2.638085e-21 2.575772e-22 0.000000e+00 3.478415e-01 1.048329e+05 6.824356e-06 2.028714e-17 5.022869e-29 3.397843e-28 1.619943e-37 3.996781e-69 0.000000e+00 1.901753e-124 5.126733e-06 0.000000e+00 0.000000e+00 0.000000e+00 0.000000e+00 0.000000e+00 0.000000e+00 0.000000e+00 0.000000e+00 0.000000e+00 0.000000e+00 0.000000e+00 0.000000e+00 0.000000e+00 0.000000e+00 0.000000e+00 0.000000e+00 0.000000e+00 0.000000e+00 0.000000e+00 0.000000e+00 0.000000e+00 0.000000e+00 0.000000e+00 0.000000e+00 0.000000e+00 1.150828e-56 2.066885e-25 6.180353e-26 1.358631e-10 7.142697e-19 0.000000e+00
11.000000 10.000000 12.000000 258.659782 2.709719e+04 2.282958e+07 1.310581e+07 3.758540e+06 4.031566e+06 2.570014e+08 3.343435e+09 4.332926e+15 2.616287e-08 1.204131e-07 1.801906e-10 2.919207e+06 1.883558e+00 7.491644e-01 4.681453e-04 1.680030e-12 8.043418e-04 3.535021e-02 8.671029e-01 6.163906e-21 1.139320e+12 1.900393e+10 1.475167e+06 1.088916e-05 1.094457e+07 1.674961e+06 4.429064e-38 2.735747e-02 8.440773e-06 2.476607e+01 2.173075e+00 3.548456e+04 8.916926e-07 3.741736e+00 7.708429e-01 1.306585e+02 2.793857e+00 7.055755e-04 1.608958e-15 7.019036e-12 3.441089e-23 0.000000e+00 1.764508e-19 2.479814e-18 1.571210e-24 9.221531e-24 1.964851e-23 1.245433e-22 1.349792e-24 2.003024e-33 1.328487e-54 0.000000e+00 7.587667e+17 3.386855e+12 3.904254e+11 6.828915e+18 1.603842e-04 1.808728e-11 4.002210e-16 4.868554e-08 6.283940e+02 9.639955e+02 5.057408e+01 3.198406e+05 3.009848e-10 1.156560e-05 1.943841e-05 7.892481e-21 5.770657e-23 0.000000e+00 6.323589e-01 4.143879e+04 7.593976e-06 1.673372e-17 2.914889e-29 1.973808e-28 0.000000e+00 0.000000e+00 0.000000e+00 1.516087e-124 2.206774e-06 0.000000e+00 0.000000e+00 0.000000e+00 0.000000e+00 0.000000e+00 0.000000e+00 0.000000e+00 0.000000e+00 0.000000e+00 0.000000e+00 0.000000e+00 0.000000e+00 0.000000e+00 0.000000e+00 0.000000e+00 0.000000e+00 0.000000e+00 0.000000e+00 0.000000e+00 0.000000e+00 0.000000e+00 0.000000e+00 0.000000e+00 0.000000e+00 0.000000e+00 7.744672e-57 1.789659e-25 3.157217e-26 6.729371e-11 4.559370e-19 0.000000e+00
13.000000 12.000000 14.000000 245.538093 2.050520e+04 4.344111e+07 2.649235e+07 2.197968e+06 2.713188e+06 1.393204e+08 1.367617e+09 8.556819e+14 2.249022e-07 5.668485e-08 1.215102e-10 2.372725e+06 2.898513e+00 6.588668e-01 5.334655e-04 1.908100e-12 3.753403e-04 3.391769e-02 5.138719e-01 3.005686e-21 1.246097e+12 1.514645e+10 6.599481e+05 6.119304e-06 7.661075e+06 5.545046e+05 3.251638e-39 1.716588e-02 2.503024e-06 8.090475e+00 4.707388e-01 2.783683e+04 8.372741e-07 2.879171e+00 5.802076e-01 6.428975e+01 1.107406e+00 5.677431e-04 6.726129e-16 3.245838e-12 2.534384e-23 0.000000e+00 1.365273e-19 1.648360e-18 3.757009e-24 1.533209e-24 5.327796e-24 3.164265e-23 2.878588e-25 3.254752e-33 2.020266e-54 0.000000e+00 6.048640e+17 2.699581e+12 4.806650e+11 5.443791e+18 4.363939e-04 2.766092e-11 4.132818e-16 1.195362e-08 1.752643e+02 3.498272e+02 1.702432e+01 1.754741e+05 1.358822e-09 3.147687e-06 6.107489e-06 1.097745e-20 2.317229e-23 0.000000e+00 3.766499e-01 1.117087e+04 8.207465e-06 1.376775e-17 2.607068e-29 1.767744e-28 0.000000e+00 0.000000e+00 0.000000e+00 1.208576e-124 6.815844e-07 0.000000e+00 0.000000e+00 0.000000e+00 0.000000e+00 0.000000e+00 0.000000e+00 0.000000e+00 0.000000e+00 0.000000e+00 0.000000e+00 0.000000e+00 0.000000e+00 0.000000e+00 0.000000e+00 0.000000e+00 0.000000e+00 0.000000e+00 0.000000e+00 0.000000e+00 0.000000e+00 0.000000e+00 0.000000e+00 0.000000e+00 0.000000e+00 0.000000e+00 4.089115e-57 1.346381e-25 1.307523e-26 3.209363e-11 2.808766e-19 0.000000e+00
15.000000 14.000000 16.000000 229.082835 1.524825e+04 1.135731e+08 7.141277e+07 1.675200e+06 2.203097e+06 5.401040e+07 4.031199e+08 9.509108e+13 1.430813e-06 2.163719e-08 4.350770e-11 1.941193e+06 3.972434e+00 3.653676e-01 5.651716e-04 1.136644e-12 1.411829e-04 3.569997e-02 2.569888e-01 1.780219e-20 1.338117e+12 1.207131e+10 2.704731e+05 3.116666e-06 5.452017e+06 1.428390e+05 8.419987e-41 9.322731e-03 4.129669e-07 2.066445e+00 7.665181e-02 2.198004e+04 9.992471e-07 3.012095e+00 6.691827e-01 2.821003e+01 5.185696e-01 4.578114e-04 1.532460e-16 6.244550e-13 1.750717e-23 0.000000e+00 9.235708e-20 1.479366e-18 2.773377e-23 2.361971e-25 7.321316e-25 6.399362e-24 6.259650e-26 5.257296e-33 1.354020e-53 0.000000e+00 4.821030e+17 2.151629e+12 5.558121e+11 4.338944e+18 1.554777e-03 3.842289e-11 3.858172e-15 4.414884e-09 5.135878e+01 1.560478e+02 5.808652e+00 1.238255e+05 6.396631e-09 7.218911e-07 1.543746e-06 4.685725e-21 1.697681e-23 0.000000e+00 9.491246e-02 1.788785e+03 8.693285e-06 1.129176e-17 3.154316e-29 2.141543e-28 0.000000e+00 0.000000e+00 0.000000e+00 9.632885e-125 1.584386e-07 0.000000e+00 0.000000e+00 0.000000e+00 0.000000e+00 0.000000e+00 0.000000e+00 0.000000e+00 0.000000e+00 0.000000e+00 0.000000e+00 0.000000e+00 0.000000e+00 0.000000e+00 0.000000e+00 0.000000e+00 0.000000e+00 0.000000e+00 0.000000e+00 0.000000e+00 0.000000e+00 0.000000e+00 0.000000e+00 0.000000e+00 0.000000e+00 0.000000e+00 1.648314e-57 8.662190e-26 2.885789e-27 1.482752e-11 1.684747e-19 0.000000e+00
17.000000 16.000000 18.000000 211.492038 1.107499e+04 3.945204e+08 2.270739e+08 1.820598e+06 2.172238e+06 1.611752e+07 9.667297e+07 1.072451e+13 7.861172e-06 7.307855e-09 1.191603e-11 1.578302e+06 4.525307e+00 1.594768e-01 6.805102e-04 5.751487e-13 4.143229e-05 3.593225e-02 1.140850e-01 4.227688e-19 1.398426e+12 9.496308e+09 1.099637e+05 1.491783e-06 3.889146e+06 3.308778e+04 1.020585e-42 4.197113e-03 3.989091e-08 3.947615e-01 1.111629e-02 1.718847e+04 1.234696e-06 3.743251e+00 1.147701e+00 1.169329e+01 3.033444e-01 3.654559e-04 2.622719e-17 1.067094e-13 1.065575e-23 0.000000e+00 5.144612e-20 1.668345e-18 3.335144e-22 3.353089e-26 4.539716e-26 1.010355e-24 2.582766e-26 4.879743e-33 1.028779e-52 0.000000e+00 3.792814e+17 1.692766e+12 6.098535e+11 3.413548e+18 6.667273e-03 5.135218e-11 9.674478e-14 2.301497e-09 1.725979e+01 9.876348e+01 2.190904e+00 1.046554e+05 9.730792e-09 1.883464e-07 3.285451e-07 7.542120e-22 1.926843e-23 0.000000e+00 1.446005e-02 1.868452e+02 8.982775e-06 9.093915e-18 4.929042e-29 3.347804e-28 0.000000e+00 0.000000e+00 0.000000e+00 7.578416e-125 3.358094e-08 0.000000e+00 0.000000e+00 0.000000e+00 0.000000e+00 0.000000e+00 0.000000e+00 0.000000e+00 0.000000e+00 0.000000e+00 0.000000e+00 0.000000e+00 0.000000e+00 0.000000e+00 0.000000e+00 0.000000e+00 0.000000e+00 0.000000e+00 0.000000e+00 0.000000e+00 0.000000e+00 0.000000e+00 0.000000e+00 0.000000e+00 0.000000e+00 0.000000e+00 5.391130e-58 5.081152e-26 4.648811e-28 6.645334e-12 9.801478e-20 0.000000e+00
19.000000 18.000000 20.000000 198.661814 7.854630e+03 1.174469e+09 5.134772e+08 2.251446e+06 1.926782e+06 5.004183e+06 2.069079e+07 2.938670e+12 2.224731e-05 2.202157e-09 5.288296e-12 1.237360e+06 4.565643e+00 1.071679e-01 1.004932e-03 4.497638e-13 1.273561e-05 2.608527e-02 4.932049e-02 2.534859e-18 1.404939e+12 7.169701e+09 4.643878e+04 6.671929e-07 2.694569e+06 7.406089e+03 4.632639e-44 1.439512e-03 4.517831e-09 7.226687e-02 1.936499e-03 1.292386e+04 9.963201e-07 4.347445e+00 1.547337e+00 4.662970e+00 1.750653e-01 2.812852e-04 4.205498e-18 2.882789e-14 6.911019e-24 0.000000e+00 2.905312e-20 1.698187e-18 1.482807e-21 4.298758e-27 3.263960e-27 1.842480e-25 1.726177e-26 7.106312e-34 3.301576e-53 0.000000e+00 2.863669e+17 1.278146e+12 6.341128e+11 2.577317e+18 2.150484e-02 4.442573e-11 5.008101e-13 1.300583e-09 5.772602e+00 8.043206e+01 8.951692e-01 7.307854e+04 6.145749e-09 5.964074e-08 6.757603e-08 8.337897e-23 1.614937e-23 0.000000e+00 2.289986e-03 1.966273e+01 8.953796e-06 6.936275e-18 7.288732e-29 4.946158e-28 1.873030e-38 5.068654e-72 0.000000e+00 5.721899e-125 8.873288e-09 0.000000e+00 0.000000e+00 0.000000e+00 0.000000e+00 0.000000e+00 0.000000e+00 0.000000e+00 0.000000e+00 0.000000e+00 0.000000e+00 0.000000e+00 0.000000e+00 0.000000e+00 0.000000e+00 0.000000e+00 0.000000e+00 0.000000e+00 0.000000e+00 0.000000e+00 0.000000e+00 0.000000e+00 0.000000e+00 0.000000e+00 0.000000e+00 0.000000e+00 1.451657e-58 2.722847e-26 6.864909e-29 2.805050e-12 5.357666e-20 0.000000e+00
21.000000 20.000000 22.000000 191.106032 5.477074e+03 2.302082e+09 6.987442e+08 2.807868e+06 1.523873e+06 2.158666e+06 4.144999e+06 1.409333e+12 5.036317e-05 5.932107e-10 3.831505e-12 9.288997e+05 4.307327e+00 7.686506e-02 9.916467e-04 2.761292e-13 5.370617e-06 1.502239e-02 2.049289e-02 4.747570e-18 1.368637e+12 5.196971e+09 2.102807e+04 2.798237e-07 1.803034e+06 1.627347e+03 5.397307e-45 3.858138e-04 8.787976e-10 1.887419e-02 4.939771e-04 9.338822e+03 3.125486e-06 4.102670e+00 1.256184e+00 1.874680e+00 9.513250e-02 2.093728e-04 8.922494e-19 1.173755e-14 3.081352e-24 0.000000e+00 1.120418e-20 7.979896e-19 1.537333e-21 4.957545e-28 3.287993e-28 3.287736e-26 6.302919e-27 5.342073e-34 2.161333e-53 0.000000e+00 2.075797e+17 9.265756e+11 6.335999e+11 1.868231e+18 4.286195e-02 4.524366e-11 7.628985e-13 8.052207e-10 1.977962e+00 7.133896e+01 4.079430e-01 4.304327e+04 2.478778e-09 2.037630e-08 1.461313e-08 1.898812e-23 5.241462e-24 0.000000e+00 4.748109e-04 3.041805e+00 8.710257e-06 4.933638e-18 4.943068e-29 3.351084e-28 0.000000e+00 0.000000e+00 0.000000e+00 4.147659e-125 3.467940e-09 0.000000e+00 0.000000e+00 0.000000e+00 0.000000e+00 0.000000e+00 0.000000e+00 0.000000e+00 0.000000e+00 0.000000e+00 0.000000e+00 0.000000e+00 0.000000e+00 0.000000e+00 0.000000e+00 0.000000e+00 0.000000e+00 0.000000e+00 0.000000e+00 0.000000e+00 0.000000e+00 0.000000e+00 0.000000e+00 0.000000e+00 0.000000e+00 0.000000e+00 3.282321e-59 1.325800e-26 1.207891e-29 1.108497e-12 2.736600e-20 0.000000e+00
23.000000 22.000000 24.000000 185.489734 3.773598e+03 3.369763e+09 6.960626e+08 3.877595e+06 1.327596e+06 1.355951e+06 8.455108e+05 7.334825e+11 1.107035e-04 1.499912e-10 3.798173e-12 6.763249e+05 3.860660e+00 5.059971e-02 6.671928e-04 1.125889e-13 3.140564e-06 8.876984e-03 8.466780e-03 6.380913e-18 1.312888e+12 3.688905e+09 1.099672e+04 1.130561e-07 1.182464e+06 3.525756e+02 6.949574e-46 9.120056e-05 2.680059e-10 7.497920e-03 1.843825e-04 6.611881e+03 4.065072e-05 3.302592e+00 7.346122e-01 8.704253e-01 5.650529e-02 1.541593e-04 2.678836e-19 5.526925e-15 9.418109e-25 5.390657e-34 2.991853e-21 2.033754e-19 6.736028e-22 5.301959e-29 4.403669e-29 5.898144e-27 1.411860e-27 1.851321e-34 5.520919e-54 0.000000e+00 1.473484e+17 6.578102e+11 6.193202e+11 1.326148e+18 6.258082e-02 6.540514e-11 7.363193e-13 5.967041e-10 8.308798e-01 7.045546e+01 2.274935e-01 2.748053e+04 7.864969e-10 8.224875e-09 3.705291e-09 8.808962e-24 1.013402e-24 0.000000e+00 1.382200e-04 7.529066e-01 8.427686e-06 3.327908e-18 1.848650e-29 1.251233e-28 3.734364e-35 1.475229e-69 0.000000e+00 2.944182e-125 1.968277e-09 0.000000e+00 0.000000e+00 0.000000e+00 0.000000e+00 0.000000e+00 0.000000e+00 0.000000e+00 0.000000e+00 0.000000e+00 0.000000e+00 0.000000e+00 0.000000e+00 0.000000e+00 0.000000e+00 0.000000e+00 0.000000e+00 0.000000e+00 0.000000e+00 0.000000e+00 0.000000e+00 0.000000e+00 0.000000e+00 0.000000e+00 0.000000e+00 0.000000e+00 6.367375e-60 5.831322e-27 4.595559e-30 4.210091e-13 1.336287e-20 0.000000e+00
25.000000 24.000000 26.000000 181.270656 2.575097e+03 4.269392e+09 5.898381e+08 6.029765e+06 1.307162e+06 1.091724e+06 2.076002e+05 4.016915e+11 2.235508e-04 3.868246e-11 3.939413e-12 4.787479e+05 3.296516e+00 3.092626e-02 3.601465e-04 3.444008e-14 2.252687e-06 5.563861e-03 3.544394e-03 9.954946e-18 1.243124e+12 2.575794e+09 6.549512e+03 4.432192e-08 7.608892e+05 7.441165e+01 1.026941e-46 2.070580e-05 1.088360e-10 3.863530e-03 8.858959e-05 4.606331e+03 3.654821e-04 2.396927e+00 3.588113e-01 4.752549e-01 3.691209e-02 1.132264e-04 1.068867e-19 2.880434e-15 0.000000e+00 0.000000e+00 0.000000e+00 0.000000e+00 0.000000e+00 5.313931e-30 0.000000e+00 0.000000e+00 0.000000e+00 4.681670e-35 1.187505e-54 0.000000e+00 1.028903e+17 4.594284e+11 5.945719e+11 9.260246e+17 7.778056e-02 1.118842e-10 7.190672e-13 5.127284e-10 4.240198e-01 7.800747e+01 1.471430e-01 1.956602e+04 2.184197e-10 3.722137e-09 1.115831e-09 5.769516e-24 0.000000e+00 0.000000e+00 5.028399e-05 2.551014e-01 8.146561e-06 2.131113e-18 0.000000e+00 0.000000e+00 0.000000e+00 9.353183e-74 0.000000e+00 2.055867e-125 1.428664e-09 0.000000e+00 0.000000e+00 0.000000e+00 0.000000e+00 0.000000e+00 0.000000e+00 0.000000e+00 0.000000e+00 0.000000e+00 0.000000e+00 0.000000e+00 0.000000e+00 0.000000e+00 0.000000e+00 0.000000e+00 0.000000e+00 0.000000e+00 0.000000e+00 0.000000e+00 0.000000e+00 0.000000e+00 0.000000e+00 0.000000e+00 0.000000e+00 0.000000e+00 1.032858e-60 2.231750e-27 3.153791e-30 1.548605e-13 6.272469e-21 0.000000e+00
27.000000 26.000000 28.000000 177.191444 1.742598e+03 5.071889e+09 4.688754e+08 9.377291e+06 1.292385e+06 9.321270e+05 7.960106e+04 1.946938e+11 3.987607e-04 1.245638e-11 3.743694e-12 3.322591e+05 2.706120e+00 1.797627e-02 1.740575e-04 8.860123e-15 1.642917e-06 3.378582e-03 1.470820e-03 2.215656e-17 1.166968e+12 1.783110e+09 4.074858e+03 1.705876e-08 4.837674e+05 1.544176e+01 1.163490e-47 5.066432e-06 4.483918e-11 2.099652e-03 4.393251e-05 3.182310e+03 2.098923e-03 1.627392e+00 1.573850e-01 2.734070e-01 2.331188e-02 8.399112e-05 4.537822e-20 1.477473e-15 0.000000e+00 1.853158e-34 0.000000e+00 0.000000e+00 0.000000e+00 5.050814e-31 0.000000e+00 0.000000e+00 0.000000e+00 7.509604e-36 2.475304e-55 0.000000e+00 7.122964e+16 3.181510e+11 5.636983e+11 6.410777e+17 9.022345e-02 1.796111e-10 9.922002e-13 4.338072e-10 2.168741e-01 8.386985e+01 9.791896e-02 1.397978e+04 6.056719e-11 1.690063e-09 3.655763e-10 3.619179e-24 0.000000e+00 0.000000e+00 1.922226e-05 9.074271e-02 7.909482e-06 1.299399e-18 0.000000e+00 0.000000e+00 1.819210e-35 0.000000e+00 0.000000e+00 1.423256e-125 1.061825e-09 0.000000e+00 0.000000e+00 0.000000e+00 0.000000e+00 0.000000e+00 0.000000e+00 0.000000e+00 0.000000e+00 0.000000e+00 0.000000e+00 0.000000e+00 0.000000e+00 0.000000e+00 0.000000e+00 0.000000e+00 0.000000e+00 0.000000e+00 0.000000e+00 0.000000e+00 0.000000e+00 0.000000e+00 0.000000e+00 0.000000e+00 0.000000e+00 0.000000e+00 1.390719e-61 7.274116e-28 2.108897e-30 5.583736e-14 2.858381e-21 0.000000e+00
29.000000 28.000000 30.000000 173.038254 1.168467e+03 5.620248e+09 3.392462e+08 1.489568e+07 1.309344e+06 8.549162e+05 5.094245e+04 9.639203e+10 6.311251e-04 6.128996e-12 3.259110e-12 2.264224e+05 2.139116e+00 9.910691e-03 7.407783e-05 1.905333e-15 1.250381e-06 1.988488e-03 5.946861e-04 6.471756e-17 1.082757e+12 1.224249e+09 2.626986e+03 6.493386e-09 3.038134e+05 3.170993e+00 1.801449e-48 1.637737e-06 2.047048e-11 1.239433e-03 2.375050e-05 2.180846e+03 7.913421e-03 1.060527e+00 6.462810e-02 1.666367e-01 1.436396e-02 6.326871e-05 2.567355e-20 8.332503e-16 0.000000e+00 0.000000e+00 0.000000e+00 0.000000e+00 0.000000e+00 3.884331e-32 0.000000e+00 0.000000e+00 0.000000e+00 0.000000e+00 0.000000e+00 0.000000e+00 4.890779e+16 2.185432e+11 5.267465e+11 4.401804e+17 9.569885e-02 2.775456e-10 1.733018e-12 3.766045e-10 1.191013e-01 9.096076e+01 6.815812e-02 1.011783e+04 2.139771e-11 7.709909e-10 1.224295e-10 2.391496e-24 0.000000e+00 0.000000e+00 7.399482e-06 3.613536e-02 7.685369e-06 7.494521e-19 0.000000e+00 0.000000e+00 0.000000e+00 0.000000e+00 0.000000e+00 9.772438e-126 8.605574e-10 0.000000e+00 0.000000e+00 0.000000e+00 0.000000e+00 0.000000e+00 0.000000e+00 0.000000e+00 0.000000e+00 0.000000e+00 0.000000e+00 0.000000e+00 0.000000e+00 0.000000e+00 0.000000e+00 0.000000e+00 0.000000e+00 0.000000e+00 0.000000e+00 0.000000e+00 0.000000e+00 0.000000e+00 0.000000e+00 0.000000e+00 0.000000e+00 0.000000e+00 1.572392e-62 1.948970e-28 1.185516e-30 1.989180e-14 1.270623e-21 0.000000e+00
31.000000 30.000000 32.000000 170.157410 7.772657e+02 5.754913e+09 2.154298e+08 2.475218e+07 1.389015e+06 8.571838e+05 4.453485e+04 6.169776e+10 9.008858e-04 4.144943e-12 2.627715e-12 1.507592e+05 1.626310e+00 5.156585e-03 2.714138e-05 3.329541e-16 1.026767e-06 1.135027e-03 2.301774e-04 2.215472e-16 9.879269e+11 8.280837e+08 1.750003e+03 2.430817e-09 1.869009e+05 6.389973e-01 8.889399e-49 8.713910e-07 1.193333e-11 8.301169e-04 1.508262e-05 1.472485e+03 2.112803e-02 6.767751e-01 2.621430e-02 1.101126e-01 8.688392e-03 4.838847e-05 2.296291e-20 5.964938e-16 0.000000e+00 1.676442e-37 0.000000e+00 0.000000e+00 0.000000e+00 0.000000e+00 0.000000e+00 0.000000e+00 0.000000e+00 0.000000e+00 0.000000e+00 0.000000e+00 3.308409e+16 1.479276e+11 4.831593e+11 2.977659e+17 9.048329e-02 4.316289e-10 3.308850e-12 3.602419e-10 7.605413e-02 1.042335e+02 4.979934e-02 7.456488e+03 1.242787e-11 3.484143e-10 4.000809e-11 1.959617e-24 0.000000e+00 0.000000e+00 2.815894e-06 1.733461e-02 7.412072e-06 4.047808e-19 0.000000e+00 0.000000e+00 2.418034e-38 0.000000e+00 0.000000e+00 6.610700e-126 8.254905e-10 0.000000e+00 0.000000e+00 0.000000e+00 0.000000e+00 0.000000e+00 0.000000e+00 0.000000e+00 0.000000e+00 0.000000e+00 0.000000e+00 0.000000e+00 0.000000e+00 0.000000e+00 0.000000e+00 0.000000e+00 0.000000e+00 0.000000e+00 0.000000e+00 0.000000e+00 0.000000e+00 0.000000e+00 0.000000e+00 0.000000e+00 0.000000e+00 0.000000e+00 1.536654e-63 4.018403e-29 5.585714e-31 6.962967e-15 5.472006e-22 0.000000e+00
33.000000 32.000000 34.000000 168.716434 5.145631e+02 5.606788e+09 1.246330e+08 4.075172e+07 1.456304e+06 8.698146e+05 4.204514e+04 4.109309e+10 1.201782e-03 3.027217e-12 1.973953e-12 9.847038e+04 1.201670e+00 2.578204e-03 8.969636e-06 4.928010e-17 8.490276e-07 6.043822e-04 8.361602e-05 8.375869e-16 8.894557e+11 5.528142e+08 1.168880e+03 8.971619e-10 1.127847e+05 1.279398e-01 1.188443e-48 6.972632e-07 8.192157e-12 5.826082e-04 1.033795e-05 9.812826e+02 4.411961e-02 4.348871e-01 1.087999e-02 7.515689e-02 4.874478e-03 3.787119e-05 2.830744e-20 5.073676e-16 0.000000e+00 7.308611e-36 0.000000e+00 0.000000e+00 0.000000e+00 0.000000e+00 0.000000e+00 0.000000e+00 0.000000e+00 0.000000e+00 0.000000e+00 0.000000e+00 2.208907e+16 9.885441e+10 4.367106e+11 1.988098e+17 7.892795e-02 6.464041e-10 6.899552e-12 3.595254e-10 5.234335e-02 1.185846e+02 3.641690e-02 5.298193e+03 1.076983e-11 1.495335e-10 1.234208e-11 1.848801e-24 0.000000e+00 0.000000e+00 1.011188e-06 9.057195e-03 7.073932e-06 1.953586e-19 0.000000e+00 0.000000e+00 7.805237e-37 0.000000e+00 0.000000e+00 4.413774e-126 8.594264e-10 0.000000e+00 0.000000e+00 0.000000e+00 0.000000e+00 0.000000e+00 0.000000e+00 0.000000e+00 0.000000e+00 0.000000e+00 0.000000e+00 0.000000e+00 0.000000e+00 0.000000e+00 0.000000e+00 0.000000e+00 0.000000e+00 0.000000e+00 0.000000e+00 0.000000e+00 0.000000e+00 0.000000e+00 0.000000e+00 0.000000e+00 0.000000e+00 0.000000e+00 1.384591e-64 6.174740e-30 2.246731e-31 2.400367e-15 2.286000e-22 0.000000e+00
35.000000 34.000000 36.000000 168.455267 3.400072e+02 5.341173e+09 6.775662e+07 6.595562e+07 1.487025e+06 8.687056e+05 3.850840e+04 2.709358e+10 1.559670e-03 2.162361e-12 1.415119e-12 6.347573e+04 8.751015e-01 1.262831e-03 2.784504e-06 6.489822e-18 6.943832e-07 3.002962e-04 2.839144e-05 3.362515e-15 7.945861e+11 3.657768e+08 7.747126e+02 3.280361e-10 6.705225e+04 2.620546e-02 3.108515e-48 6.294000e-07 6.344804e-12 4.125556e-04 7.371313e-06 6.481689e+02 7.759403e-02 2.894685e-01 4.640111e-03 5.156351e-02 2.533759e-03 3.058362e-05 4.228938e-20 4.852190e-16 0.000000e+00 0.000000e+00 0.000000e+00 0.000000e+00 0.000000e+00 0.000000e+00 0.000000e+00 0.000000e+00 0.000000e+00 0.000000e+00 0.000000e+00 0.000000e+00 1.461819e+16 6.550204e+10 3.912441e+11 1.315709e+17 6.538318e-02 9.396201e-10 1.531497e-11 3.688210e-10 3.778968e-02 1.322121e+02 2.623582e-02 3.581674e+03 1.023425e-11 6.011779e-11 3.569469e-12 1.948985e-24 0.000000e+00 0.000000e+00 3.387035e-07 4.900469e-03 6.669276e-06 7.425810e-20 0.000000e+00 0.000000e+00 0.000000e+00 0.000000e+00 0.000000e+00 2.921005e-126 9.345488e-10 0.000000e+00 0.000000e+00 0.000000e+00 0.000000e+00 0.000000e+00 0.000000e+00 0.000000e+00 0.000000e+00 0.000000e+00 0.000000e+00 0.000000e+00 0.000000e+00 0.000000e+00 0.000000e+00 0.000000e+00 0.000000e+00 0.000000e+00 0.000000e+00 0.000000e+00 0.000000e+00 0.000000e+00 0.000000e+00 0.000000e+00 0.000000e+00 0.000000e+00 1.208703e-65 7.136725e-31 8.069687e-32 8.186279e-16 9.298870e-23 0.000000e+00
37.000000 36.000000 38.000000 169.148845 2.248690e+02 5.263692e+09 3.725249e+07 1.056467e+08 1.458505e+06 8.230056e+05 3.143221e+04 1.774286e+10 2.112504e-03 1.497676e-12 1.006525e-12 4.059664e+04 6.370439e-01 6.169538e-04 8.734983e-07 8.167955e-19 5.436779e-07 1.415157e-04 9.048477e-06 1.345628e-14 7.083278e+11 2.408492e+08 5.034596e+02 1.191177e-10 3.944038e+04 5.658153e-03 8.751192e-48 5.133378e-07 4.808162e-12 2.730364e-04 4.987234e-06 4.260951e+02 1.212716e-01 2.056282e-01 1.965547e-03 3.375468e-02 1.206106e-03 2.562111e-05 6.466827e-20 4.621721e-16 0.000000e+00 0.000000e+00 0.000000e+00 0.000000e+00 0.000000e+00 0.000000e+00 0.000000e+00 0.000000e+00 0.000000e+00 0.000000e+00 0.000000e+00 0.000000e+00 9.628134e+15 4.321333e+10 3.493687e+11 8.665965e+16 5.492181e-02 1.361502e-09 3.403581e-11 3.728427e-10 2.626160e-02 1.430465e+02 1.823863e-02 2.292645e+03 8.117768e-12 2.256713e-11 9.747545e-13 2.023658e-24 0.000000e+00 0.000000e+00 1.054769e-07 2.393132e-03 6.210040e-06 1.327966e-20 0.000000e+00 0.000000e+00 0.000000e+00 0.000000e+00 0.000000e+00 1.923931e-126 9.633440e-10 0.000000e+00 0.000000e+00 0.000000e+00 0.000000e+00 0.000000e+00 0.000000e+00 0.000000e+00 0.000000e+00 0.000000e+00 0.000000e+00 0.000000e+00 0.000000e+00 0.000000e+00 0.000000e+00 0.000000e+00 0.000000e+00 0.000000e+00 0.000000e+00 0.000000e+00 0.000000e+00 0.000000e+00 0.000000e+00 0.000000e+00 0.000000e+00 0.000000e+00 1.039015e-66 6.852840e-32 2.768318e-32 2.767105e-16 3.689972e-23 0.000000e+00
39.000000 38.000000 40.000000 169.783349 1.490285e+02 6.328785e+09 2.479126e+07 1.665441e+08 1.232973e+06 6.337745e+05 1.864945e+04 1.161197e+10 3.327248e-03 9.568148e-13 6.844198e-13 2.597050e+04 4.702969e-01 2.984320e-04 3.150267e-07 1.086962e-19 3.490962e-07 5.868870e-05 2.604447e-06 4.436263e-14 6.340863e+11 1.589524e+08 3.085753e+02 4.335418e-11 2.313680e+04 1.250398e-03 1.267306e-47 2.949637e-07 2.462156e-12 1.299876e-04 2.393405e-06 2.807850e+02 1.739568e-01 1.631217e-01 7.747546e-04 1.792515e-02 4.801128e-04 2.233733e-05 7.131055e-20 3.416745e-16 0.000000e+00 0.000000e+00 0.000000e+00 0.000000e+00 0.000000e+00 0.000000e+00 0.000000e+00 0.000000e+00 0.000000e+00 0.000000e+00 0.000000e+00 0.000000e+00 6.356887e+15 2.858548e+10 3.125012e+11 5.721776e+16 5.555290e-02 1.857121e-09 6.349850e-11 3.262020e-10 1.342057e-02 1.425340e+02 1.162723e-02 1.242856e+03 3.787125e-12 7.699581e-12 2.457494e-13 1.354605e-24 0.000000e+00 0.000000e+00 2.725791e-08 6.928360e-04 5.722850e-06 0.000000e+00 0.000000e+00 0.000000e+00 0.000000e+00 0.000000e+00 0.000000e+00 1.270290e-126 7.007553e-10 0.000000e+00 0.000000e+00 0.000000e+00 0.000000e+00 0.000000e+00 0.000000e+00 0.000000e+00 0.000000e+00 0.000000e+00 0.000000e+00 0.000000e+00 0.000000e+00 0.000000e+00 0.000000e+00 0.000000e+00 0.000000e+00 0.000000e+00 0.000000e+00 0.000000e+00 0.000000e+00 0.000000e+00 0.000000e+00 0.000000e+00 0.000000e+00 0.000000e+00 8.898030e-68 7.174984e-33 8.730305e-33 9.347466e-17 1.439726e-23 0.000000e+00
41.000000 40.000000 42.000000 170.500492 9.893238e+01 1.030676e+10 2.172007e+07 2.437196e+08 7.549491e+05 3.345357e+05 6.628313e+03 7.575691e+09 6.047364e-03 5.029075e-13 3.952518e-13 1.660638e+04 3.520351e-01 1.423366e-04 1.356837e-07 1.610003e-20 1.560363e-07 1.782240e-05 6.249858e-07 8.590833e-14 5.686806e+11 1.050067e+08 1.693270e+02 1.585632e-11 1.349322e+04 2.713410e-04 1.025778e-47 9.401078e-08 6.947270e-13 3.572782e-05 6.677985e-07 1.852270e+02 2.321138e-01 1.476431e-01 2.933165e-04 6.261670e-03 1.553302e-04 2.011544e-05 3.809064e-20 2.068171e-16 0.000000e+00 6.691704e-36 0.000000e+00 0.000000e+00 0.000000e+00 0.000000e+00 0.000000e+00 0.000000e+00 0.000000e+00 0.000000e+00 0.000000e+00 0.000000e+00 4.202112e+15 1.892958e+10 2.783185e+11 3.782415e+16 7.417313e-02 2.001340e-09 7.444614e-11 2.242699e-10 4.381622e-03 1.157485e+02 6.600970e-03 4.548771e+02 8.029015e-13 2.291779e-12 5.490455e-14 4.248306e-25 0.000000e+00 0.000000e+00 5.004269e-09 9.223107e-05 5.197514e-06 0.000000e+00 0.000000e+00 0.000000e+00 1.226257e-36 0.000000e+00 0.000000e+00 8.397338e-127 2.964484e-10 0.000000e+00 0.000000e+00 0.000000e+00 0.000000e+00 0.000000e+00 0.000000e+00 0.000000e+00 0.000000e+00 0.000000e+00 0.000000e+00 0.000000e+00 0.000000e+00 0.000000e+00 0.000000e+00 0.000000e+00 0.000000e+00 0.000000e+00 0.000000e+00 0.000000e+00 0.000000e+00 0.000000e+00 0.000000e+00 0.000000e+00 0.000000e+00 0.000000e+00 7.627344e-69 9.308773e-34 2.150046e-33 3.161444e-17 5.528798e-24 0.000000e+00
43.000000 42.000000 44.000000 172.508591 6.589754e+01 1.824775e+10 2.003566e+07 3.114215e+08 3.649882e+05 1.391370e+05 1.668143e+03 4.894305e+09 1.049286e-02 2.199892e-13 2.075536e-13 1.055600e+04 2.646820e-01 6.955560e-05 5.900718e-08 2.456867e-21 5.638791e-08 4.189228e-06 1.278180e-07 1.030189e-13 5.085499e+11 6.905972e+07 8.412624e+01 5.785782e-12 7.718737e+03 5.945385e-05 9.934561e-48 1.992242e-08 1.972338e-13 9.045655e-06 1.802945e-07 1.216251e+02 2.921622e-01 1.445084e-01 1.342133e-04 1.765747e-03 5.839500e-05 1.852947e-05 1.334175e-20 1.880148e-16 0.000000e+00 6.100261e-40 0.000000e+00 0.000000e+00 0.000000e+00 0.000000e+00 0.000000e+00 0.000000e+00 0.000000e+00 0.000000e+00 0.000000e+00 0.000000e+00 2.766254e+15 1.247884e+10 2.446173e+11 2.490089e+16 1.051990e-01 1.647259e-09 6.068036e-11 1.588738e-10 1.420958e-03 7.272617e+01 3.640787e-03 1.183005e+02 1.088818e-13 6.372408e-13 1.135830e-14 1.170794e-25 0.000000e+00 0.000000e+00 7.193212e-10 1.056183e-05 4.634385e-06 0.000000e+00 0.000000e+00 0.000000e+00 3.038269e-41 0.000000e+00 0.000000e+00 5.528245e-127 1.217826e-10 0.000000e+00 0.000000e+00 0.000000e+00 0.000000e+00 0.000000e+00 0.000000e+00 0.000000e+00 0.000000e+00 0.000000e+00 0.000000e+00 0.000000e+00 0.000000e+00 0.000000e+00 0.000000e+00 0.000000e+00 0.000000e+00 0.000000e+00 0.000000e+00 0.000000e+00 0.000000e+00 0.000000e+00 0.000000e+00 0.000000e+00 0.000000e+00 0.000000e+00 6.504438e-70 1.377653e-34 4.390875e-34 1.063261e-17 2.074657e-24 0.000000e+00
45.000000 44.000000 46.000000 175.645431 4.417673e+01 2.929241e+10 1.686371e+07 3.519570e+08 1.696105e+05 5.582834e+04 3.601927e+02 3.140280e+09 1.585408e-02 8.865778e-14 1.145280e-13 6.697178e+03 1.998718e-01 3.475195e-05 2.356123e-08 3.555802e-22 2.007328e-08 9.363806e-07 2.383153e-08 1.276621e-13 4.552504e+11 4.540003e+07 4.085938e+01 2.107235e-12 4.310915e+03 1.309740e-05 2.831603e-47 5.456026e-09 1.005286e-13 3.804139e-06 8.231678e-08 7.979651e+01 3.539497e-01 1.441182e-01 9.343673e-05 7.176441e-04 3.745662e-05 1.744091e-05 6.056339e-21 2.448538e-16 0.000000e+00 3.083678e-44 0.000000e+00 0.000000e+00 0.000000e+00 0.000000e+00 0.000000e+00 0.000000e+00 0.000000e+00 0.000000e+00 0.000000e+00 0.000000e+00 1.821217e+15 8.224238e+09 2.126632e+11 1.639506e+16 1.358932e-01 1.155833e-09 5.701056e-11 1.677711e-10 6.135913e-04 3.911045e+01 2.079391e-03 2.789208e+01 2.059363e-14 1.806345e-13 2.306177e-15 5.550983e-26 0.000000e+00 0.000000e+00 9.509381e-11 1.693868e-06 4.082161e-06 0.000000e+00 0.000000e+00 0.000000e+00 7.493559e-46 0.000000e+00 0.000000e+00 3.639867e-127 8.464584e-11 0.000000e+00 0.000000e+00 0.000000e+00 0.000000e+00 0.000000e+00 0.000000e+00 0.000000e+00 0.000000e+00 0.000000e+00 0.000000e+00 0.000000e+00 0.000000e+00 0.000000e+00 0.000000e+00 0.000000e+00 0.000000e+00 0.000000e+00 0.000000e+00 0.000000e+00 0.000000e+00 0.000000e+00 0.000000e+00 0.000000e+00 0.000000e+00 0.000000e+00 5.515915e-71 2.375932e-35 8.912978e-35 3.558260e-18 7.611404e-25 0.000000e+00
47.000000 46.000000 48.000000 178.491060 2.983010e+01 4.213753e+10 1.329324e+07 3.646879e+08 8.137657e+04 2.310039e+04 7.322901e+01 2.016767e+09 2.142683e-02 3.512963e-14 6.786079e-14 4.279937e+03 1.524547e-01 1.779505e-05 9.049471e-09 4.994720e-23 7.438573e-09 2.218753e-07 4.268714e-09 2.475964e-13 4.105529e+11 3.009750e+07 2.067529e+01 7.725935e-13 2.361617e+03 2.890831e-06 2.447731e-46 2.886034e-09 7.380536e-14 2.378005e-06 5.458481e-08 5.276417e+01 4.188763e-01 1.418643e-01 8.460604e-05 4.355089e-04 3.415333e-05 1.679053e-05 5.385398e-21 3.164292e-16 0.000000e+00 1.060833e-48 0.000000e+00 0.000000e+00 0.000000e+00 0.000000e+00 0.000000e+00 0.000000e+00 0.000000e+00 0.000000e+00 0.000000e+00 0.000000e+00 1.210053e+15 5.468545e+09 1.840296e+11 1.089418e+16 1.620611e-01 7.506395e-10 9.128975e-11 2.222170e-10 3.251905e-04 1.972061e+01 1.200064e-03 6.827426e+00 8.193691e-15 5.292270e-14 4.742017e-16 3.794976e-26 0.000000e+00 0.000000e+00 1.288832e-11 3.709863e-07 3.582609e-06 0.000000e+00 0.000000e+00 0.000000e+00 1.852590e-50 0.000000e+00 0.000000e+00 2.418617e-127 1.465523e-09 0.000000e+00 0.000000e+00 0.000000e+00 0.000000e+00 0.000000e+00 0.000000e+00 0.000000e+00 0.000000e+00 0.000000e+00 0.000000e+00 0.000000e+00 0.000000e+00 0.000000e+00 0.000000e+00 0.000000e+00 0.000000e+00 0.000000e+00 0.000000e+00 0.000000e+00 0.000000e+00 0.000000e+00 0.000000e+00 0.000000e+00 0.000000e+00 0.000000e+00 4.686451e-72 4.956527e-36 1.984119e-35 1.194570e-18 2.751973e-25 0.000000e+00
49.000000 48.000000 50.000000 180.199250 2.024949e+01 5.589517e+10 1.009889e+07 3.548994e+08 4.015141e+04 9.820726e+03 1.455740e+01 1.298750e+09 2.687291e-02 1.379517e-14 4.133631e-14 2.763578e+03 1.174647e-01 9.314097e-06 3.457063e-09 7.038118e-24 2.852361e-09 5.602951e-08 7.553227e-10 4.590048e-11 3.728666e+11 2.016740e+07 1.090240e+01 2.866135e-13 1.273202e+03 6.392721e-07 2.351352e-45 3.600066e-09 5.545307e-14 1.629661e-06 3.855391e-08 3.524259e+01 4.856425e-01 1.357813e-01 7.915825e-05 2.952488e-04 3.275310e-05 1.644940e-05 5.307097e-19 3.641148e-16 0.000000e+00 2.753194e-53 0.000000e+00 0.000000e+00 0.000000e+00 0.000000e+00 0.000000e+00 0.000000e+00 0.000000e+00 0.000000e+00 0.000000e+00 0.000000e+00 8.135341e+14 3.678691e+09 1.583929e+11 7.325169e+15 1.835909e-01 4.657829e-10 1.488947e-08 1.638208e-09 1.861160e-04 9.668172e+00 6.731368e-04 1.772343e+00 8.221698e-15 1.552893e-14 9.827342e-17 2.683227e-26 0.000000e+00 0.000000e+00 1.857564e-12 9.659219e-08 3.135624e-06 0.000000e+00 0.000000e+00 0.000000e+00 4.615132e-55 0.000000e+00 0.000000e+00 1.626260e-127 1.277982e-06 0.000000e+00 0.000000e+00 0.000000e+00 0.000000e+00 0.000000e+00 0.000000e+00 0.000000e+00 0.000000e+00 0.000000e+00 0.000000e+00 0.000000e+00 0.000000e+00 0.000000e+00 0.000000e+00 0.000000e+00 0.000000e+00 0.000000e+00 0.000000e+00 0.000000e+00 0.000000e+00 0.000000e+00 0.000000e+00 0.000000e+00 0.000000e+00 0.000000e+00 4.010867e-73 1.209383e-36 4.790028e-36 4.042509e-19 9.851995e-26 0.000000e+00
51.000000 50.000000 52.000000 181.092172 1.378524e+01 6.986113e+10 7.344709e+06 3.281881e+08 1.986742e+04 4.186647e+03 2.849228e+00 8.343690e+08 3.195135e-02 5.325900e-15 2.558461e-14 1.795711e+03 9.093694e-02 4.920467e-06 1.307858e-09 9.894974e-25 1.111762e-09 1.443923e-08 1.328094e-10 1.564931e-09 3.392613e+11 1.359173e+07 5.914451e+00 1.074000e-13 6.737254e+02 1.410903e-07 1.760988e-44 2.662454e-08 4.133602e-14 1.137463e-06 2.729025e-08 2.366021e+01 5.501316e-01 1.258025e-01 7.393063e-05 2.041055e-04 3.127313e-05 1.626145e-05 1.141164e-17 3.971595e-16 0.000000e+00 5.739436e-58 0.000000e+00 0.000000e+00 0.000000e+00 0.000000e+00 0.000000e+00 0.000000e+00 0.000000e+00 0.000000e+00 0.000000e+00 0.000000e+00 5.510115e+14 2.492749e+09 1.346590e+11 4.962160e+15 1.981186e-01 2.778004e-10 4.651409e-07 6.344135e-08 1.120695e-04 4.659448e+00 3.672643e-04 4.729157e-01 5.147842e-14 4.481190e-15 2.015060e-17 1.897372e-26 0.000000e+00 0.000000e+00 2.775082e-13 2.805287e-08 2.723156e-06 0.000000e+00 0.000000e+00 0.000000e+00 1.156930e-59 0.000000e+00 0.000000e+00 1.101649e-127 7.190003e-05 0.000000e+00 0.000000e+00 0.000000e+00 0.000000e+00 0.000000e+00 0.000000e+00 0.000000e+00 0.000000e+00 0.000000e+00 0.000000e+00 0.000000e+00 0.000000e+00 0.000000e+00 0.000000e+00 0.000000e+00 0.000000e+00 0.000000e+00 0.000000e+00 0.000000e+00 0.000000e+00 0.000000e+00 0.000000e+00 0.000000e+00 0.000000e+00 0.000000e+00 3.453135e-74 3.305222e-37 1.219829e-36 1.375857e-19 3.485305e-26 0.000000e+00
53.000000 52.000000 54.000000 181.877641 9.403203e+00 8.325729e+10 5.060521e+06 2.904784e+08 9.696680e+03 1.761162e+03 5.468758e-01 5.317900e+08 3.643118e-02 2.017723e-15 1.619958e-14 1.168706e+03 7.053163e-02 2.604300e-06 4.874631e-10 1.368687e-25 4.366123e-10 3.684270e-09 2.313194e-11 1.544418e-08 3.080789e+11 9.161224e+06 3.602930e+00 4.054956e-14 3.485553e+02 3.089411e-08 9.735172e-44 1.888998e-07 3.275806e-14 8.293813e-07 1.966619e-08 1.587534e+01 6.084936e-01 1.130030e-01 7.022189e-05 1.432228e-04 3.024584e-05 1.612575e-05 7.826272e-17 4.369919e-16 0.000000e+00 0.000000e+00 0.000000e+00 0.000000e+00 0.000000e+00 0.000000e+00 0.000000e+00 0.000000e+00 0.000000e+00 0.000000e+00 0.000000e+00 0.000000e+00 3.741559e+14 1.693371e+09 1.124002e+11 3.370179e+15 2.037247e-01 1.597832e-10 4.313876e-06 7.805228e-07 8.768898e-05 2.220302e+00 1.974922e-04 1.266682e-01 3.219781e-13 1.273653e-15 4.046471e-18 1.434446e-26 0.000000e+00 0.000000e+00 4.154407e-14 1.067734e-08 2.337275e-06 0.000000e+00 0.000000e+00 0.000000e+00 2.905761e-64 0.000000e+00 0.000000e+00 7.482132e-128 1.152024e-03 0.000000e+00 0.000000e+00 0.000000e+00 0.000000e+00 0.000000e+00 0.000000e+00 0.000000e+00 0.000000e+00 0.000000e+00 0.000000e+00 0.000000e+00 0.000000e+00 0.000000e+00 0.000000e+00 0.000000e+00 0.000000e+00 0.000000e+00 0.000000e+00 0.000000e+00 0.000000e+00 0.000000e+00 0.000000e+00 0.000000e+00 0.000000e+00 0.000000e+00 2.977957e-75 9.932050e-38 3.259348e-37 4.688314e-20 1.213863e-26 0.000000e+00
55.000000 54.000000 56.000000 182.689009 6.426465e+00 9.534813e+10 3.316811e+06 2.479950e+08 4.659565e+03 7.305516e+02 1.028994e-01 3.357547e+08 4.016313e-02 7.486857e-16 1.035908e-14 7.613602e+02 5.504945e-02 1.388270e-06 1.811886e-10 1.880491e-26 1.735268e-10 9.337368e-10 3.994029e-12 7.088048e-08 2.793208e+11 6.163296e+06 3.556242e+00 1.550276e-14 1.765856e+02 6.700566e-09 4.003586e-43 7.833021e-07 2.852713e-14 6.552544e-07 1.415076e-08 1.062409e+01 6.586598e-01 9.888921e-02 6.673283e-05 1.004184e-04 2.908873e-05 1.600895e-05 2.701397e-16 4.802537e-16 0.000000e+00 0.000000e+00 0.000000e+00 0.000000e+00 0.000000e+00 0.000000e+00 0.000000e+00 0.000000e+00 0.000000e+00 0.000000e+00 0.000000e+00 0.000000e+00 2.545054e+14 1.152356e+09 9.199226e+10 2.293063e+15 2.050768e-01 8.938383e-11 1.891604e-05 4.192893e-06 1.320022e-04 1.052054e+00 1.044501e-04 3.412404e-02 1.216500e-12 3.598942e-16 7.980200e-19 1.199248e-26 0.000000e+00 0.000000e+00 6.202739e-15 7.581194e-09 1.983264e-06 0.000000e+00 0.000000e+00 0.000000e+00 7.300552e-69 0.000000e+00 0.000000e+00 5.090830e-128 8.432991e-03 0.000000e+00 0.000000e+00 0.000000e+00 0.000000e+00 0.000000e+00 0.000000e+00 0.000000e+00 0.000000e+00 0.000000e+00 0.000000e+00 0.000000e+00 0.000000e+00 0.000000e+00 0.000000e+00 0.000000e+00 0.000000e+00 0.000000e+00 0.000000e+00 0.000000e+00 0.000000e+00 0.000000e+00 0.000000e+00 0.000000e+00 0.000000e+00 0.000000e+00 2.568726e-76 3.195669e-38 8.973599e-38 1.597534e-20 4.161556e-27 0.000000e+00
57.000000 56.000000 58.000000 183.312676 4.399895e+00 1.055417e+11 2.080682e+06 2.056809e+08 2.210109e+03 2.999125e+02 1.904527e-02 2.100750e+08 4.305953e-02 2.710026e-16 6.579396e-15 4.970846e+02 4.364784e-02 7.536456e-07 6.832786e-11 2.632109e-27 7.055918e-11 2.385880e-10 6.873421e-13 3.382729e-07 2.532510e+11 4.135375e+06 8.861264e+00 6.137854e-15 8.816218e+01 1.443659e-09 1.262271e-42 3.329696e-06 3.401611e-14 7.077058e-07 9.930608e-09 7.085370e+00 6.990108e-01 8.479583e-02 6.227481e-05 6.922863e-05 2.717881e-05 1.588704e-05 1.037406e-15 5.212809e-16 0.000000e+00 0.000000e+00 0.000000e+00 0.000000e+00 0.000000e+00 0.000000e+00 0.000000e+00 0.000000e+00 0.000000e+00 0.000000e+00 0.000000e+00 0.000000e+00 1.735922e+14 7.864006e+08 7.386841e+10 1.564610e+15 2.257219e-01 4.901988e-11 8.719948e-05 2.218042e-05 4.403401e-04 4.985298e-01 5.455954e-05 9.316841e-03 4.852122e-12 1.063221e-16 1.570496e-19 1.382476e-26 0.000000e+00 0.000000e+00 9.351379e-16 1.210108e-08 1.666297e-06 0.000000e+00 0.000000e+00 0.000000e+00 1.836580e-73 0.000000e+00 0.000000e+00 3.473590e-128 6.275840e-02 0.000000e+00 0.000000e+00 0.000000e+00 0.000000e+00 0.000000e+00 0.000000e+00 0.000000e+00 0.000000e+00 0.000000e+00 0.000000e+00 0.000000e+00 0.000000e+00 0.000000e+00 0.000000e+00 0.000000e+00 0.000000e+00 0.000000e+00 0.000000e+00 0.000000e+00 0.000000e+00 0.000000e+00 0.000000e+00 0.000000e+00 0.000000e+00 0.000000e+00 2.218461e-77 1.064731e-38 2.475345e-38 5.449943e-21 1.407666e-27 0.000000e+00
59.000000 58.000000 60.000000 183.614211 3.016114e+00 1.133677e+11 1.252975e+06 1.665405e+08 1.037053e+03 1.220573e+02 3.477957e-03 1.301755e+08 4.503898e-02 9.508811e-17 4.093954e-15 3.253926e+02 3.554742e-02 4.215624e-07 2.654657e-11 3.865198e-28 2.969631e-11 6.241643e-11 1.186678e-13 1.345315e-06 2.297227e+11 2.760376e+06 2.962869e+01 2.661924e-15 4.371780e+01 3.104006e-10 3.038684e-42 1.221384e-05 6.353713e-14 1.274871e-06 6.682996e-09 4.696515e+00 7.239187e-01 7.162837e-02 5.697841e-05 4.637815e-05 2.425759e-05 1.566354e-05 3.513038e-15 5.603441e-16 0.000000e+00 0.000000e+00 0.000000e+00 0.000000e+00 0.000000e+00 0.000000e+00 0.000000e+00 0.000000e+00 0.000000e+00 0.000000e+00 0.000000e+00 0.000000e+00 1.187450e+14 5.382832e+08 5.819391e+10 1.070774e+15 3.527114e-01 2.646900e-11 3.371670e-04 9.392377e-05 1.612602e-03 2.381570e-01 2.942412e-05 2.589754e-03 1.724702e-11 4.114829e-17 3.223202e-20 2.513220e-26 0.000000e+00 0.000000e+00 1.445034e-16 2.222059e-08 1.386085e-06 0.000000e+00 0.000000e+00 0.000000e+00 4.626758e-78 0.000000e+00 0.000000e+00 2.377225e-128 3.796750e-01 0.000000e+00 0.000000e+00 0.000000e+00 0.000000e+00 0.000000e+00 0.000000e+00 0.000000e+00 0.000000e+00 0.000000e+00 0.000000e+00 0.000000e+00 0.000000e+00 0.000000e+00 0.000000e+00 0.000000e+00 0.000000e+00 0.000000e+00 0.000000e+00 0.000000e+00 0.000000e+00 0.000000e+00 0.000000e+00 0.000000e+00 0.000000e+00 0.000000e+00 1.918628e-78 3.559619e-39 6.652200e-39 1.862686e-21 4.704250e-28 0.000000e+00
61.000000 60.000000 62.000000 183.434995 2.068191e+00 1.185180e+11 7.276264e+05 1.321480e+08 4.835396e+02 4.933692e+01 6.287118e-04 7.979674e+07 4.604156e-02 3.201597e-17 2.444639e-15 2.136058e+02 3.000451e-02 2.454184e-07 1.077558e-11 6.147475e-29 1.305556e-11 1.701284e-11 2.073638e-14 3.752491e-06 2.084190e+11 1.826039e+06 7.901268e+01 1.350208e-15 2.173145e+01 6.707717e-11 5.546048e-42 3.296382e-05 1.265183e-13 2.613546e-06 4.200032e-09 3.081140e+00 7.216269e-01 5.990999e-02 5.184833e-05 2.966991e-05 2.015731e-05 1.513350e-05 8.741540e-15 5.834906e-16 0.000000e+00 0.000000e+00 0.000000e+00 0.000000e+00 0.000000e+00 0.000000e+00 0.000000e+00 0.000000e+00 0.000000e+00 0.000000e+00 0.000000e+00 0.000000e+00 8.145396e+13 3.695464e+08 4.496665e+10 7.349618e+14 8.108706e-01 1.411294e-11 9.175747e-04 2.713082e-04 4.345738e-03 1.176719e-01 1.865770e-05 7.380716e-04 4.725302e-11 2.795676e-17 7.746953e-21 4.901853e-26 0.000000e+00 0.000000e+00 2.327585e-17 3.094011e-08 1.139909e-06 0.000000e+00 0.000000e+00 0.000000e+00 1.166875e-82 0.000000e+00 0.000000e+00 1.631689e-128 1.570696e+00 0.000000e+00 0.000000e+00 0.000000e+00 0.000000e+00 0.000000e+00 0.000000e+00 0.000000e+00 0.000000e+00 0.000000e+00 0.000000e+00 0.000000e+00 0.000000e+00 0.000000e+00 0.000000e+00 0.000000e+00 0.000000e+00 0.000000e+00 0.000000e+00 0.000000e+00 0.000000e+00 0.000000e+00 0.000000e+00 0.000000e+00 0.000000e+00 0.000000e+00 1.661191e-79 1.153350e-39 1.681176e-39 6.384230e-22 1.554227e-28 0.000000e+00
63.000000 62.000000 64.000000 182.144627 1.416688e+00 1.210576e+11 4.100902e+05 1.032650e+08 2.259387e+02 1.988212e+01 1.131978e-04 4.842847e+07 4.613186e-02 1.024934e-17 1.366596e-15 1.409546e+02 2.630249e-02 1.491467e-07 4.601627e-12 1.083726e-29 6.006834e-12 4.897484e-12 3.716192e-15 7.540184e-06 1.892800e+11 1.194205e+06 1.607758e+02 7.830908e-16 1.093582e+01 1.473189e-11 8.091568e-42 6.682515e-05 2.075650e-13 4.603536e-06 2.391261e-09 1.994534e+00 6.823419e-01 4.990557e-02 4.883512e-05 1.782193e-05 1.516483e-05 1.410690e-05 1.626357e-14 5.687221e-16 0.000000e+00 0.000000e+00 0.000000e+00 0.000000e+00 0.000000e+00 0.000000e+00 0.000000e+00 0.000000e+00 0.000000e+00 0.000000e+00 0.000000e+00 0.000000e+00 5.614481e+13 2.549895e+08 3.412571e+10 5.070072e+14 1.977239e+00 7.460594e-12 1.801391e-03 5.538536e-04 8.507829e-03 6.416760e-02 1.594389e-05 2.180984e-04 1.042788e-10 2.579421e-17 2.563812e-21 7.928861e-26 0.000000e+00 0.000000e+00 3.961559e-18 3.218553e-08 9.263087e-07 0.000000e+00 0.000000e+00 0.000000e+00 2.952712e-87 0.000000e+00 0.000000e+00 1.125607e-128 4.560195e+00 0.000000e+00 0.000000e+00 0.000000e+00 0.000000e+00 0.000000e+00 0.000000e+00 0.000000e+00 0.000000e+00 0.000000e+00 0.000000e+00 0.000000e+00 0.000000e+00 0.000000e+00 0.000000e+00 0.000000e+00 0.000000e+00 0.000000e+00 0.000000e+00 0.000000e+00 0.000000e+00 0.000000e+00 0.000000e+00 0.000000e+00 0.000000e+00 0.000000e+00 1.443255e-80 3.520781e-40 3.848956e-40 2.203241e-22 5.091286e-29 0.000000e+00
65.000000 64.000000 66.000000 180.848522 9.685823e-01 1.200781e+11 2.146826e+05 7.907658e+07 1.050139e+02 7.825412e+00 2.021951e-05 2.887621e+07 4.500744e-02 3.182961e-18 7.770392e-16 9.288708e+01 2.349758e-02 9.185163e-08 1.966414e-12 1.974878e-30 2.835225e-12 1.414977e-12 6.798806e-16 1.168589e-05 1.704853e+11 7.636496e+05 2.473168e+02 4.666783e-16 5.522846e+00 3.280171e-12 1.060151e-41 1.022719e-04 2.873666e-13 6.512380e-06 1.409587e-09 1.259041e+00 6.011917e-01 4.114987e-02 5.257464e-05 1.090184e-05 1.167087e-05 1.243176e-05 2.354329e-14 5.629651e-16 0.000000e+00 0.000000e+00 0.000000e+00 0.000000e+00 0.000000e+00 0.000000e+00 0.000000e+00 0.000000e+00 0.000000e+00 0.000000e+00 0.000000e+00 0.000000e+00 3.862089e+13 1.756427e+08 2.521583e+10 3.491224e+14 4.251042e+00 3.859612e-12 2.705093e-03 8.536334e-04 1.276296e-02 4.164577e-02 1.693977e-05 6.465701e-05 1.896063e-10 2.225985e-17 1.101045e-21 1.083546e-25 0.000000e+00 0.000000e+00 6.726743e-19 2.541503e-08 7.361747e-07 0.000000e+00 0.000000e+00 0.000000e+00 7.501864e-92 0.000000e+00 0.000000e+00 7.750869e-129 9.857016e+00 0.000000e+00 0.000000e+00 0.000000e+00 0.000000e+00 0.000000e+00 0.000000e+00 0.000000e+00 0.000000e+00 0.000000e+00 0.000000e+00 0.000000e+00 0.000000e+00 0.000000e+00 0.000000e+00 0.000000e+00 0.000000e+00 0.000000e+00 0.000000e+00 0.000000e+00 0.000000e+00 0.000000e+00 0.000000e+00 0.000000e+00 0.000000e+00 0.000000e+00 1.258590e-81 1.081254e-40 8.667215e-41 7.641686e-23 1.648967e-29 0.000000e+00
67.000000 66.000000 68.000000 180.610001 6.616411e-01 1.155129e+11 1.031384e+05 5.918395e+07 4.896866e+01 2.980103e+00 3.536699e-06 1.679327e+07 4.271797e-02 9.735218e-19 4.648485e-16 6.079776e+01 2.098779e-02 5.607790e-08 8.172710e-13 3.479554e-31 1.346103e-12 4.024329e-13 1.248480e-16 1.473148e-05 1.516226e+11 4.733310e+05 2.950359e+02 2.628384e-16 2.763438e+00 7.283818e-13 1.278012e-41 1.214380e-04 3.468831e-13 7.440500e-06 9.028732e-10 7.676844e-01 4.928577e-01 3.334095e-02 5.993865e-05 6.971729e-06 9.608320e-06 1.029669e-05 2.754689e-14 5.487023e-16 0.000000e+00 0.000000e+00 0.000000e+00 0.000000e+00 0.000000e+00 0.000000e+00 0.000000e+00 0.000000e+00 0.000000e+00 0.000000e+00 0.000000e+00 0.000000e+00 2.638186e+13 1.201914e+08 1.806479e+10 2.388016e+14 7.846773e+00 1.946442e-12 3.263330e-03 1.048273e-03 1.539092e-02 3.173582e-02 1.807944e-05 1.919200e-05 2.856868e-10 1.603899e-17 4.867074e-22 1.290488e-25 0.000000e+00 0.000000e+00 1.086551e-19 1.574430e-08 5.693366e-07 0.000000e+00 0.000000e+00 0.000000e+00 0.000000e+00 0.000000e+00 0.000000e+00 5.301631e-129 1.671653e+01 0.000000e+00 0.000000e+00 0.000000e+00 0.000000e+00 0.000000e+00 0.000000e+00 0.000000e+00 0.000000e+00 0.000000e+00 0.000000e+00 0.000000e+00 0.000000e+00 0.000000e+00 0.000000e+00 0.000000e+00 0.000000e+00 0.000000e+00 0.000000e+00 0.000000e+00 0.000000e+00 0.000000e+00 0.000000e+00 0.000000e+00 0.000000e+00 0.000000e+00 1.090218e-82 3.510433e-41 2.046999e-41 2.639582e-23 5.229886e-30 0.000000e+00
69.000000 68.000000 70.000000 180.610001 4.519689e-01 1.082304e+11 4.696621e+04 4.354692e+07 2.353361e+01 1.118439e+00 6.105185e-07 9.575298e+06 3.962863e-02 2.924934e-19 2.750674e-16 3.973102e+01 1.856186e-02 3.389021e-08 3.348695e-13 5.977057e-32 6.388892e-13 1.167416e-13 2.322406e-17 1.582648e-05 1.334880e+11 2.856036e+05 2.972364e+02 1.357930e-16 1.378318e+00 1.619693e-13 1.388674e-41 1.216264e-04 3.642779e-13 7.268879e-06 5.729004e-10 4.539885e-01 3.817116e-01 2.651369e-02 6.501219e-05 4.419905e-06 7.772329e-06 8.096605e-06 2.773969e-14 4.876064e-16 0.000000e+00 0.000000e+00 0.000000e+00 0.000000e+00 0.000000e+00 0.000000e+00 0.000000e+00 0.000000e+00 0.000000e+00 0.000000e+00 0.000000e+00 0.000000e+00 1.799161e+13 8.213325e+07 1.263652e+10 1.631259e+14 1.271629e+01 9.686400e-13 3.332000e-03 1.083347e-03 1.571159e-02 2.578540e-02 1.782142e-05 5.955466e-06 3.734825e-10 9.848918e-18 2.015614e-22 1.341785e-25 0.000000e+00 0.000000e+00 1.704320e-20 8.300994e-09 4.308267e-07 0.000000e+00 0.000000e+00 0.000000e+00 0.000000e+00 0.000000e+00 0.000000e+00 3.621560e-129 2.340569e+01 0.000000e+00 0.000000e+00 0.000000e+00 0.000000e+00 0.000000e+00 0.000000e+00 0.000000e+00 0.000000e+00 0.000000e+00 0.000000e+00 0.000000e+00 0.000000e+00 0.000000e+00 0.000000e+00 0.000000e+00 0.000000e+00 0.000000e+00 0.000000e+00 0.000000e+00 0.000000e+00 0.000000e+00 0.000000e+00 0.000000e+00 0.000000e+00 0.000000e+00 9.431141e-84 1.188966e-41 4.869159e-42 9.115708e-24 1.632896e-30 0.000000e+00
71.000000 70.000000 72.000000 180.610001 3.087412e-01 9.896990e+10 2.036336e+04 3.156479e+07 1.179309e+01 4.149701e-01 1.043877e-07 5.365105e+06 3.597956e-02 8.618374e-20 1.613601e-16 2.595184e+01 1.613971e-02 2.013043e-08 1.342587e-13 9.918681e-33 3.010196e-13 3.470818e-14 4.400246e-18 1.513551e-05 1.162736e+11 1.681553e+05 2.640389e+02 6.447647e-17 6.867700e-01 3.610827e-14 1.372872e-41 1.074232e-04 3.455070e-13 6.317348e-06 3.620187e-10 2.610192e-01 2.832808e-01 2.063897e-02 6.595992e-05 2.789646e-06 6.203926e-06 6.106168e-06 2.691416e-14 3.997727e-16 0.000000e+00 0.000000e+00 0.000000e+00 0.000000e+00 0.000000e+00 0.000000e+00 0.000000e+00 0.000000e+00 0.000000e+00 0.000000e+00 0.000000e+00 0.000000e+00 1.226503e+13 5.611699e+07 8.657667e+09 1.114318e+14 1.878959e+01 4.763562e-13 3.010795e-03 9.870829e-04 1.419537e-02 2.076865e-02 1.625655e-05 1.950557e-06 4.328289e-10 5.299348e-18 7.653071e-23 1.263572e-25 0.000000e+00 0.000000e+00 2.598732e-21 3.912163e-09 3.198470e-07 0.000000e+00 0.000000e+00 0.000000e+00 0.000000e+00 0.000000e+00 0.000000e+00 2.473897e-129 2.831109e+01 0.000000e+00 0.000000e+00 0.000000e+00 0.000000e+00 0.000000e+00 0.000000e+00 0.000000e+00 0.000000e+00 0.000000e+00 0.000000e+00 0.000000e+00 0.000000e+00 0.000000e+00 0.000000e+00 0.000000e+00 0.000000e+00 0.000000e+00 0.000000e+00 0.000000e+00 0.000000e+00 0.000000e+00 0.000000e+00 0.000000e+00 0.000000e+00 0.000000e+00 8.158509e-85 4.167391e-42 1.148933e-42 3.146149e-24 5.028778e-31 0.000000e+00
73.000000 72.000000 74.000000 180.610001 2.109020e-01 8.848363e+10 8.441422e+03 2.256710e+07 6.192650e+00 1.524000e-01 1.771545e-08 2.959124e+06 3.198768e-02 2.490159e-20 9.396489e-17 1.694006e+01 1.376131e-02 1.172205e-08 5.250666e-14 1.579584e-33 1.403711e-13 1.060118e-14 8.529263e-19 1.332114e-05 1.001148e+11 9.683847e+04 2.136223e+02 2.853260e-17 3.421529e-01 8.075332e-15 1.254649e-41 8.657857e-05 3.050481e-13 5.039706e-06 2.296406e-10 1.462816e-01 2.039407e-01 1.571279e-02 6.284444e-05 1.766740e-06 4.928111e-06 4.458442e-06 3.236223e-14 3.072803e-16 0.000000e+00 0.000000e+00 0.000000e+00 0.000000e+00 0.000000e+00 0.000000e+00 0.000000e+00 0.000000e+00 0.000000e+00 0.000000e+00 0.000000e+00 0.000000e+00 8.357586e+12 3.833140e+07 5.819943e+09 7.611937e+13 2.617752e+01 2.315240e-13 2.490375e-03 8.212124e-04 1.174107e-02 1.612169e-02 1.400748e-05 6.760847e-07 4.561678e-10 2.571949e-18 2.690542e-23 1.109376e-25 0.000000e+00 0.000000e+00 3.848338e-22 1.716504e-09 2.334779e-07 0.000000e+00 0.000000e+00 0.000000e+00 0.000000e+00 0.000000e+00 0.000000e+00 1.689926e-129 3.065617e+01 0.000000e+00 0.000000e+00 0.000000e+00 0.000000e+00 0.000000e+00 0.000000e+00 0.000000e+00 0.000000e+00 0.000000e+00 0.000000e+00 0.000000e+00 0.000000e+00 0.000000e+00 0.000000e+00 0.000000e+00 0.000000e+00 0.000000e+00 0.000000e+00 0.000000e+00 0.000000e+00 0.000000e+00 0.000000e+00 0.000000e+00 0.000000e+00 0.000000e+00 7.057570e-86 1.513975e-42 2.678095e-43 1.083742e-24 1.529410e-31 0.000000e+00
75.000000 74.000000 76.000000 180.610001 1.440677e-01 7.749516e+10 3.359797e+03 1.594109e+07 3.407428e+00 5.548042e-02 2.989598e-09 1.609941e+06 2.787066e-02 7.067712e-21 5.443091e-17 1.104785e+01 1.150581e-02 6.691508e-09 2.001546e-14 2.408541e-34 6.478160e-14 3.326882e-15 1.697593e-19 1.131827e-05 8.517885e+10 5.471054e+04 1.613369e+02 1.196347e-17 1.705695e-01 1.813351e-15 1.077261e-41 6.538874e-05 2.569672e-13 3.783024e-06 1.477448e-10 8.016162e-02 1.438598e-01 1.171597e-02 5.687290e-05 1.134098e-06 3.936254e-06 3.177322e-06 5.357153e-14 2.250175e-16 0.000000e+00 0.000000e+00 0.000000e+00 0.000000e+00 0.000000e+00 0.000000e+00 0.000000e+00 0.000000e+00 0.000000e+00 0.000000e+00 0.000000e+00 0.000000e+00 5.692301e+12 2.617324e+07 3.845004e+09 5.199736e+13 3.520232e+01 1.112976e-13 1.935126e-03 6.407289e-04 9.123320e-03 1.203125e-02 1.163974e-05 2.474839e-07 4.491506e-10 1.154930e-18 8.910521e-24 9.296957e-26 0.000000e+00 0.000000e+00 5.538583e-23 7.290000e-10 1.680002e-07 0.000000e+00 0.000000e+00 0.000000e+00 0.000000e+00 0.000000e+00 0.000000e+00 1.154393e-129 3.055816e+01 0.000000e+00 0.000000e+00 0.000000e+00 0.000000e+00 0.000000e+00 0.000000e+00 0.000000e+00 0.000000e+00 0.000000e+00 0.000000e+00 0.000000e+00 0.000000e+00 0.000000e+00 0.000000e+00 0.000000e+00 0.000000e+00 0.000000e+00 0.000000e+00 0.000000e+00 0.000000e+00 0.000000e+00 0.000000e+00 0.000000e+00 0.000000e+00 0.000000e+00 6.105183e-87 5.746924e-43 6.173739e-44 3.723280e-25 4.599955e-32 0.000000e+00
77.000000 76.000000 78.000000 180.610001 9.841305e-02 6.658485e+10 1.288545e+03 1.114780e+07 1.958910e+00 2.006257e-02 5.025406e-10 8.658437e+05 2.381973e-02 1.976498e-21 3.145299e-17 7.197214e+00 9.431850e-03 3.743955e-09 7.427540e-15 3.511101e-35 2.960601e-14 1.069574e-15 3.475312e-20 5.910316e-04 7.158105e+10 3.041545e+04 1.158154e+02 4.823320e-18 8.513016e-02 4.091544e-16 8.812559e-42 4.720974e-05 2.105937e-13 2.722793e-06 9.711402e-11 4.308837e-02 1.001642e-01 8.577947e-03 4.943795e-05 7.429133e-07 3.181211e-06 2.223850e-06 9.497543e-14 1.590705e-16 0.000000e+00 0.000000e+00 0.000000e+00 0.000000e+00 0.000000e+00 0.000000e+00 0.000000e+00 0.000000e+00 0.000000e+00 0.000000e+00 0.000000e+00 0.000000e+00 3.875031e+12 1.786325e+07 2.500369e+09 3.551954e+13 4.610259e+01 5.300760e-14 1.440420e-03 4.783012e-04 6.791243e-03 8.688326e-03 9.445527e-06 9.523587e-08 4.226847e-10 4.889506e-19 2.814933e-24 7.578749e-26 0.000000e+00 0.000000e+00 7.758635e-24 3.126679e-10 1.194546e-07 0.000000e+00 0.000000e+00 0.000000e+00 0.000000e+00 0.000000e+00 0.000000e+00 7.885692e-130 2.863654e+01 0.000000e+00 0.000000e+00 0.000000e+00 0.000000e+00 0.000000e+00 0.000000e+00 0.000000e+00 0.000000e+00 0.000000e+00 0.000000e+00 0.000000e+00 0.000000e+00 0.000000e+00 0.000000e+00 0.000000e+00 0.000000e+00 0.000000e+00 0.000000e+00 0.000000e+00 0.000000e+00 0.000000e+00 0.000000e+00 0.000000e+00 0.000000e+00 0.000000e+00 5.281318e-88 2.304670e-43 1.413126e-44 1.275588e-25 1.370083e-32 0.000000e+00
79.000000 78.000000 80.000000 180.610001 6.722624e-02 5.617301e+10 4.775417e+02 7.733113e+06 1.172312e+00 7.226061e-03 8.428361e-11 4.612328e+05 1.998581e-02 5.467024e-22 1.819008e-17 4.682729e+00 7.570780e-03 2.050408e-09 2.675574e-15 4.879395e-36 1.340207e-14 3.505570e-16 7.312168e-21 3.834986e-02 5.937550e+10 1.668558e+04 8.002329e+01 1.892009e-18 4.254960e-02 9.279897e-17 6.945585e-42 3.305101e-05 1.703819e-13 1.904730e-06 6.517430e-11 2.278393e-02 6.918333e-02 6.184932e-03 4.161503e-05 4.960536e-07 2.595269e-06 1.535632e-06 1.803209e-13 1.096027e-16 0.000000e+00 0.000000e+00 0.000000e+00 0.000000e+00 0.000000e+00 0.000000e+00 0.000000e+00 0.000000e+00 0.000000e+00 0.000000e+00 0.000000e+00 0.000000e+00 2.636566e+12 1.218469e+07 1.602855e+09 2.426349e+13 5.865026e+01 2.507459e-14 1.042000e-03 3.466847e-04 4.912986e-03 6.120427e-03 7.511807e-06 3.833348e-08 3.864191e-10 1.974636e-19 8.520572e-25 6.098294e-26 0.000000e+00 0.000000e+00 1.059328e-24 1.417502e-10 8.411701e-08 0.000000e+00 0.000000e+00 0.000000e+00 0.000000e+00 0.000000e+00 0.000000e+00 5.386737e-130 2.561857e+01 0.000000e+00 0.000000e+00 0.000000e+00 0.000000e+00 0.000000e+00 0.000000e+00 0.000000e+00 0.000000e+00 0.000000e+00 0.000000e+00 0.000000e+00 0.000000e+00 0.000000e+00 0.000000e+00 0.000000e+00 0.000000e+00 0.000000e+00 0.000000e+00 0.000000e+00 0.000000e+00 0.000000e+00 0.000000e+00 0.000000e+00 0.000000e+00 0.000000e+00 4.568656e-89 9.870081e-44 3.229412e-45 4.358739e-26 4.046238e-33 0.000000e+00
81.000000 80.000000 82.000000 180.610001 4.592242e-02 4.655184e+10 1.714290e+02 5.330734e+06 7.279310e-01 2.599724e-03 1.412857e-11 2.438027e+05 1.647635e-02 1.501912e-22 1.056177e-17 3.042565e+00 5.939748e-03 1.097069e-09 9.319918e-16 6.437754e-37 6.009703e-15 1.165415e-16 1.576566e-21 1.337774e+00 4.857840e+10 9.055400e+03 5.366423e+01 7.285041e-19 2.130034e-02 2.115747e-17 5.319378e-42 2.265801e-05 1.375172e-13 1.307371e-06 4.432475e-11 1.188310e-02 4.755681e-02 4.404038e-03 3.409676e-05 3.349788e-07 2.118066e-06 1.049638e-06 1.253141e-12 7.409998e-17 0.000000e+00 0.000000e+00 0.000000e+00 0.000000e+00 0.000000e+00 0.000000e+00 0.000000e+00 0.000000e+00 0.000000e+00 0.000000e+00 0.000000e+00 0.000000e+00 1.793028e+12 8.305225e+06 1.014413e+09 1.657446e+13 7.206795e+01 1.181520e-14 7.402969e-04 2.466159e-04 3.490471e-03 4.235730e-03 5.850147e-06 1.606881e-08 3.468343e-10 7.658107e-20 2.469561e-25 4.896344e-26 0.000000e+00 0.000000e+00 1.411257e-25 7.049041e-11 5.877421e-08 0.000000e+00 0.000000e+00 0.000000e+00 0.000000e+00 0.000000e+00 0.000000e+00 3.679696e-130 2.212333e+01 0.000000e+00 0.000000e+00 0.000000e+00 0.000000e+00 0.000000e+00 0.000000e+00 0.000000e+00 0.000000e+00 0.000000e+00 0.000000e+00 0.000000e+00 0.000000e+00 0.000000e+00 0.000000e+00 0.000000e+00 0.000000e+00 0.000000e+00 0.000000e+00 0.000000e+00 0.000000e+00 0.000000e+00 0.000000e+00 0.000000e+00 0.000000e+00 0.000000e+00 3.952242e-90 4.547697e-44 7.412776e-46 1.486036e-26 1.186259e-33 0.000000e+00
83.000000 82.000000 84.000000 180.610001 3.136974e-02 3.791556e+10 5.974059e+01 3.656754e+06 4.677721e-01 9.364584e-04 2.372632e-12 1.280835e+05 1.335804e-02 4.114130e-23 6.172443e-18 1.974179e+00 4.548846e-03 5.726331e-10 3.127279e-16 8.030815e-38 2.670446e-15 3.914345e-17 3.469260e-22 1.782745e+01 3.918333e+10 4.872588e+03 3.510616e+01 2.771038e-19 1.067959e-02 4.847767e-18 3.984506e-42 1.531331e-05 1.115393e-13 8.863097e-07 3.028332e-11 6.128179e-03 3.260005e-02 3.104699e-03 2.729186e-05 2.267376e-07 1.713062e-06 7.119412e-07 1.340202e-11 4.939534e-17 0.000000e+00 0.000000e+00 0.000000e+00 0.000000e+00 0.000000e+00 0.000000e+00 0.000000e+00 0.000000e+00 0.000000e+00 0.000000e+00 0.000000e+00 0.000000e+00 1.218823e+12 5.655475e+06 6.346852e+08 1.132206e+13 8.532384e+01 5.563119e-15 5.204858e-04 1.735078e-04 2.453858e-03 2.896312e-03 4.460985e-06 6.990598e-09 3.078066e-10 2.864489e-20 6.846076e-26 3.953154e-26 0.000000e+00 0.000000e+00 1.836215e-26 3.888863e-11 4.081561e-08 0.000000e+00 0.000000e+00 0.000000e+00 0.000000e+00 0.000000e+00 0.000000e+00 2.513610e-130 1.859577e+01 0.000000e+00 0.000000e+00 0.000000e+00 0.000000e+00 0.000000e+00 0.000000e+00 0.000000e+00 0.000000e+00 0.000000e+00 0.000000e+00 0.000000e+00 0.000000e+00 0.000000e+00 0.000000e+00 0.000000e+00 0.000000e+00 0.000000e+00 0.000000e+00 0.000000e+00 0.000000e+00 0.000000e+00 0.000000e+00 0.000000e+00 0.000000e+00 0.000000e+00 3.419225e-91 2.258547e-44 1.718309e-46 5.056922e-27 3.456408e-34 0.000000e+00
85.000000 84.000000 86.000000 180.610001 2.142875e-02 3.037307e+10 2.024996e+01 2.498507e+06 3.104896e-01 3.381837e-04 4.006249e-13 6.697326e+04 1.066146e-02 1.127325e-23 3.636360e-18 1.279306e+00 3.399059e-03 2.914101e-10 1.007520e-16 9.441898e-39 1.176962e-15 1.325117e-17 7.760007e-23 1.201988e+02 3.115790e+10 2.604621e+03 2.246800e+01 1.045868e-19 5.362662e-03 1.115815e-18 2.933399e-42 1.025197e-05 9.138580e-14 5.963769e-07 2.066973e-11 3.131940e-03 2.231205e-02 2.171560e-03 2.141353e-05 1.529465e-07 1.365872e-06 4.801271e-07 8.299915e-11 3.258827e-17 0.000000e+00 0.000000e+00 0.000000e+00 0.000000e+00 0.000000e+00 0.000000e+00 0.000000e+00 0.000000e+00 0.000000e+00 0.000000e+00 0.000000e+00 0.000000e+00 8.281892e+11 3.846021e+06 3.929667e+08 7.734129e+12 9.753774e+01 2.626627e-15 3.641547e-04 1.214142e-04 1.716462e-03 1.965661e-03 3.338763e-06 3.148009e-09 2.715142e-10 1.037327e-20 1.817230e-26 3.226988e-26 0.000000e+00 0.000000e+00 2.335164e-27 2.341573e-11 2.821020e-08 0.000000e+00 0.000000e+00 0.000000e+00 0.000000e+00 0.000000e+00 0.000000e+00 1.717054e-130 1.531493e+01 0.000000e+00 0.000000e+00 0.000000e+00 0.000000e+00 0.000000e+00 0.000000e+00 0.000000e+00 0.000000e+00 0.000000e+00 0.000000e+00 0.000000e+00 0.000000e+00 0.000000e+00 0.000000e+00 0.000000e+00 0.000000e+00 0.000000e+00 0.000000e+00 0.000000e+00 0.000000e+00 0.000000e+00 0.000000e+00 0.000000e+00 0.000000e+00 0.000000e+00 2.958808e-92 1.204061e-44 4.038550e-47 1.718270e-27 1.001982e-34 0.000000e+00
87.000000 86.000000 88.000000 180.610001 1.463804e-02 2.395367e+10 6.686619e+00 1.701025e+06 2.126168e-01 1.224359e-04 6.849268e-14 3.490080e+04 8.386662e-03 3.096796e-24 2.160751e-18 8.280746e-01 2.479172e-03 1.446011e-10 3.108109e-17 1.044143e-39 5.152743e-16 4.517303e-18 1.758559e-23 5.028812e+02 2.443463e+10 1.385571e+03 1.409005e+01 3.928483e-20 2.696956e-03 2.578660e-19 2.130295e-42 6.823073e-06 7.591497e-14 3.998481e-07 1.407530e-11 1.589547e-03 1.525738e-02 1.509663e-03 1.653120e-05 1.026541e-07 1.073709e-06 3.224687e-07 3.203464e-10 2.134558e-17 0.000000e+00 0.000000e+00 0.000000e+00 0.000000e+00 0.000000e+00 0.000000e+00 0.000000e+00 0.000000e+00 0.000000e+00 0.000000e+00 0.000000e+00 0.000000e+00 5.625881e+11 2.610636e+06 2.408586e+08 5.283206e+12 1.082332e+02 1.249449e-15 2.545926e-04 8.486020e-05 1.199602e-03 1.329272e-03 2.464061e-06 1.464811e-09 2.390543e-10 3.651379e-21 4.635506e-27 2.673836e-26 0.000000e+00 0.000000e+00 2.903595e-28 1.497423e-11 1.942796e-08 0.000000e+00 0.000000e+00 0.000000e+00 0.000000e+00 0.000000e+00 0.000000e+00 1.172925e-130 1.242812e+01 0.000000e+00 0.000000e+00 0.000000e+00 0.000000e+00 0.000000e+00 0.000000e+00 0.000000e+00 0.000000e+00 0.000000e+00 0.000000e+00 0.000000e+00 0.000000e+00 0.000000e+00 0.000000e+00 0.000000e+00 0.000000e+00 0.000000e+00 0.000000e+00 0.000000e+00 0.000000e+00 0.000000e+00 0.000000e+00 0.000000e+00 0.000000e+00 0.000000e+00 2.562804e-93 6.830838e-45 9.645344e-48 5.831535e-28 2.892812e-35 0.000000e+00
89.000000 88.000000 90.000000 180.610001 9.999286e-03 1.861746e+10 2.152730e+00 1.153748e+06 1.501738e-01 4.438359e-05 1.202695e-14 1.815139e+04 6.509472e-03 8.537044e-25 1.294609e-18 5.355340e-01 1.766840e-03 7.001156e-11 9.161681e-18 1.085143e-40 2.246167e-16 1.551934e-18 4.029488e-24 1.508770e+03 1.890912e+10 7.348427e+02 8.668470e+00 1.471423e-20 1.358841e-03 5.980402e-20 1.530229e-42 4.527187e-06 6.412907e-14 2.680360e-07 9.588838e-12 8.027627e-04 1.042824e-02 1.044636e-03 1.260958e-05 6.871020e-08 8.362391e-07 2.160026e-07 8.807561e-10 1.392381e-17 0.000000e+00 0.000000e+00 0.000000e+00 0.000000e+00 0.000000e+00 0.000000e+00 0.000000e+00 0.000000e+00 0.000000e+00 0.000000e+00 0.000000e+00 0.000000e+00 3.820875e+11 1.767372e+06 1.460955e+08 3.608971e+12 1.174636e+02 6.032127e-16 1.784789e-04 5.945308e-05 8.405693e-04 8.991968e-04 1.805209e-06 7.038507e-10 2.108621e-10 1.255214e-21 1.143177e-27 2.255646e-26 0.000000e+00 0.000000e+00 3.529348e-29 9.954154e-12 1.334425e-08 0.000000e+00 0.000000e+00 0.000000e+00 0.000000e+00 0.000000e+00 0.000000e+00 8.012278e-131 9.991056e+00 0.000000e+00 0.000000e+00 0.000000e+00 0.000000e+00 0.000000e+00 0.000000e+00 0.000000e+00 0.000000e+00 0.000000e+00 0.000000e+00 0.000000e+00 0.000000e+00 0.000000e+00 0.000000e+00 0.000000e+00 0.000000e+00 0.000000e+00 0.000000e+00 0.000000e+00 0.000000e+00 0.000000e+00 0.000000e+00 0.000000e+00 0.000000e+00 0.000000e+00 2.228753e-94 4.078948e-45 2.341896e-48 1.977342e-28 8.325113e-36 0.000000e+00
91.000000 90.000000 92.000000 180.610001 6.830540e-03 1.427270e+10 6.759698e-01 7.789999e+05 1.096040e-01 1.608204e-05 2.234250e-15 9.440840e+03 4.989021e-03 2.361245e-25 7.813835e-19 3.462257e-01 1.232722e-03 3.312132e-11 2.577375e-18 1.060343e-41 9.790637e-17 5.392868e-19 9.336290e-25 3.622269e+03 1.444761e+10 3.894667e+02 5.241924e+00 5.503479e-21 6.866811e-04 1.391320e-20 1.089360e-42 3.003605e-06 5.526560e-14 1.803159e-07 6.585695e-12 4.044047e-04 7.125724e-03 7.202963e-04 9.544827e-06 4.612306e-08 6.506441e-07 1.444945e-07 1.924022e-09 9.082116e-18 0.000000e+00 0.000000e+00 0.000000e+00 0.000000e+00 0.000000e+00 0.000000e+00 0.000000e+00 0.000000e+00 0.000000e+00 0.000000e+00 0.000000e+00 0.000000e+00 2.594744e+11 1.191936e+06 8.764366e+07 2.465298e+12 1.259562e+02 2.993847e-16 1.259259e-04 4.192146e-05 5.928234e-04 6.113829e-04 1.325859e-06 3.497775e-10 1.870867e-10 4.242735e-22 2.750886e-28 1.943366e-26 0.000000e+00 0.000000e+00 4.192659e-30 6.818883e-12 9.147994e-09 0.000000e+00 0.000000e+00 0.000000e+00 0.000000e+00 0.000000e+00 0.000000e+00 5.473210e-131 8.004779e+00 0.000000e+00 0.000000e+00 0.000000e+00 0.000000e+00 0.000000e+00 0.000000e+00 0.000000e+00 0.000000e+00 0.000000e+00 0.000000e+00 0.000000e+00 0.000000e+00 0.000000e+00 0.000000e+00 0.000000e+00 0.000000e+00 0.000000e+00 0.000000e+00 0.000000e+00 0.000000e+00 0.000000e+00 0.000000e+00 0.000000e+00 0.000000e+00 0.000000e+00 1.973748e-95 2.535590e-45 5.774489e-49 6.700866e-29 2.390049e-36 0.000000e+00
93.000000 92.000000 94.000000 180.610001 4.665962e-03 1.079570e+10 2.071653e-01 5.227790e+05 8.306504e-02 5.821322e-06 4.648839e-16 4.930007e+03 3.775420e-03 6.543552e-26 4.744873e-19 2.240145e-01 8.449089e-04 1.535171e-11 6.922503e-19 9.764093e-43 4.301793e-17 1.911125e-19 2.194912e-25 7.498412e+03 1.089948e+10 2.071447e+02 3.127963e+00 2.059401e-21 3.491833e-04 3.246615e-21 7.695899e-43 2.002330e-06 4.885726e-14 1.224333e-07 4.616302e-12 2.040680e-04 4.868397e-03 4.953165e-04 7.195826e-06 3.126646e-08 5.098928e-07 9.666255e-08 3.608818e-09 5.966647e-18 0.000000e+00 0.000000e+00 0.000000e+00 0.000000e+00 0.000000e+00 0.000000e+00 0.000000e+00 0.000000e+00 0.000000e+00 0.000000e+00 0.000000e+00 0.000000e+00 1.762174e+11 7.994233e+05 5.201876e+07 1.684053e+12 1.349252e+02 1.563119e-16 8.992467e-05 2.992278e-05 4.232346e-04 4.206850e-04 9.891857e-07 1.806144e-10 1.680253e-10 1.425177e-22 6.546181e-29 1.718835e-26 0.000000e+00 0.000000e+00 4.873666e-31 4.826899e-12 6.262770e-09 0.000000e+00 0.000000e+00 0.000000e+00 0.000000e+00 0.000000e+00 0.000000e+00 3.738765e-131 6.441486e+00 0.000000e+00 0.000000e+00 0.000000e+00 0.000000e+00 0.000000e+00 0.000000e+00 0.000000e+00 0.000000e+00 0.000000e+00 0.000000e+00 0.000000e+00 0.000000e+00 0.000000e+00 0.000000e+00 0.000000e+00 0.000000e+00 0.000000e+00 0.000000e+00 0.000000e+00 0.000000e+00 0.000000e+00 0.000000e+00 0.000000e+00 0.000000e+00 0.000000e+00 1.895768e-96 1.625007e-45 1.442953e-49 2.271467e-29 6.850901e-37 0.000000e+00
95.000000 94.000000 96.000000 180.610001 3.187331e-03 8.050238e+09 6.217987e-02 3.477981e+05 6.600675e-02 2.113926e-06 1.186825e-16 2.607828e+03 2.816461e-03 1.812893e-26 2.894779e-19 1.453955e-01 5.728168e-04 7.011515e-12 1.781213e-19 8.518462e-44 1.935799e-17 7.022000e-20 5.287451e-26 1.387999e+04 8.111389e+09 1.115455e+02 1.853738e+00 7.756537e-22 1.802415e-04 7.608336e-22 5.399131e-43 1.355425e-06 4.485719e-14 8.488628e-08 3.370976e-12 1.041190e-04 3.325907e-03 3.398931e-04 5.409154e-06 2.158458e-08 4.040224e-07 6.476711e-08 6.073196e-09 4.006947e-18 0.000000e+00 4.418629e-41 0.000000e+00 2.666653e-25 0.000000e+00 0.000000e+00 0.000000e+00 0.000000e+00 0.000000e+00 0.000000e+00 0.000000e+00 0.000000e+00 1.197087e+11 5.318448e+05 3.067463e+07 1.150381e+12 1.461379e+02 8.925594e-17 6.570150e-05 2.175870e-05 3.085093e-04 2.957394e-04 7.645261e-07 9.784271e-11 1.547186e-10 4.844594e-23 1.574791e-29 1.578770e-26 5.276172e-43 0.000000e+00 5.579006e-32 3.585126e-12 4.283480e-09 0.000000e+00 1.566601e-32 2.138195e-32 2.233780e-42 1.969035e-81 0.000000e+00 2.553961e-131 5.248631e+00 0.000000e+00 0.000000e+00 0.000000e+00 0.000000e+00 0.000000e+00 0.000000e+00 0.000000e+00 0.000000e+00 0.000000e+00 0.000000e+00 0.000000e+00 0.000000e+00 0.000000e+00 0.000000e+00 0.000000e+00 0.000000e+00 0.000000e+00 0.000000e+00 0.000000e+00 0.000000e+00 0.000000e+00 0.000000e+00 0.000000e+00 0.000000e+00 0.000000e+00 2.450945e-97 1.065401e-45 3.644905e-50 7.735083e-30 1.966062e-37 0.000000e+00
97.000000 96.000000 98.000000 180.610001 2.177275e-03 5.902412e+09 1.848937e-02 2.284226e+05 5.681903e-02 7.827915e-07 4.180960e-17 1.426233e+03 2.062580e-03 5.031359e-27 1.772093e-19 9.509350e-02 3.894105e-04 3.193168e-12 4.429625e-20 7.116544e-45 9.194605e-18 2.800534e-20 1.347848e-26 2.306200e+04 5.938705e+09 6.201130e+01 1.099464e+00 3.020115e-22 9.651593e-05 1.816119e-22 3.761263e-43 9.507598e-07 4.406884e-14 6.173144e-08 2.747800e-12 5.494998e-05 2.272038e-03 2.328449e-04 4.036020e-06 1.556786e-08 3.219393e-07 4.354969e-08 9.355679e-09 2.839718e-18 0.000000e+00 0.000000e+00 0.000000e+00 1.692592e-24 0.000000e+00 0.000000e+00 0.000000e+00 0.000000e+00 2.276932e-36 0.000000e+00 0.000000e+00 0.000000e+00 8.137549e+10 3.495924e+05 1.822796e+07 7.858283e+11 1.674798e+02 5.984533e-17 5.022035e-05 1.606808e-05 2.318496e-04 2.148517e-04 6.496338e-07 5.744613e-11 1.496347e-10 1.732990e-23 4.063018e-30 1.549206e-26 2.692114e-42 0.000000e+00 6.412159e-33 2.985022e-12 2.927842e-09 0.000000e+00 9.945206e-32 1.357137e-31 0.000000e+00 0.000000e+00 0.000000e+00 1.744617e-131 4.322418e+00 0.000000e+00 0.000000e+00 0.000000e+00 0.000000e+00 0.000000e+00 0.000000e+00 0.000000e+00 0.000000e+00 0.000000e+00 0.000000e+00 0.000000e+00 0.000000e+00 0.000000e+00 0.000000e+00 0.000000e+00 0.000000e+00 0.000000e+00 0.000000e+00 0.000000e+00 0.000000e+00 0.000000e+00 0.000000e+00 0.000000e+00 0.000000e+00 0.000000e+00 5.739099e-98 7.105104e-46 9.299842e-51 2.710712e-30 5.756802e-38 0.000000e+00
99.000000 98.000000 100.000000 180.610001 1.487302e-03 4.223714e+09 5.600159e-03 1.470739e+05 5.773783e-02 3.086600e-07 2.268387e-17 8.418461e+02 1.470120e-03 1.518383e-27 1.089267e-19 6.317621e-02 2.694066e-04 1.467133e-12 1.070307e-20 6.042621e-46 4.839065e-18 1.341263e-20 4.141804e-27 3.282130e+04 4.246150e+09 3.702528e+01 6.621216e-01 1.356492e-22 5.620402e-05 5.093345e-23 2.598613e-43 6.999717e-07 4.944061e-14 4.977502e-08 2.940732e-12 3.157700e-05 1.552066e-03 1.592787e-04 2.940778e-06 1.228057e-08 2.502004e-07 2.946293e-08 1.286646e-08 2.265112e-18 0.000000e+00 0.000000e+00 0.000000e+00 9.765677e-24 0.000000e+00 0.000000e+00 0.000000e+00 0.000000e+00 5.500960e-36 0.000000e+00 0.000000e+00 0.000000e+00 5.539840e+10 2.256118e+05 1.129061e+07 5.368016e+11 2.254728e+02 5.405723e-17 4.202996e-05 1.161603e-05 1.811212e-04 1.648030e-04 6.975394e-07 3.983303e-11 1.552508e-10 7.078838e-24 1.320994e-30 1.731050e-26 1.981116e-41 0.000000e+00 8.009890e-34 3.260223e-12 2.000398e-09 0.000000e+00 6.377805e-31 8.678741e-31 0.000000e+00 0.000000e+00 0.000000e+00 1.191753e-131 3.464341e+00 0.000000e+00 0.000000e+00 0.000000e+00 0.000000e+00 0.000000e+00 0.000000e+00 0.000000e+00 0.000000e+00 0.000000e+00 0.000000e+00 0.000000e+00 0.000000e+00 0.000000e+00 0.000000e+00 0.000000e+00 0.000000e+00 0.000000e+00 0.000000e+00 0.000000e+00 0.000000e+00 0.000000e+00 0.000000e+00 0.000000e+00 0.000000e+00 0.000000e+00 2.215919e-98 4.801110e-46 2.523548e-51 1.105475e-30 1.971805e-38 0.000000e+00
