# z		 z0		 z1		 T		 P		1		2		3		4		5		6		7		8		9		10		11		12		13		14		15		16		17		18		19		20		21		22		23		24		25		26		27		28		29		30		31		32		33		34		35		36		37		38		39		40		41		42		43		44		45		46		47		48		49		50		51		52		53		54		55		56		57		58		59		60		61		62		63		64		65		66		67		68		69		70		71		72		73		74		75		76		77		78		79		80		81		82		83		84		85		86		87		88		89		90		91		92		93		94		95		96		97		98		99		100		101		102		103		104		105		106		107		108		109		110		111		
#  km		 km		 km		 K		 Pa		
1.000000 0.000000 2.000000 290.891257 9.402690e+04 4.670450e+05 7.767495e+03 1.684294e+07 7.565041e+04 2.859196e+08 1.358336e+10 2.341182e+17 4.871020e-08 2.068050e-05 1.355051e-08 2.340691e+06 1.259860e+00 2.246686e-01 8.558447e-06 1.016661e-14 3.695133e+00 1.871083e-03 2.345321e-02 2.786522e-23 9.178960e+13 9.008071e+12 9.339675e+09 5.568908e-05 1.094133e+08 3.225438e+07 3.382330e-39 3.986939e-01 5.280634e-05 1.076269e+03 3.061868e+00 3.735215e+06 4.171608e-10 5.612629e+03 3.790174e+02 1.047822e+06 4.098931e+00 1.376765e-01 7.055847e-17 6.622144e-13 1.170537e-19 3.575496e-33 4.609120e-17 1.401507e-15 3.821808e-25 2.973706e-15 7.126718e-18 4.043510e-17 8.147208e-18 1.408022e-30 6.070149e-51 0.000000e+00 2.341182e+18 9.843979e+14 2.558681e+08 2.107065e+19 9.445469e-09 1.426731e-08 2.517921e-17 5.099943e-08 7.602012e+04 1.325139e+08 4.961682e+03 1.415397e+09 1.149694e-11 1.326994e-03 2.450407e-03 4.903775e-18 3.633992e-19 0.000000e+00 1.514210e-02 9.800496e+03 4.955617e-04 2.004432e-16 1.846971e-27 1.250141e-26 2.807382e-36 1.206766e-64 0.000000e+00 0.000000e+00 2.863106e-09 0.000000e+00 0.000000e+00 0.000000e+00 0.000000e+00 0.000000e+00 0.000000e+00 0.000000e+00 0.000000e+00 0.000000e+00 0.000000e+00 0.000000e+00 0.000000e+00 0.000000e+00 0.000000e+00 0.000000e+00 0.000000e+00 0.000000e+00 0.000000e+00 0.000000e+00 0.000000e+00 0.000000e+00 0.000000e+00 0.000000e+00 0.000000e+00 0.000000e+00 1.232551e-49 3.200458e-22 4.938264e-22 2.454681e-08 1.257382e-16 0.000000e+00
3.000000 2.000000 4.000000 281.110889 7.346635e+04 2.599387e+06 4.724106e+05 8.605710e+06 6.570109e+04 3.849617e+08 1.671948e+10 1.443698e+16 1.238867e-07 1.676338e-05 8.754871e-09 1.893899e+06 1.714274e+00 1.470714e+00 3.479807e-04 1.274260e-12 2.580383e-01 1.782336e-03 4.630172e-02 2.933261e-22 7.428520e+13 7.283063e+12 2.468146e+09 7.663222e-05 8.737869e+07 3.671125e+07 2.336754e-39 3.724096e-01 1.276004e-04 1.471908e+03 1.237872e+02 3.007478e+06 8.165559e-10 4.822668e+03 2.225862e+02 5.047265e+05 7.897433e+01 1.116336e-01 4.501969e-17 1.499906e-11 5.259032e-19 2.343769e-32 5.827735e-16 1.790022e-15 9.734127e-24 1.327458e-15 1.299459e-17 7.084238e-17 1.007576e-18 1.349914e-30 6.182269e-51 0.000000e+00 1.892887e+18 7.958936e+14 2.254592e+10 1.703598e+19 9.126471e-07 3.583705e-09 3.501275e-16 8.569299e-08 6.404974e+04 4.517162e+06 3.780241e+03 1.192008e+07 1.482832e-10 4.368621e-03 2.670253e-03 4.900934e-18 1.490885e-20 0.000000e+00 7.833417e-01 2.568607e+05 4.043370e-04 2.970891e-16 3.480308e-27 2.358086e-26 0.000000e+00 9.900339e-62 0.000000e+00 0.000000e+00 2.008037e-07 0.000000e+00 0.000000e+00 0.000000e+00 0.000000e+00 0.000000e+00 0.000000e+00 0.000000e+00 0.000000e+00 0.000000e+00 0.000000e+00 0.000000e+00 0.000000e+00 0.000000e+00 0.000000e+00 0.000000e+00 0.000000e+00 0.000000e+00 0.000000e+00 0.000000e+00 0.000000e+00 0.000000e+00 0.000000e+00 0.000000e+00 0.000000e+00 0.000000e+00 1.148927e-49 3.982776e-22 2.779935e-22 1.712472e-08 1.005707e-16 0.000000e+00
5.000000 4.000000 6.000000 270.516579 5.688280e+04 6.701839e+06 2.835734e+06 5.836068e+06 7.547261e+04 3.251862e+08 1.390847e+10 3.583028e+15 3.277787e-07 1.252386e-05 9.305255e-09 1.527123e+06 8.505481e-01 7.136750e-01 6.528616e-04 4.223204e-12 1.440769e-02 9.223508e-04 4.280943e-02 7.841731e-22 5.987704e+13 5.859823e+12 6.060097e+08 8.906208e-05 6.908694e+07 2.936844e+07 1.787081e-40 3.413697e-01 1.421317e-04 1.157284e+03 7.335220e+01 2.406194e+06 1.900257e-09 3.611024e+03 5.522914e+01 1.923766e+05 1.030034e+02 9.014705e-02 2.497282e-17 5.238014e-11 3.392567e-19 0.000000e+00 6.490396e-16 2.202732e-15 6.372003e-23 3.960798e-16 4.151943e-18 1.799836e-17 2.768552e-19 1.480381e-30 7.973287e-51 0.000000e+00 1.523003e+18 6.403644e+14 6.706198e+10 1.370704e+19 8.068087e-06 2.006053e-09 9.298810e-16 8.624090e-08 1.647607e+04 5.918753e+05 1.075347e+03 3.210317e+06 3.579580e-10 5.924740e-04 1.058655e-03 5.574291e-18 7.267289e-21 0.000000e+00 1.901031e+00 1.917413e+05 3.299821e-04 3.770761e-16 6.309486e-27 4.280569e-26 0.000000e+00 2.690860e-65 0.000000e+00 0.000000e+00 1.866362e-07 0.000000e+00 0.000000e+00 0.000000e+00 0.000000e+00 0.000000e+00 0.000000e+00 0.000000e+00 0.000000e+00 0.000000e+00 0.000000e+00 0.000000e+00 0.000000e+00 0.000000e+00 0.000000e+00 0.000000e+00 0.000000e+00 0.000000e+00 0.000000e+00 0.000000e+00 0.000000e+00 0.000000e+00 0.000000e+00 0.000000e+00 0.000000e+00 0.000000e+00 1.195958e-49 4.882456e-22 1.940942e-22 1.053074e-08 7.744543e-17 0.000000e+00
7.000000 6.000000 8.000000 258.403698 4.357089e+04 1.312803e+07 8.331610e+06 3.861668e+06 8.690008e+04 2.636695e+08 9.958409e+09 5.438506e+14 7.574791e-07 8.827365e-06 9.664655e-09 1.229624e+06 6.927136e-01 5.101097e-01 7.119509e-04 4.219208e-12 1.703945e-03 7.634159e-04 3.695452e-02 1.732050e-21 4.815256e+13 4.698839e+12 1.419280e+08 7.512125e-05 5.434947e+07 1.840653e+07 3.146918e-42 2.864167e-01 7.273773e-05 6.431363e+02 2.081155e+01 1.922717e+06 4.012744e-09 2.614239e+03 2.201507e+01 6.841316e+04 5.041312e+01 7.261812e-02 1.014143e-17 6.677108e-11 1.770267e-19 2.031214e-32 4.638670e-16 2.287116e-15 5.651537e-22 1.027636e-16 9.028678e-19 2.949229e-18 5.518623e-20 1.656819e-30 1.229217e-50 0.000000e+00 1.221269e+18 5.134933e+14 1.212312e+11 1.099143e+19 3.408646e-05 1.560909e-09 2.098033e-15 6.884664e-08 5.188502e+03 1.139014e+05 4.015298e+02 1.530672e+06 6.399220e-10 1.174981e-04 3.622002e-04 3.606023e-18 5.417272e-21 0.000000e+00 1.678482e+00 9.717893e+04 2.695502e-04 4.327743e-16 9.534750e-27 6.476991e-26 6.096778e-34 9.595751e-67 0.000000e+00 0.000000e+00 8.013286e-08 0.000000e+00 0.000000e+00 0.000000e+00 0.000000e+00 0.000000e+00 0.000000e+00 0.000000e+00 0.000000e+00 0.000000e+00 0.000000e+00 0.000000e+00 0.000000e+00 0.000000e+00 0.000000e+00 0.000000e+00 0.000000e+00 0.000000e+00 0.000000e+00 0.000000e+00 0.000000e+00 0.000000e+00 0.000000e+00 0.000000e+00 0.000000e+00 0.000000e+00 1.216551e-49 5.656349e-22 1.546692e-22 6.092757e-09 5.538144e-17 0.000000e+00
9.000000 8.000000 10.000000 245.207452 3.292082e+04 2.199387e+07 1.656098e+07 3.051517e+06 1.093368e+05 2.125753e+08 6.611959e+09 6.268308e+13 1.594875e-06 5.901182e-06 9.444270e-09 9.853251e+05 7.698939e-01 4.730729e-01 7.110129e-04 3.472534e-12 5.501853e-04 9.373147e-04 3.304321e-02 3.055230e-21 3.850211e+13 3.741329e+12 3.339097e+07 4.995849e-05 4.239167e+07 1.002272e+07 2.895631e-44 2.220953e-01 2.330395e-05 3.036390e+02 5.258292e+00 1.527692e+06 8.644638e-09 1.844201e+03 1.079789e+01 2.306190e+04 2.065878e+01 5.815282e-02 3.635133e-18 2.654665e-11 1.028809e-19 0.000000e+00 3.146253e-16 2.099212e-15 5.691078e-21 2.427800e-17 2.110115e-19 5.734076e-19 1.173795e-20 1.733973e-30 1.590558e-50 0.000000e+00 9.724126e+17 4.088572e+14 1.767446e+11 8.751719e+18 9.730712e-05 1.435943e-09 3.122951e-15 4.681602e-08 1.982940e+03 3.031065e+04 1.747431e+02 9.742732e+05 9.671146e-10 3.804694e-05 1.218039e-04 1.550231e-18 4.895406e-21 0.000000e+00 1.144215e+00 4.381973e+04 2.196253e-04 4.616422e-16 1.270195e-26 8.637168e-26 0.000000e+00 2.885569e-63 0.000000e+00 0.000000e+00 3.079396e-08 0.000000e+00 0.000000e+00 0.000000e+00 0.000000e+00 0.000000e+00 0.000000e+00 0.000000e+00 0.000000e+00 0.000000e+00 0.000000e+00 0.000000e+00 0.000000e+00 0.000000e+00 0.000000e+00 0.000000e+00 0.000000e+00 0.000000e+00 0.000000e+00 0.000000e+00 0.000000e+00 0.000000e+00 0.000000e+00 0.000000e+00 0.000000e+00 0.000000e+00 1.041412e-49 5.767787e-22 1.202650e-22 3.381050e-09 3.710171e-17 0.000000e+00
11.000000 10.000000 12.000000 234.833763 2.453660e+04 3.239005e+07 2.266167e+07 3.015756e+06 1.455603e+05 1.743966e+08 4.052933e+09 1.357518e+13 3.186700e-06 3.693818e-06 8.785079e-09 7.736388e+05 8.619164e-01 4.195433e-01 6.201061e-04 2.299343e-12 2.880208e-04 1.144003e-03 2.844509e-02 6.135928e-21 3.014514e+13 2.911647e+12 8.682529e+06 2.907135e-05 3.224373e+07 5.085750e+06 1.268338e-45 1.612516e-01 7.455247e-06 1.324289e+02 1.819534e+00 1.187113e+06 1.640350e-08 1.249521e+03 5.435785e+00 7.410721e+03 1.002754e+01 4.559257e-02 1.907820e-18 8.937895e-12 8.119301e-20 5.400060e-33 2.544117e-16 1.871916e-15 2.851181e-20 5.190253e-18 6.256288e-20 1.957635e-19 2.943834e-21 1.650456e-30 1.717424e-50 0.000000e+00 7.567760e+17 3.181901e+14 2.278268e+11 6.810989e+18 1.988313e-04 1.448207e-09 3.994991e-15 3.107124e-08 1.055753e+03 1.235916e+04 9.044783e+01 6.822763e+05 1.308999e-09 1.630707e-05 4.121546e-05 6.946368e-19 4.794366e-21 0.000000e+00 6.696453e-01 2.434603e+04 1.759785e-04 4.620334e-16 1.700276e-26 1.156191e-25 5.726504e-35 7.399641e-67 0.000000e+00 0.000000e+00 1.682507e-08 0.000000e+00 0.000000e+00 0.000000e+00 0.000000e+00 0.000000e+00 0.000000e+00 0.000000e+00 0.000000e+00 0.000000e+00 0.000000e+00 0.000000e+00 0.000000e+00 0.000000e+00 0.000000e+00 0.000000e+00 0.000000e+00 0.000000e+00 0.000000e+00 0.000000e+00 0.000000e+00 0.000000e+00 0.000000e+00 0.000000e+00 0.000000e+00 0.000000e+00 6.893707e-50 5.054904e-22 8.450636e-23 1.788868e-09 2.349228e-17 0.000000e+00
13.000000 12.000000 14.000000 226.970047 1.809035e+04 4.625581e+07 2.609569e+07 3.399823e+06 1.965102e+05 1.389397e+08 2.232553e+09 5.299781e+12 6.307275e-06 2.134800e-06 8.021105e-09 5.974207e+05 9.303462e-01 3.329589e-01 4.672114e-04 1.171562e-12 1.753703e-04 1.289750e-03 2.227898e-02 1.579848e-20 2.319986e+13 2.221055e+12 2.909388e+06 1.550425e-05 2.394274e+07 2.441396e+06 2.295933e-46 1.103967e-01 2.638788e-06 5.428938e+01 7.886419e-01 9.043866e+05 2.647078e-08 8.112455e+02 2.803486e+00 2.281423e+03 5.736519e+00 3.513228e-02 1.421418e-18 3.779854e-12 7.250117e-20 7.472926e-33 2.173722e-16 1.509723e-15 7.091336e-20 9.811341e-19 2.348333e-20 9.130517e-20 8.868255e-22 1.570398e-30 1.896465e-50 0.000000e+00 5.772871e+17 2.427222e+14 2.758499e+11 5.195589e+18 3.489890e-04 1.528926e-09 5.632050e-15 2.121848e-08 7.025826e+02 6.677155e+03 5.349192e+01 4.803786e+05 1.638776e-09 7.772241e-06 1.388159e-05 3.464126e-19 4.302922e-21 0.000000e+00 3.245333e-01 1.590605e+04 1.395663e-04 4.445247e-16 2.062397e-26 1.401548e-25 5.890299e-35 5.178845e-67 0.000000e+00 0.000000e+00 1.172612e-08 0.000000e+00 0.000000e+00 0.000000e+00 0.000000e+00 0.000000e+00 0.000000e+00 0.000000e+00 0.000000e+00 0.000000e+00 0.000000e+00 0.000000e+00 0.000000e+00 0.000000e+00 0.000000e+00 0.000000e+00 0.000000e+00 0.000000e+00 0.000000e+00 0.000000e+00 0.000000e+00 0.000000e+00 0.000000e+00 0.000000e+00 0.000000e+00 0.000000e+00 3.516407e-50 3.852416e-22 5.444760e-23 8.964977e-10 1.411889e-17 0.000000e+00
15.000000 14.000000 16.000000 217.337769 1.318259e+04 7.272638e+07 3.209300e+07 4.140128e+06 2.740043e+05 1.007857e+08 1.084603e+09 1.970276e+12 1.250831e-05 1.117489e-06 6.998113e-09 4.623555e+05 9.631776e-01 2.257765e-01 3.288962e-04 4.767253e-13 1.021431e-04 1.421892e-03 1.560989e-02 4.749055e-20 1.788076e+13 1.690213e+12 1.393724e+06 7.897277e-06 1.765316e+07 1.085980e+06 3.788925e-47 7.206225e-02 8.688380e-07 2.109252e+01 3.257520e-01 6.874392e+05 4.368794e-08 5.146862e+02 1.697021e+00 7.109864e+02 3.562406e+00 2.710850e-02 1.052048e-18 1.527834e-12 6.766771e-20 7.831666e-32 1.887831e-16 1.332894e-15 2.121686e-19 1.685433e-19 9.566375e-21 4.509055e-20 3.000557e-22 1.410715e-30 2.063833e-50 0.000000e+00 4.393178e+17 1.847119e+14 3.225687e+11 3.953867e+18 6.442003e-04 1.580264e-09 9.133133e-15 1.498953e-08 4.867777e+02 3.989895e+03 3.372703e+01 3.568984e+05 1.976852e-09 3.421023e-06 4.602390e-06 1.470725e-19 4.491163e-21 0.000000e+00 1.251787e-01 9.480209e+03 1.118332e-04 4.206798e-16 2.731886e-26 1.854442e-25 7.594731e-34 1.677254e-63 0.000000e+00 0.000000e+00 7.698833e-09 0.000000e+00 0.000000e+00 0.000000e+00 0.000000e+00 0.000000e+00 0.000000e+00 0.000000e+00 0.000000e+00 0.000000e+00 0.000000e+00 0.000000e+00 0.000000e+00 0.000000e+00 0.000000e+00 0.000000e+00 0.000000e+00 0.000000e+00 0.000000e+00 0.000000e+00 0.000000e+00 0.000000e+00 0.000000e+00 0.000000e+00 0.000000e+00 0.000000e+00 1.400429e-50 2.550989e-22 3.125278e-23 4.352272e-10 8.234915e-18 0.000000e+00
17.000000 16.000000 18.000000 206.453643 9.457290e+03 1.363264e+08 4.502751e+07 5.613175e+06 4.022662e+05 6.250087e+07 4.337273e+08 8.438463e+11 2.165681e-05 4.852331e-07 4.686065e-09 3.573961e+05 9.527025e-01 1.183725e-01 2.111357e-04 1.434713e-13 5.323580e-05 1.530437e-03 9.282522e-03 1.864426e-19 1.375081e+13 1.276480e+12 8.746335e+05 3.872453e-06 1.284219e+07 4.211369e+05 8.705015e-48 4.361677e-02 2.687101e-07 7.525488e+00 1.272892e-01 5.185858e+05 6.935404e-08 3.193508e+02 1.391456e+00 2.377624e+02 2.472303e+00 2.087009e-02 8.882828e-19 6.604453e-13 5.671669e-20 4.181224e-32 1.452487e-16 1.210472e-15 5.975348e-19 2.641263e-20 2.859819e-21 1.869338e-20 9.201407e-23 1.169865e-30 2.183953e-50 0.000000e+00 3.317852e+17 1.394992e+14 3.667876e+11 2.986074e+18 1.351988e-03 1.304168e-09 1.900397e-14 1.184518e-08 3.668039e+02 2.754905e+03 2.313153e+01 2.784452e+05 2.169581e-09 1.339957e-06 1.394285e-06 4.287042e-20 5.063779e-21 0.000000e+00 3.364574e-02 4.844167e+03 9.045104e-05 3.900438e-16 3.749682e-26 2.541950e-25 4.639319e-34 4.725429e-64 0.000000e+00 0.000000e+00 4.741630e-09 0.000000e+00 0.000000e+00 0.000000e+00 0.000000e+00 0.000000e+00 0.000000e+00 0.000000e+00 0.000000e+00 0.000000e+00 0.000000e+00 0.000000e+00 0.000000e+00 0.000000e+00 0.000000e+00 0.000000e+00 0.000000e+00 0.000000e+00 0.000000e+00 0.000000e+00 0.000000e+00 0.000000e+00 0.000000e+00 0.000000e+00 0.000000e+00 0.000000e+00 4.124089e-51 1.376818e-22 1.215265e-23 2.037738e-10 4.647903e-18 0.000000e+00
19.000000 18.000000 20.000000 197.411769 6.674850e+03 3.550910e+08 8.482035e+07 8.423707e+06 6.228895e+05 2.820016e+07 1.314167e+08 4.025812e+11 3.228844e-05 1.631872e-07 1.857780e-09 2.723083e+05 8.865708e-01 3.991594e-02 1.226419e-04 2.877493e-14 2.055732e-05 1.605564e-03 4.378936e-03 1.053401e-18 1.041440e+13 9.421726e+11 6.156077e+05 1.815385e-06 9.068639e+06 1.330069e+05 2.525109e-48 2.295422e-02 6.753984e-08 2.273341e+00 4.114755e-02 3.823349e+05 1.025991e-07 1.953993e+02 1.916288e+00 9.173550e+01 1.945146e+00 1.582438e-02 8.483572e-19 2.915895e-13 2.399982e-20 5.985405e-32 5.645626e-17 7.115511e-16 1.138884e-18 3.758639e-21 2.361545e-22 3.121021e-21 2.206745e-23 7.850516e-31 1.926411e-50 0.000000e+00 2.448955e+17 1.029660e+14 4.027341e+11 2.204068e+18 3.801446e-03 7.111321e-10 5.700646e-14 1.131784e-08 2.718623e+02 2.141089e+03 1.556136e+01 2.269520e+05 2.020798e-09 4.049135e-07 3.329698e-07 6.275673e-21 3.860067e-21 0.000000e+00 5.236913e-03 1.565954e+03 7.310206e-05 3.473252e-16 3.239620e-26 2.193983e-25 9.813797e-34 2.553350e-67 0.000000e+00 0.000000e+00 2.391852e-09 0.000000e+00 0.000000e+00 0.000000e+00 0.000000e+00 0.000000e+00 0.000000e+00 0.000000e+00 0.000000e+00 0.000000e+00 0.000000e+00 0.000000e+00 0.000000e+00 0.000000e+00 0.000000e+00 0.000000e+00 0.000000e+00 0.000000e+00 0.000000e+00 0.000000e+00 0.000000e+00 0.000000e+00 0.000000e+00 0.000000e+00 0.000000e+00 0.000000e+00 8.800920e-52 5.784521e-23 2.576281e-24 9.060782e-11 2.506525e-18 0.000000e+00
21.000000 20.000000 22.000000 190.592768 4.646707e+03 1.282152e+09 2.126943e+08 1.278205e+07 9.205066e+05 8.557284e+06 3.197724e+07 2.192457e+11 4.612992e-05 4.615532e-08 4.810437e-10 2.044772e+05 7.755027e-01 1.197297e-02 8.532038e-05 5.311418e-15 5.235883e-06 1.485307e-03 1.759537e-03 7.222375e-18 7.788201e+12 6.793457e+11 4.202624e+05 8.184844e-07 6.213700e+06 3.626361e+04 8.196465e-49 9.610496e-03 1.276484e-08 5.531099e-01 1.026690e-02 2.753658e+05 1.214866e-07 1.246043e+02 3.478918e+00 4.076146e+01 1.607265e+00 1.184943e-02 8.213754e-19 1.340306e-13 6.945939e-21 6.636531e-33 1.509855e-17 4.037750e-16 2.188893e-18 4.921671e-22 6.437572e-24 2.522966e-22 9.378445e-24 4.720741e-31 1.421580e-50 0.000000e+00 1.765837e+17 7.424419e+13 4.289095e+11 1.589261e+18 1.424977e-02 2.697853e-10 2.259904e-13 1.228057e-08 1.415843e+02 1.666349e+03 7.598690e+00 1.728384e+05 1.456917e-09 9.499030e-08 6.195905e-08 4.742902e-22 2.513562e-21 0.000000e+00 5.573240e-04 2.279841e+02 5.934296e-05 2.982635e-16 2.703458e-26 1.828357e-25 2.402248e-34 4.561520e-64 0.000000e+00 0.000000e+00 9.241281e-10 0.000000e+00 0.000000e+00 0.000000e+00 0.000000e+00 0.000000e+00 0.000000e+00 0.000000e+00 0.000000e+00 0.000000e+00 0.000000e+00 0.000000e+00 0.000000e+00 0.000000e+00 0.000000e+00 0.000000e+00 0.000000e+00 0.000000e+00 0.000000e+00 0.000000e+00 0.000000e+00 0.000000e+00 0.000000e+00 0.000000e+00 0.000000e+00 0.000000e+00 1.458724e-52 1.970874e-23 3.793848e-25 3.849373e-11 1.294540e-18 0.000000e+00
23.000000 22.000000 24.000000 185.325896 3.198430e+03 3.236900e+09 3.693239e+08 1.640961e+07 1.058435e+06 2.993926e+06 7.214243e+06 1.212477e+11 7.109735e-05 1.204947e-08 1.883990e-10 1.509399e+05 6.603664e-01 6.198746e-03 6.852295e-05 1.466817e-15 1.518401e-06 1.044676e-03 7.012846e-04 2.920128e-17 5.801843e+12 4.808827e+11 2.548713e+05 3.574158e-07 4.157411e+06 9.367336e+03 1.867154e-49 3.146650e-03 2.767395e-09 1.590926e-01 2.939486e-03 1.947140e+05 9.359514e-08 8.453203e+01 3.421275e+00 1.871574e+01 1.116405e+00 8.845287e-03 5.815891e-19 6.372966e-14 5.142208e-21 2.225169e-32 1.041770e-17 4.470611e-16 4.838389e-18 6.024999e-23 6.690302e-25 6.141619e-23 7.671122e-24 1.980488e-31 7.760803e-51 0.000000e+00 1.250004e+17 5.255603e+13 4.463630e+11 1.125012e+18 3.692027e-02 1.377774e-10 6.705523e-13 1.124211e-08 5.268654e+01 1.059788e+03 2.938068e+00 1.010964e+05 8.056262e-10 2.254239e-08 1.079633e-08 6.329854e-23 2.298779e-21 0.000000e+00 6.272093e-05 3.139991e+01 4.891571e-05 2.468414e-16 4.626581e-26 3.119666e-25 1.684017e-33 1.052627e-67 0.000000e+00 0.000000e+00 4.063083e-10 0.000000e+00 0.000000e+00 0.000000e+00 0.000000e+00 0.000000e+00 0.000000e+00 0.000000e+00 0.000000e+00 0.000000e+00 0.000000e+00 0.000000e+00 0.000000e+00 0.000000e+00 0.000000e+00 0.000000e+00 0.000000e+00 0.000000e+00 0.000000e+00 0.000000e+00 0.000000e+00 0.000000e+00 0.000000e+00 0.000000e+00 0.000000e+00 0.000000e+00 2.043633e-53 5.889950e-24 5.171200e-26 1.581050e-11 6.436716e-19 0.000000e+00
25.000000 24.000000 26.000000 181.094902 2.181444e+03 5.084802e+09 3.982008e+08 2.085078e+07 1.114591e+06 1.631448e+06 1.621577e+06 5.850568e+10 1.159117e-04 3.076050e-09 1.226199e-10 1.086855e+05 5.523152e-01 3.549900e-03 3.900485e-05 4.045700e-16 6.793173e-07 6.623722e-04 2.814562e-04 9.114098e-17 4.335968e+12 3.356276e+11 1.489396e+05 1.527041e-07 2.730866e+06 2.357742e+03 2.801243e-50 9.215660e-04 8.738094e-10 6.855067e-02 1.185298e-03 1.357689e+05 6.216084e-08 5.855369e+01 2.051178e+00 9.514610e+00 6.910706e-01 6.644376e-03 3.300710e-19 2.868609e-14 4.316003e-21 2.076391e-33 8.143511e-18 3.566299e-16 6.316964e-18 7.028489e-24 1.992452e-25 2.667015e-23 4.414302e-24 7.577102e-32 5.121427e-51 0.000000e+00 8.724632e+16 3.668245e+13 4.530774e+11 7.852252e+17 5.908129e-02 1.187487e-10 1.607205e-12 9.737956e-09 2.247179e+01 6.663346e+02 1.406293e+00 5.556357e+04 3.964508e-10 6.756166e-09 2.006738e-09 2.101842e-23 1.463483e-21 0.000000e+00 9.985858e-06 7.572776e+00 4.125272e-05 1.927176e-16 5.472568e-26 3.678050e-25 2.323015e-34 1.497965e-68 0.000000e+00 0.000000e+00 2.496570e-10 0.000000e+00 0.000000e+00 0.000000e+00 0.000000e+00 0.000000e+00 0.000000e+00 0.000000e+00 0.000000e+00 0.000000e+00 0.000000e+00 0.000000e+00 0.000000e+00 0.000000e+00 0.000000e+00 0.000000e+00 0.000000e+00 0.000000e+00 0.000000e+00 0.000000e+00 0.000000e+00 0.000000e+00 0.000000e+00 0.000000e+00 0.000000e+00 0.000000e+00 2.566176e-54 1.556819e-24 7.726696e-27 6.351426e-12 3.104162e-19 0.000000e+00
27.000000 26.000000 28.000000 176.702034 1.474603e+03 6.476737e+09 3.323442e+08 2.932817e+07 1.194830e+06 1.182131e+06 3.959747e+05 3.239069e+10 1.879305e-04 8.454285e-10 9.434393e-11 7.651523e+04 4.526452e-01 1.975363e-03 1.760284e-05 9.189072e-17 4.031176e-07 4.046654e-04 1.123238e-04 3.333926e-16 3.279735e+12 2.325021e+11 9.094905e+04 6.462223e-08 1.772837e+06 5.861870e+02 6.266229e-51 2.692711e-04 3.821210e-10 3.774243e-02 6.084375e-04 9.396999e+04 5.185159e-08 4.213174e+01 1.020800e+00 5.521287e+00 4.114361e-01 5.087243e-03 2.044308e-19 1.454904e-14 4.746626e-21 0.000000e+00 8.220862e-18 2.966078e-16 6.400633e-18 7.965619e-25 1.339664e-25 2.008057e-23 3.030585e-24 3.913210e-32 5.859268e-51 0.000000e+00 6.044229e+16 2.541285e+13 4.502058e+11 5.439888e+17 7.388239e-02 1.372034e-10 4.099426e-12 9.036617e-09 1.173516e+01 4.823393e+02 8.277321e-01 3.154059e+04 1.907850e-10 2.444343e-09 4.327631e-10 1.183116e-23 1.021471e-21 0.000000e+00 2.369367e-06 2.633990e+00 3.589551e-05 1.446171e-16 6.807721e-26 4.552527e-25 0.000000e+00 4.711234e-65 0.000000e+00 0.000000e+00 1.959282e-10 0.000000e+00 0.000000e+00 0.000000e+00 0.000000e+00 0.000000e+00 0.000000e+00 0.000000e+00 0.000000e+00 0.000000e+00 0.000000e+00 0.000000e+00 0.000000e+00 0.000000e+00 0.000000e+00 0.000000e+00 0.000000e+00 0.000000e+00 0.000000e+00 0.000000e+00 0.000000e+00 0.000000e+00 0.000000e+00 0.000000e+00 0.000000e+00 0.000000e+00 3.023326e-55 3.489212e-25 1.570864e-27 2.526858e-12 1.465892e-19 0.000000e+00
29.000000 28.000000 30.000000 172.744100 9.874048e+02 7.466851e+09 2.373717e+08 4.482468e+07 1.293048e+06 9.970107e+05 1.220788e+05 2.221250e+10 2.989605e-04 2.899200e-10 7.456742e-11 5.255785e+04 3.622885e-01 1.056343e-03 6.857704e-06 1.718662e-17 2.788724e-07 2.346818e-04 4.320622e-05 1.524627e-15 2.508421e+12 1.592378e+11 5.808943e+04 2.697685e-08 1.132376e+06 1.432501e+02 2.990894e-51 8.554701e-05 2.139464e-10 2.345019e-02 3.624561e-04 6.430630e+04 7.638881e-08 3.301426e+01 4.717185e-01 3.483987e+00 2.326666e-01 3.985851e-03 1.532572e-19 9.025513e-15 7.840895e-21 2.088399e-33 1.229785e-17 3.308593e-16 6.043141e-18 8.743801e-26 1.837276e-25 2.642819e-23 3.236650e-24 1.937105e-32 7.728635e-51 0.000000e+00 4.139965e+16 1.740650e+13 4.377947e+11 3.726049e+17 8.018777e-02 1.855139e-10 1.187307e-11 8.990017e-09 7.038795e+00 3.947656e+02 5.386839e-01 1.815771e+04 9.676225e-11 9.523579e-10 1.061992e-10 9.199949e-24 9.693059e-22 0.000000e+00 6.904187e-07 1.106452e+00 3.216397e-05 1.052160e-16 1.173291e-25 7.782315e-25 3.083714e-34 1.340828e-65 0.000000e+00 0.000000e+00 1.796095e-10 0.000000e+00 0.000000e+00 0.000000e+00 0.000000e+00 0.000000e+00 0.000000e+00 0.000000e+00 0.000000e+00 0.000000e+00 0.000000e+00 0.000000e+00 0.000000e+00 0.000000e+00 0.000000e+00 0.000000e+00 0.000000e+00 0.000000e+00 0.000000e+00 0.000000e+00 0.000000e+00 0.000000e+00 0.000000e+00 0.000000e+00 0.000000e+00 0.000000e+00 3.409126e-56 6.183287e-26 4.620275e-28 9.911082e-13 6.741959e-20 0.000000e+00
31.000000 30.000000 32.000000 170.299313 6.564343e+02 8.253823e+09 1.556409e+08 7.037531e+07 1.349708e+06 8.738986e+05 5.356201e+04 1.497991e+10 4.763261e-04 1.362540e-10 5.781334e-11 3.520704e+04 2.836081e-01 5.464189e-04 2.460721e-06 2.783947e-18 2.015741e-07 1.258770e-04 1.557547e-05 7.780739e-15 1.935398e+12 1.073677e+11 3.725004e+04 1.108031e-08 7.089300e+05 3.450117e+01 2.757430e-51 3.292856e-05 1.329512e-10 1.469509e-02 2.227047e-04 4.332664e+04 2.228468e-07 2.980351e+01 2.070442e-01 2.210884e+00 1.201794e-01 3.203181e-03 1.317358e-19 6.523327e-15 1.030701e-20 0.000000e+00 1.450677e-17 2.775925e-16 4.739659e-18 9.307004e-27 2.286932e-25 2.904246e-23 2.835424e-24 9.586118e-33 1.093857e-50 0.000000e+00 2.791766e+16 1.173811e+13 4.155292e+11 2.512666e+17 8.064752e-02 2.695163e-10 3.655236e-11 9.015119e-09 4.350548e+00 3.387375e+02 3.570756e-01 1.017448e+04 5.733852e-11 3.671128e-10 2.748450e-11 8.265122e-24 6.595490e-22 0.000000e+00 2.079212e-07 4.765642e-01 2.947945e-05 7.399889e-17 1.487433e-25 9.749939e-25 0.000000e+00 2.997231e-69 0.000000e+00 0.000000e+00 1.704647e-10 0.000000e+00 0.000000e+00 0.000000e+00 0.000000e+00 0.000000e+00 0.000000e+00 0.000000e+00 0.000000e+00 0.000000e+00 0.000000e+00 0.000000e+00 0.000000e+00 0.000000e+00 0.000000e+00 0.000000e+00 0.000000e+00 0.000000e+00 0.000000e+00 0.000000e+00 0.000000e+00 0.000000e+00 0.000000e+00 0.000000e+00 0.000000e+00 0.000000e+00 3.734324e-57 8.248536e-27 1.632252e-28 3.821590e-13 3.007883e-20 0.000000e+00
33.000000 32.000000 34.000000 169.168927 4.347200e+02 9.554377e+09 1.026489e+08 1.089871e+08 1.267300e+06 7.043905e+05 2.756840e+04 9.969377e+09 7.987523e-04 7.694927e-11 4.248488e-11 2.317323e+04 2.198864e-01 2.764662e-04 8.731688e-07 4.154961e-19 1.358715e-07 5.913737e-05 5.095938e-06 3.851709e-14 1.515005e+12 7.156411e+10 2.303669e+04 4.496258e-09 4.369977e+05 8.319670e+00 4.562302e-51 1.495449e-05 7.741247e-11 8.030011e-03 1.219137e-04 2.885933e+04 1.903444e-06 3.195334e+01 8.668826e-02 1.279111e+00 5.513615e-02 2.663613e-03 1.231074e-19 5.479002e-15 1.581848e-20 0.000000e+00 1.985195e-17 2.820210e-16 3.722746e-18 9.777968e-28 3.031629e-25 3.456770e-23 3.146712e-24 4.240588e-33 1.234511e-50 0.000000e+00 1.861163e+16 7.825455e+12 3.873573e+11 1.675118e+17 8.225158e-02 3.888470e-10 1.085298e-10 8.558664e-09 2.446552e+00 2.856031e+02 2.303814e-01 5.125463e+03 3.771151e-11 1.325381e-10 6.995967e-12 6.967250e-24 4.542810e-22 0.000000e+00 5.688366e-08 1.715418e-01 2.763811e-05 5.078508e-17 2.335095e-25 1.502627e-24 0.000000e+00 4.526457e-70 0.000000e+00 0.000000e+00 1.445708e-10 0.000000e+00 0.000000e+00 0.000000e+00 0.000000e+00 0.000000e+00 0.000000e+00 0.000000e+00 0.000000e+00 0.000000e+00 0.000000e+00 0.000000e+00 0.000000e+00 0.000000e+00 0.000000e+00 0.000000e+00 0.000000e+00 0.000000e+00 0.000000e+00 0.000000e+00 0.000000e+00 0.000000e+00 0.000000e+00 0.000000e+00 0.000000e+00 0.000000e+00 4.015045e-58 8.258737e-28 5.679382e-29 1.453401e-13 1.305597e-20 0.000000e+00
35.000000 34.000000 36.000000 169.257712 2.875809e+02 1.250873e+10 7.547588e+07 1.588689e+08 9.840297e+05 4.669556e+05 1.229820e+04 6.562583e+09 1.423898e-03 4.239317e-11 2.798675e-11 1.506799e+04 1.704038e-01 1.388723e-04 3.304556e-07 6.161449e-20 7.627122e-08 2.312571e-05 1.472311e-06 1.463948e-13 1.207061e+12 4.730214e+10 1.301226e+04 1.807699e-09 2.660688e+05 2.040535e+00 6.389797e-51 6.324957e-06 3.279642e-11 3.261921e-03 4.953485e-05 1.906429e+04 2.630646e-05 3.897459e+01 3.367836e-02 5.952787e-01 2.157170e-02 2.299915e-03 1.020766e-19 4.760722e-15 2.011285e-20 5.661864e-34 2.246648e-17 2.590241e-16 2.788299e-18 1.072365e-28 2.433727e-25 2.834480e-23 3.031605e-24 2.244239e-33 1.179767e-50 0.000000e+00 1.230552e+16 5.174081e+12 3.556887e+11 1.107562e+17 9.342165e-02 4.989373e-10 2.591609e-10 6.884632e-09 1.060615e+00 2.157962e+02 1.417742e-01 2.126785e+03 2.085229e-11 4.444784e-11 1.714467e-12 4.015040e-24 2.075351e-22 0.000000e+00 1.310777e-08 4.088202e-02 2.642170e-05 3.421621e-17 3.267658e-25 2.046366e-24 1.262764e-34 1.388979e-66 0.000000e+00 0.000000e+00 9.078366e-11 0.000000e+00 0.000000e+00 0.000000e+00 0.000000e+00 0.000000e+00 0.000000e+00 0.000000e+00 0.000000e+00 0.000000e+00 0.000000e+00 0.000000e+00 0.000000e+00 0.000000e+00 0.000000e+00 0.000000e+00 0.000000e+00 0.000000e+00 0.000000e+00 0.000000e+00 0.000000e+00 0.000000e+00 0.000000e+00 0.000000e+00 0.000000e+00 0.000000e+00 4.250165e-59 6.705871e-29 1.697792e-29 5.462304e-14 5.524326e-21 0.000000e+00
37.000000 36.000000 38.000000 169.953722 1.905213e+02 1.845262e+10 6.188078e+07 2.109235e+08 6.107026e+05 2.478796e+05 4.257049e+03 4.295769e+09 2.538645e-03 2.017031e-11 1.581925e-11 9.749393e+03 1.327647e-01 7.019157e-05 1.321859e-07 9.394634e-21 3.482180e-08 7.296058e-06 3.743395e-07 3.688712e-13 9.822593e+11 3.119409e+10 6.794650e+03 7.266207e-10 1.608261e+05 5.173071e-01 5.657320e-51 2.085339e-06 1.010107e-11 9.921752e-04 1.511876e-05 1.256553e+04 2.936511e-04 4.977612e+01 1.251905e-02 2.123648e-01 7.603341e-03 2.063533e-03 6.944049e-20 4.357832e-15 2.298886e-20 8.032908e-38 2.270044e-17 2.332949e-16 2.034076e-18 1.322199e-29 1.201201e-25 1.680235e-23 2.651016e-24 9.412567e-34 5.692155e-51 0.000000e+00 8.118789e+15 3.413783e+12 3.224919e+11 7.307508e+16 1.182195e-01 5.190562e-10 4.449034e-10 4.674786e-09 3.703053e-01 1.377546e+02 8.632906e-02 6.870680e+02 7.665500e-12 1.450114e-11 4.127800e-13 1.492590e-24 6.430812e-23 0.000000e+00 2.493276e-09 6.729878e-03 2.569381e-05 2.281586e-17 4.485890e-25 2.699707e-24 4.686304e-39 3.415770e-70 0.000000e+00 0.000000e+00 4.275020e-11 0.000000e+00 0.000000e+00 0.000000e+00 0.000000e+00 0.000000e+00 0.000000e+00 0.000000e+00 0.000000e+00 0.000000e+00 0.000000e+00 0.000000e+00 0.000000e+00 0.000000e+00 0.000000e+00 0.000000e+00 0.000000e+00 0.000000e+00 0.000000e+00 0.000000e+00 0.000000e+00 0.000000e+00 0.000000e+00 0.000000e+00 0.000000e+00 0.000000e+00 4.481565e-60 5.423566e-30 4.044028e-30 2.047053e-14 2.297316e-21 0.000000e+00
39.000000 38.000000 40.000000 170.427022 1.264321e+02 2.820652e+10 5.073544e+07 2.552817e+08 3.243457e+05 1.138061e+05 1.204753e+03 2.808356e+09 4.209986e-03 8.085374e-12 7.838348e-12 6.310731e+03 1.042094e-01 3.566435e-05 5.131332e-08 1.397409e-21 1.412097e-08 1.919365e-06 8.544231e-08 6.733727e-13 8.189223e+11 2.062791e+10 3.539174e+03 2.936316e-10 9.668047e+04 1.352471e-01 6.299447e-51 5.766876e-07 3.379884e-12 3.023356e-04 4.816455e-06 8.304451e+03 2.391394e-03 6.257753e+01 5.290114e-03 6.888803e-02 3.085652e-03 1.922732e-03 4.333392e-20 5.093575e-15 2.145266e-20 6.707690e-42 1.845478e-17 1.710007e-16 1.316750e-18 1.729948e-30 3.799348e-26 6.995687e-24 1.845554e-24 2.332992e-34 1.171841e-51 0.000000e+00 5.372591e+15 2.259143e+12 2.898516e+11 4.835880e+16 1.511082e-01 4.400841e-10 5.980523e-10 3.381192e-09 1.369891e-01 7.638350e+01 5.320203e-02 1.794637e+02 2.010321e-12 4.619011e-12 9.707222e-14 5.383987e-25 1.220853e-23 0.000000e+00 4.005944e-10 1.067082e-03 2.543564e-05 1.515299e-17 4.976317e-25 2.827787e-24 1.750025e-43 7.604440e-74 0.000000e+00 0.000000e+00 2.110357e-11 0.000000e+00 0.000000e+00 0.000000e+00 0.000000e+00 0.000000e+00 0.000000e+00 0.000000e+00 0.000000e+00 0.000000e+00 0.000000e+00 0.000000e+00 0.000000e+00 0.000000e+00 0.000000e+00 0.000000e+00 0.000000e+00 0.000000e+00 0.000000e+00 0.000000e+00 0.000000e+00 0.000000e+00 0.000000e+00 0.000000e+00 0.000000e+00 0.000000e+00 4.743754e-61 5.410025e-31 7.803806e-31 7.694039e-15 9.436351e-22 0.000000e+00
41.000000 40.000000 42.000000 171.456069 8.405271e+01 4.135129e+10 3.898578e+07 2.854132e+08 1.623459e+05 4.943626e+04 3.007514e+02 1.823596e+09 6.302962e-03 2.820487e-12 3.610815e-12 4.068362e+03 8.188384e-02 1.812786e-05 1.877331e-08 1.935777e-22 5.551277e-09 4.635316e-07 1.794977e-08 1.102125e-12 6.953862e+11 1.361550e+10 1.889838e+03 1.184647e-10 5.729288e+04 3.564336e-02 1.272187e-50 1.907806e-07 1.771515e-12 1.309325e-04 2.253970e-06 5.477346e+03 1.526308e-02 7.524358e+01 3.319038e-03 2.868307e-02 1.873733e-03 1.842055e-03 2.907932e-20 7.324191e-15 1.469355e-20 3.796663e-46 1.089903e-17 8.756804e-17 6.212321e-19 2.121074e-31 8.239008e-27 2.029013e-24 8.889512e-25 0.000000e+00 0.000000e+00 0.000000e+00 3.550132e+15 1.492883e+12 2.572896e+11 3.195621e+16 1.819790e-01 3.243165e-10 7.663279e-10 3.392031e-09 6.072088e-02 3.905117e+01 3.262165e-02 4.252613e+01 5.770688e-13 1.419212e-12 2.183815e-14 2.850581e-25 1.457398e-24 0.000000e+00 5.773217e-11 1.973384e-04 2.546210e-05 9.990168e-18 3.786771e-25 1.987522e-24 6.509132e-48 1.670413e-77 0.000000e+00 0.000000e+00 1.532315e-11 0.000000e+00 0.000000e+00 0.000000e+00 0.000000e+00 0.000000e+00 0.000000e+00 0.000000e+00 0.000000e+00 0.000000e+00 0.000000e+00 0.000000e+00 0.000000e+00 0.000000e+00 0.000000e+00 0.000000e+00 0.000000e+00 0.000000e+00 0.000000e+00 0.000000e+00 0.000000e+00 0.000000e+00 0.000000e+00 0.000000e+00 0.000000e+00 0.000000e+00 4.994803e-62 6.687954e-32 1.298419e-31 2.877267e-15 3.797135e-22 0.000000e+00
43.000000 42.000000 44.000000 173.951582 5.612881e+01 5.649575e+10 2.842890e+07 2.990214e+08 8.107242e+04 2.142332e+04 6.988332e+01 1.171916e+09 8.580053e-03 9.031816e-13 1.636313e-12 2.606238e+03 6.416035e-02 9.273333e-06 6.707257e-09 2.548608e-23 2.203726e-09 1.130245e-07 3.562136e-09 3.357029e-12 5.974393e+11 8.945751e+09 1.043172e+03 4.773746e-11 3.329724e+04 9.329324e-03 3.524725e-50 1.094940e-07 1.305655e-12 8.006747e-05 1.475115e-06 3.595291e+03 8.142686e-02 8.611542e+01 3.281783e-03 1.679984e-02 1.580641e-03 1.793474e-03 3.984536e-20 1.028184e-14 4.815317e-21 1.563997e-50 3.073112e-18 2.539775e-17 3.694993e-20 2.175204e-32 8.804592e-28 2.849219e-25 2.288099e-25 0.000000e+00 0.000000e+00 0.000000e+00 2.336561e+15 9.826224e+11 2.245709e+11 2.103361e+16 2.058488e-01 2.205177e-10 1.918373e-09 4.381973e-09 3.125133e-02 1.920362e+01 1.965306e-02 1.017689e+01 2.809480e-13 4.316648e-13 4.750096e-15 2.072723e-25 1.025446e-25 0.000000e+00 8.074653e-12 4.372224e-05 2.556248e-05 6.529070e-18 1.760894e-25 8.325927e-25 2.395783e-52 3.627668e-81 0.000000e+00 0.000000e+00 3.598508e-10 0.000000e+00 0.000000e+00 0.000000e+00 0.000000e+00 0.000000e+00 0.000000e+00 0.000000e+00 0.000000e+00 0.000000e+00 0.000000e+00 0.000000e+00 0.000000e+00 0.000000e+00 0.000000e+00 0.000000e+00 0.000000e+00 0.000000e+00 0.000000e+00 0.000000e+00 0.000000e+00 0.000000e+00 0.000000e+00 0.000000e+00 0.000000e+00 0.000000e+00 5.201628e-63 9.204050e-33 1.988682e-32 1.065778e-15 1.489806e-22 0.000000e+00
45.000000 44.000000 46.000000 177.111781 3.774340e+01 7.266770e+10 2.015580e+07 2.994976e+08 4.111536e+04 9.440160e+03 1.570540e+01 7.501742e+08 1.088738e-02 2.795931e-13 7.584770e-13 1.672164e+03 5.044048e-02 4.820702e-06 2.418128e-09 3.332070e-24 8.967150e-10 2.897637e-08 6.865857e-10 8.466448e-10 5.201166e+11 5.892075e+09 6.029188e+02 1.975864e-11 1.912036e+04 2.435510e-03 1.775341e-49 1.978469e-07 1.032480e-12 5.608256e-05 1.041158e-06 2.365059e+03 3.648110e-01 9.499434e+01 4.457254e-03 1.119085e-02 1.426100e-03 1.769677e-03 5.126392e-18 1.259004e-14 0.000000e+00 2.232846e-55 0.000000e+00 0.000000e+00 0.000000e+00 0.000000e+00 0.000000e+00 0.000000e+00 0.000000e+00 0.000000e+00 0.000000e+00 0.000000e+00 1.543043e+15 6.489698e+11 1.934033e+11 1.389152e+16 2.228836e-01 1.436073e-10 4.130110e-07 3.522836e-08 1.759550e-02 9.336444e+00 1.160374e-02 2.571189e+00 4.341059e-13 1.323937e-13 1.023782e-15 1.607540e-25 0.000000e+00 0.000000e+00 1.164637e-12 1.117412e-05 2.574950e-05 4.264961e-18 0.000000e+00 0.000000e+00 8.801499e-57 7.861860e-85 0.000000e+00 0.000000e+00 2.699280e-07 0.000000e+00 0.000000e+00 0.000000e+00 0.000000e+00 0.000000e+00 0.000000e+00 0.000000e+00 0.000000e+00 0.000000e+00 0.000000e+00 0.000000e+00 0.000000e+00 0.000000e+00 0.000000e+00 0.000000e+00 0.000000e+00 0.000000e+00 0.000000e+00 0.000000e+00 0.000000e+00 0.000000e+00 0.000000e+00 0.000000e+00 0.000000e+00 0.000000e+00 5.405541e-64 1.343088e-33 2.972094e-33 3.944355e-16 5.747603e-23 0.000000e+00
47.000000 46.000000 48.000000 179.543309 2.554772e+01 8.974071e+10 1.386679e+07 2.923158e+08 2.109193e+04 4.218300e+03 3.489497e+00 4.816051e+08 1.318594e-02 8.683162e-14 3.695620e-13 1.083200e+03 4.009816e-02 2.551894e-06 8.821656e-10 4.409491e-25 3.758564e-10 7.701878e-09 1.310468e-10 1.525356e-07 4.602052e+11 3.918000e+09 3.792491e+02 9.095207e-12 1.094258e+04 6.395963e-04 3.463882e-48 1.932772e-06 3.294332e-12 1.643379e-04 7.378775e-07 1.570172e+03 1.347565e+00 1.025627e+02 7.765530e-03 7.682289e-03 1.277794e-03 1.771311e-03 5.670978e-16 1.433308e-14 0.000000e+00 0.000000e+00 0.000000e+00 0.000000e+00 0.000000e+00 0.000000e+00 0.000000e+00 0.000000e+00 0.000000e+00 0.000000e+00 0.000000e+00 0.000000e+00 1.030196e+15 4.333268e+11 1.649792e+11 9.275545e+15 2.323225e-01 9.122251e-11 6.479989e-05 7.100338e-06 1.074141e-02 4.576443e+00 6.771606e-03 6.790363e-01 3.697750e-12 4.084167e-14 2.206226e-16 5.012823e-25 0.000000e+00 0.000000e+00 1.755539e-13 3.207572e-06 2.610972e-05 2.808360e-18 0.000000e+00 0.000000e+00 3.263659e-61 1.719713e-88 0.000000e+00 0.000000e+00 7.524745e-05 0.000000e+00 0.000000e+00 0.000000e+00 0.000000e+00 0.000000e+00 0.000000e+00 0.000000e+00 0.000000e+00 0.000000e+00 0.000000e+00 0.000000e+00 0.000000e+00 0.000000e+00 0.000000e+00 0.000000e+00 0.000000e+00 0.000000e+00 0.000000e+00 0.000000e+00 0.000000e+00 0.000000e+00 0.000000e+00 0.000000e+00 0.000000e+00 0.000000e+00 5.668265e-65 2.090831e-34 4.546131e-34 1.472987e-16 2.202205e-23 0.000000e+00
49.000000 48.000000 50.000000 180.829592 1.736718e+01 1.074565e+11 9.141680e+06 2.811713e+08 1.086893e+04 1.898194e+03 7.700851e-01 3.098132e+08 1.543220e-02 2.782646e-14 1.955262e-13 7.085737e+02 3.234274e-02 1.372879e-06 3.237875e-10 5.882051e-26 1.628563e-10 2.078724e-09 2.488295e-11 2.673262e-06 4.130311e+11 2.628028e+09 3.863098e+02 5.492857e-12 6.244411e+03 1.688106e-04 5.790716e-47 1.671898e-05 2.375831e-11 1.085817e-03 5.371727e-07 1.051086e+03 4.079330e+00 1.092180e+02 1.534745e-02 5.414470e-03 1.156507e-03 1.794094e-03 6.568393e-15 1.652557e-14 0.000000e+00 0.000000e+00 0.000000e+00 0.000000e+00 0.000000e+00 0.000000e+00 0.000000e+00 0.000000e+00 0.000000e+00 0.000000e+00 0.000000e+00 0.000000e+00 6.952367e+14 2.924791e+11 1.391089e+11 6.260604e+15 2.327236e-01 5.706362e-11 9.914351e-04 1.513729e-04 1.126197e-02 2.294279e+00 3.942632e-03 1.842483e-01 2.857097e-11 1.271689e-14 4.735513e-17 3.521574e-24 0.000000e+00 0.000000e+00 2.723002e-14 1.594079e-06 2.660316e-05 1.863407e-18 0.000000e+00 0.000000e+00 1.222145e-65 3.798916e-92 0.000000e+00 0.000000e+00 1.995432e-03 0.000000e+00 0.000000e+00 0.000000e+00 0.000000e+00 0.000000e+00 0.000000e+00 0.000000e+00 0.000000e+00 0.000000e+00 0.000000e+00 0.000000e+00 0.000000e+00 0.000000e+00 0.000000e+00 0.000000e+00 0.000000e+00 0.000000e+00 0.000000e+00 0.000000e+00 0.000000e+00 0.000000e+00 0.000000e+00 0.000000e+00 0.000000e+00 0.000000e+00 6.001150e-66 3.565407e-35 7.470873e-35 5.552044e-17 8.387207e-24 0.000000e+00
51.000000 50.000000 52.000000 181.591422 1.183379e+01 1.246144e+11 5.754301e+06 2.675191e+08 5.615660e+03 8.591334e+02 1.684329e-01 1.984641e+08 1.748417e-02 9.491881e-15 1.155806e-13 4.656415e+02 2.650108e-02 7.518343e-07 1.202635e-10 7.933002e-27 7.340196e-11 5.714777e-10 4.691540e-12 1.587728e-05 3.735984e+11 1.766433e+09 9.449229e+02 4.731778e-12 3.539190e+03 4.448517e-05 5.130379e-46 7.735447e-05 7.490377e-11 3.135257e-03 3.929304e-07 7.046871e+02 1.015265e+01 1.145229e+02 2.857226e-02 3.840992e-03 1.030044e-03 1.825423e-03 2.715331e-14 1.918526e-14 0.000000e+00 0.000000e+00 0.000000e+00 0.000000e+00 0.000000e+00 0.000000e+00 0.000000e+00 0.000000e+00 0.000000e+00 0.000000e+00 0.000000e+00 0.000000e+00 4.716452e+14 1.984574e+11 1.152005e+11 4.248004e+15 2.284496e-01 3.539340e-11 5.105504e-03 9.988543e-04 2.862809e-02 1.208720e+00 2.308388e-03 5.141788e-02 1.210698e-10 4.228361e-15 1.020000e-17 1.081364e-23 0.000000e+00 0.000000e+00 4.325262e-15 1.931289e-06 2.701029e-05 1.236052e-18 0.000000e+00 0.000000e+00 4.592483e-70 8.421189e-96 0.000000e+00 0.000000e+00 1.732384e-02 0.000000e+00 0.000000e+00 0.000000e+00 0.000000e+00 0.000000e+00 0.000000e+00 0.000000e+00 0.000000e+00 0.000000e+00 0.000000e+00 0.000000e+00 0.000000e+00 0.000000e+00 0.000000e+00 0.000000e+00 0.000000e+00 0.000000e+00 0.000000e+00 0.000000e+00 0.000000e+00 0.000000e+00 0.000000e+00 0.000000e+00 0.000000e+00 0.000000e+00 6.375217e-67 6.988210e-36 1.412626e-35 2.100020e-17 3.159573e-24 0.000000e+00
53.000000 52.000000 54.000000 182.377357 8.077633e+00 1.397405e+11 3.454598e+06 2.525776e+08 2.912147e+03 3.916561e+02 3.654094e-02 1.260585e+08 1.918158e-02 3.552652e-15 7.684774e-14 3.064124e+02 2.217819e-02 4.216919e-07 4.565461e-11 1.099038e-27 3.476488e-11 1.619945e-10 8.799251e-13 9.900875e-05 3.390007e+11 1.183524e+09 3.874340e+03 5.098319e-12 1.992318e+03 1.167268e-05 4.242633e-45 3.594347e-04 2.540194e-10 9.828458e-03 2.842826e-07 4.706045e+02 2.128797e+01 1.177996e+02 5.157448e-02 2.714285e-03 8.854672e-04 1.853376e-03 1.226826e-13 2.286560e-14 0.000000e+00 0.000000e+00 0.000000e+00 0.000000e+00 0.000000e+00 0.000000e+00 0.000000e+00 0.000000e+00 0.000000e+00 0.000000e+00 0.000000e+00 0.000000e+00 3.204682e+14 1.348831e+11 9.330330e+10 2.887152e+15 2.501879e-01 2.188910e-11 2.723046e-02 6.339887e-03 1.324310e-01 8.073403e-01 1.477388e-03 1.483075e-02 5.290835e-10 2.125359e-15 2.354892e-18 3.579253e-23 0.000000e+00 0.000000e+00 7.095109e-16 4.325557e-06 2.707934e-05 8.132856e-19 0.000000e+00 0.000000e+00 1.726367e-74 1.867456e-99 0.000000e+00 0.000000e+00 1.511791e-01 0.000000e+00 0.000000e+00 0.000000e+00 0.000000e+00 0.000000e+00 0.000000e+00 0.000000e+00 0.000000e+00 0.000000e+00 0.000000e+00 0.000000e+00 0.000000e+00 0.000000e+00 0.000000e+00 0.000000e+00 0.000000e+00 0.000000e+00 0.000000e+00 0.000000e+00 0.000000e+00 0.000000e+00 0.000000e+00 0.000000e+00 0.000000e+00 0.000000e+00 6.774752e-68 1.690058e-36 3.331221e-36 7.948357e-18 1.174773e-24 0.000000e+00
55.000000 54.000000 56.000000 183.117792 5.524294e+00 1.519982e+11 1.981798e+06 2.379948e+08 1.524503e+03 1.804031e+02 7.894787e-03 7.936038e+07 2.045159e-02 1.475598e-15 5.642168e-14 2.020943e+02 1.914814e-02 2.446494e-07 1.791624e-11 1.600114e-28 1.752836e-11 4.807828e-11 1.651805e-13 4.980818e-04 3.085581e+11 7.888965e+08 1.441330e+04 5.400251e-12 1.120744e+03 3.054830e-06 2.678348e-44 1.374308e-03 6.983997e-10 2.522607e-02 2.056803e-07 3.123475e+02 3.753200e+01 1.184205e+02 8.936423e-02 1.932590e-03 7.406704e-04 1.866213e-03 4.600194e-13 2.961196e-14 0.000000e+00 0.000000e+00 0.000000e+00 0.000000e+00 0.000000e+00 0.000000e+00 0.000000e+00 0.000000e+00 0.000000e+00 0.000000e+00 0.000000e+00 0.000000e+00 2.182043e+14 9.187489e+10 7.395706e+10 1.966539e+15 4.320386e-01 1.359338e-11 1.150122e-01 3.011188e-02 5.468843e-01 1.086532e+00 1.385989e-03 4.448829e-03 1.966851e-09 2.457948e-15 7.372993e-19 9.631105e-23 0.000000e+00 0.000000e+00 1.217783e-16 8.774130e-06 2.663466e-05 5.276889e-19 0.000000e+00 0.000000e+00 6.494366e-79 4.144261e-103 0.000000e+00 0.000000e+00 1.014411e+00 0.000000e+00 0.000000e+00 0.000000e+00 0.000000e+00 0.000000e+00 0.000000e+00 0.000000e+00 0.000000e+00 0.000000e+00 0.000000e+00 0.000000e+00 0.000000e+00 0.000000e+00 0.000000e+00 0.000000e+00 0.000000e+00 0.000000e+00 0.000000e+00 0.000000e+00 0.000000e+00 0.000000e+00 0.000000e+00 0.000000e+00 0.000000e+00 0.000000e+00 7.204375e-69 5.248096e-37 1.010335e-36 3.015800e-18 4.316933e-25 0.000000e+00
57.000000 56.000000 58.000000 183.617344 3.783930e+00 1.607937e+11 1.102854e+06 2.241933e+08 8.145987e+02 8.434872e+01 1.705843e-03 4.949096e+07 2.124725e-02 6.573703e-16 4.258477e-14 1.337394e+02 1.713581e-02 1.479953e-07 7.386028e-12 2.531136e-29 9.458490e-12 1.533481e-11 3.128859e-14 1.703679e-03 2.816199e+11 5.216757e+08 3.922636e+04 4.757212e-12 6.358460e+02 7.996473e-07 9.164383e-44 3.757234e-03 1.280691e-09 4.481899e-02 1.425487e-07 2.053576e+02 5.520570e+01 1.151384e+02 1.316501e-01 1.355757e-03 5.800066e-04 1.836757e-03 1.202729e-12 3.914904e-14 0.000000e+00 0.000000e+00 0.000000e+00 0.000000e+00 0.000000e+00 0.000000e+00 0.000000e+00 0.000000e+00 0.000000e+00 0.000000e+00 0.000000e+00 0.000000e+00 1.489842e+14 6.275959e+10 5.744560e+10 1.343340e+15 1.145241e+00 8.532254e-12 3.248194e-01 9.186302e-02 1.535064e+00 2.225793e+00 2.073107e-03 1.414247e-03 5.502424e-09 3.528890e-15 3.858811e-19 1.736378e-22 0.000000e+00 0.000000e+00 2.235755e-17 1.239901e-05 2.550275e-05 3.348041e-19 0.000000e+00 0.000000e+00 2.440975e-83 9.192429e-107 0.000000e+00 0.000000e+00 4.422152e+00 0.000000e+00 0.000000e+00 0.000000e+00 0.000000e+00 0.000000e+00 0.000000e+00 0.000000e+00 0.000000e+00 0.000000e+00 0.000000e+00 0.000000e+00 0.000000e+00 0.000000e+00 0.000000e+00 0.000000e+00 0.000000e+00 0.000000e+00 0.000000e+00 0.000000e+00 0.000000e+00 0.000000e+00 0.000000e+00 0.000000e+00 0.000000e+00 0.000000e+00 7.658454e-70 1.920466e-37 3.546108e-37 1.150884e-18 1.568307e-25 0.000000e+00
59.000000 58.000000 60.000000 183.736580 2.593974e+00 1.654656e+11 6.041207e+05 2.097679e+08 4.480028e+02 3.991893e+01 3.708107e-04 3.053976e+07 2.150903e-02 2.930614e-16 2.982593e-14 8.883557e+01 1.576331e-02 9.285816e-08 3.210252e-12 4.469605e-30 5.383995e-12 5.331129e-12 6.060270e-15 4.111438e-03 2.569581e+11 3.408570e+08 8.051249e+04 3.342487e-12 3.673402e+02 2.106919e-07 1.338974e-43 7.696866e-03 1.606562e-09 5.820253e-02 8.856408e-08 1.331245e+02 6.784165e+01 1.067339e+02 1.566155e-01 9.044876e-04 4.029894e-04 1.731715e-03 2.285290e-12 4.808972e-14 0.000000e+00 0.000000e+00 0.000000e+00 0.000000e+00 0.000000e+00 0.000000e+00 0.000000e+00 0.000000e+00 0.000000e+00 0.000000e+00 0.000000e+00 0.000000e+00 1.020019e+14 4.299276e+10 4.369877e+10 9.202932e+14 3.009156e+00 5.407562e-12 6.424164e-01 1.909260e-01 3.026138e+00 4.002894e+00 3.346230e-03 4.846395e-04 1.247930e-08 4.205426e-15 2.596356e-19 2.156653e-22 0.000000e+00 0.000000e+00 4.452611e-18 1.281400e-05 2.354327e-05 2.055730e-19 0.000000e+00 0.000000e+00 0.000000e+00 2.038933e-110 0.000000e+00 0.000000e+00 1.310789e+01 0.000000e+00 0.000000e+00 0.000000e+00 0.000000e+00 0.000000e+00 0.000000e+00 0.000000e+00 0.000000e+00 0.000000e+00 0.000000e+00 0.000000e+00 0.000000e+00 0.000000e+00 0.000000e+00 0.000000e+00 0.000000e+00 0.000000e+00 0.000000e+00 0.000000e+00 0.000000e+00 0.000000e+00 0.000000e+00 0.000000e+00 0.000000e+00 0.000000e+00 8.143173e-71 7.008469e-38 1.191987e-37 4.444316e-19 5.639339e-26 0.000000e+00
61.000000 60.000000 62.000000 183.208306 1.778107e+00 1.657584e+11 3.093047e+05 1.928033e+08 2.518818e+02 1.852428e+01 8.132589e-05 1.864935e+07 2.123457e-02 1.295540e-16 2.119945e-14 5.927065e+01 1.465195e-02 5.850869e-08 1.383087e-12 8.168176e-31 3.146146e-12 1.886214e-12 1.213688e-15 7.598607e-03 2.335744e+11 2.194393e+08 1.242389e+05 1.964175e-12 2.167017e+02 5.630066e-08 2.003640e-43 1.186739e-02 1.626424e-09 5.778919e-02 5.761609e-08 8.479653e+01 7.029631e+01 9.360509e+01 1.596184e-01 6.199574e-04 2.891946e-04 1.542356e-03 3.346585e-12 5.707627e-14 0.000000e+00 0.000000e+00 0.000000e+00 0.000000e+00 0.000000e+00 0.000000e+00 0.000000e+00 0.000000e+00 0.000000e+00 0.000000e+00 0.000000e+00 0.000000e+00 7.006457e+13 2.955464e+10 3.248687e+10 6.326580e+14 6.704505e+00 3.402430e-12 9.661168e-01 2.966615e-01 4.542662e+00 5.779012e+00 4.735503e-03 1.714119e-04 2.345383e-08 3.897261e-15 1.602688e-19 2.162060e-22 0.000000e+00 0.000000e+00 8.893571e-19 9.976072e-06 2.079838e-05 1.212069e-19 0.000000e+00 0.000000e+00 0.000000e+00 4.573933e-114 0.000000e+00 0.000000e+00 2.869261e+01 0.000000e+00 0.000000e+00 0.000000e+00 0.000000e+00 0.000000e+00 0.000000e+00 0.000000e+00 0.000000e+00 0.000000e+00 0.000000e+00 0.000000e+00 0.000000e+00 0.000000e+00 0.000000e+00 0.000000e+00 0.000000e+00 0.000000e+00 0.000000e+00 0.000000e+00 0.000000e+00 0.000000e+00 0.000000e+00 0.000000e+00 0.000000e+00 0.000000e+00 8.752320e-72 2.634290e-38 4.020994e-38 1.752942e-19 2.018862e-26 0.000000e+00
63.000000 62.000000 64.000000 181.683305 1.216699e+00 1.624929e+11 1.460853e+05 1.727932e+08 1.468173e+02 8.286523e+00 1.772719e-05 1.124792e+07 2.057663e-02 5.689229e-17 1.607353e-14 3.969959e+01 1.359596e-02 3.640891e-08 5.746599e-13 1.427753e-31 1.851683e-12 6.651408e-13 2.491649e-16 1.138361e-02 2.117414e+11 1.387977e+08 1.484673e+05 1.017095e-12 1.300028e+02 1.512973e-08 4.380375e-43 1.415770e-02 1.427736e-09 4.557570e-02 4.010675e-08 5.288838e+01 6.378968e+01 7.794247e+01 1.428367e-01 4.309778e-04 2.205656e-04 1.299319e-03 3.969089e-12 6.212449e-14 0.000000e+00 0.000000e+00 0.000000e+00 0.000000e+00 0.000000e+00 0.000000e+00 0.000000e+00 0.000000e+00 0.000000e+00 0.000000e+00 0.000000e+00 0.000000e+00 4.829470e+13 2.039395e+10 2.363203e+10 4.365405e+14 1.273174e+01 2.113930e-12 1.174756e+00 3.690326e-01 5.519743e+00 6.935085e+00 5.715513e-03 6.240656e-05 3.636964e-08 2.863486e-15 8.178010e-20 1.876090e-22 0.000000e+00 0.000000e+00 1.665378e-19 6.070269e-06 1.762629e-05 6.817836e-20 0.000000e+00 0.000000e+00 0.000000e+00 1.681092e-115 0.000000e+00 0.000000e+00 4.956030e+01 0.000000e+00 0.000000e+00 0.000000e+00 0.000000e+00 0.000000e+00 0.000000e+00 0.000000e+00 0.000000e+00 0.000000e+00 0.000000e+00 0.000000e+00 0.000000e+00 0.000000e+00 0.000000e+00 0.000000e+00 0.000000e+00 0.000000e+00 0.000000e+00 0.000000e+00 0.000000e+00 0.000000e+00 0.000000e+00 0.000000e+00 0.000000e+00 0.000000e+00 9.441874e-73 1.082506e-38 1.454196e-38 7.029270e-20 7.157055e-27 0.000000e+00
65.000000 64.000000 66.000000 180.630005 8.311176e-01 1.544152e+11 6.546782e+04 1.485171e+08 8.943457e+01 3.574456e+00 3.802286e-06 6.648747e+06 1.940686e-02 2.367721e-17 1.162830e-14 2.647065e+01 1.235164e-02 2.217804e-08 2.328953e-13 2.384038e-32 1.072088e-12 2.404062e-13 5.232360e-17 1.419549e-02 1.892516e+11 8.554740e+07 1.494261e+05 4.781102e-13 7.853519e+01 4.058866e-09 8.149847e-43 1.424068e-02 1.082837e-09 3.059017e-02 2.685442e-08 3.203215e+01 5.230577e+01 6.148412e+01 1.140057e-01 2.884941e-04 1.636361e-04 1.033505e-03 4.109879e-12 5.917688e-14 0.000000e+00 0.000000e+00 0.000000e+00 0.000000e+00 0.000000e+00 0.000000e+00 0.000000e+00 0.000000e+00 0.000000e+00 0.000000e+00 0.000000e+00 0.000000e+00 3.313833e+13 1.401226e+10 1.672728e+10 2.999361e+14 2.101480e+01 1.288264e-12 1.206371e+00 3.850008e-01 5.666940e+00 7.055555e+00 5.990007e-03 2.410395e-05 4.851219e-08 1.755710e-15 3.566226e-20 1.412194e-22 0.000000e+00 0.000000e+00 2.942491e-20 3.132794e-06 1.426727e-05 3.631504e-20 0.000000e+00 0.000000e+00 3.608009e-86 5.251634e-112 0.000000e+00 0.000000e+00 7.041999e+01 0.000000e+00 0.000000e+00 0.000000e+00 0.000000e+00 0.000000e+00 0.000000e+00 0.000000e+00 0.000000e+00 0.000000e+00 0.000000e+00 0.000000e+00 0.000000e+00 0.000000e+00 0.000000e+00 0.000000e+00 0.000000e+00 0.000000e+00 0.000000e+00 0.000000e+00 0.000000e+00 0.000000e+00 0.000000e+00 0.000000e+00 0.000000e+00 0.000000e+00 1.014230e-73 4.499734e-39 5.036971e-39 2.825839e-20 2.493050e-27 0.000000e+00
67.000000 66.000000 68.000000 180.630005 5.675613e-01 1.421142e+11 2.784921e+04 1.219240e+08 5.697137e+01 1.483778e+00 8.007582e-07 3.849622e+06 1.778730e-02 9.174038e-18 7.995683e-15 1.753081e+01 1.091609e-02 1.313980e-08 9.142945e-14 3.785535e-33 6.065899e-13 8.892957e-14 1.128178e-17 1.535401e-02 1.661255e+11 5.136577e+07 1.323006e+05 2.106435e-13 4.747960e+01 1.085533e-09 1.312383e-42 1.263882e-02 7.429844e-10 1.832428e-02 1.781724e-08 1.883642e+01 3.987242e+01 4.630030e+01 8.391518e-02 1.912302e-04 1.219228e-04 7.826550e-04 4.520182e-12 5.070858e-14 0.000000e+00 0.000000e+00 0.000000e+00 0.000000e+00 8.299884e-22 0.000000e+00 0.000000e+00 0.000000e+00 0.000000e+00 0.000000e+00 0.000000e+00 0.000000e+00 2.259294e+13 9.568140e+09 1.152713e+10 2.048233e+14 3.148575e+01 7.679295e-13 1.095268e+00 3.535210e-01 5.145537e+00 6.348964e+00 5.683290e-03 9.858534e-06 5.704670e-08 9.353840e-16 1.374596e-20 9.649805e-23 0.000000e+00 0.000000e+00 4.903254e-21 1.439714e-06 1.107332e-05 1.837404e-20 0.000000e+00 0.000000e+00 6.902994e-82 1.640518e-108 0.000000e+00 0.000000e+00 8.623498e+01 0.000000e+00 0.000000e+00 0.000000e+00 0.000000e+00 0.000000e+00 0.000000e+00 0.000000e+00 0.000000e+00 0.000000e+00 0.000000e+00 0.000000e+00 0.000000e+00 0.000000e+00 0.000000e+00 0.000000e+00 0.000000e+00 0.000000e+00 0.000000e+00 0.000000e+00 0.000000e+00 0.000000e+00 0.000000e+00 0.000000e+00 0.000000e+00 0.000000e+00 1.082823e-74 1.828406e-39 1.614131e-39 1.128177e-20 8.525404e-28 0.000000e+00
69.000000 68.000000 70.000000 180.630005 3.875816e-01 1.277082e+11 1.134489e+04 9.641586e+07 3.822266e+01 5.984753e-01 1.668409e-07 2.200751e+06 1.595227e-02 3.324103e-18 5.280272e-15 1.159892e+01 9.439703e-03 7.615757e-09 3.494555e-14 5.742774e-34 3.388686e-13 3.389845e-14 2.526172e-18 1.502833e-02 1.439690e+11 3.030823e+07 1.072603e+05 8.969966e-14 2.876341e+01 2.912894e-10 1.901590e-42 1.032676e-02 4.817224e-10 1.024030e-02 1.216676e-08 1.085086e+01 2.908270e+01 3.382258e+01 5.884343e-02 1.303099e-04 9.472783e-05 5.735262e-04 6.943619e-12 4.043775e-14 0.000000e+00 0.000000e+00 0.000000e+00 0.000000e+00 1.187801e-21 0.000000e+00 0.000000e+00 0.000000e+00 0.000000e+00 0.000000e+00 0.000000e+00 0.000000e+00 1.539796e+13 6.532754e+09 7.799134e+09 1.398716e+14 4.470647e+01 4.526749e-13 9.171810e-01 2.985246e-01 4.310333e+00 5.261243e+00 5.097164e-03 4.289293e-06 6.142712e-08 4.516994e-16 4.868506e-21 6.244061e-23 0.000000e+00 0.000000e+00 7.773191e-22 6.168678e-07 8.344244e-06 8.948724e-21 0.000000e+00 0.000000e+00 1.272099e-77 5.124687e-105 0.000000e+00 0.000000e+00 9.513151e+01 0.000000e+00 0.000000e+00 0.000000e+00 0.000000e+00 0.000000e+00 0.000000e+00 0.000000e+00 0.000000e+00 0.000000e+00 0.000000e+00 0.000000e+00 0.000000e+00 0.000000e+00 0.000000e+00 0.000000e+00 0.000000e+00 0.000000e+00 0.000000e+00 0.000000e+00 0.000000e+00 0.000000e+00 0.000000e+00 0.000000e+00 0.000000e+00 0.000000e+00 1.156049e-75 7.271380e-40 4.801421e-40 4.475375e-21 2.883701e-28 0.000000e+00
71.000000 70.000000 72.000000 180.630005 2.646753e-01 1.122763e+11 4.438500e+03 7.378728e+07 2.706340e+01 2.360392e-01 3.449451e-08 1.244753e+06 1.401225e-02 1.132731e-18 3.373817e-15 7.664781e+00 7.990732e-03 4.319810e-09 1.299648e-14 8.320153e-35 1.885245e-13 1.334670e-14 5.901766e-19 1.371612e-02 1.231186e+11 1.762400e+07 8.163556e+04 3.750702e-14 1.738934e+01 7.843090e-11 2.552487e-42 7.983183e-03 3.040977e-10 5.499801e-03 8.696411e-09 6.141739e+00 2.062822e+01 2.417564e+01 4.010398e-02 9.280019e-05 7.783184e-05 4.101375e-04 1.298217e-11 3.068777e-14 0.000000e+00 0.000000e+00 0.000000e+00 0.000000e+00 8.918848e-22 0.000000e+00 0.000000e+00 0.000000e+00 0.000000e+00 0.000000e+00 0.000000e+00 0.000000e+00 1.049030e+13 4.459614e+09 5.191982e+09 9.551683e+13 6.138237e+01 2.662746e-13 7.277781e-01 2.383820e-01 3.421915e+00 4.120136e+00 4.428500e-03 1.984920e-06 6.242585e-08 2.032236e-16 1.623116e-21 3.938217e-23 0.000000e+00 0.000000e+00 1.178212e-22 2.551968e-07 6.140796e-06 4.226705e-21 0.000000e+00 0.000000e+00 2.344250e-73 1.600858e-101 0.000000e+00 0.000000e+00 9.730909e+01 0.000000e+00 0.000000e+00 0.000000e+00 0.000000e+00 0.000000e+00 0.000000e+00 0.000000e+00 0.000000e+00 0.000000e+00 0.000000e+00 0.000000e+00 0.000000e+00 0.000000e+00 0.000000e+00 0.000000e+00 0.000000e+00 0.000000e+00 0.000000e+00 0.000000e+00 0.000000e+00 0.000000e+00 0.000000e+00 0.000000e+00 0.000000e+00 0.000000e+00 1.234222e-76 2.852010e-40 1.337296e-40 1.759652e-21 9.662183e-29 0.000000e+00
73.000000 72.000000 74.000000 180.630005 1.807439e-01 9.669527e+10 1.672205e+03 5.493875e+07 2.023944e+01 9.178374e-02 7.109211e-09 6.979165e+05 1.206663e-02 3.661793e-19 2.103180e-15 5.057743e+00 6.616567e-03 2.396057e-09 4.692959e-15 1.149664e-35 1.054277e-13 5.428688e-15 1.442683e-19 1.678468e-02 1.038272e+11 1.012695e+07 5.934948e+04 1.554021e-14 1.045748e+01 2.118821e-11 3.218300e-42 5.953972e-03 1.914676e-10 2.905459e-03 6.469914e-09 3.425346e+00 1.438481e+01 1.702205e+01 2.695630e-02 6.866689e-05 6.697557e-05 2.880602e-04 2.239670e-11 2.251775e-14 0.000000e+00 0.000000e+00 0.000000e+00 0.000000e+00 5.453540e-22 0.000000e+00 0.000000e+00 0.000000e+00 0.000000e+00 0.000000e+00 0.000000e+00 0.000000e+00 7.143964e+12 3.043775e+09 3.407666e+09 6.522742e+13 8.166601e+01 1.579469e-13 5.580230e-01 1.836711e-01 2.625274e+00 3.107054e+00 3.764373e-03 9.760646e-07 6.125342e-08 8.671304e-17 5.155751e-22 2.479380e-23 0.000000e+00 0.000000e+00 1.717978e-23 1.057892e-07 4.435656e-06 1.949226e-21 0.000000e+00 0.000000e+00 4.320034e-69 5.000738e-98 0.000000e+00 0.000000e+00 9.423491e+01 0.000000e+00 0.000000e+00 0.000000e+00 0.000000e+00 0.000000e+00 0.000000e+00 0.000000e+00 0.000000e+00 0.000000e+00 0.000000e+00 0.000000e+00 0.000000e+00 0.000000e+00 0.000000e+00 0.000000e+00 0.000000e+00 0.000000e+00 0.000000e+00 0.000000e+00 0.000000e+00 0.000000e+00 0.000000e+00 0.000000e+00 0.000000e+00 0.000000e+00 1.317678e-77 1.118219e-40 3.532203e-41 6.856804e-22 3.211282e-29 0.000000e+00
75.000000 74.000000 76.000000 180.630005 1.234281e-01 8.163831e+10 6.082675e+02 3.999666e+07 1.591846e+01 3.552449e-02 1.471229e-09 3.885915e+05 1.019691e-02 1.133612e-19 1.289450e-15 3.332189e+00 5.350096e-03 1.297295e-09 1.639391e-15 1.510927e-36 5.974175e-14 2.268048e-15 3.685393e-20 3.533561e-01 8.627536e+10 5.763969e+06 4.168103e+04 6.410659e-15 6.240221e+00 5.741886e-12 3.805590e-42 4.340105e-03 1.225172e-10 1.536911e-03 4.911649e-09 1.887159e+00 9.931737e+00 1.186371e+01 1.804320e-02 5.175057e-05 5.892415e-05 1.996437e-04 3.315562e-11 1.614411e-14 0.000000e+00 0.000000e+00 0.000000e+00 0.000000e+00 2.993258e-22 0.000000e+00 0.000000e+00 0.000000e+00 0.000000e+00 0.000000e+00 0.000000e+00 0.000000e+00 4.863167e+12 2.076916e+09 2.209289e+09 4.454312e+13 1.046102e+02 9.534037e-14 4.191741e-01 1.384915e-01 1.973231e+00 2.286474e+00 3.132365e-03 5.071281e-07 5.887940e-08 3.543656e-17 1.564486e-22 1.587955e-23 0.000000e+00 0.000000e+00 2.425915e-24 4.596994e-08 3.157610e-06 8.826655e-22 0.000000e+00 0.000000e+00 7.961048e-65 1.562064e-94 0.000000e+00 0.000000e+00 8.766083e+01 0.000000e+00 0.000000e+00 0.000000e+00 0.000000e+00 0.000000e+00 0.000000e+00 0.000000e+00 0.000000e+00 0.000000e+00 0.000000e+00 0.000000e+00 0.000000e+00 0.000000e+00 0.000000e+00 0.000000e+00 0.000000e+00 0.000000e+00 0.000000e+00 0.000000e+00 0.000000e+00 0.000000e+00 0.000000e+00 0.000000e+00 0.000000e+00 0.000000e+00 1.406777e-78 4.454329e-41 8.968036e-42 2.650921e-22 1.059971e-29 0.000000e+00
77.000000 76.000000 78.000000 180.630005 8.428782e-02 6.761860e+10 2.142225e+02 2.860055e+07 1.304488e+01 1.382719e-02 3.099153e-10 2.151853e+05 8.464483e-03 3.391129e-20 7.828992e-16 2.191809e+00 4.218352e-03 6.845576e-10 5.518900e-16 1.882799e-37 3.449948e-14 9.630867e-16 9.773424e-21 7.863129e+00 7.060390e+10 3.256322e+06 2.846841e+04 2.639209e-15 3.689078e+00 1.560407e-12 4.192783e-42 3.117777e-03 8.076478e-11 8.246828e-04 3.733559e-09 1.029443e+00 6.818973e+00 8.212396e+00 1.209155e-02 3.897139e-05 5.181985e-05 1.370080e-04 4.556280e-11 1.138635e-14 0.000000e+00 0.000000e+00 0.000000e+00 0.000000e+00 1.535161e-22 0.000000e+00 0.000000e+00 0.000000e+00 0.000000e+00 0.000000e+00 0.000000e+00 0.000000e+00 3.309321e+12 1.416720e+09 1.417395e+09 3.041805e+13 1.284579e+02 5.891030e-14 3.113997e-01 1.031873e-01 1.466722e+00 1.657197e+00 2.548902e-03 2.755021e-07 5.593052e-08 1.394623e-17 4.532214e-23 1.049115e-23 0.000000e+00 0.000000e+00 3.342060e-25 2.201776e-08 2.222608e-06 3.942473e-22 0.000000e+00 0.000000e+00 1.467082e-60 4.878662e-91 0.000000e+00 0.000000e+00 7.913352e+01 0.000000e+00 0.000000e+00 0.000000e+00 0.000000e+00 0.000000e+00 0.000000e+00 0.000000e+00 0.000000e+00 0.000000e+00 0.000000e+00 0.000000e+00 0.000000e+00 0.000000e+00 0.000000e+00 0.000000e+00 0.000000e+00 0.000000e+00 0.000000e+00 0.000000e+00 0.000000e+00 0.000000e+00 0.000000e+00 0.000000e+00 0.000000e+00 0.000000e+00 1.501898e-79 1.833461e-41 2.216510e-42 1.018358e-22 3.478745e-30 0.000000e+00
79.000000 78.000000 80.000000 180.630005 5.755932e-02 5.500289e+10 7.326387e+01 2.016654e+07 1.102262e+01 5.470262e-03 6.831816e-11 1.186633e+05 6.910506e-03 9.881431e-21 4.732934e-16 1.439433e+00 3.241838e-03 3.518512e-10 1.784579e-16 2.219529e-38 2.035975e-14 4.111836e-16 2.662746e-21 7.438403e+01 5.690872e+10 1.829130e+06 1.897981e+04 1.085552e-15 2.159343e+00 4.251018e-13 4.294856e-42 2.218676e-03 5.533339e-11 4.528150e-04 2.813072e-09 5.571545e-01 4.667785e+00 5.659127e+00 8.130518e-03 2.901239e-05 4.497029e-05 9.334127e-05 7.786662e-11 7.936247e-15 0.000000e+00 3.074283e-54 0.000000e+00 0.000000e+00 7.516943e-23 0.000000e+00 0.000000e+00 0.000000e+00 0.000000e+00 0.000000e+00 0.000000e+00 0.000000e+00 2.251209e+12 9.659507e+08 9.011492e+08 2.077218e+13 1.514420e+02 3.735209e-14 2.302293e-01 7.646673e-02 1.084945e+00 1.190710e+00 2.031441e-03 1.547333e-07 5.279274e-08 5.307339e-18 1.254255e-23 7.214039e-24 0.000000e+00 0.000000e+00 4.530214e-26 1.204116e-08 1.551076e-06 1.743047e-22 0.000000e+00 0.000000e+00 2.703573e-56 1.522859e-87 0.000000e+00 0.000000e+00 6.984394e+01 0.000000e+00 0.000000e+00 0.000000e+00 0.000000e+00 0.000000e+00 0.000000e+00 0.000000e+00 0.000000e+00 0.000000e+00 0.000000e+00 0.000000e+00 0.000000e+00 0.000000e+00 0.000000e+00 0.000000e+00 0.000000e+00 0.000000e+00 0.000000e+00 0.000000e+00 0.000000e+00 0.000000e+00 0.000000e+00 0.000000e+00 0.000000e+00 0.000000e+00 1.603451e-80 7.922085e-42 5.391088e-43 3.892724e-23 1.136409e-30 0.000000e+00
81.000000 80.000000 82.000000 180.630005 3.930664e-02 4.400513e+10 2.440089e+01 1.406738e+07 9.525733e+00 2.223235e-03 1.660693e-11 6.523172e+04 5.556870e-03 2.823983e-21 2.859889e-16 9.438916e-01 2.429785e-03 1.762195e-10 5.528744e-17 2.472757e-39 1.227756e-14 1.751595e-16 7.371479e-22 3.854372e+02 4.521277e+10 1.023028e+06 1.237505e+04 4.463243e-16 1.251786e+00 1.160537e-13 4.108045e-42 1.569064e-03 3.958450e-11 2.557365e-04 2.096365e-09 2.997079e-01 3.190375e+00 3.887940e+00 5.487245e-03 2.128591e-05 3.836140e-05 6.325417e-05 1.931799e-10 5.483359e-15 0.000000e+00 4.364289e-50 0.000000e+00 0.000000e+00 3.560923e-23 0.000000e+00 0.000000e+00 0.000000e+00 0.000000e+00 0.000000e+00 0.000000e+00 0.000000e+00 1.530976e+12 6.581881e+08 5.682580e+08 1.418510e+13 1.724142e+02 2.429747e-14 1.701033e-01 5.660021e-02 8.019424e-01 8.522445e-01 1.592281e-03 8.905478e-08 4.969712e-08 1.960730e-18 3.326260e-24 5.187033e-24 0.000000e+00 0.000000e+00 6.100181e-27 7.504267e-09 1.075476e-06 7.648671e-23 0.000000e+00 0.000000e+00 4.982205e-52 4.743880e-84 0.000000e+00 0.000000e+00 6.062272e+01 0.000000e+00 0.000000e+00 0.000000e+00 0.000000e+00 0.000000e+00 0.000000e+00 0.000000e+00 0.000000e+00 0.000000e+00 0.000000e+00 0.000000e+00 0.000000e+00 0.000000e+00 0.000000e+00 0.000000e+00 0.000000e+00 0.000000e+00 0.000000e+00 0.000000e+00 0.000000e+00 0.000000e+00 0.000000e+00 0.000000e+00 0.000000e+00 0.000000e+00 1.711868e-81 3.638327e-42 1.301592e-43 1.482434e-23 3.698758e-31 0.000000e+00
83.000000 82.000000 84.000000 180.630005 2.684209e-02 3.468946e+10 7.932993e+00 9.732614e+06 8.378347e+00 9.377055e-04 4.793643e-12 3.577766e+04 4.408266e-03 7.959765e-22 1.731458e-16 6.180327e-01 1.778321e-03 8.608050e-11 1.637801e-17 2.604152e-40 7.548431e-15 7.416706e-17 2.055064e-22 1.315944e+03 3.544922e+10 5.703668e+05 7.899370e+03 1.834731e-16 7.193399e-01 3.173823e-14 3.699694e-42 1.104752e-03 2.961144e-11 1.489117e-04 1.549060e-09 1.604768e-01 2.179031e+00 2.665757e+00 3.715645e-03 1.541204e-05 3.222676e-05 4.270165e-05 4.996680e-10 3.763128e-15 0.000000e+00 4.079334e-46 0.000000e+00 0.000000e+00 1.646556e-23 0.000000e+00 0.000000e+00 0.000000e+00 0.000000e+00 0.000000e+00 0.000000e+00 0.000000e+00 1.040914e+12 4.480720e+08 3.554622e+08 9.686855e+12 1.910491e+02 1.619120e-14 1.259237e-01 4.196101e-02 5.938676e-01 6.099723e-01 1.234129e-03 5.223913e-08 4.676432e-08 7.059444e-19 8.495285e-25 3.904780e-24 0.000000e+00 0.000000e+00 8.243856e-28 5.156819e-09 7.421722e-07 3.337958e-23 0.000000e+00 0.000000e+00 9.181322e-48 1.467353e-80 0.000000e+00 0.000000e+00 5.198987e+01 0.000000e+00 0.000000e+00 0.000000e+00 0.000000e+00 0.000000e+00 0.000000e+00 0.000000e+00 0.000000e+00 0.000000e+00 0.000000e+00 0.000000e+00 0.000000e+00 0.000000e+00 0.000000e+00 0.000000e+00 0.000000e+00 0.000000e+00 0.000000e+00 0.000000e+00 0.000000e+00 0.000000e+00 0.000000e+00 0.000000e+00 0.000000e+00 0.000000e+00 1.827614e-82 1.788774e-42 3.139173e-44 5.629527e-24 1.200483e-31 0.000000e+00
85.000000 84.000000 86.000000 180.630005 1.833017e-02 2.699469e+10 2.521671e+00 6.690473e+06 7.489207e+00 4.139737e-04 1.730966e-12 1.959252e+04 3.455532e-03 2.222447e-22 1.051588e-16 4.040762e-01 1.272937e-03 4.106045e-11 4.632406e-18 2.595824e-41 4.716870e-15 3.121470e-17 5.736911e-23 3.382451e+03 2.746904e+10 3.172937e+05 4.941337e+03 7.541583e-17 4.103055e-01 8.692108e-15 3.166942e-42 7.749490e-04 2.314323e-11 8.943005e-05 1.141180e-09 8.563436e-02 1.487845e+00 1.825338e+00 2.524434e-03 1.105542e-05 2.681256e-05 2.875061e-05 1.107763e-09 2.568696e-15 0.000000e+00 2.860621e-42 0.000000e+00 0.000000e+00 7.478263e-24 0.000000e+00 0.000000e+00 0.000000e+00 0.000000e+00 0.000000e+00 0.000000e+00 0.000000e+00 7.075676e+11 3.046265e+08 2.204341e+08 6.615047e+12 2.079325e+02 1.103998e-14 9.355142e-02 3.121036e-02 4.413266e-01 4.379574e-01 9.520000e-04 3.117486e-08 4.403600e-08 2.486875e-19 2.102691e-25 3.074165e-24 0.000000e+00 0.000000e+00 1.129393e-28 3.768403e-09 5.104071e-07 1.450954e-23 0.000000e+00 0.000000e+00 1.691954e-43 4.432718e-77 0.000000e+00 0.000000e+00 4.422609e+01 0.000000e+00 0.000000e+00 0.000000e+00 0.000000e+00 0.000000e+00 0.000000e+00 0.000000e+00 0.000000e+00 0.000000e+00 0.000000e+00 0.000000e+00 0.000000e+00 0.000000e+00 0.000000e+00 0.000000e+00 0.000000e+00 0.000000e+00 0.000000e+00 0.000000e+00 0.000000e+00 0.000000e+00 0.000000e+00 0.000000e+00 0.000000e+00 0.000000e+00 1.951188e-83 9.420373e-43 7.594153e-45 2.133291e-24 3.888110e-32 0.000000e+00
87.000000 86.000000 88.000000 180.630005 1.251748e-02 2.077217e+10 7.843541e-01 4.574427e+06 6.813218e+00 1.923809e-04 7.682731e-13 1.072025e+04 2.680088e-03 6.167064e-23 6.408852e-17 2.638071e-01 8.927475e-04 1.914862e-11 1.249989e-18 2.454547e-42 2.987463e-15 1.309779e-17 1.599898e-23 7.215042e+03 2.106582e+10 1.762785e+05 3.033162e+03 3.099917e-17 2.326792e-01 2.383243e-15 2.599526e-42 5.415644e-04 1.885922e-11 5.534808e-05 8.443557e-10 4.558988e-02 1.015814e+00 1.248768e+00 1.722849e-03 7.894664e-06 2.225980e-05 1.932421e-05 2.102116e-09 1.746272e-15 0.000000e+00 1.320995e-38 0.000000e+00 0.000000e+00 3.351342e-24 0.000000e+00 0.000000e+00 0.000000e+00 0.000000e+00 0.000000e+00 0.000000e+00 0.000000e+00 4.808827e+11 2.067030e+08 1.353622e+08 4.517344e+12 2.244768e+02 7.709426e-15 6.983060e-02 2.331896e-02 3.295119e-01 3.163392e-01 7.362789e-04 1.894895e-08 4.150866e-08 8.607769e-20 5.080212e-26 2.524977e-24 0.000000e+00 0.000000e+00 1.582023e-29 2.862492e-09 3.501631e-07 6.289308e-24 0.000000e+00 0.000000e+00 3.117973e-39 1.236540e-73 0.000000e+00 0.000000e+00 3.744750e+01 0.000000e+00 0.000000e+00 0.000000e+00 0.000000e+00 0.000000e+00 0.000000e+00 0.000000e+00 0.000000e+00 0.000000e+00 0.000000e+00 0.000000e+00 0.000000e+00 0.000000e+00 0.000000e+00 0.000000e+00 0.000000e+00 0.000000e+00 0.000000e+00 0.000000e+00 0.000000e+00 0.000000e+00 0.000000e+00 0.000000e+00 0.000000e+00 0.000000e+00 2.083115e-84 5.285488e-43 1.846707e-45 8.071236e-25 1.257307e-32 0.000000e+00
89.000000 88.000000 90.000000 180.630005 8.548061e-03 1.582543e+10 2.387585e-01 3.111526e+06 6.314363e+00 9.428696e-05 3.938003e-13 5.866294e+03 2.058395e-03 1.704941e-23 3.918214e-17 1.720052e-01 6.146343e-04 8.740763e-12 3.217458e-19 2.208452e-43 1.915127e-15 5.495359e-18 4.454903e-24 1.359378e+04 1.600551e+10 9.791387e+04 1.830944e+03 1.274345e-17 1.314459e-01 6.540700e-16 2.061412e-42 3.769477e-04 1.598946e-11 3.526303e-05 6.312895e-10 2.424242e-02 6.935418e-01 8.538170e-01 1.184286e-03 5.630021e-06 1.856225e-05 1.297637e-05 3.541064e-09 1.184935e-15 0.000000e+00 0.000000e+00 0.000000e+00 0.000000e+00 1.487123e-24 0.000000e+00 0.000000e+00 0.000000e+00 0.000000e+00 0.000000e+00 0.000000e+00 0.000000e+00 3.267703e+11 1.398623e+08 8.219800e+07 3.084849e+12 2.421307e+02 5.535503e-15 5.243930e-02 1.752512e-02 2.475121e-01 2.304934e-01 5.743701e-04 1.174030e-08 3.917113e-08 2.939593e-20 1.206369e-26 2.158110e-24 0.000000e+00 0.000000e+00 2.279129e-30 2.234983e-09 2.398214e-07 2.721098e-24 0.000000e+00 0.000000e+00 0.000000e+00 0.000000e+00 0.000000e+00 0.000000e+00 3.167031e+01 0.000000e+00 0.000000e+00 0.000000e+00 0.000000e+00 0.000000e+00 0.000000e+00 0.000000e+00 0.000000e+00 0.000000e+00 0.000000e+00 0.000000e+00 0.000000e+00 0.000000e+00 0.000000e+00 0.000000e+00 0.000000e+00 0.000000e+00 0.000000e+00 0.000000e+00 0.000000e+00 0.000000e+00 0.000000e+00 0.000000e+00 0.000000e+00 0.000000e+00 2.223963e-85 3.129750e-43 4.516898e-46 3.050217e-25 4.061176e-33 0.000000e+00
91.000000 90.000000 92.000000 180.630005 5.837386e-03 1.194481e+10 7.112495e-02 2.104351e+06 5.962248e+00 4.868583e-05 2.213536e-13 3.215790e+03 1.565592e-03 4.706024e-24 2.401416e-17 1.120537e-01 4.165598e-04 3.911912e-12 7.909217e-20 1.898373e-44 1.244486e-15 2.312403e-18 1.239409e-24 2.340901e+04 1.205416e+10 5.447148e+04 1.090504e+03 5.241468e-18 7.417941e-02 1.796568e-16 1.588532e-42 2.614021e-04 1.409065e-11 2.312008e-05 4.795754e-10 1.289845e-02 4.735302e-01 5.835468e-01 8.232805e-04 4.016461e-06 1.562836e-05 8.712123e-06 5.446480e-09 8.064073e-16 0.000000e+00 5.102659e-39 0.000000e+00 0.000000e+00 6.554003e-25 0.000000e+00 0.000000e+00 0.000000e+00 0.000000e+00 0.000000e+00 0.000000e+00 0.000000e+00 2.220240e+11 9.424551e+07 4.931982e+07 2.106613e+12 2.622772e+02 4.118854e-15 3.970365e-02 1.327765e-02 1.874540e-01 1.699564e-01 4.544767e-04 7.414372e-09 3.704322e-08 9.959173e-21 2.835593e-27 1.916449e-24 0.000000e+00 0.000000e+00 3.387598e-31 1.787788e-09 1.640597e-07 1.176434e-24 0.000000e+00 0.000000e+00 1.706852e-39 0.000000e+00 0.000000e+00 0.000000e+00 2.686401e+01 0.000000e+00 0.000000e+00 0.000000e+00 0.000000e+00 0.000000e+00 0.000000e+00 0.000000e+00 0.000000e+00 0.000000e+00 0.000000e+00 0.000000e+00 0.000000e+00 0.000000e+00 0.000000e+00 0.000000e+00 0.000000e+00 0.000000e+00 0.000000e+00 0.000000e+00 0.000000e+00 0.000000e+00 0.000000e+00 0.000000e+00 0.000000e+00 0.000000e+00 2.374336e-86 1.934718e-43 1.110654e-46 1.151988e-25 1.310802e-33 0.000000e+00
93.000000 92.000000 94.000000 180.630005 3.986289e-03 8.930823e+09 2.075919e-02 1.412880e+06 5.784852e+00 2.648706e-05 1.343258e-13 1.772052e+03 1.178018e-03 1.300793e-24 1.473929e-17 7.301733e-02 2.793583e-04 1.722786e-12 1.863527e-20 1.567310e-45 8.257585e-16 9.889743e-19 3.465115e-25 3.753536e+04 8.996657e+09 3.045746e+04 6.443511e+02 2.160586e-18 4.201589e-02 4.939741e-17 1.194622e-42 1.810260e-04 1.293674e-11 1.563338e-05 3.762203e-10 6.891317e-03 3.233268e-01 3.987205e-01 5.811879e-04 2.875614e-06 1.332306e-05 5.852741e-06 7.810946e-09 5.565351e-16 0.000000e+00 2.850003e-39 0.000000e+00 0.000000e+00 2.880033e-25 0.000000e+00 0.000000e+00 0.000000e+00 0.000000e+00 0.000000e+00 0.000000e+00 0.000000e+00 1.508528e+11 6.312148e+07 2.927600e+07 1.438584e+12 2.890445e+02 3.226740e-15 3.044218e-02 1.018671e-02 1.437849e-01 1.274530e-01 3.702187e-04 4.813225e-09 3.522535e-08 3.388861e-21 6.687911e-28 1.770735e-24 0.000000e+00 0.000000e+00 5.214482e-32 1.483156e-09 1.121446e-07 5.094843e-25 0.000000e+00 0.000000e+00 5.113636e-41 0.000000e+00 0.000000e+00 0.000000e+00 2.299868e+01 0.000000e+00 0.000000e+00 0.000000e+00 0.000000e+00 0.000000e+00 0.000000e+00 0.000000e+00 0.000000e+00 0.000000e+00 0.000000e+00 0.000000e+00 0.000000e+00 0.000000e+00 0.000000e+00 0.000000e+00 0.000000e+00 0.000000e+00 0.000000e+00 0.000000e+00 0.000000e+00 0.000000e+00 0.000000e+00 0.000000e+00 0.000000e+00 0.000000e+00 2.534877e-87 1.235829e-43 2.741666e-47 4.353858e-26 4.230692e-34 0.000000e+00
95.000000 94.000000 96.000000 180.630005 2.722194e-03 6.604096e+09 5.964116e-03 9.390702e+05 5.865255e+00 1.532723e-05 8.888391e-14 9.890618e+02 8.746135e-04 3.626693e-25 9.050480e-18 4.770355e-02 1.869480e-04 7.511557e-13 4.232752e-21 1.250665e-46 5.692013e-16 4.405704e-19 9.863676e-26 5.637418e+04 6.643613e+09 1.724315e+04 3.813385e+02 8.986436e-19 2.408982e-02 1.362376e-17 8.789817e-43 1.259344e-04 1.250246e-11 1.099685e-05 3.139113e-10 3.727338e-03 2.207773e-01 2.723817e-01 4.171645e-04 2.070117e-06 1.141437e-05 3.938035e-06 1.059870e-08 3.986393e-16 0.000000e+00 1.129036e-38 0.000000e+00 0.000000e+00 1.273141e-25 0.000000e+00 0.000000e+00 0.000000e+00 0.000000e+00 0.000000e+00 0.000000e+00 0.000000e+00 1.025158e+11 4.189399e+07 1.729886e+07 9.823937e+11 3.307065e+02 2.732929e-15 2.386312e-02 7.991578e-03 1.127934e-01 9.814632e-02 3.189201e-04 3.266273e-09 3.396050e-08 1.186043e-21 1.622628e-28 1.718188e-24 0.000000e+00 0.000000e+00 8.408880e-33 1.311526e-09 7.661853e-08 2.227385e-25 0.000000e+00 0.000000e+00 3.929873e-41 0.000000e+00 0.000000e+00 0.000000e+00 2.009547e+01 0.000000e+00 0.000000e+00 0.000000e+00 0.000000e+00 0.000000e+00 0.000000e+00 0.000000e+00 0.000000e+00 0.000000e+00 0.000000e+00 0.000000e+00 0.000000e+00 0.000000e+00 0.000000e+00 0.000000e+00 0.000000e+00 0.000000e+00 0.000000e+00 0.000000e+00 0.000000e+00 0.000000e+00 0.000000e+00 0.000000e+00 0.000000e+00 0.000000e+00 2.706341e-88 8.088172e-44 6.783166e-48 1.655981e-26 1.370225e-34 0.000000e+00
97.000000 96.000000 98.000000 180.630005 1.858957e-03 4.809177e+09 1.707158e-03 6.148469e+05 6.219730e+00 9.741638e-06 6.372047e-14 5.683414e+02 6.375302e-04 1.044488e-25 5.557500e-18 3.138170e-02 1.260838e-04 3.262945e-13 9.304756e-22 9.709353e-48 4.205436e-16 2.067468e-19 2.905007e-26 7.763111e+04 4.833149e+09 1.003670e+04 2.298378e+02 3.873291e-19 1.419609e-02 3.835368e-18 6.331022e-43 8.874436e-05 1.306189e-11 8.230440e-06 2.855494e-10 2.079227e-03 1.507587e-01 1.860479e-01 3.025478e-04 1.491404e-06 9.586641e-06 2.657328e-06 1.350193e-08 3.090920e-16 0.000000e+00 0.000000e+00 0.000000e+00 0.000000e+00 5.818901e-26 0.000000e+00 0.000000e+00 0.000000e+00 0.000000e+00 0.000000e+00 0.000000e+00 0.000000e+00 6.971065e+10 2.742439e+07 1.034366e+07 6.708659e+11 3.935920e+02 2.559702e-15 1.951219e-02 6.542572e-03 9.234505e-02 7.909174e-02 2.972649e-04 2.318958e-09 3.363527e-08 4.410508e-22 4.177863e-29 1.796887e-24 0.000000e+00 0.000000e+00 1.465145e-33 1.261252e-09 5.233034e-08 1.009585e-25 0.000000e+00 0.000000e+00 0.000000e+00 0.000000e+00 0.000000e+00 0.000000e+00 1.829617e+01 0.000000e+00 0.000000e+00 0.000000e+00 0.000000e+00 0.000000e+00 0.000000e+00 0.000000e+00 0.000000e+00 0.000000e+00 0.000000e+00 0.000000e+00 0.000000e+00 0.000000e+00 0.000000e+00 0.000000e+00 0.000000e+00 0.000000e+00 0.000000e+00 0.000000e+00 0.000000e+00 0.000000e+00 0.000000e+00 0.000000e+00 0.000000e+00 0.000000e+00 2.893931e-89 5.389274e-44 1.684286e-48 6.505015e-27 4.552019e-35 0.000000e+00
99.000000 98.000000 100.000000 180.630005 1.269462e-03 3.418555e+09 4.996027e-04 3.932214e+05 6.731072e+00 7.263225e-06 4.705119e-14 3.471370e+02 4.524550e-04 3.488591e-26 3.414458e-18 2.093501e-02 8.622426e-05 1.412384e-13 1.967393e-22 7.832488e-49 3.479838e-16 1.010442e-19 9.542241e-27 9.000820e+04 3.433659e+09 6.184645e+03 1.444919e+02 1.896396e-19 8.828445e-03 1.263649e-18 4.453802e-43 6.324303e-05 1.533951e-11 6.763110e-06 2.895427e-10 1.243388e-03 1.029491e-01 1.270635e-01 2.173871e-04 1.065942e-06 7.560602e-06 1.801536e-06 1.504060e-08 2.735708e-16 0.000000e+00 0.000000e+00 0.000000e+00 0.000000e+00 2.985279e-26 0.000000e+00 0.000000e+00 0.000000e+00 0.000000e+00 0.000000e+00 0.000000e+00 0.000000e+00 4.747146e+10 1.756934e+07 6.466677e+06 4.581273e+11 4.752186e+02 2.651636e-15 1.727839e-02 5.708068e-03 8.123390e-02 6.876434e-02 3.047715e-04 1.680694e-09 3.445997e-08 1.806417e-22 1.233277e-29 2.106333e-24 0.000000e+00 0.000000e+00 3.039391e-34 1.331200e-09 3.573601e-08 5.153064e-26 0.000000e+00 0.000000e+00 0.000000e+00 0.000000e+00 0.000000e+00 0.000000e+00 1.770807e+01 0.000000e+00 0.000000e+00 0.000000e+00 0.000000e+00 0.000000e+00 0.000000e+00 0.000000e+00 0.000000e+00 0.000000e+00 0.000000e+00 0.000000e+00 0.000000e+00 0.000000e+00 0.000000e+00 0.000000e+00 0.000000e+00 0.000000e+00 0.000000e+00 0.000000e+00 0.000000e+00 0.000000e+00 0.000000e+00 0.000000e+00 0.000000e+00 0.000000e+00 3.389101e-90 3.640060e-44 4.473400e-49 2.937532e-27 1.760601e-35 0.000000e+00
