# z		 z0		 z1		 T		 P		1		2		3		4		5		6		7		8		9		10		11		12		13		14		15		16		17		18		19		20		21		22		23		24		25		26		27		28		29		30		31		32		33		34		35		36		37		38		39		40		41		42		43		44		45		46		47		48		49		50		51		52		53		54		55		56		57		58		59		60		61		62		63		64		65		66		67		68		69		70		71		72		73		74		75		76		77		78		79		80		81		82		83		84		85		86		87		88		89		90		91		92		93		94		95		96		97		98		99		100		101		102		103		104		105		106		107		108		109		110		111		
#  km		 km		 km		 K		 Pa		
1.000000 0.000000 2.000000 284.825456 9.187758e+04 7.393410e+04 2.158793e-05 5.245256e+09 4.827128e+06 8.118445e+01 6.656105e+05 4.298950e+17 2.318867e-09 1.063260e-01 1.775418e-06 2.260474e+05 9.240681e+00 1.799358e-05 1.389938e-08 8.211081e-21 1.457808e+00 4.589715e-01 9.729822e-03 3.396178e-14 2.037601e+11 8.923235e+11 7.017898e+08 5.152266e-09 1.631265e+08 1.209512e+02 2.799829e-40 3.092131e-06 4.822102e-09 1.317302e+00 4.363317e-01 2.727621e+05 2.701154e-11 3.182370e+02 1.267927e+00 1.041733e+03 5.388399e-03 1.727171e+02 1.425389e-11 6.616940e-11 0.000000e+00 1.864360e-30 0.000000e+00 0.000000e+00 0.000000e+00 0.000000e+00 0.000000e+00 0.000000e+00 0.000000e+00 0.000000e+00 0.000000e+00 0.000000e+00 2.336387e+16 5.898607e+13 2.437914e+03 2.102747e+19 7.177172e-12 9.101834e-07 5.787049e-12 7.246362e-05 1.556344e+04 1.417136e+06 1.167149e+03 2.119329e+08 6.710223e-17 2.675308e-04 3.238955e-06 6.752275e-19 0.000000e+00 0.000000e+00 1.311529e-10 9.494235e-03 2.850407e-03 0.000000e+00 0.000000e+00 0.000000e+00 4.921818e-33 3.056415e-72 0.000000e+00 0.000000e+00 1.141169e-08 0.000000e+00 0.000000e+00 0.000000e+00 0.000000e+00 0.000000e+00 0.000000e+00 0.000000e+00 0.000000e+00 0.000000e+00 0.000000e+00 0.000000e+00 0.000000e+00 0.000000e+00 0.000000e+00 0.000000e+00 0.000000e+00 0.000000e+00 0.000000e+00 0.000000e+00 0.000000e+00 0.000000e+00 0.000000e+00 0.000000e+00 0.000000e+00 0.000000e+00 2.275326e-36 4.118962e-20 7.286862e-19 5.222228e-05 4.501787e-12 0.000000e+00
3.000000 2.000000 4.000000 274.320657 7.236144e+04 1.497455e+06 1.030115e-02 3.472572e+09 3.001023e+06 6.733712e+02 9.400627e+05 3.513629e+16 3.425159e-08 1.959849e-01 8.054282e-06 1.850470e+05 7.940439e+00 5.222236e-05 3.972784e-08 3.618130e-18 1.076736e+00 2.310351e-01 2.806266e-02 1.079415e-13 1.759683e+11 7.295349e+11 5.077760e+08 9.623934e-09 1.225365e+08 5.531311e+02 3.962142e-38 1.558166e-04 1.695226e-07 1.066021e+00 3.034889e-01 2.275198e+05 2.365233e-10 2.849880e+02 9.070070e-01 8.130881e+02 3.340039e-03 1.416500e+02 3.173464e-11 2.015496e-09 0.000000e+00 8.646990e-32 0.000000e+00 0.000000e+00 0.000000e+00 0.000000e+00 0.000000e+00 0.000000e+00 0.000000e+00 0.000000e+00 0.000000e+00 0.000000e+00 1.910567e+16 4.822732e+13 4.439494e+04 1.719512e+19 1.377603e-11 3.898255e-06 1.908210e-11 2.757628e-05 9.399666e+03 1.002407e+06 6.121130e+02 1.620204e+08 7.592998e-14 1.129025e-04 5.675146e-06 7.008732e-19 0.000000e+00 0.000000e+00 1.177051e-07 4.073786e-02 1.073255e-02 0.000000e+00 0.000000e+00 0.000000e+00 0.000000e+00 1.382780e-68 0.000000e+00 0.000000e+00 1.217015e-08 0.000000e+00 0.000000e+00 0.000000e+00 0.000000e+00 0.000000e+00 0.000000e+00 0.000000e+00 0.000000e+00 0.000000e+00 0.000000e+00 0.000000e+00 0.000000e+00 0.000000e+00 0.000000e+00 0.000000e+00 0.000000e+00 0.000000e+00 0.000000e+00 0.000000e+00 0.000000e+00 0.000000e+00 0.000000e+00 0.000000e+00 0.000000e+00 0.000000e+00 4.409337e-36 6.075785e-19 1.231212e-17 4.944959e-05 3.803629e-12 0.000000e+00
5.000000 4.000000 6.000000 262.426750 5.639636e+04 5.293360e+06 1.419966e-01 5.140432e+09 5.996813e+06 3.296934e+03 3.610676e+06 1.345765e+16 6.697208e-07 2.681073e-01 1.370994e-05 1.512325e+05 6.546096e+00 9.694837e-05 1.510128e-07 3.765733e-16 7.855004e-01 3.157988e-01 5.989499e-02 1.549163e-12 1.567995e+11 5.941773e+11 3.863654e+08 1.572364e-08 8.619111e+07 2.305781e+03 8.225072e-37 4.415093e-03 3.604720e-06 1.236789e+00 2.948378e-01 1.919304e+05 1.327758e-08 1.869372e+02 4.818075e-01 4.041710e+02 2.404473e-03 1.158247e+02 4.607981e-11 2.414202e-09 0.000000e+00 1.057321e-31 0.000000e+00 0.000000e+00 0.000000e+00 0.000000e+00 0.000000e+00 0.000000e+00 0.000000e+00 0.000000e+00 0.000000e+00 0.000000e+00 1.556525e+16 3.927665e+13 2.595353e+05 1.400875e+19 2.005805e-11 5.882739e-06 1.261285e-10 4.338471e-05 7.608243e+03 7.054864e+05 3.599996e+02 1.251130e+08 8.607251e-12 4.987415e-05 1.506744e-05 3.754773e-18 0.000000e+00 0.000000e+00 2.274322e-05 1.979231e-01 3.248576e-02 0.000000e+00 0.000000e+00 0.000000e+00 0.000000e+00 6.442729e-65 0.000000e+00 0.000000e+00 1.720359e-08 0.000000e+00 0.000000e+00 0.000000e+00 0.000000e+00 0.000000e+00 0.000000e+00 0.000000e+00 0.000000e+00 0.000000e+00 0.000000e+00 0.000000e+00 0.000000e+00 0.000000e+00 0.000000e+00 0.000000e+00 0.000000e+00 0.000000e+00 0.000000e+00 0.000000e+00 0.000000e+00 0.000000e+00 0.000000e+00 0.000000e+00 0.000000e+00 0.000000e+00 1.286000e-35 1.990801e-18 4.904884e-17 5.502901e-05 3.391084e-12 0.000000e+00
7.000000 6.000000 8.000000 248.110296 4.339451e+04 1.227870e+07 4.160985e+00 5.871371e+09 9.501905e+06 3.284048e+04 1.768411e+07 3.681389e+15 5.878704e-06 2.876707e-01 2.099358e-05 1.238785e+05 5.355496e+00 1.606576e-04 6.343319e-07 8.488502e-15 5.704729e-01 3.715685e-01 1.290863e-01 1.318432e-11 1.474737e+11 4.833936e+11 2.618116e+08 2.517293e-08 5.741794e+07 1.254559e+04 8.052058e-36 1.397269e-01 7.929162e-05 1.623183e+00 2.925463e-01 1.659605e+05 1.185329e-06 1.406394e+02 2.981901e-01 2.291558e+02 3.652145e-03 9.469665e+01 3.718637e-11 2.171561e-09 5.366170e-18 1.254950e-31 9.888133e-19 5.322164e-17 1.093819e-22 2.793299e-21 3.660725e-20 1.070604e-20 0.000000e+00 0.000000e+00 0.000000e+00 0.000000e+00 1.266784e+16 3.194568e+13 2.963927e+06 1.140108e+19 5.718550e-11 1.363455e-05 6.407637e-10 4.747356e-05 5.827068e+03 4.916420e+05 2.156606e+02 1.020085e+08 1.274335e-09 2.375850e-05 4.790801e-05 5.696283e-17 8.149466e-21 0.000000e+00 8.111564e-04 1.355266e+00 9.725067e-02 0.000000e+00 3.838672e-28 2.594234e-27 1.651225e-34 3.080454e-61 0.000000e+00 0.000000e+00 2.429496e-08 0.000000e+00 0.000000e+00 0.000000e+00 0.000000e+00 0.000000e+00 0.000000e+00 0.000000e+00 0.000000e+00 0.000000e+00 0.000000e+00 0.000000e+00 0.000000e+00 0.000000e+00 0.000000e+00 0.000000e+00 0.000000e+00 0.000000e+00 0.000000e+00 0.000000e+00 0.000000e+00 0.000000e+00 0.000000e+00 0.000000e+00 0.000000e+00 0.000000e+00 4.396042e-35 1.785997e-17 5.412339e-16 7.033251e-05 3.272512e-12 0.000000e+00
9.000000 8.000000 10.000000 231.019962 3.281776e+04 3.517271e+07 3.624693e+03 2.263490e+09 2.365537e+07 3.539364e+06 9.507735e+07 6.315085e+14 3.115142e-05 2.093095e-01 4.382678e-05 1.017440e+05 4.139701e+00 1.788640e-03 1.155936e-05 7.412412e-14 3.111612e-01 6.139315e-01 3.008137e-01 1.170835e-10 1.479428e+11 3.924313e+11 6.509466e+07 4.140037e-08 3.750946e+07 8.297088e+04 6.905036e-36 3.535825e+00 1.182201e-03 9.228486e+00 1.249151e+00 1.482018e+05 1.630025e-04 2.322924e+02 2.323347e+00 3.426500e+02 1.347420e-01 7.735018e+01 3.799287e-11 8.890530e-09 0.000000e+00 5.777566e-32 0.000000e+00 0.000000e+00 0.000000e+00 0.000000e+00 0.000000e+00 0.000000e+00 0.000000e+00 0.000000e+00 0.000000e+00 0.000000e+00 1.028895e+16 2.592164e+13 3.482023e+08 9.260100e+18 3.900820e-08 1.064078e-05 1.007896e-08 2.962974e-04 1.797146e+04 3.405129e+05 6.008537e+02 7.540344e+07 1.488203e-07 6.655042e-05 1.707660e-04 9.604135e-16 0.000000e+00 0.000000e+00 9.453678e-03 7.150513e+01 2.464062e-01 0.000000e+00 0.000000e+00 0.000000e+00 3.417513e-34 0.000000e+00 0.000000e+00 0.000000e+00 1.470133e-07 0.000000e+00 0.000000e+00 0.000000e+00 0.000000e+00 0.000000e+00 0.000000e+00 0.000000e+00 0.000000e+00 0.000000e+00 0.000000e+00 0.000000e+00 0.000000e+00 0.000000e+00 0.000000e+00 0.000000e+00 0.000000e+00 0.000000e+00 0.000000e+00 0.000000e+00 0.000000e+00 0.000000e+00 0.000000e+00 0.000000e+00 0.000000e+00 0.000000e+00 1.664147e-34 5.341053e-16 9.288553e-15 9.881248e-05 3.440424e-12 0.000000e+00
11.000000 10.000000 12.000000 212.281321 2.426096e+04 2.096926e+07 9.306230e+05 3.866520e+07 1.622733e+07 9.377179e+07 3.776226e+08 6.560683e+13 1.515194e-04 1.021990e-01 3.373748e-04 8.329291e+04 2.858851e+00 3.536171e-01 2.603217e-04 5.743556e-13 1.592610e-02 2.949148e-01 8.216061e-01 1.306205e-12 1.683830e+11 3.155301e+11 1.056365e+07 7.730905e-08 2.835434e+07 8.724807e+05 0.000000e+00 2.592050e+01 1.118675e-03 4.567715e+01 1.154641e+01 1.384873e+05 2.168925e-03 1.255940e+02 2.551988e+01 4.064292e+02 3.490792e+01 6.266600e+01 7.529889e-12 1.538692e-07 0.000000e+00 5.920972e-35 0.000000e+00 0.000000e+00 0.000000e+00 0.000000e+00 0.000000e+00 0.000000e+00 0.000000e+00 0.000000e+00 0.000000e+00 0.000000e+00 8.277611e+15 2.084754e+13 2.039900e+10 7.449933e+18 1.346806e-05 2.577537e-05 4.872863e-09 9.213291e-04 1.114448e+05 3.126286e+04 6.873896e+03 4.695099e+06 3.233423e-06 1.242456e-03 6.626785e-04 7.160936e-15 0.000000e+00 0.000000e+00 1.299904e-01 1.414385e+05 4.117284e-01 0.000000e+00 0.000000e+00 0.000000e+00 0.000000e+00 0.000000e+00 0.000000e+00 0.000000e+00 1.945788e-06 0.000000e+00 0.000000e+00 0.000000e+00 0.000000e+00 0.000000e+00 0.000000e+00 0.000000e+00 0.000000e+00 0.000000e+00 0.000000e+00 0.000000e+00 0.000000e+00 0.000000e+00 0.000000e+00 0.000000e+00 0.000000e+00 0.000000e+00 0.000000e+00 0.000000e+00 0.000000e+00 0.000000e+00 0.000000e+00 0.000000e+00 0.000000e+00 0.000000e+00 6.856610e-34 5.464408e-14 7.226942e-14 1.444565e-04 3.636409e-12 0.000000e+00
13.000000 12.000000 14.000000 196.378347 1.747298e+04 3.748082e+07 3.498254e+06 6.736775e+06 5.909249e+06 5.170157e+07 2.132159e+08 6.819020e+12 6.246631e-04 3.836466e-02 1.919588e-04 6.643082e+04 2.720753e+00 2.851568e-01 2.405564e-04 4.209035e-13 1.452043e-03 1.005887e-01 4.267203e-01 7.919285e-15 1.927984e+11 2.455304e+11 3.187162e+06 6.612150e-08 1.902970e+07 5.900013e+05 0.000000e+00 4.690601e+01 1.982676e-04 1.744109e+01 1.877092e+00 1.062218e+05 3.955642e-03 4.652462e+01 7.821684e+00 1.334673e+02 3.317572e+01 4.921391e+01 6.919905e-13 5.784927e-08 0.000000e+00 0.000000e+00 0.000000e+00 0.000000e+00 0.000000e+00 0.000000e+00 0.000000e+00 0.000000e+00 0.000000e+00 0.000000e+00 0.000000e+00 0.000000e+00 6.444335e+15 1.622970e+13 4.612038e+10 5.800027e+18 6.971623e-05 1.665721e-05 1.341384e-10 2.796720e-05 1.191580e+04 2.224135e+03 7.913852e+02 8.127376e+05 1.198487e-05 1.258241e-04 1.723691e-04 3.163266e-15 0.000000e+00 0.000000e+00 7.405275e-02 6.169871e+04 5.291454e-01 0.000000e+00 0.000000e+00 0.000000e+00 0.000000e+00 0.000000e+00 0.000000e+00 0.000000e+00 4.679484e-07 0.000000e+00 0.000000e+00 0.000000e+00 0.000000e+00 0.000000e+00 0.000000e+00 0.000000e+00 0.000000e+00 0.000000e+00 0.000000e+00 0.000000e+00 0.000000e+00 0.000000e+00 0.000000e+00 0.000000e+00 0.000000e+00 0.000000e+00 0.000000e+00 0.000000e+00 0.000000e+00 0.000000e+00 0.000000e+00 0.000000e+00 0.000000e+00 0.000000e+00 1.055688e-33 8.150678e-14 3.081973e-14 7.266631e-05 2.186100e-12 0.000000e+00
15.000000 14.000000 16.000000 186.452246 1.231587e+04 7.857243e+07 7.993954e+06 4.389257e+06 4.745619e+06 2.411721e+07 7.408739e+07 1.363262e+12 1.044593e-03 1.131075e-02 4.699374e-05 5.079206e+04 2.405522e+00 1.297809e-01 1.715409e-04 1.406256e-13 3.348327e-04 6.025269e-02 1.643472e-01 4.661848e-15 2.054505e+11 1.821716e+11 1.240927e+06 4.101426e-08 1.194681e+07 1.593517e+05 0.000000e+00 6.437956e+01 7.430417e-05 6.164448e+00 3.745132e-01 7.791737e+04 1.014258e-02 2.460422e+01 5.943798e+00 5.652474e+01 1.647526e+01 3.695319e+01 2.039538e-13 1.808808e-08 0.000000e+00 4.771358e-33 0.000000e+00 0.000000e+00 0.000000e+00 0.000000e+00 0.000000e+00 0.000000e+00 0.000000e+00 0.000000e+00 0.000000e+00 0.000000e+00 4.784055e+15 1.204862e+13 6.524808e+10 4.305794e+18 2.292413e-04 4.279687e-06 9.902625e-11 6.030662e-06 3.013737e+03 6.286541e+02 2.264014e+02 4.200133e+05 3.176243e-05 1.834913e-05 3.280966e-05 9.806376e-16 0.000000e+00 0.000000e+00 1.686246e-02 1.400218e+04 5.972237e-01 0.000000e+00 0.000000e+00 0.000000e+00 4.036897e-35 7.212275e-66 0.000000e+00 0.000000e+00 1.435558e-07 0.000000e+00 0.000000e+00 0.000000e+00 0.000000e+00 0.000000e+00 0.000000e+00 0.000000e+00 0.000000e+00 0.000000e+00 0.000000e+00 0.000000e+00 0.000000e+00 0.000000e+00 0.000000e+00 0.000000e+00 0.000000e+00 0.000000e+00 0.000000e+00 0.000000e+00 0.000000e+00 0.000000e+00 0.000000e+00 0.000000e+00 0.000000e+00 0.000000e+00 4.306342e-34 4.793892e-14 5.238411e-15 3.169536e-05 1.139791e-12 0.000000e+00
17.000000 16.000000 18.000000 180.265883 8.557727e+03 1.374395e+08 1.203918e+07 4.747298e+06 4.569670e+06 1.372124e+07 2.440856e+07 4.565450e+11 1.358532e-03 2.831324e-03 9.027059e-06 3.756937e+04 1.916714e+00 6.351259e-02 1.117273e-04 4.047981e-14 1.170104e-04 3.791312e-02 5.882568e-02 2.570860e-14 2.091420e+11 1.308288e+11 5.741285e+05 2.254273e-08 7.215503e+06 3.573426e+04 0.000000e+00 8.062574e+01 4.797828e-05 2.492841e+00 1.157113e-01 5.541929e+04 2.472998e-02 1.739323e+01 4.753966e+00 2.810330e+01 8.322118e+00 2.697166e+01 9.828975e-14 7.803423e-09 0.000000e+00 5.326573e-32 0.000000e+00 0.000000e+00 0.000000e+00 0.000000e+00 0.000000e+00 0.000000e+00 0.000000e+00 0.000000e+00 0.000000e+00 0.000000e+00 3.438239e+15 8.659748e+12 7.760725e+10 3.094577e+18 5.082201e-04 8.731862e-07 4.401055e-10 3.598027e-06 1.155509e+03 3.165904e+02 8.796733e+01 2.803656e+05 7.473561e-05 4.140594e-06 5.527601e-06 4.786398e-16 0.000000e+00 0.000000e+00 3.791712e-03 3.655986e+03 6.313751e-01 0.000000e+00 0.000000e+00 0.000000e+00 2.209369e-34 0.000000e+00 0.000000e+00 0.000000e+00 6.919017e-08 0.000000e+00 0.000000e+00 0.000000e+00 0.000000e+00 0.000000e+00 0.000000e+00 0.000000e+00 0.000000e+00 0.000000e+00 0.000000e+00 0.000000e+00 0.000000e+00 0.000000e+00 0.000000e+00 0.000000e+00 0.000000e+00 0.000000e+00 0.000000e+00 0.000000e+00 0.000000e+00 0.000000e+00 0.000000e+00 0.000000e+00 0.000000e+00 0.000000e+00 1.025098e-34 2.124632e-14 6.685011e-16 1.285862e-05 5.456345e-13 0.000000e+00
19.000000 18.000000 20.000000 175.740516 5.883223e+03 1.981305e+08 1.339529e+07 6.074113e+06 4.537254e+06 9.367312e+06 9.509743e+06 1.953653e+11 1.642896e-03 6.252265e-04 1.727145e-06 2.702125e+04 1.467176e+00 3.442011e-02 6.590829e-05 1.137683e-14 5.417931e-05 2.301122e-02 2.185849e-02 1.879725e-13 2.072319e+11 9.216294e+10 2.955019e+05 1.308288e-08 4.260364e+06 8.062910e+03 0.000000e+00 9.885058e+01 4.303142e-05 1.201430e+00 4.676297e-02 3.870049e+04 5.741219e-02 1.479158e+01 3.397979e+00 1.541333e+01 4.382299e+00 1.943006e+01 5.635638e-14 4.279136e-09 0.000000e+00 0.000000e+00 0.000000e+00 0.000000e+00 0.000000e+00 0.000000e+00 0.000000e+00 0.000000e+00 0.000000e+00 0.000000e+00 0.000000e+00 0.000000e+00 2.424509e+15 6.107215e+12 8.463542e+10 2.182227e+18 8.366441e-04 2.031498e-07 2.332340e-09 3.972938e-06 5.282524e+02 2.181849e+02 4.005366e+01 1.979583e+05 1.676601e-04 1.166767e-06 9.363097e-07 3.657972e-16 0.000000e+00 0.000000e+00 1.059910e-03 1.188460e+03 6.458499e-01 0.000000e+00 0.000000e+00 0.000000e+00 0.000000e+00 0.000000e+00 0.000000e+00 0.000000e+00 4.348636e-08 0.000000e+00 0.000000e+00 0.000000e+00 0.000000e+00 0.000000e+00 0.000000e+00 0.000000e+00 0.000000e+00 0.000000e+00 0.000000e+00 0.000000e+00 0.000000e+00 0.000000e+00 0.000000e+00 0.000000e+00 0.000000e+00 0.000000e+00 0.000000e+00 0.000000e+00 0.000000e+00 0.000000e+00 0.000000e+00 0.000000e+00 0.000000e+00 0.000000e+00 1.776339e-35 7.996598e-15 7.465956e-17 4.966103e-06 2.440525e-13 0.000000e+00
21.000000 20.000000 22.000000 172.863191 4.013964e+03 2.288058e+08 1.102674e+07 8.663764e+06 4.771180e+06 8.043881e+06 5.404377e+06 1.112805e+11 1.824390e-03 1.248925e-04 3.714116e-07 1.883608e+04 1.107429e+00 2.062535e-02 3.373707e-05 3.105889e-15 3.415994e-05 1.405236e-02 9.194325e-03 1.276781e-12 2.007786e+11 6.383455e+10 1.698041e+05 1.030109e-08 2.469090e+06 2.291017e+03 6.603462e-43 1.213171e+02 5.568467e-05 7.232746e-01 2.606453e-02 2.658231e+04 1.362891e-01 1.644310e+01 2.179970e+00 9.208525e+00 2.405615e+00 1.388393e+01 4.104578e-14 3.247727e-09 0.000000e+00 0.000000e+00 0.000000e+00 0.000000e+00 0.000000e+00 0.000000e+00 0.000000e+00 0.000000e+00 0.000000e+00 0.000000e+00 0.000000e+00 0.000000e+00 1.681654e+15 4.236773e+12 8.730452e+10 1.513655e+18 1.025383e-03 7.867941e-08 1.057617e-08 5.890223e-06 3.089359e+02 1.956202e+02 2.228762e+01 1.477982e+05 3.618319e-04 4.159025e-07 1.914942e-07 4.600336e-16 0.000000e+00 0.000000e+00 4.054770e-04 5.618652e+02 6.468647e-01 0.000000e+00 0.000000e+00 0.000000e+00 0.000000e+00 0.000000e+00 0.000000e+00 0.000000e+00 3.749855e-08 0.000000e+00 0.000000e+00 0.000000e+00 0.000000e+00 0.000000e+00 0.000000e+00 0.000000e+00 0.000000e+00 0.000000e+00 0.000000e+00 0.000000e+00 0.000000e+00 0.000000e+00 0.000000e+00 0.000000e+00 0.000000e+00 0.000000e+00 0.000000e+00 0.000000e+00 0.000000e+00 0.000000e+00 0.000000e+00 0.000000e+00 0.000000e+00 0.000000e+00 2.422110e-36 2.552027e-15 7.650502e-18 1.844112e-06 1.026175e-13 0.000000e+00
23.000000 22.000000 24.000000 171.419532 2.726464e+03 2.311085e+08 7.497469e+06 1.308145e+07 5.206652e+06 7.864379e+06 4.219069e+06 7.573370e+10 1.887491e-03 2.313933e-05 1.031907e-07 1.278779e+04 8.399671e-01 1.334022e-02 1.587970e-05 8.383468e-16 2.616771e-05 8.623977e-03 4.425144e-03 8.206195e-12 1.916495e+11 4.363326e+10 1.065684e+05 1.261917e-08 1.418805e+06 9.636517e+02 1.542054e-42 1.498742e+02 9.247554e-05 6.525582e-01 1.793900e-02 1.802226e+04 4.755765e-01 2.885628e+01 1.439560e+00 6.047075e+00 1.356601e+00 9.915156e+00 3.749120e-14 3.100761e-09 0.000000e+00 2.810402e-32 0.000000e+00 0.000000e+00 0.000000e+00 0.000000e+00 0.000000e+00 0.000000e+00 0.000000e+00 0.000000e+00 0.000000e+00 0.000000e+00 1.151821e+15 2.902708e+12 8.697466e+10 1.036803e+18 1.043779e-03 5.716709e-08 4.311986e-08 9.475058e-06 2.192453e+02 2.068850e+02 1.422271e+01 1.130143e+05 7.519780e-04 1.754604e-07 5.362243e-08 7.865519e-16 0.000000e+00 0.000000e+00 1.908006e-04 3.425495e+02 6.412320e-01 0.000000e+00 0.000000e+00 0.000000e+00 0.000000e+00 0.000000e+00 0.000000e+00 0.000000e+00 4.049726e-08 0.000000e+00 0.000000e+00 0.000000e+00 0.000000e+00 0.000000e+00 0.000000e+00 0.000000e+00 0.000000e+00 0.000000e+00 0.000000e+00 0.000000e+00 0.000000e+00 0.000000e+00 0.000000e+00 0.000000e+00 0.000000e+00 0.000000e+00 0.000000e+00 0.000000e+00 0.000000e+00 0.000000e+00 0.000000e+00 0.000000e+00 0.000000e+00 0.000000e+00 2.718323e-37 6.684317e-16 7.356686e-19 6.632103e-07 4.087475e-14 0.000000e+00
25.000000 24.000000 26.000000 170.605511 1.847798e+03 2.320827e+08 4.925748e+06 1.967116e+07 5.543369e+06 7.503493e+06 3.490446e+06 5.106501e+10 1.925262e-03 4.224142e-06 5.564607e-08 8.549217e+03 6.512145e-01 8.749854e-03 7.380621e-06 2.252552e-16 2.059967e-05 5.159438e-03 2.233202e-03 6.033099e-11 1.817222e+11 2.962207e+10 6.939753e+04 2.040598e-08 8.291264e+05 4.883495e+02 4.658250e-42 1.862033e+02 1.589143e-04 1.763130e+00 1.235452e-02 1.213950e+04 4.342257e+00 7.419620e+01 1.684873e+00 5.135723e+00 8.936888e-01 7.156158e+00 5.399578e-14 2.991295e-09 0.000000e+00 0.000000e+00 0.000000e+00 0.000000e+00 0.000000e+00 0.000000e+00 0.000000e+00 0.000000e+00 0.000000e+00 0.000000e+00 0.000000e+00 0.000000e+00 7.842933e+14 1.977309e+12 8.495647e+10 7.060214e+17 1.026251e-03 5.483531e-08 1.964898e-07 1.695943e-05 1.591438e+02 2.266796e+02 9.135231e+00 8.354822e+04 1.511102e-03 7.598083e-08 1.819326e-08 1.377062e-15 0.000000e+00 0.000000e+00 8.977900e-05 2.036519e+02 6.344295e-01 0.000000e+00 0.000000e+00 0.000000e+00 0.000000e+00 7.080027e-67 0.000000e+00 0.000000e+00 8.075391e-08 0.000000e+00 0.000000e+00 0.000000e+00 0.000000e+00 0.000000e+00 0.000000e+00 0.000000e+00 0.000000e+00 0.000000e+00 0.000000e+00 0.000000e+00 0.000000e+00 0.000000e+00 0.000000e+00 0.000000e+00 0.000000e+00 0.000000e+00 0.000000e+00 0.000000e+00 0.000000e+00 0.000000e+00 0.000000e+00 0.000000e+00 0.000000e+00 0.000000e+00 2.666772e-38 1.406424e-16 6.813060e-20 2.336478e-07 1.576240e-14 0.000000e+00
27.000000 26.000000 28.000000 170.236403 1.250867e+03 2.356893e+08 3.208437e+06 2.916768e+07 5.728069e+06 6.864464e+06 2.759327e+06 3.414184e+10 1.968886e-03 9.702346e-07 5.971610e-08 5.662861e+03 5.200415e-01 5.726684e-03 3.401392e-06 5.932769e-17 1.631958e-05 3.025844e-03 1.108483e-03 2.917219e-07 1.716383e+11 2.000624e+10 5.088497e+04 3.624089e-08 5.109846e+05 2.654038e+02 1.658621e-41 2.322169e+02 2.748420e-04 1.153388e+01 8.571512e-03 8.139321e+03 5.082687e+01 2.206300e+02 5.772933e+00 1.037606e+01 1.425171e+00 5.258530e+00 6.354193e-12 2.821720e-09 0.000000e+00 7.009073e-33 0.000000e+00 0.000000e+00 0.000000e+00 0.000000e+00 0.000000e+00 0.000000e+00 0.000000e+00 0.000000e+00 0.000000e+00 0.000000e+00 5.320304e+14 1.342111e+12 8.193212e+10 4.789773e+17 1.003894e-03 5.592304e-08 6.298288e-04 6.732223e-04 1.175463e+02 2.481616e+02 5.938321e+00 5.943907e+04 2.919090e-03 3.394204e-08 6.743045e-09 2.402264e-15 0.000000e+00 0.000000e+00 3.992577e-05 1.159277e+02 6.278819e-01 0.000000e+00 0.000000e+00 0.000000e+00 0.000000e+00 0.000000e+00 0.000000e+00 0.000000e+00 7.678783e-04 0.000000e+00 0.000000e+00 0.000000e+00 0.000000e+00 0.000000e+00 0.000000e+00 0.000000e+00 0.000000e+00 0.000000e+00 0.000000e+00 0.000000e+00 0.000000e+00 0.000000e+00 0.000000e+00 0.000000e+00 0.000000e+00 0.000000e+00 0.000000e+00 0.000000e+00 0.000000e+00 0.000000e+00 0.000000e+00 0.000000e+00 0.000000e+00 0.000000e+00 2.424676e-39 2.325942e-17 6.583762e-21 8.125663e-08 6.230037e-15 0.000000e+00
29.000000 28.000000 30.000000 170.697811 8.470000e+02 2.441357e+08 2.074392e+06 4.275332e+07 5.726427e+06 5.974806e+06 2.004284e+06 2.257957e+10 2.041421e-03 4.995554e-07 8.229617e-08 3.726497e+03 4.288134e-01 3.660787e-03 1.528453e-06 1.470402e-17 1.297954e-05 1.729796e-03 5.165678e-04 2.339586e-05 1.614541e+11 1.342085e+10 6.999065e+04 6.458180e-08 3.490970e+05 2.265555e+02 8.236674e-41 2.900552e+02 5.136070e-04 8.189967e+01 8.882925e-03 5.425231e+03 4.410405e+02 6.443324e+02 2.374014e+01 4.155815e+01 5.193754e+00 3.953499e+00 3.029745e-10 2.649900e-09 0.000000e+00 0.000000e+00 0.000000e+00 0.000000e+00 0.000000e+00 0.000000e+00 0.000000e+00 0.000000e+00 0.000000e+00 0.000000e+00 0.000000e+00 0.000000e+00 3.592347e+14 9.069694e+11 7.820623e+10 3.234536e+17 1.015084e-03 5.771117e-08 3.266568e-02 2.466109e-02 1.556431e+02 2.770362e+02 5.808558e+00 4.030105e+04 5.315752e-03 2.472418e-08 3.563687e-09 4.488145e-15 0.000000e+00 0.000000e+00 1.614360e-05 1.103233e+02 6.208534e-01 0.000000e+00 0.000000e+00 0.000000e+00 7.859135e-36 0.000000e+00 0.000000e+00 0.000000e+00 2.979907e-02 0.000000e+00 0.000000e+00 0.000000e+00 0.000000e+00 0.000000e+00 0.000000e+00 0.000000e+00 0.000000e+00 0.000000e+00 0.000000e+00 0.000000e+00 0.000000e+00 0.000000e+00 0.000000e+00 0.000000e+00 0.000000e+00 0.000000e+00 0.000000e+00 0.000000e+00 0.000000e+00 0.000000e+00 0.000000e+00 0.000000e+00 0.000000e+00 0.000000e+00 2.126397e-40 2.959530e-18 1.300361e-21 2.817498e-08 3.042327e-15 0.000000e+00
31.000000 30.000000 32.000000 172.365407 5.750904e+02 2.625741e+08 1.347362e+06 6.251868e+07 5.534723e+06 4.916120e+06 1.312363e+06 1.474661e+10 2.167354e-03 5.221260e-07 1.244348e-07 2.445224e+03 3.656909e-01 2.232927e-03 6.640328e-07 3.305301e-18 1.034447e-05 9.609236e-04 2.185784e-04 4.917128e-04 1.515616e+11 8.935347e+09 1.827947e+05 1.072464e-07 2.762641e+05 3.291750e+02 6.641263e-40 3.622805e+02 1.135326e-03 3.932045e+02 2.756422e-02 3.593618e+03 2.296779e+03 1.641537e+03 6.713623e+01 1.425378e+02 1.492540e+01 3.059495e+00 3.967482e-09 2.718338e-09 0.000000e+00 0.000000e+00 0.000000e+00 0.000000e+00 0.000000e+00 0.000000e+00 0.000000e+00 0.000000e+00 0.000000e+00 0.000000e+00 0.000000e+00 0.000000e+00 2.415081e+14 6.104450e+11 7.416413e+10 2.174914e+17 1.329516e-03 6.130481e-08 4.407365e-01 2.453230e-01 5.510628e+02 3.327770e+02 1.361590e+01 2.588868e+04 8.881103e-03 4.440271e-08 3.602061e-09 9.725037e-15 0.000000e+00 0.000000e+00 5.733192e-06 2.583855e+02 6.135482e-01 0.000000e+00 0.000000e+00 0.000000e+00 1.191660e-34 0.000000e+00 0.000000e+00 0.000000e+00 2.992105e-01 0.000000e+00 0.000000e+00 0.000000e+00 0.000000e+00 0.000000e+00 0.000000e+00 0.000000e+00 0.000000e+00 0.000000e+00 0.000000e+00 0.000000e+00 0.000000e+00 0.000000e+00 0.000000e+00 0.000000e+00 0.000000e+00 0.000000e+00 0.000000e+00 0.000000e+00 0.000000e+00 0.000000e+00 0.000000e+00 0.000000e+00 0.000000e+00 0.000000e+00 1.829354e-41 2.835414e-19 1.281117e-21 1.009806e-08 2.494599e-15 0.000000e+00
33.000000 32.000000 34.000000 174.654097 3.923159e+02 2.937837e+08 8.969233e+05 8.984978e+07 5.127754e+06 3.827354e+06 7.804234e+05 9.543317e+09 2.385543e-03 6.304351e-07 1.877286e-07 1.613127e+03 3.217235e-01 1.298918e-03 2.826782e-07 6.811773e-19 8.134079e-06 5.209036e-04 8.370536e-05 2.778669e-03 1.428002e+11 5.927835e+09 3.074466e+05 1.495430e-07 2.488571e+05 2.751616e+02 6.134699e-39 4.452529e+02 2.195379e-03 8.607554e+02 7.474923e-02 2.376312e+03 6.344258e+03 3.364272e+03 1.049702e+02 2.736618e+02 1.947541e+01 2.456262e+00 1.408064e-08 2.965422e-09 0.000000e+00 9.420438e-33 0.000000e+00 0.000000e+00 0.000000e+00 0.000000e+00 0.000000e+00 0.000000e+00 0.000000e+00 0.000000e+00 0.000000e+00 0.000000e+00 1.625527e+14 4.115120e+11 7.035677e+10 1.464245e+17 2.156512e-03 6.720984e-08 1.625014e+00 6.750938e-01 9.265387e+02 3.811324e+02 1.833396e+01 1.580509e+04 1.317222e-02 4.181314e-08 2.329087e-09 1.833158e-14 0.000000e+00 0.000000e+00 1.809495e-06 2.731032e+02 6.072767e-01 0.000000e+00 0.000000e+00 0.000000e+00 0.000000e+00 0.000000e+00 0.000000e+00 0.000000e+00 8.326049e-01 0.000000e+00 0.000000e+00 0.000000e+00 0.000000e+00 0.000000e+00 0.000000e+00 0.000000e+00 0.000000e+00 0.000000e+00 0.000000e+00 0.000000e+00 0.000000e+00 0.000000e+00 0.000000e+00 0.000000e+00 0.000000e+00 0.000000e+00 0.000000e+00 0.000000e+00 0.000000e+00 0.000000e+00 0.000000e+00 0.000000e+00 0.000000e+00 0.000000e+00 1.557295e-42 2.156792e-20 1.912215e-21 4.229129e-09 3.141335e-15 0.000000e+00
35.000000 34.000000 36.000000 176.536199 2.689551e+02 3.363950e+08 6.172012e+05 1.253405e+08 4.571550e+06 2.877265e+06 4.384329e+05 6.147270e+09 2.709525e-03 7.246489e-07 2.603009e-07 1.079414e+03 2.896828e-01 7.408768e-04 1.212759e-07 1.361344e-19 6.296934e-06 2.806495e-04 3.005783e-05 9.824822e-03 1.355431e+11 3.934613e+09 4.070082e+05 1.786681e-07 2.423701e+05 1.641213e+02 3.856996e-38 5.246766e+02 3.379296e-03 1.318575e+03 1.442048e-01 1.575441e+03 1.422129e+04 6.060111e+03 1.298651e+02 3.928554e+02 1.768546e+01 2.050713e+00 3.133381e-08 3.210955e-09 0.000000e+00 0.000000e+00 0.000000e+00 0.000000e+00 0.000000e+00 0.000000e+00 0.000000e+00 0.000000e+00 0.000000e+00 0.000000e+00 0.000000e+00 0.000000e+00 1.102125e+14 2.795709e+11 6.707159e+10 9.931216e+16 3.772275e-03 7.428548e-08 3.891271e+00 1.234146e+00 1.067346e+03 4.022368e+02 1.776851e+01 9.374866e+03 1.688734e-02 2.755762e-08 1.094909e-09 2.779589e-14 0.000000e+00 0.000000e+00 5.404788e-07 1.939252e+02 6.012972e-01 0.000000e+00 0.000000e+00 0.000000e+00 0.000000e+00 0.000000e+00 0.000000e+00 0.000000e+00 1.555871e+00 0.000000e+00 0.000000e+00 0.000000e+00 0.000000e+00 0.000000e+00 0.000000e+00 0.000000e+00 0.000000e+00 0.000000e+00 0.000000e+00 0.000000e+00 0.000000e+00 0.000000e+00 0.000000e+00 0.000000e+00 0.000000e+00 0.000000e+00 0.000000e+00 0.000000e+00 0.000000e+00 0.000000e+00 0.000000e+00 0.000000e+00 0.000000e+00 0.000000e+00 1.321342e-43 2.522305e-21 2.515170e-21 2.495698e-09 4.168408e-15 0.000000e+00
37.000000 36.000000 38.000000 177.553512 1.850158e+02 3.893552e+08 4.332591e+05 1.768226e+08 4.124003e+06 2.180892e+06 2.451052e+05 3.939334e+09 3.107103e-03 7.901039e-07 3.351959e-07 7.355693e+02 2.662595e-01 4.267090e-04 5.343784e-08 2.775568e-20 5.043664e-06 1.586480e-04 1.071325e-05 3.757386e-02 1.293159e+11 2.607782e+09 5.898195e+05 1.946437e-07 2.446027e+05 9.559310e+01 1.378542e-37 5.758134e+02 4.785832e-03 2.008132e+03 2.718667e-01 1.044958e+03 3.140967e+04 1.008686e+04 1.500108e+02 5.625974e+02 1.634768e+01 1.766435e+00 7.243182e-08 4.130170e-09 0.000000e+00 0.000000e+00 0.000000e+00 0.000000e+00 0.000000e+00 0.000000e+00 0.000000e+00 0.000000e+00 0.000000e+00 0.000000e+00 0.000000e+00 0.000000e+00 7.534491e+13 1.916012e+11 6.414838e+10 6.792603e+16 7.793216e-03 8.656362e-08 1.004100e+01 2.450088e+00 1.354164e+03 4.414333e+02 1.913675e+01 5.717314e+03 1.807557e-02 2.021160e-08 5.402403e-10 3.884090e-14 0.000000e+00 0.000000e+00 1.639137e-07 1.473689e+02 5.899253e-01 0.000000e+00 0.000000e+00 0.000000e+00 0.000000e+00 0.000000e+00 0.000000e+00 0.000000e+00 3.239304e+00 0.000000e+00 0.000000e+00 0.000000e+00 0.000000e+00 0.000000e+00 0.000000e+00 0.000000e+00 0.000000e+00 0.000000e+00 0.000000e+00 0.000000e+00 0.000000e+00 0.000000e+00 0.000000e+00 0.000000e+00 0.000000e+00 0.000000e+00 0.000000e+00 0.000000e+00 0.000000e+00 0.000000e+00 0.000000e+00 0.000000e+00 0.000000e+00 0.000000e+00 1.122014e-44 1.200843e-21 2.823980e-21 2.095453e-09 4.852366e-15 0.000000e+00
39.000000 38.000000 40.000000 177.947472 1.274729e+02 5.279353e+08 3.454203e+05 2.765721e+08 3.742285e+06 1.592195e+06 1.262284e+05 2.491481e+09 3.975177e-03 7.711327e-07 3.783442e-07 5.097457e+02 2.490306e-01 2.231134e-04 2.456135e-08 5.439840e-21 3.951528e-06 9.239985e-05 3.556746e-06 1.760552e-01 1.234034e+11 1.713360e+09 9.281478e+05 1.918910e-07 2.416029e+05 4.617580e+01 2.987129e-37 5.315097e+02 5.267458e-03 2.738838e+03 4.283486e-01 6.869078e+02 6.082966e+04 1.543776e+04 1.368973e+02 7.417367e+02 1.333878e+01 1.538719e+00 1.581677e-07 5.887345e-09 0.000000e+00 0.000000e+00 0.000000e+00 0.000000e+00 0.000000e+00 0.000000e+00 0.000000e+00 0.000000e+00 0.000000e+00 0.000000e+00 0.000000e+00 0.000000e+00 5.176207e+13 1.320139e+11 6.124998e+10 4.669629e+16 1.800359e-02 1.050279e-07 2.866709e+01 5.164327e+00 1.674669e+03 5.278004e+02 2.099596e+01 3.515032e+03 1.385216e-02 1.411217e-08 2.476894e-10 4.025830e-14 0.000000e+00 0.000000e+00 4.450092e-08 9.330863e+01 5.613219e-01 0.000000e+00 0.000000e+00 0.000000e+00 0.000000e+00 0.000000e+00 0.000000e+00 0.000000e+00 7.670251e+00 0.000000e+00 0.000000e+00 0.000000e+00 0.000000e+00 0.000000e+00 0.000000e+00 0.000000e+00 0.000000e+00 0.000000e+00 0.000000e+00 0.000000e+00 0.000000e+00 0.000000e+00 0.000000e+00 0.000000e+00 0.000000e+00 0.000000e+00 0.000000e+00 0.000000e+00 0.000000e+00 0.000000e+00 0.000000e+00 0.000000e+00 0.000000e+00 0.000000e+00 9.534516e-46 6.343367e-22 2.375144e-21 1.808453e-09 4.108556e-15 0.000000e+00
41.000000 40.000000 42.000000 178.127472 8.789953e+01 1.408575e+09 5.027948e+05 4.653902e+08 2.018959e+06 7.465182e+05 3.909307e+04 1.532518e+09 8.091283e-03 4.588572e-07 2.157383e-07 3.577697e+02 2.258022e-01 8.044145e-05 1.424805e-08 9.538733e-22 1.685479e-06 3.185696e-05 7.616137e-07 6.780578e-01 1.173123e+11 1.107521e+09 1.367562e+06 1.577277e-07 2.116292e+05 1.170905e+01 3.310408e-37 2.991000e+02 1.685107e-03 1.716922e+03 1.760754e-01 4.411857e+02 8.543981e+04 2.241413e+04 8.624840e+01 5.512925e+02 4.491394e+00 1.306781e+00 1.334342e-07 4.111107e-09 0.000000e+00 2.836148e-35 0.000000e+00 0.000000e+00 0.000000e+00 0.000000e+00 0.000000e+00 0.000000e+00 0.000000e+00 0.000000e+00 0.000000e+00 0.000000e+00 3.562448e+13 9.112953e+10 5.784245e+10 3.216710e+16 4.026025e-02 7.738474e-08 6.191140e+01 8.223604e+00 9.643627e+02 5.119369e+02 1.391982e+01 1.195366e+03 5.456397e-03 4.678627e-09 5.909202e-11 9.830135e-15 0.000000e+00 0.000000e+00 6.583223e-09 1.785672e+01 5.005952e-01 0.000000e+00 0.000000e+00 0.000000e+00 1.421275e-36 0.000000e+00 0.000000e+00 0.000000e+00 1.657264e+01 0.000000e+00 0.000000e+00 0.000000e+00 0.000000e+00 0.000000e+00 0.000000e+00 0.000000e+00 0.000000e+00 0.000000e+00 0.000000e+00 0.000000e+00 0.000000e+00 0.000000e+00 0.000000e+00 0.000000e+00 0.000000e+00 0.000000e+00 0.000000e+00 0.000000e+00 0.000000e+00 0.000000e+00 0.000000e+00 0.000000e+00 0.000000e+00 0.000000e+00 8.099131e-47 1.146773e-22 6.696763e-22 9.240763e-10 1.654300e-15 0.000000e+00
43.000000 42.000000 44.000000 178.364385 6.065162e+01 4.822515e+09 9.276725e+05 6.491965e+08 5.937115e+05 2.203649e+05 8.006675e+03 9.151876e+08 1.741014e-02 1.695271e-07 7.249774e-08 2.527807e+02 1.771461e-01 3.697790e-05 1.243180e-08 2.556018e-22 4.076218e-07 5.356317e-06 1.285631e-07 1.001450e+00 1.100735e+11 7.004683e+08 1.536303e+06 8.904482e-08 1.501779e+05 2.608973e+00 1.406249e-37 7.148263e+01 1.379607e-04 3.419596e+02 1.488036e-02 2.756339e+02 7.483822e+04 2.544412e+04 3.921494e+01 1.194132e+02 6.785724e-01 1.033052e+00 3.314564e-08 1.037581e-09 0.000000e+00 1.621773e-35 0.000000e+00 0.000000e+00 0.000000e+00 0.000000e+00 0.000000e+00 0.000000e+00 0.000000e+00 0.000000e+00 0.000000e+00 0.000000e+00 2.451945e+13 6.289811e+10 5.255797e+10 2.216616e+16 8.009082e-02 3.359077e-08 5.949808e+01 8.253115e+00 3.488612e+02 3.191522e+02 4.705276e+00 1.777974e+02 9.450718e-04 8.760512e-10 9.575851e-12 5.057684e-16 0.000000e+00 0.000000e+00 7.535736e-10 1.661982e+00 4.057583e-01 0.000000e+00 0.000000e+00 0.000000e+00 1.843952e-36 0.000000e+00 0.000000e+00 0.000000e+00 2.978832e+01 0.000000e+00 0.000000e+00 0.000000e+00 0.000000e+00 0.000000e+00 0.000000e+00 0.000000e+00 0.000000e+00 0.000000e+00 0.000000e+00 0.000000e+00 0.000000e+00 0.000000e+00 0.000000e+00 0.000000e+00 0.000000e+00 0.000000e+00 0.000000e+00 0.000000e+00 0.000000e+00 0.000000e+00 0.000000e+00 0.000000e+00 0.000000e+00 0.000000e+00 6.873477e-48 1.187494e-23 9.219061e-23 3.495866e-10 5.229667e-16 0.000000e+00
45.000000 44.000000 46.000000 178.941512 4.189082e+01 1.054710e+10 1.124775e+06 7.281748e+08 2.031399e+05 7.068647e+04 1.475610e+03 5.334337e+08 2.499205e-02 5.556135e-08 2.905280e-08 1.784211e+02 1.246256e-01 1.972575e-05 7.992019e-09 6.608226e-23 1.154866e-07 8.877179e-07 2.043620e-08 8.013636e-01 1.012728e+11 4.320153e+08 1.315323e+06 3.981993e-08 9.193056e+04 5.880189e-01 3.844006e-38 9.783248e+00 1.227889e-05 5.909427e+01 1.357741e-03 1.672727e+02 4.977466e+04 2.219130e+04 1.596839e+01 1.399847e+01 1.133961e-01 7.661612e-01 7.646808e-09 2.275209e-10 0.000000e+00 5.986320e-36 0.000000e+00 0.000000e+00 0.000000e+00 0.000000e+00 0.000000e+00 0.000000e+00 0.000000e+00 0.000000e+00 0.000000e+00 0.000000e+00 1.685502e+13 4.335801e+10 4.531403e+10 1.526034e+16 1.367142e-01 1.496556e-08 3.650359e+01 6.373984e+00 1.636967e+02 1.821468e+02 1.243432e+00 2.768487e+01 1.097310e-04 1.450343e-10 1.293062e-12 2.946334e-17 0.000000e+00 0.000000e+00 8.855688e-11 2.484662e-01 3.041621e-01 0.000000e+00 0.000000e+00 0.000000e+00 1.320821e-36 0.000000e+00 0.000000e+00 0.000000e+00 4.463030e+01 0.000000e+00 0.000000e+00 0.000000e+00 0.000000e+00 0.000000e+00 0.000000e+00 0.000000e+00 0.000000e+00 0.000000e+00 0.000000e+00 0.000000e+00 0.000000e+00 0.000000e+00 0.000000e+00 0.000000e+00 0.000000e+00 0.000000e+00 0.000000e+00 0.000000e+00 0.000000e+00 0.000000e+00 0.000000e+00 0.000000e+00 0.000000e+00 0.000000e+00 5.826750e-49 1.325525e-24 1.168532e-23 1.247419e-10 1.607330e-16 0.000000e+00
47.000000 46.000000 48.000000 180.230829 2.899396e+01 1.682596e+10 9.985356e+05 7.096561e+08 8.031249e+04 2.483262e+04 2.611930e+02 3.040610e+08 2.833462e-02 1.775957e-08 1.391655e-08 1.250540e+02 8.363164e-02 9.737444e-06 3.613627e-09 1.203781e-23 3.982439e-08 1.585675e-07 3.139323e-09 5.527802e-01 9.132133e+10 2.595304e+08 9.542155e+05 1.621715e-08 5.203408e+04 1.330105e-01 1.250828e-38 1.169699e+00 1.813025e-06 1.256642e+01 1.845063e-04 9.850561e+01 2.972673e+04 1.704009e+04 6.963870e+00 1.659809e+00 2.468304e-02 5.476106e-01 2.540221e-09 6.481190e-11 0.000000e+00 5.298432e-40 0.000000e+00 0.000000e+00 0.000000e+00 0.000000e+00 0.000000e+00 0.000000e+00 0.000000e+00 0.000000e+00 0.000000e+00 0.000000e+00 1.156074e+13 2.982677e+10 3.720779e+10 1.048661e+16 2.070672e-01 6.932610e-09 2.109692e+01 4.476707e+00 9.042266e+01 1.078309e+02 3.679383e-01 5.137333e+00 1.256610e-05 2.794702e-11 1.603387e-13 3.076502e-18 0.000000e+00 0.000000e+00 1.042305e-11 5.229448e-02 2.175559e-01 0.000000e+00 0.000000e+00 0.000000e+00 3.325903e-41 0.000000e+00 0.000000e+00 0.000000e+00 5.735618e+01 0.000000e+00 0.000000e+00 0.000000e+00 0.000000e+00 0.000000e+00 0.000000e+00 0.000000e+00 0.000000e+00 0.000000e+00 0.000000e+00 0.000000e+00 0.000000e+00 0.000000e+00 0.000000e+00 0.000000e+00 0.000000e+00 0.000000e+00 0.000000e+00 0.000000e+00 0.000000e+00 0.000000e+00 0.000000e+00 0.000000e+00 0.000000e+00 0.000000e+00 4.932018e-50 1.845365e-25 1.611787e-24 4.362949e-11 4.861534e-17 0.000000e+00
49.000000 48.000000 50.000000 182.435107 2.014386e+01 2.228803e+10 7.239652e+05 6.303914e+08 3.383191e+04 9.036457e+03 4.516491e+01 1.699313e+08 2.828185e-02 5.708982e-09 7.595094e-09 8.687289e+01 5.455199e-02 4.529537e-06 1.340345e-09 1.677876e-24 1.627561e-08 2.904572e-08 4.691808e-10 3.676576e-01 8.091102e+10 1.521225e+08 6.192770e+05 6.327084e-09 2.801623e+04 3.000331e-02 9.106765e-39 2.141117e-01 4.048653e-07 3.131705e+00 3.312163e-05 5.639308e+01 1.698296e+04 1.229594e+04 3.360812e+00 2.535936e-01 6.495525e-03 3.834692e-01 1.970063e-09 2.604520e-11 0.000000e+00 3.096824e-44 0.000000e+00 0.000000e+00 0.000000e+00 0.000000e+00 0.000000e+00 0.000000e+00 0.000000e+00 0.000000e+00 0.000000e+00 0.000000e+00 7.916696e+12 2.049079e+10 2.927741e+10 7.197651e+15 2.902697e-01 3.260263e-09 1.231317e+01 3.007550e+00 5.323217e+01 6.563853e+01 1.306581e-01 1.074779e+00 2.370640e-06 6.241957e-12 1.945943e-14 5.136288e-19 0.000000e+00 0.000000e+00 1.193868e-12 1.285961e-02 1.517886e-01 0.000000e+00 0.000000e+00 0.000000e+00 8.365798e-46 0.000000e+00 0.000000e+00 0.000000e+00 6.523402e+01 0.000000e+00 0.000000e+00 0.000000e+00 0.000000e+00 0.000000e+00 0.000000e+00 0.000000e+00 0.000000e+00 0.000000e+00 0.000000e+00 0.000000e+00 0.000000e+00 0.000000e+00 0.000000e+00 0.000000e+00 0.000000e+00 0.000000e+00 0.000000e+00 0.000000e+00 0.000000e+00 0.000000e+00 0.000000e+00 0.000000e+00 0.000000e+00 0.000000e+00 4.168352e-51 3.387520e-26 2.667996e-25 1.509837e-11 1.449574e-17 0.000000e+00
51.000000 50.000000 52.000000 185.266435 1.406941e+01 2.622466e+10 4.579811e+05 5.262971e+08 1.473936e+04 3.343048e+03 7.694064e+00 9.355269e+07 2.624222e-02 1.860869e-09 4.514620e-09 5.997119e+01 3.482744e-02 2.031573e-06 4.456963e-10 1.961673e-25 7.768309e-09 5.357852e-09 6.863525e-11 2.423338e-01 7.078645e+10 8.741746e+07 3.742027e+05 2.415928e-09 1.455873e+04 6.735208e-03 1.526561e-38 7.151255e-02 1.143891e-07 8.678513e-01 7.133923e-06 3.153979e+01 9.624665e+03 8.617142e+03 1.777860e+00 4.789235e-02 1.937671e-03 2.660531e-01 3.363877e-09 1.525941e-11 0.000000e+00 1.490336e-48 0.000000e+00 0.000000e+00 0.000000e+00 0.000000e+00 0.000000e+00 0.000000e+00 0.000000e+00 0.000000e+00 0.000000e+00 0.000000e+00 5.429769e+12 1.410402e+10 2.225194e+10 4.950349e+15 3.884352e-01 1.567970e-09 7.301877e+00 1.966110e+00 3.216557e+01 4.047512e+01 5.523137e-02 2.460784e-01 8.529776e-07 1.514023e-12 2.417298e-15 1.133164e-19 0.000000e+00 0.000000e+00 1.329174e-13 3.427686e-03 1.049101e-01 0.000000e+00 0.000000e+00 0.000000e+00 2.104002e-50 0.000000e+00 0.000000e+00 0.000000e+00 6.748325e+01 0.000000e+00 0.000000e+00 0.000000e+00 0.000000e+00 0.000000e+00 0.000000e+00 0.000000e+00 0.000000e+00 0.000000e+00 0.000000e+00 0.000000e+00 0.000000e+00 0.000000e+00 0.000000e+00 0.000000e+00 0.000000e+00 0.000000e+00 0.000000e+00 0.000000e+00 0.000000e+00 0.000000e+00 0.000000e+00 0.000000e+00 0.000000e+00 0.000000e+00 3.521657e-52 8.221653e-27 5.477407e-26 5.193077e-12 4.272751e-18 0.000000e+00
53.000000 52.000000 54.000000 187.823895 9.881550e+00 2.846123e+10 2.670656e+05 4.222743e+08 6.631467e+03 1.264228e+03 1.301899e+00 5.106724e+07 2.334098e-02 6.075548e-10 2.739581e-09 4.136698e+01 2.190478e-02 8.969514e-07 1.412625e-10 2.079044e-26 4.108241e-09 1.014971e-09 9.924146e-12 1.600188e-01 6.150903e+10 4.959719e+07 2.210292e+05 9.140797e-10 7.402558e+03 1.508580e-03 2.960978e-38 3.265270e-02 3.719884e-08 2.638451e-01 1.751639e-06 1.735663e+01 5.589351e+03 5.987955e+03 9.994280e-01 1.062846e-02 6.342764e-04 1.845678e-01 6.052543e-09 1.132877e-11 0.000000e+00 6.548031e-53 0.000000e+00 0.000000e+00 0.000000e+00 0.000000e+00 0.000000e+00 0.000000e+00 0.000000e+00 0.000000e+00 0.000000e+00 0.000000e+00 3.749173e+12 9.777442e+09 1.649980e+10 3.429500e+15 5.043725e-01 7.758363e-10 4.409569e+00 1.265534e+00 1.974117e+01 2.507501e+01 2.671279e-02 6.189979e-02 4.319907e-07 3.857172e-13 3.192793e-16 2.993561e-20 0.000000e+00 0.000000e+00 1.479311e-14 9.804690e-04 7.268882e-02 0.000000e+00 0.000000e+00 0.000000e+00 5.303203e-55 0.000000e+00 0.000000e+00 0.000000e+00 6.492074e+01 0.000000e+00 0.000000e+00 0.000000e+00 0.000000e+00 0.000000e+00 0.000000e+00 0.000000e+00 0.000000e+00 0.000000e+00 0.000000e+00 0.000000e+00 0.000000e+00 0.000000e+00 0.000000e+00 0.000000e+00 0.000000e+00 0.000000e+00 0.000000e+00 0.000000e+00 0.000000e+00 0.000000e+00 0.000000e+00 0.000000e+00 0.000000e+00 0.000000e+00 2.981778e-53 2.393062e-27 1.290257e-26 1.782506e-12 1.250415e-18 0.000000e+00
55.000000 54.000000 56.000000 188.832245 6.965939e+00 2.915840e+10 1.505498e+05 3.309057e+08 3.101269e+03 4.952480e+02 2.207411e-01 2.782281e+07 2.026764e-02 1.928631e-10 1.569975e-09 2.866361e+01 1.366217e-02 3.969221e-07 4.475099e-11 2.140226e-27 2.188273e-09 2.042410e-10 1.436323e-12 1.128683e-01 5.330102e+10 2.798281e+07 1.348180e+05 3.456545e-10 3.744332e+03 3.396927e-04 3.599363e-38 1.757723e-02 1.320688e-08 8.858369e-02 4.745635e-07 9.467588e+00 3.417276e+03 4.183364e+03 5.683260e-01 2.759394e-03 2.234319e-04 1.288816e-01 9.453916e-09 8.195239e-12 0.000000e+00 2.807285e-57 0.000000e+00 0.000000e+00 0.000000e+00 0.000000e+00 0.000000e+00 0.000000e+00 0.000000e+00 0.000000e+00 0.000000e+00 0.000000e+00 2.618678e+12 6.859452e+09 1.205166e+10 2.404693e+15 6.374731e-01 3.883936e-10 2.717722e+00 8.106783e-01 1.229502e+01 1.555377e+01 1.401651e-02 1.737841e-02 2.633893e-07 1.027153e-13 4.634202e-17 8.976271e-21 0.000000e+00 0.000000e+00 1.723707e-15 3.063055e-04 5.090870e-02 0.000000e+00 0.000000e+00 0.000000e+00 1.343551e-59 0.000000e+00 0.000000e+00 0.000000e+00 5.910872e+01 0.000000e+00 0.000000e+00 0.000000e+00 0.000000e+00 0.000000e+00 0.000000e+00 0.000000e+00 0.000000e+00 0.000000e+00 0.000000e+00 0.000000e+00 0.000000e+00 0.000000e+00 0.000000e+00 0.000000e+00 0.000000e+00 0.000000e+00 0.000000e+00 0.000000e+00 0.000000e+00 0.000000e+00 0.000000e+00 0.000000e+00 0.000000e+00 0.000000e+00 2.537940e-54 7.105617e-28 3.002554e-27 6.129355e-13 3.650115e-19 0.000000e+00
57.000000 56.000000 58.000000 187.254263 4.909275e+00 2.858561e+10 8.442699e+04 2.556558e+08 1.509150e+03 2.024938e+02 3.778118e-02 1.519512e+07 1.733606e-02 5.747606e-11 7.949865e-10 1.999114e+01 8.486446e-03 1.778598e-07 1.457202e-11 2.265012e-28 1.070441e-09 4.464991e-11 2.107562e-13 1.019356e-01 4.605403e+10 1.577575e+07 8.845767e+04 1.313157e-10 1.913420e+03 7.759371e-05 1.977891e-38 1.085755e-02 4.991410e-09 3.316234e-02 1.373106e-07 5.144897e+00 2.222753e+03 2.957925e+03 3.097770e-01 8.361910e-04 8.276526e-05 9.080416e-02 1.305338e-08 4.736430e-12 0.000000e+00 6.384659e-59 0.000000e+00 0.000000e+00 0.000000e+00 0.000000e+00 0.000000e+00 0.000000e+00 0.000000e+00 0.000000e+00 0.000000e+00 0.000000e+00 1.852908e+12 4.876952e+09 8.718455e+09 1.709001e+15 7.810780e-01 1.901302e-10 1.711500e+00 5.212801e-01 7.782714e+00 9.645469e+00 7.698172e-03 5.475211e-03 1.874081e-07 2.870750e-14 7.591191e-18 2.975445e-21 0.000000e+00 0.000000e+00 2.197988e-16 1.063643e-04 3.614704e-02 0.000000e+00 0.000000e+00 0.000000e+00 2.993548e-61 0.000000e+00 0.000000e+00 0.000000e+00 5.163865e+01 0.000000e+00 0.000000e+00 0.000000e+00 0.000000e+00 0.000000e+00 0.000000e+00 0.000000e+00 0.000000e+00 0.000000e+00 0.000000e+00 0.000000e+00 0.000000e+00 0.000000e+00 0.000000e+00 0.000000e+00 0.000000e+00 0.000000e+00 0.000000e+00 0.000000e+00 0.000000e+00 0.000000e+00 0.000000e+00 0.000000e+00 0.000000e+00 0.000000e+00 2.175359e-55 1.882099e-28 6.051258e-28 2.116366e-13 1.066024e-19 0.000000e+00
59.000000 58.000000 60.000000 182.797377 3.440646e+00 2.697900e+10 4.713924e+04 1.952747e+08 7.568823e+02 8.589634e+01 6.553997e-03 8.326550e+06 1.462402e-02 1.565533e-11 3.431092e-10 1.399557e+01 5.254040e-03 8.059857e-08 4.886442e-12 2.546544e-29 4.557033e-10 1.055631e-11 3.169426e-14 2.801706e-01 3.948577e+10 8.898652e+06 6.286148e+04 5.021094e-11 9.947408e+02 1.806366e-05 5.606442e-39 7.635849e-03 2.036586e-09 1.389862e-02 4.104479e-08 2.789938e+00 1.520811e+03 2.114606e+03 1.552441e-01 2.900029e-04 3.136970e-05 6.437957e-02 1.652804e-08 2.007586e-12 0.000000e+00 1.032359e-54 0.000000e+00 0.000000e+00 0.000000e+00 0.000000e+00 0.000000e+00 0.000000e+00 0.000000e+00 0.000000e+00 0.000000e+00 0.000000e+00 1.323845e+12 3.502232e+09 6.240956e+09 1.226948e+15 9.236526e-01 8.895792e-11 1.102401e+00 3.386314e-01 5.017605e+00 5.962997e+00 4.405385e-03 1.904254e-03 1.543733e-07 8.413230e-15 1.427133e-18 1.101820e-21 0.000000e+00 0.000000e+00 3.121934e-17 4.112418e-05 2.594117e-02 0.000000e+00 0.000000e+00 0.000000e+00 8.360593e-57 0.000000e+00 0.000000e+00 0.000000e+00 4.378748e+01 0.000000e+00 0.000000e+00 0.000000e+00 0.000000e+00 0.000000e+00 0.000000e+00 0.000000e+00 0.000000e+00 0.000000e+00 0.000000e+00 0.000000e+00 0.000000e+00 0.000000e+00 0.000000e+00 0.000000e+00 0.000000e+00 0.000000e+00 0.000000e+00 0.000000e+00 0.000000e+00 0.000000e+00 0.000000e+00 0.000000e+00 0.000000e+00 0.000000e+00 1.876942e-56 4.198299e-29 9.891289e-29 7.340590e-14 3.116658e-20 0.000000e+00
61.000000 60.000000 62.000000 176.350481 2.385323e+00 2.448936e+10 2.533221e+04 1.468364e+08 3.828081e+02 3.688014e+01 1.150713e-03 4.561936e+06 1.209169e-02 3.881010e-12 1.286132e-10 9.752226e+00 3.227919e-03 3.635311e-08 1.635669e-12 2.990746e-30 1.702944e-10 2.587426e-12 4.897986e-15 2.072425e+00 3.327009e+10 5.005443e+06 4.635198e+04 1.929310e-11 5.229875e+02 4.270702e-06 1.508718e-39 5.910455e-03 9.369342e-10 6.456119e-03 1.258475e-08 1.505536e+00 1.065889e+03 1.515133e+03 7.159671e-02 1.120420e-04 1.208766e-05 4.554470e-02 1.964369e-08 6.512651e-13 0.000000e+00 1.564798e-50 0.000000e+00 0.000000e+00 0.000000e+00 0.000000e+00 0.000000e+00 0.000000e+00 0.000000e+00 0.000000e+00 0.000000e+00 0.000000e+00 9.464511e+11 2.517055e+09 4.380769e+09 8.817127e+14 1.053096e+00 4.016149e-11 7.267086e-01 2.232881e-01 3.300969e+00 3.660227e+00 2.654952e-03 6.989659e-04 1.429427e-07 2.542544e-15 3.037928e-19 4.725228e-22 0.000000e+00 0.000000e+00 4.759617e-18 1.725621e-05 1.863982e-02 0.000000e+00 0.000000e+00 0.000000e+00 2.331026e-52 0.000000e+00 0.000000e+00 0.000000e+00 3.640479e+01 0.000000e+00 0.000000e+00 0.000000e+00 0.000000e+00 0.000000e+00 0.000000e+00 0.000000e+00 0.000000e+00 0.000000e+00 0.000000e+00 0.000000e+00 0.000000e+00 0.000000e+00 0.000000e+00 0.000000e+00 0.000000e+00 0.000000e+00 0.000000e+00 0.000000e+00 0.000000e+00 0.000000e+00 0.000000e+00 0.000000e+00 0.000000e+00 0.000000e+00 1.625177e-57 8.114698e-30 1.331812e-29 2.553304e-14 9.105036e-21 0.000000e+00
63.000000 62.000000 64.000000 172.544457 1.634582e+00 2.098519e+10 1.132273e+04 1.062939e+08 1.845749e+02 1.483217e+01 2.011644e-04 2.448307e+06 9.567775e-03 9.431309e-13 5.678408e-11 6.589978e+00 1.924447e-03 1.535402e-08 4.755497e-13 3.112590e-31 7.420862e-11 5.576569e-13 7.507801e-16 1.153747e+01 2.685662e+10 2.750717e+06 3.120512e+04 7.343136e-12 2.704742e+02 1.009398e-06 6.663452e-40 4.284977e-03 4.925013e-10 3.051541e-03 4.349566e-09 7.929580e-01 7.337873e+02 1.058960e+03 3.766238e-02 4.456851e-05 5.073416e-06 3.132574e-02 2.157260e-08 2.723726e-13 0.000000e+00 2.075115e-46 0.000000e+00 0.000000e+00 0.000000e+00 0.000000e+00 0.000000e+00 0.000000e+00 0.000000e+00 0.000000e+00 0.000000e+00 0.000000e+00 6.593232e+11 1.763067e+09 2.928620e+09 6.175357e+14 1.174298e+00 1.861497e-11 4.880355e-01 1.506117e-01 2.218082e+00 2.320240e+00 1.689182e-03 2.346027e-04 1.292746e-07 7.312159e-16 6.387929e-20 2.326361e-22 0.000000e+00 0.000000e+00 6.460367e-19 6.928350e-06 1.305307e-02 0.000000e+00 0.000000e+00 0.000000e+00 6.349121e-48 0.000000e+00 0.000000e+00 0.000000e+00 2.993978e+01 0.000000e+00 0.000000e+00 0.000000e+00 0.000000e+00 0.000000e+00 0.000000e+00 0.000000e+00 0.000000e+00 0.000000e+00 0.000000e+00 0.000000e+00 0.000000e+00 0.000000e+00 0.000000e+00 0.000000e+00 0.000000e+00 0.000000e+00 0.000000e+00 0.000000e+00 0.000000e+00 0.000000e+00 0.000000e+00 0.000000e+00 0.000000e+00 0.000000e+00 1.402580e-58 1.636177e-30 1.818079e-30 8.797747e-15 2.629570e-21 0.000000e+00
65.000000 64.000000 66.000000 175.807529 1.118883e+00 1.690503e+10 3.802648e+03 7.322337e+07 8.311292e+01 5.283377e+00 3.386664e-05 1.260166e+06 7.173288e-03 2.558761e-13 4.155358e-11 4.247871e+00 1.094363e-03 5.818253e-09 1.076391e-13 2.478714e-32 5.285980e-11 9.354604e-14 1.075254e-16 4.301605e+01 2.058252e+10 1.447081e+06 1.776018e+04 2.703672e-12 1.339549e+02 2.319239e-07 5.995369e-40 2.501525e-03 2.710430e-10 1.306733e-03 1.857529e-09 3.993479e-01 4.852251e+02 7.102159e+02 2.872212e-02 1.672592e-05 2.479353e-06 2.061446e-02 2.125401e-08 2.607384e-13 0.000000e+00 2.224646e-42 0.000000e+00 0.000000e+00 0.000000e+00 0.000000e+00 0.000000e+00 0.000000e+00 0.000000e+00 0.000000e+00 0.000000e+00 0.000000e+00 4.403951e+11 1.184808e+09 1.833780e+09 4.148615e+14 1.303358e+00 9.743674e-12 3.275539e-01 1.029985e-01 1.500433e+00 1.577076e+00 1.102089e-03 6.538065e-05 9.873451e-08 1.846503e-16 1.117604e-20 1.177643e-22 0.000000e+00 0.000000e+00 6.590615e-20 2.324031e-06 8.766785e-03 0.000000e+00 0.000000e+00 0.000000e+00 1.698678e-43 0.000000e+00 0.000000e+00 0.000000e+00 2.428592e+01 0.000000e+00 0.000000e+00 0.000000e+00 0.000000e+00 0.000000e+00 0.000000e+00 0.000000e+00 0.000000e+00 0.000000e+00 0.000000e+00 0.000000e+00 0.000000e+00 0.000000e+00 0.000000e+00 0.000000e+00 0.000000e+00 0.000000e+00 0.000000e+00 0.000000e+00 0.000000e+00 0.000000e+00 0.000000e+00 0.000000e+00 0.000000e+00 0.000000e+00 1.180882e-59 4.798345e-31 3.959332e-31 2.935264e-15 7.341456e-22 0.000000e+00
67.000000 66.000000 68.000000 179.360001 7.692441e-01 1.347942e+10 1.231991e+03 5.030586e+07 3.870542e+01 1.870417e+00 5.574733e-06 6.440910e+05 5.351510e-03 7.604905e-14 3.112981e-11 2.730023e+00 6.196459e-04 2.195442e-09 2.383287e-14 1.740779e-33 3.909246e-11 1.579706e-14 1.480339e-17 1.183375e+02 1.574783e+10 7.554444e+05 9.828818e+03 9.858306e-13 6.576171e+01 5.257629e-08 7.294608e-40 1.423653e-03 1.510655e-10 5.633316e-04 8.382770e-10 1.990968e-01 3.226032e+02 4.779643e+02 2.263601e-02 6.544960e-06 1.270492e-06 1.356870e-02 1.991836e-08 2.613753e-13 0.000000e+00 1.657363e-38 0.000000e+00 0.000000e+00 0.000000e+00 0.000000e+00 0.000000e+00 0.000000e+00 0.000000e+00 0.000000e+00 0.000000e+00 0.000000e+00 2.949024e+11 7.986300e+08 1.130737e+09 2.795730e+14 1.412351e+00 5.571494e-12 2.187450e-01 6.980345e-02 1.008261e+00 1.055742e+00 7.175705e-04 1.898573e-05 7.339117e-08 4.597695e-17 1.816331e-21 6.064191e-23 0.000000e+00 0.000000e+00 6.047928e-21 7.690912e-07 5.906229e-03 0.000000e+00 0.000000e+00 0.000000e+00 4.640313e-39 0.000000e+00 0.000000e+00 0.000000e+00 1.931018e+01 0.000000e+00 0.000000e+00 0.000000e+00 0.000000e+00 0.000000e+00 0.000000e+00 0.000000e+00 0.000000e+00 0.000000e+00 0.000000e+00 0.000000e+00 0.000000e+00 0.000000e+00 0.000000e+00 0.000000e+00 0.000000e+00 0.000000e+00 0.000000e+00 0.000000e+00 0.000000e+00 0.000000e+00 0.000000e+00 0.000000e+00 0.000000e+00 0.000000e+00 9.780546e-61 1.980365e-31 1.236761e-31 9.685138e-16 2.018494e-22 0.000000e+00
69.000000 68.000000 70.000000 179.360001 5.291261e-01 1.077895e+10 4.300745e+02 3.508636e+07 1.922170e+01 6.999704e-01 9.340651e-07 3.353340e+05 4.030854e-03 2.244145e-14 1.867217e-11 1.784523e+00 3.585122e-04 8.696415e-10 5.759578e-15 1.224106e-34 2.333882e-11 3.089037e-15 2.071673e-18 2.622151e+02 1.219238e+10 4.013663e+05 5.741923e+03 3.668897e-13 3.293680e+01 1.218986e-08 7.187648e-40 8.964200e-04 8.920413e-11 2.687189e-04 3.595915e-10 1.009053e-01 2.197723e+02 3.284512e+02 1.511728e-02 2.762366e-06 6.270915e-07 9.100876e-03 1.863324e-08 1.744349e-13 0.000000e+00 0.000000e+00 0.000000e+00 0.000000e+00 0.000000e+00 0.000000e+00 0.000000e+00 0.000000e+00 0.000000e+00 0.000000e+00 0.000000e+00 0.000000e+00 2.014892e+11 5.492809e+08 7.042656e+08 1.923046e+14 1.489776e+00 3.052577e-12 1.478398e-01 4.749234e-02 6.831673e-01 6.878553e-01 4.718124e-04 6.300382e-06 5.962979e-08 1.228741e-17 3.150408e-22 3.372935e-23 0.000000e+00 0.000000e+00 5.919642e-22 2.830112e-07 4.061734e-03 0.000000e+00 0.000000e+00 0.000000e+00 0.000000e+00 0.000000e+00 0.000000e+00 0.000000e+00 1.521572e+01 0.000000e+00 0.000000e+00 0.000000e+00 0.000000e+00 0.000000e+00 0.000000e+00 0.000000e+00 0.000000e+00 0.000000e+00 0.000000e+00 0.000000e+00 0.000000e+00 0.000000e+00 0.000000e+00 0.000000e+00 0.000000e+00 0.000000e+00 0.000000e+00 0.000000e+00 0.000000e+00 0.000000e+00 0.000000e+00 0.000000e+00 0.000000e+00 0.000000e+00 8.268341e-62 8.031784e-32 3.296255e-32 3.260070e-16 5.651656e-23 0.000000e+00
71.000000 70.000000 72.000000 179.360001 3.639603e-01 8.496762e+09 1.460249e+02 2.437644e+07 9.854675e+00 2.625701e-01 1.561676e-07 1.743155e+05 3.007414e-03 6.557177e-15 1.131811e-11 1.163157e+00 2.081945e-04 3.448381e-10 1.362846e-15 8.449937e-36 1.410411e-11 6.307984e-16 2.897468e-19 5.044330e+02 9.370171e+09 2.127697e+05 3.330728e+03 1.365400e-13 1.649306e+01 2.830862e-09 6.417135e-40 5.712676e-04 5.548985e-11 1.330659e-04 1.607593e-10 5.098077e-02 1.501424e+02 2.257710e+02 1.014765e-02 1.208819e-06 3.186310e-07 6.096395e-03 1.715658e-08 1.164598e-13 0.000000e+00 0.000000e+00 0.000000e+00 0.000000e+00 0.000000e+00 0.000000e+00 0.000000e+00 0.000000e+00 0.000000e+00 0.000000e+00 0.000000e+00 0.000000e+00 1.376110e+11 3.777359e+08 4.349857e+08 1.322770e+14 1.560231e+00 1.745104e-12 1.006959e-01 3.252383e-02 4.662876e-01 4.546136e-01 3.138223e-04 2.172014e-06 4.938886e-08 3.317944e-18 5.619291e-23 1.985892e-23 0.000000e+00 0.000000e+00 5.934305e-23 1.060721e-07 2.793416e-03 0.000000e+00 0.000000e+00 0.000000e+00 0.000000e+00 0.000000e+00 0.000000e+00 0.000000e+00 1.190626e+01 0.000000e+00 0.000000e+00 0.000000e+00 0.000000e+00 0.000000e+00 0.000000e+00 0.000000e+00 0.000000e+00 0.000000e+00 0.000000e+00 0.000000e+00 0.000000e+00 0.000000e+00 0.000000e+00 0.000000e+00 0.000000e+00 0.000000e+00 0.000000e+00 0.000000e+00 0.000000e+00 0.000000e+00 0.000000e+00 0.000000e+00 0.000000e+00 0.000000e+00 6.989883e-63 3.229632e-32 8.477539e-33 1.096887e-16 1.579656e-23 0.000000e+00
73.000000 72.000000 74.000000 179.360001 2.503507e-01 6.620543e+09 4.846191e+01 1.688499e+07 5.240561e+00 9.869717e-02 2.606626e-08 9.050847e+04 2.225511e-03 1.912086e-15 6.920001e-12 7.563815e-01 1.216130e-04 1.370943e-10 3.163420e-16 5.733640e-37 8.604788e-12 1.344173e-16 4.065197e-20 8.766083e+02 7.156524e+09 1.126010e+05 1.907476e+03 5.081359e-14 8.258343e+00 6.582854e-10 5.383784e-40 3.645430e-04 3.623346e-11 6.831654e-05 7.461682e-11 2.569555e-02 1.027821e+02 1.552222e+02 6.852860e-03 5.455834e-07 1.667110e-07 4.079888e-03 1.563431e-08 7.776304e-14 0.000000e+00 4.602651e-39 0.000000e+00 0.000000e+00 0.000000e+00 0.000000e+00 0.000000e+00 0.000000e+00 0.000000e+00 0.000000e+00 0.000000e+00 0.000000e+00 9.394477e+10 2.597234e+08 2.667896e+08 9.098702e+13 1.629283e+00 1.046540e-12 6.904516e-02 2.240162e-02 3.202827e-01 3.031318e-01 2.107668e-04 7.804469e-07 4.121445e-08 9.046041e-19 1.021764e-23 1.231538e-23 0.000000e+00 0.000000e+00 6.032298e-24 4.058604e-08 1.921223e-03 0.000000e+00 0.000000e+00 0.000000e+00 0.000000e+00 0.000000e+00 0.000000e+00 0.000000e+00 9.268912e+00 0.000000e+00 0.000000e+00 0.000000e+00 0.000000e+00 0.000000e+00 0.000000e+00 0.000000e+00 0.000000e+00 0.000000e+00 0.000000e+00 0.000000e+00 0.000000e+00 0.000000e+00 0.000000e+00 0.000000e+00 0.000000e+00 0.000000e+00 0.000000e+00 0.000000e+00 0.000000e+00 0.000000e+00 0.000000e+00 0.000000e+00 0.000000e+00 0.000000e+00 5.909069e-64 1.325858e-32 2.180313e-33 3.689361e-17 4.409362e-24 0.000000e+00
75.000000 74.000000 76.000000 179.360001 1.722041e-01 5.110503e+09 1.578568e+01 1.166850e+07 2.907759e+00 3.715589e-02 4.345406e-09 4.695296e+04 1.635315e-03 5.583428e-16 4.260950e-12 4.908933e-01 7.158247e-05 5.469621e-11 7.217162e-17 3.830349e-38 5.288810e-12 3.010227e-17 5.746897e-21 1.408993e+03 5.437392e+09 5.951325e+04 1.078134e+03 1.891027e-14 4.135060e+00 1.532381e-10 4.318532e-40 2.321371e-04 2.475703e-11 3.632606e-05 3.592894e-11 1.292737e-02 7.046281e+01 1.067340e+02 4.649188e-03 2.532555e-07 8.990060e-08 2.728485e-03 1.415456e-08 5.192492e-14 0.000000e+00 2.673409e-39 0.000000e+00 0.000000e+00 0.000000e+00 0.000000e+00 0.000000e+00 0.000000e+00 0.000000e+00 0.000000e+00 0.000000e+00 0.000000e+00 6.410531e+10 1.785410e+08 1.626088e+08 6.258559e+13 1.700584e+00 6.620526e-13 4.761274e-02 1.550670e-02 2.211908e-01 2.037608e-01 1.427055e-04 2.936934e-07 3.450119e-08 2.490170e-19 1.885470e-24 8.010102e-24 0.000000e+00 0.000000e+00 6.188402e-25 1.593763e-08 1.321399e-03 0.000000e+00 0.000000e+00 0.000000e+00 0.000000e+00 0.000000e+00 0.000000e+00 0.000000e+00 7.188654e+00 0.000000e+00 0.000000e+00 0.000000e+00 0.000000e+00 0.000000e+00 0.000000e+00 0.000000e+00 0.000000e+00 0.000000e+00 0.000000e+00 0.000000e+00 0.000000e+00 0.000000e+00 0.000000e+00 0.000000e+00 0.000000e+00 0.000000e+00 0.000000e+00 0.000000e+00 0.000000e+00 0.000000e+00 0.000000e+00 0.000000e+00 0.000000e+00 0.000000e+00 4.995357e-65 5.647636e-33 5.660153e-34 1.240583e-17 1.229586e-24 0.000000e+00
77.000000 76.000000 78.000000 179.360001 1.184509e-01 3.915081e+09 5.061512e+00 8.048538e+06 1.694274e+00 1.400009e-02 7.238621e-10 2.434175e+04 1.194344e-03 1.634747e-16 2.638745e-12 3.180389e-01 4.252192e-05 2.190843e-11 1.621633e-17 2.523372e-39 3.269457e-12 7.141671e-18 8.232515e-22 2.130426e+03 4.113272e+09 3.142382e+04 6.019359e+02 7.037442e-15 2.070494e+00 3.570077e-11 3.348267e-40 1.471494e-04 1.764043e-11 1.997563e-05 1.800012e-11 6.494533e-03 4.835548e+01 7.340004e+01 3.165168e-03 1.209279e-07 5.017961e-08 1.823833e-03 1.276551e-08 3.467168e-14 0.000000e+00 0.000000e+00 0.000000e+00 0.000000e+00 0.000000e+00 0.000000e+00 0.000000e+00 0.000000e+00 0.000000e+00 0.000000e+00 0.000000e+00 0.000000e+00 4.372181e+10 1.226963e+08 9.851654e+07 4.304963e+13 1.783183e+00 4.446118e-13 3.299161e-02 1.077978e-02 1.534617e-01 1.380332e-01 9.729871e-05 1.163993e-07 2.887837e-08 6.919084e-20 3.522370e-25 5.441253e-24 0.000000e+00 0.000000e+00 6.391797e-26 6.489694e-09 9.088657e-04 0.000000e+00 0.000000e+00 0.000000e+00 0.000000e+00 0.000000e+00 0.000000e+00 0.000000e+00 5.560257e+00 0.000000e+00 0.000000e+00 0.000000e+00 0.000000e+00 0.000000e+00 0.000000e+00 0.000000e+00 0.000000e+00 0.000000e+00 0.000000e+00 0.000000e+00 0.000000e+00 0.000000e+00 0.000000e+00 0.000000e+00 0.000000e+00 0.000000e+00 0.000000e+00 0.000000e+00 0.000000e+00 0.000000e+00 0.000000e+00 0.000000e+00 0.000000e+00 0.000000e+00 4.222922e-66 2.521039e-33 1.485215e-34 4.170696e-18 3.426268e-25 0.000000e+00
79.000000 78.000000 80.000000 179.360001 8.147664e-02 2.980543e+09 1.600396e+00 5.542925e+06 1.043697e+00 5.276801e-03 1.205765e-10 1.261327e+04 8.676821e-04 4.800421e-17 1.641867e-12 2.057215e-01 2.552208e-05 8.808043e-12 3.594566e-18 1.641668e-40 2.030202e-12 1.809408e-18 1.204133e-22 3.074969e+03 3.099980e+09 1.657986e+04 3.324010e+02 2.618974e-15 1.036733e+00 8.322731e-12 2.528785e-40 9.265145e-05 1.306172e-11 1.133754e-05 9.449541e-12 3.259200e-03 3.320794e+01 5.048019e+01 2.160543e-03 5.957645e-08 2.921079e-08 1.218750e-03 1.149133e-08 2.315174e-14 0.000000e+00 3.450628e-39 0.000000e+00 0.000000e+00 0.000000e+00 0.000000e+00 0.000000e+00 0.000000e+00 0.000000e+00 0.000000e+00 0.000000e+00 0.000000e+00 2.980346e+10 8.428240e+07 5.931857e+07 2.961173e+13 1.891069e+00 3.192985e-13 2.295668e-02 7.522018e-03 1.069019e-01 9.420881e-02 6.676277e-05 4.888277e-08 2.410400e-08 1.939281e-20 6.651656e-26 3.844736e-24 0.000000e+00 0.000000e+00 6.636570e-27 2.789638e-09 6.251333e-04 0.000000e+00 0.000000e+00 0.000000e+00 1.560528e-40 0.000000e+00 0.000000e+00 0.000000e+00 4.292892e+00 0.000000e+00 0.000000e+00 0.000000e+00 0.000000e+00 0.000000e+00 0.000000e+00 0.000000e+00 0.000000e+00 0.000000e+00 0.000000e+00 0.000000e+00 0.000000e+00 0.000000e+00 0.000000e+00 0.000000e+00 0.000000e+00 0.000000e+00 0.000000e+00 0.000000e+00 0.000000e+00 0.000000e+00 0.000000e+00 0.000000e+00 0.000000e+00 0.000000e+00 3.569921e-67 1.187491e-33 3.935652e-35 1.401899e-18 9.542073e-26 0.000000e+00
81.000000 80.000000 82.000000 179.360001 5.604384e-02 2.256509e+09 4.993287e-01 3.811932e+06 6.837379e-01 1.989175e-03 2.011143e-11 6.533532e+03 6.274441e-04 1.413703e-17 1.025843e-12 1.328646e-01 1.548115e-05 3.548632e-12 7.862288e-19 1.055639e-41 1.265313e-12 4.926439e-19 1.816519e-23 4.290418e+03 2.328014e+09 8.743025e+03 1.818307e+02 9.746459e-16 5.191070e-01 1.941186e-12 1.871271e-40 5.784156e-05 1.001585e-11 6.626172e-06 5.236758e-12 1.634211e-03 2.281680e+01 3.471901e+01 1.477727e-03 3.035999e-08 1.785372e-08 8.142929e-04 1.034355e-08 1.546075e-14 0.000000e+00 0.000000e+00 0.000000e+00 0.000000e+00 0.000000e+00 0.000000e+00 0.000000e+00 0.000000e+00 0.000000e+00 0.000000e+00 0.000000e+00 0.000000e+00 2.030468e+10 5.785959e+07 3.547799e+07 2.036847e+13 2.029481e+00 2.462077e-13 1.603857e-02 5.268058e-03 7.475843e-02 6.476874e-02 4.608831e-05 2.187065e-08 2.002322e-08 5.474491e-21 1.267472e-26 2.815956e-24 0.000000e+00 0.000000e+00 6.915183e-28 1.296461e-09 4.299823e-04 0.000000e+00 0.000000e+00 0.000000e+00 0.000000e+00 0.000000e+00 0.000000e+00 0.000000e+00 3.310853e+00 0.000000e+00 0.000000e+00 0.000000e+00 0.000000e+00 0.000000e+00 0.000000e+00 0.000000e+00 0.000000e+00 0.000000e+00 0.000000e+00 0.000000e+00 0.000000e+00 0.000000e+00 0.000000e+00 0.000000e+00 0.000000e+00 0.000000e+00 0.000000e+00 0.000000e+00 0.000000e+00 0.000000e+00 0.000000e+00 0.000000e+00 0.000000e+00 0.000000e+00 3.017892e-68 5.927280e-34 1.052109e-35 4.711549e-19 2.656334e-26 0.000000e+00
83.000000 82.000000 84.000000 179.360001 3.854989e-02 1.699075e+09 1.536670e-01 2.617756e+06 4.774543e-01 7.502747e-04 3.369524e-12 3.383508e+03 4.518433e-04 4.174848e-18 6.435347e-13 8.567947e-02 9.475725e-06 1.427258e-12 1.692973e-19 6.707263e-43 7.911946e-13 1.442979e-19 2.861020e-24 5.845713e+03 1.741568e+09 4.608690e+03 9.868197e+01 3.627133e-16 2.599252e-01 4.529318e-13 1.362781e-40 3.575357e-05 7.928223e-12 3.977333e-06 3.066385e-12 8.189028e-04 1.568263e+01 2.387973e+01 1.012227e-03 1.596062e-08 1.145609e-08 5.440669e-04 9.326620e-09 1.032663e-14 0.000000e+00 2.856872e-40 0.000000e+00 0.000000e+00 0.000000e+00 0.000000e+00 0.000000e+00 0.000000e+00 0.000000e+00 0.000000e+00 0.000000e+00 0.000000e+00 1.382638e+10 3.968561e+07 2.105952e+07 1.401053e+13 2.186463e+00 2.026985e-13 1.125411e-02 3.704388e-03 5.250114e-02 4.485774e-02 3.200281e-05 1.044507e-08 1.653622e-08 1.551611e-21 2.429538e-27 2.131821e-24 0.000000e+00 0.000000e+00 7.211990e-29 6.637832e-10 2.957553e-04 0.000000e+00 0.000000e+00 0.000000e+00 6.579416e-41 0.000000e+00 0.000000e+00 0.000000e+00 2.552525e+00 0.000000e+00 0.000000e+00 0.000000e+00 0.000000e+00 0.000000e+00 0.000000e+00 0.000000e+00 0.000000e+00 0.000000e+00 0.000000e+00 0.000000e+00 0.000000e+00 0.000000e+00 0.000000e+00 0.000000e+00 0.000000e+00 0.000000e+00 0.000000e+00 0.000000e+00 0.000000e+00 0.000000e+00 0.000000e+00 0.000000e+00 0.000000e+00 0.000000e+00 2.551233e-69 3.137877e-34 2.836016e-36 1.583296e-19 7.392421e-27 0.000000e+00
85.000000 84.000000 86.000000 179.360001 2.651661e-02 1.271998e+09 4.659084e-02 1.794749e+06 3.541431e-01 2.834608e-04 5.716681e-13 1.752065e+03 3.241546e-04 1.236171e-18 4.053753e-13 5.516918e-02 5.833351e-06 5.695947e-13 3.570941e-20 4.203747e-44 4.962463e-13 4.517661e-20 4.760121e-25 7.840662e+03 1.297035e+09 2.428928e+03 5.321317e+01 1.349834e-16 1.301555e-01 1.057115e-13 9.801008e-41 2.186200e-05 6.457472e-12 2.444706e-06 1.882559e-12 4.101792e-04 1.078168e+01 1.642485e+01 6.941496e-04 8.580596e-09 7.656353e-09 3.635867e-04 8.439538e-09 6.899711e-15 0.000000e+00 8.192868e-40 0.000000e+00 0.000000e+00 0.000000e+00 0.000000e+00 0.000000e+00 0.000000e+00 0.000000e+00 0.000000e+00 0.000000e+00 0.000000e+00 9.411400e+09 2.718601e+07 1.239321e+07 9.637152e+12 2.340634e+00 1.755445e-13 7.936673e-03 2.617225e-03 3.705183e-02 3.130727e-02 2.235125e-05 5.304677e-09 1.357242e-08 4.393413e-22 4.661997e-28 1.663900e-24 0.000000e+00 0.000000e+00 7.498822e-30 3.745033e-10 2.034306e-04 0.000000e+00 0.000000e+00 0.000000e+00 1.130970e-41 0.000000e+00 0.000000e+00 0.000000e+00 1.968647e+00 0.000000e+00 0.000000e+00 0.000000e+00 0.000000e+00 0.000000e+00 0.000000e+00 0.000000e+00 0.000000e+00 0.000000e+00 0.000000e+00 0.000000e+00 0.000000e+00 0.000000e+00 0.000000e+00 0.000000e+00 0.000000e+00 0.000000e+00 0.000000e+00 0.000000e+00 0.000000e+00 0.000000e+00 0.000000e+00 0.000000e+00 0.000000e+00 0.000000e+00 2.156747e-70 1.756738e-34 7.708287e-37 5.320101e-20 2.056778e-27 0.000000e+00
87.000000 86.000000 88.000000 179.360001 1.823949e-02 9.463348e+08 1.389582e-02 1.227965e+06 2.766695e-01 1.074911e-04 1.003333e-13 9.074286e+02 2.317200e-04 3.669165e-19 2.564294e-13 3.547608e-02 3.596572e-06 2.238730e-13 7.328960e-21 2.591639e-45 3.120883e-13 1.493042e-20 8.422164e-26 1.042293e+04 9.609409e+08 1.280304e+03 2.855277e+01 5.023448e-17 6.518825e-02 2.467778e-14 6.979596e-41 1.321928e-05 5.393516e-12 1.533909e-06 1.197592e-12 2.054270e-04 7.413552e+00 1.129745e+01 4.764350e-04 4.664565e-09 5.270773e-09 2.430804e-04 7.677131e-09 4.612580e-15 0.000000e+00 0.000000e+00 0.000000e+00 0.000000e+00 0.000000e+00 0.000000e+00 0.000000e+00 0.000000e+00 0.000000e+00 0.000000e+00 0.000000e+00 0.000000e+00 6.404868e+09 1.858995e+07 7.221808e+06 6.628928e+12 2.473868e+00 1.572621e-13 5.630604e-03 1.859705e-03 2.630232e-02 2.203049e-02 1.570600e-05 2.840141e-09 1.107553e-08 1.235426e-22 8.900346e-29 1.335330e-24 0.000000e+00 0.000000e+00 7.736938e-31 2.285686e-10 1.399271e-04 0.000000e+00 0.000000e+00 0.000000e+00 0.000000e+00 0.000000e+00 0.000000e+00 0.000000e+00 1.520428e+00 0.000000e+00 0.000000e+00 0.000000e+00 0.000000e+00 0.000000e+00 0.000000e+00 0.000000e+00 0.000000e+00 0.000000e+00 0.000000e+00 0.000000e+00 0.000000e+00 0.000000e+00 0.000000e+00 0.000000e+00 0.000000e+00 0.000000e+00 0.000000e+00 0.000000e+00 0.000000e+00 0.000000e+00 0.000000e+00 0.000000e+00 0.000000e+00 0.000000e+00 1.823325e-71 1.033707e-34 2.112748e-37 1.787504e-20 5.721519e-28 0.000000e+00
89.000000 88.000000 90.000000 179.360001 1.254606e-02 6.992752e+08 4.071421e-03 8.378487e+05 2.253282e-01 4.106254e-05 1.921422e-14 4.703338e+02 1.650646e-04 1.091078e-19 1.628668e-13 2.279192e-02 2.212268e-06 8.601121e-14 1.453526e-21 1.566925e-46 1.966460e-13 5.135406e-21 1.580616e-26 1.380671e+04 7.077006e+08 6.753934e+02 1.527006e+01 1.869599e-17 3.267104e-02 5.761844e-15 4.931812e-41 7.908923e-06 4.603872e-12 9.795045e-07 7.813881e-13 1.029250e-04 5.098195e+00 7.770782e+00 3.272301e-04 2.539379e-09 3.702947e-09 1.626370e-04 7.031943e-09 3.086361e-15 0.000000e+00 4.405864e-40 0.000000e+00 0.000000e+00 0.000000e+00 0.000000e+00 0.000000e+00 0.000000e+00 0.000000e+00 0.000000e+00 0.000000e+00 0.000000e+00 4.358877e+09 1.267923e+07 4.163329e+06 4.559716e+12 2.577437e+00 1.438979e-13 4.023705e-03 1.330785e-03 1.880589e-02 1.564495e-02 1.111439e-05 1.586407e-09 8.997441e-09 3.431613e-23 1.680012e-29 1.098818e-24 0.000000e+00 0.000000e+00 7.888427e-32 1.472764e-10 9.624741e-05 0.000000e+00 0.000000e+00 0.000000e+00 1.195329e-41 0.000000e+00 0.000000e+00 0.000000e+00 1.177703e+00 0.000000e+00 0.000000e+00 0.000000e+00 0.000000e+00 0.000000e+00 0.000000e+00 0.000000e+00 0.000000e+00 0.000000e+00 0.000000e+00 0.000000e+00 0.000000e+00 0.000000e+00 0.000000e+00 0.000000e+00 0.000000e+00 0.000000e+00 0.000000e+00 0.000000e+00 0.000000e+00 0.000000e+00 0.000000e+00 0.000000e+00 0.000000e+00 0.000000e+00 1.541700e-72 6.341811e-35 5.838299e-38 6.005625e-21 1.591404e-28 0.000000e+00
91.000000 90.000000 92.000000 179.360001 8.629830e-03 5.128898e+08 1.171690e-03 5.694487e+05 1.895345e-01 1.591271e-05 4.456707e-15 2.443111e+02 1.171600e-04 3.246854e-20 1.038091e-13 1.464412e-02 1.354975e-06 3.211977e-14 2.770852e-22 9.272144e-48 1.239730e-13 1.817459e-21 3.110415e-27 1.822101e+04 5.176912e+08 3.571054e+02 8.158755e+00 6.960153e-18 1.640497e-02 1.345468e-15 3.463351e-41 4.691616e-06 4.005102e-12 6.352283e-07 5.198781e-13 5.165679e-05 3.506236e+00 5.345060e+00 2.248837e-04 1.376080e-09 2.639759e-09 1.089486e-04 6.495571e-09 2.068104e-15 0.000000e+00 9.944833e-40 0.000000e+00 0.000000e+00 0.000000e+00 0.000000e+00 0.000000e+00 0.000000e+00 0.000000e+00 0.000000e+00 0.000000e+00 0.000000e+00 2.967355e+09 8.615847e+06 2.375405e+06 3.136411e+12 2.651119e+00 1.335197e-13 2.902759e-03 9.612228e-04 1.357323e-02 1.123340e-02 7.937233e-06 9.157394e-10 7.297364e-09 9.393996e-24 3.121402e-30 9.250488e-25 0.000000e+00 0.000000e+00 7.939687e-33 9.832582e-11 6.620294e-05 0.000000e+00 0.000000e+00 0.000000e+00 1.424015e-41 0.000000e+00 0.000000e+00 0.000000e+00 9.174471e-01 0.000000e+00 0.000000e+00 0.000000e+00 0.000000e+00 0.000000e+00 0.000000e+00 0.000000e+00 0.000000e+00 0.000000e+00 0.000000e+00 0.000000e+00 0.000000e+00 0.000000e+00 0.000000e+00 0.000000e+00 0.000000e+00 0.000000e+00 0.000000e+00 0.000000e+00 0.000000e+00 0.000000e+00 0.000000e+00 0.000000e+00 0.000000e+00 0.000000e+00 1.304616e-73 4.022563e-35 1.625309e-38 2.017936e-21 4.426094e-29 0.000000e+00
93.000000 92.000000 94.000000 179.360001 5.936043e-03 3.730886e+08 3.322378e-04 3.848603e+05 1.634931e-01 6.342800e-06 1.394948e-15 1.276291e+02 8.283184e-05 9.651359e-21 6.634187e-14 9.428965e-03 8.283497e-07 1.164519e-14 5.070989e-23 5.370290e-49 7.803257e-14 6.585608e-22 6.321665e-28 2.355257e+04 3.757947e+08 1.899274e+02 4.374233e+00 2.594789e-18 8.280409e-03 3.142405e-16 2.420059e-41 2.772951e-06 3.549225e-12 4.185653e-07 3.526415e-13 2.605837e-05 2.411515e+00 3.676569e+00 1.546311e-04 7.408179e-10 1.903944e-09 7.312422e-05 6.057437e-09 1.388951e-15 0.000000e+00 1.255330e-40 0.000000e+00 0.000000e+00 0.000000e+00 0.000000e+00 0.000000e+00 0.000000e+00 0.000000e+00 0.000000e+00 0.000000e+00 0.000000e+00 2.021389e+09 5.823322e+06 1.346635e+06 2.157383e+12 2.699786e+00 1.252662e-13 2.123534e-03 7.041122e-04 9.934887e-03 8.190120e-03 5.746613e-06 5.423619e-10 5.943568e-09 2.546916e-24 5.710020e-31 7.967403e-25 0.000000e+00 0.000000e+00 7.938970e-34 6.742677e-11 4.553720e-05 0.000000e+00 0.000000e+00 0.000000e+00 2.362068e-42 0.000000e+00 0.000000e+00 0.000000e+00 7.227844e-01 0.000000e+00 0.000000e+00 0.000000e+00 0.000000e+00 0.000000e+00 0.000000e+00 0.000000e+00 0.000000e+00 0.000000e+00 0.000000e+00 0.000000e+00 0.000000e+00 0.000000e+00 0.000000e+00 0.000000e+00 0.000000e+00 0.000000e+00 0.000000e+00 0.000000e+00 0.000000e+00 0.000000e+00 0.000000e+00 0.000000e+00 0.000000e+00 0.000000e+00 1.108465e-74 2.617909e-35 4.551320e-39 6.785610e-22 1.231240e-29 0.000000e+00
95.000000 94.000000 96.000000 179.360001 4.083117e-03 2.688247e+08 9.375791e-05 2.579625e+05 1.439596e-01 2.672290e-06 5.836161e-16 6.764049e+01 5.829469e-05 2.858320e-21 4.244994e-14 6.106436e-03 5.102562e-07 4.124666e-15 8.960116e-24 3.051959e-50 4.888093e-14 2.454256e-22 1.311782e-28 2.861045e+04 2.703431e+08 1.024791e+02 2.375095e+00 9.741199e-19 4.238831e-03 7.347601e-17 1.684079e-41 1.649368e-06 3.221444e-12 2.820974e-07 2.458359e-13 1.333084e-05 1.658653e+00 2.528917e+00 1.063773e-04 3.973731e-10 1.385724e-09 4.922602e-05 5.703924e-09 9.362046e-16 0.000000e+00 0.000000e+00 0.000000e+00 0.000000e+00 0.000000e+00 0.000000e+00 0.000000e+00 0.000000e+00 0.000000e+00 0.000000e+00 0.000000e+00 0.000000e+00 1.378551e+09 3.905067e+06 7.671522e+05 1.483963e+12 2.730380e+00 1.188266e-13 1.590949e-03 5.286084e-04 7.450225e-03 6.122367e-03 4.261961e-06 3.280456e-10 4.917152e-09 6.966589e-25 1.038336e-31 7.063540e-25 0.000000e+00 0.000000e+00 8.052780e-35 4.765294e-11 3.132249e-05 0.000000e+00 0.000000e+00 0.000000e+00 0.000000e+00 0.000000e+00 0.000000e+00 0.000000e+00 5.826863e-01 0.000000e+00 0.000000e+00 0.000000e+00 0.000000e+00 0.000000e+00 0.000000e+00 0.000000e+00 0.000000e+00 0.000000e+00 0.000000e+00 0.000000e+00 0.000000e+00 0.000000e+00 0.000000e+00 0.000000e+00 0.000000e+00 0.000000e+00 0.000000e+00 0.000000e+00 0.000000e+00 0.000000e+00 0.000000e+00 0.000000e+00 0.000000e+00 0.000000e+00 9.617071e-76 1.737232e-35 1.278914e-39 2.292790e-22 3.432672e-30 0.000000e+00
97.000000 96.000000 98.000000 179.360001 2.808581e-03 1.914837e+08 2.687879e-05 1.707660e+05 1.291183e-01 1.251285e-06 2.938094e-16 3.712387e+01 4.079538e-05 8.439520e-22 2.713658e-14 4.001018e-03 3.219774e-07 1.446921e-15 1.547332e-24 1.709166e-51 3.032634e-14 9.540127e-23 2.778346e-29 3.094656e+04 1.923487e+08 5.719785e+01 1.330082e+00 3.781889e-19 2.250907e-03 1.741284e-17 1.167633e-41 1.005297e-06 3.041645e-12 1.978049e-07 1.803692e-13 7.074477e-06 1.140864e+00 1.739515e+00 7.320835e-05 2.151181e-10 1.011561e-09 3.328916e-05 5.425851e-09 6.346816e-16 0.000000e+00 2.493518e-40 0.000000e+00 0.000000e+00 0.000000e+00 0.000000e+00 0.000000e+00 0.000000e+00 0.000000e+00 3.196981e-40 1.889102e-42 0.000000e+00 9.418357e+08 2.588246e+06 4.492077e+05 1.020745e+12 2.750322e+00 1.142084e-13 1.247152e-03 4.151204e-04 5.845137e-03 4.785292e-03 3.309779e-06 2.021974e-10 4.216485e-09 1.996420e-25 1.925460e-32 6.552759e-25 0.000000e+00 0.000000e+00 8.678810e-36 3.546873e-11 2.154508e-05 0.000000e+00 0.000000e+00 0.000000e+00 3.754242e-42 0.000000e+00 0.000000e+00 0.000000e+00 4.915250e-01 0.000000e+00 0.000000e+00 0.000000e+00 0.000000e+00 0.000000e+00 0.000000e+00 0.000000e+00 0.000000e+00 0.000000e+00 0.000000e+00 0.000000e+00 0.000000e+00 0.000000e+00 0.000000e+00 0.000000e+00 0.000000e+00 0.000000e+00 0.000000e+00 0.000000e+00 0.000000e+00 0.000000e+00 0.000000e+00 0.000000e+00 0.000000e+00 0.000000e+00 9.257461e-77 1.169972e-35 3.598385e-40 7.973520e-23 9.763121e-31 0.000000e+00
99.000000 98.000000 100.000000 179.360001 1.931887e-03 1.343968e+08 8.086591e-06 1.108858e+05 1.178899e-01 7.051650e-07 1.663392e-16 2.203287e+01 2.834064e-05 2.669722e-22 1.727154e-14 2.673391e-03 2.116702e-07 5.104425e-16 2.644543e-25 9.958674e-53 1.850219e-14 3.952718e-23 6.547729e-30 2.815482e+04 1.349197e+08 3.435424e+01 7.895923e-01 1.697202e-19 1.304269e-03 4.808588e-18 8.065943e-42 6.441552e-07 3.013965e-12 1.458709e-07 1.469475e-13 4.097501e-06 7.847319e-01 1.196526e+00 5.038422e-05 1.227107e-10 7.295109e-10 2.266653e-05 5.200469e-09 4.342500e-16 0.000000e+00 0.000000e+00 0.000000e+00 0.000000e+00 0.000000e+00 0.000000e+00 0.000000e+00 0.000000e+00 0.000000e+00 3.269835e-39 1.694454e-41 0.000000e+00 6.452241e+08 1.685141e+06 2.798050e+05 7.021222e+11 2.766881e+00 1.116207e-13 1.064871e-03 3.417769e-04 4.900762e-03 4.028323e-03 2.771493e-06 1.270228e-10 3.842998e-09 6.283695e-26 3.990866e-33 6.419231e-25 0.000000e+00 0.000000e+00 1.119600e-36 2.929617e-11 1.481974e-05 0.000000e+00 0.000000e+00 0.000000e+00 0.000000e+00 0.000000e+00 0.000000e+00 0.000000e+00 4.361616e-01 0.000000e+00 0.000000e+00 0.000000e+00 0.000000e+00 0.000000e+00 0.000000e+00 0.000000e+00 0.000000e+00 0.000000e+00 0.000000e+00 0.000000e+00 0.000000e+00 0.000000e+00 0.000000e+00 0.000000e+00 0.000000e+00 0.000000e+00 0.000000e+00 0.000000e+00 0.000000e+00 0.000000e+00 0.000000e+00 0.000000e+00 0.000000e+00 0.000000e+00 1.373854e-77 7.970798e-36 1.057690e-40 3.234080e-23 3.253592e-31 0.000000e+00
