# z		 z0		 z1		 T		 P		1		2		3		4		5		6		7		8		9		10		11		12		13		14		15		16		17		18		19		20		21		22		23		24		25		26		27		28		29		30		31		32		33		34		35		36		37		38		39		40		41		42		43		44		45		46		47		48		49		50		51		52		53		54		55		56		57		58		59		60		61		62		63		64		65		66		67		68		69		70		71		72		73		74		75		76		77		78		79		80		81		82		83		84		85		86		87		88		89		90		91		92		93		94		95		96		97		98		99		100		101		102		103		104		105		106		107		108		109		110		111		
#  km		 km		 km		 K		 Pa		
1.000000 0.000000 2.000000 294.436055 9.340930e+04 2.571160e+05 9.953856e-05 3.006803e+09 1.036390e+06 4.273250e+01 3.522398e+04 7.100215e+17 8.247776e-10 1.545945e-04 2.547850e-09 9.132331e+05 4.264691e+02 5.173570e-04 1.406447e-09 4.739228e-23 6.251370e+01 4.480036e+00 2.159203e-04 1.031337e-16 5.414001e+11 5.807938e+12 1.415724e+09 1.159515e-01 5.398979e+08 3.046833e-11 1.174603e-41 6.830918e-07 2.504553e-09 1.945276e+00 7.335775e-01 8.340043e+05 2.737749e-13 1.549587e+02 7.317050e-01 1.608166e+04 1.102261e-01 5.818405e+00 5.629894e-14 5.763684e-12 1.571641e-18 0.000000e+00 1.128711e-18 1.551474e-17 1.783022e-26 4.724869e-20 6.140600e-20 1.671999e-20 3.146043e-20 0.000000e+00 0.000000e+00 0.000000e+00 2.297804e+17 3.445345e+14 2.372060e+03 2.274824e+19 2.226613e-11 4.638773e-07 1.747660e-13 6.692635e-06 5.611742e+04 4.139587e+06 3.147391e+03 4.051386e+08 6.638581e-18 3.306253e-02 1.897929e-06 1.116339e-23 5.036746e-22 0.000000e+00 3.432075e-13 2.097738e-09 5.579158e-07 0.000000e+00 3.632819e-29 2.450245e-28 0.000000e+00 0.000000e+00 0.000000e+00 0.000000e+00 3.190972e-09 0.000000e+00 0.000000e+00 0.000000e+00 0.000000e+00 0.000000e+00 0.000000e+00 0.000000e+00 0.000000e+00 0.000000e+00 0.000000e+00 0.000000e+00 0.000000e+00 0.000000e+00 0.000000e+00 0.000000e+00 0.000000e+00 0.000000e+00 0.000000e+00 0.000000e+00 0.000000e+00 0.000000e+00 0.000000e+00 0.000000e+00 0.000000e+00 0.000000e+00 1.074474e-45 4.913870e-24 7.159571e-23 1.510322e-07 2.408263e-17 0.000000e+00
3.000000 2.000000 4.000000 285.700732 7.416663e+04 2.922216e+06 2.863936e-02 1.346097e+09 5.071581e+05 5.109595e+02 2.001259e+04 7.304082e+16 6.374490e-09 2.734902e-03 1.965723e-07 7.544645e+05 3.822028e+02 9.312913e-03 4.003154e-07 3.746968e-19 4.577554e+01 1.732627e+00 3.877814e-03 1.113758e-16 5.133381e+11 4.751393e+12 9.388820e+08 1.117247e+00 4.081246e+08 3.248165e-10 2.726562e-40 7.348861e-06 3.070013e-08 1.614599e+00 5.383877e-01 6.660165e+05 7.456604e-13 3.434920e+02 1.127166e+00 2.170570e+04 1.115331e-01 4.898688e+00 6.216891e-14 3.069134e-10 0.000000e+00 1.040823e-34 0.000000e+00 0.000000e+00 0.000000e+00 0.000000e+00 0.000000e+00 0.000000e+00 0.000000e+00 0.000000e+00 0.000000e+00 0.000000e+00 1.880223e+17 2.818526e+14 3.069933e+04 1.861428e+19 4.448128e-11 2.309782e-07 2.890770e-13 2.425991e-06 3.933308e+04 3.303231e+06 1.692520e+03 2.509939e+08 1.198714e-15 1.453410e-02 8.197090e-06 5.021698e-23 0.000000e+00 0.000000e+00 2.385475e-10 1.832584e-08 8.513528e-06 0.000000e+00 0.000000e+00 0.000000e+00 1.339508e-36 0.000000e+00 0.000000e+00 0.000000e+00 3.582173e-09 0.000000e+00 0.000000e+00 0.000000e+00 0.000000e+00 0.000000e+00 0.000000e+00 0.000000e+00 0.000000e+00 0.000000e+00 0.000000e+00 0.000000e+00 0.000000e+00 0.000000e+00 0.000000e+00 0.000000e+00 0.000000e+00 0.000000e+00 0.000000e+00 0.000000e+00 0.000000e+00 0.000000e+00 0.000000e+00 0.000000e+00 0.000000e+00 0.000000e+00 1.228119e-44 8.590777e-22 1.323136e-20 3.099110e-07 2.525406e-17 0.000000e+00
5.000000 4.000000 6.000000 276.128214 5.839519e+04 1.463354e+07 7.518441e-01 2.173566e+09 1.029578e+06 3.248626e+03 5.757251e+04 3.924384e+16 2.236458e-08 9.069265e-03 6.646398e-07 6.318076e+05 3.397034e+02 2.363681e-02 3.452339e-06 3.119545e-17 3.402331e+01 2.673190e+00 1.486492e-02 1.394923e-15 5.042991e+11 3.869499e+12 8.987262e+08 2.553837e+00 2.927108e+08 2.272139e-09 5.898475e-40 1.604118e-05 6.461868e-08 1.491827e+00 4.295777e-01 5.105368e+05 5.913615e-12 8.932288e+02 2.463256e+00 1.105966e+04 4.900984e-02 4.132691e+00 9.902263e-14 8.522409e-10 0.000000e+00 1.109415e-33 0.000000e+00 0.000000e+00 0.000000e+00 0.000000e+00 0.000000e+00 0.000000e+00 0.000000e+00 0.000000e+00 0.000000e+00 0.000000e+00 1.531712e+17 2.295259e+14 2.724623e+05 1.516406e+19 6.587198e-11 2.145051e-07 1.522491e-12 4.000317e-06 3.086243e+04 2.681083e+06 1.052238e+03 1.370285e+08 7.103160e-15 7.277474e-03 1.105072e-05 7.817341e-23 0.000000e+00 0.000000e+00 1.545955e-08 1.221760e-07 6.408420e-05 0.000000e+00 0.000000e+00 0.000000e+00 8.190846e-36 0.000000e+00 0.000000e+00 0.000000e+00 4.148009e-09 0.000000e+00 0.000000e+00 0.000000e+00 0.000000e+00 0.000000e+00 0.000000e+00 0.000000e+00 0.000000e+00 0.000000e+00 0.000000e+00 0.000000e+00 0.000000e+00 0.000000e+00 0.000000e+00 0.000000e+00 0.000000e+00 0.000000e+00 0.000000e+00 0.000000e+00 0.000000e+00 0.000000e+00 0.000000e+00 0.000000e+00 0.000000e+00 0.000000e+00 1.984646e-43 5.904366e-21 1.083594e-19 5.866509e-07 3.496065e-17 0.000000e+00
7.000000 6.000000 8.000000 265.670872 4.557228e+04 4.778936e+07 1.032875e+01 2.680748e+09 1.674781e+06 1.429680e+04 1.349911e+05 1.736924e+16 4.676425e-07 2.157110e-02 1.918647e-06 5.410373e+05 3.051245e+02 5.178878e-02 1.929784e-05 1.748016e-15 2.357087e+01 3.401987e+00 4.258607e-02 1.011031e-14 5.133988e+11 3.137365e+12 7.496111e+08 3.426930e+00 1.907248e+08 2.925407e-08 7.767488e-40 3.558755e-05 1.180648e-07 1.467381e+00 3.517938e-01 3.836557e+05 3.846993e-11 1.883404e+03 4.449782e+00 7.042160e+03 4.044252e-02 3.497621e+00 1.127978e-13 1.275967e-09 0.000000e+00 0.000000e+00 0.000000e+00 0.000000e+00 0.000000e+00 0.000000e+00 0.000000e+00 0.000000e+00 0.000000e+00 0.000000e+00 0.000000e+00 0.000000e+00 1.242415e+17 1.860751e+14 1.482300e+06 1.230002e+19 1.548792e-10 3.795606e-07 6.020941e-12 5.300409e-06 2.490471e+04 2.179742e+06 5.994882e+02 7.472594e+07 4.505684e-14 3.433936e-03 1.235708e-05 1.129128e-21 0.000000e+00 0.000000e+00 7.281141e-07 5.116403e-07 6.928816e-04 0.000000e+00 0.000000e+00 0.000000e+00 0.000000e+00 0.000000e+00 0.000000e+00 0.000000e+00 4.826620e-09 0.000000e+00 0.000000e+00 0.000000e+00 0.000000e+00 0.000000e+00 0.000000e+00 0.000000e+00 0.000000e+00 0.000000e+00 0.000000e+00 0.000000e+00 0.000000e+00 0.000000e+00 0.000000e+00 0.000000e+00 0.000000e+00 0.000000e+00 0.000000e+00 0.000000e+00 0.000000e+00 0.000000e+00 0.000000e+00 0.000000e+00 0.000000e+00 0.000000e+00 3.861258e-42 3.958968e-20 8.529454e-19 1.032580e-06 5.871684e-17 0.000000e+00
9.000000 8.000000 10.000000 253.314873 3.518226e+04 1.162734e+08 1.071739e+02 2.542347e+09 2.207477e+06 5.001707e+04 2.469324e+05 5.834565e+15 2.155799e-04 3.713574e-02 4.983792e-06 4.788304e+05 2.781854e+02 1.135317e-01 9.584954e-05 7.691140e-14 1.425032e+01 3.640230e+00 1.051361e-01 4.357956e-14 5.302941e+11 2.538908e+12 5.237453e+08 2.835393e+00 1.142777e+08 5.773570e-07 5.157903e-40 8.713560e-05 2.001905e-07 1.549277e+00 2.870911e-01 2.897663e+05 2.187276e-10 2.697117e+03 5.527595e+00 5.020752e+03 6.068886e-02 2.980315e+00 8.712473e-14 1.388301e-09 0.000000e+00 0.000000e+00 0.000000e+00 0.000000e+00 0.000000e+00 0.000000e+00 0.000000e+00 0.000000e+00 0.000000e+00 0.000000e+00 0.000000e+00 0.000000e+00 1.005941e+17 1.505493e+14 6.138530e+06 9.958913e+18 1.151050e-09 1.886885e-05 1.837799e-11 5.293979e-06 1.975658e+04 1.698882e+06 3.212608e+02 4.146720e+07 3.347085e-13 1.600540e-03 1.390338e-05 3.011299e-19 0.000000e+00 0.000000e+00 2.555145e-05 1.601489e-06 6.962537e-03 0.000000e+00 0.000000e+00 0.000000e+00 0.000000e+00 0.000000e+00 0.000000e+00 0.000000e+00 5.552335e-09 0.000000e+00 0.000000e+00 0.000000e+00 0.000000e+00 0.000000e+00 0.000000e+00 0.000000e+00 0.000000e+00 0.000000e+00 0.000000e+00 0.000000e+00 0.000000e+00 0.000000e+00 0.000000e+00 0.000000e+00 0.000000e+00 0.000000e+00 0.000000e+00 0.000000e+00 0.000000e+00 0.000000e+00 0.000000e+00 0.000000e+00 0.000000e+00 0.000000e+00 8.711042e-41 2.756863e-19 6.870905e-18 1.618434e-06 1.055855e-16 0.000000e+00
11.000000 10.000000 12.000000 237.898359 2.676377e+04 2.722337e+08 1.949161e+03 1.648956e+09 2.296424e+06 2.053572e+05 3.597442e+05 1.272127e+15 1.024939e-03 4.003293e-02 1.038795e-05 4.545322e+05 2.648299e+02 3.747213e-01 8.665092e-04 2.943893e-12 5.641468e+00 3.321703e+00 3.063045e-01 9.137694e-14 5.639527e+11 2.055059e+12 2.543605e+08 1.965796e+00 6.445507e+07 1.588974e-05 1.184077e-40 3.188911e-04 3.799761e-07 1.763416e+00 2.100206e-01 2.230281e+05 1.223341e-09 3.200219e+03 6.419764e+00 3.341838e+03 1.532778e-01 2.601914e+00 4.105877e-14 1.623103e-09 0.000000e+00 6.004026e-35 0.000000e+00 0.000000e+00 0.000000e+00 0.000000e+00 0.000000e+00 0.000000e+00 0.000000e+00 0.000000e+00 0.000000e+00 0.000000e+00 8.148251e+16 1.218194e+14 3.082379e+07 8.066867e+18 2.584775e-08 2.064878e-05 4.010153e-11 3.639765e-06 1.500789e+04 1.201434e+06 1.890762e+02 1.920846e+07 3.451575e-12 9.515743e-04 2.630042e-05 1.208290e-18 0.000000e+00 0.000000e+00 7.548764e-04 5.818271e-06 5.851380e-02 0.000000e+00 0.000000e+00 0.000000e+00 6.060725e-37 0.000000e+00 0.000000e+00 0.000000e+00 5.717864e-09 0.000000e+00 0.000000e+00 0.000000e+00 0.000000e+00 0.000000e+00 0.000000e+00 0.000000e+00 0.000000e+00 0.000000e+00 0.000000e+00 0.000000e+00 0.000000e+00 0.000000e+00 0.000000e+00 0.000000e+00 0.000000e+00 0.000000e+00 0.000000e+00 0.000000e+00 0.000000e+00 0.000000e+00 0.000000e+00 0.000000e+00 0.000000e+00 0.000000e+00 2.776941e-39 1.767821e-18 4.508066e-17 2.179786e-06 2.005831e-16 0.000000e+00
13.000000 12.000000 14.000000 219.962394 1.995661e+04 3.161328e+08 4.387224e+05 3.418525e+08 3.056794e+06 7.909724e+06 6.220989e+06 1.651393e+14 6.932436e-03 1.090014e-02 1.568067e-05 7.565790e+05 3.691856e+02 3.208531e+00 1.348895e-02 3.268248e-10 1.556140e+00 5.824933e+00 2.839644e+00 6.929917e-14 9.183950e+11 1.651918e+12 4.413268e+07 8.777661e+00 1.490193e+07 1.881018e-03 0.000000e+00 2.838003e-03 1.002470e-06 4.139442e+00 2.757715e-01 1.799136e+05 1.720313e-08 5.183002e+03 4.085018e+01 4.491196e+03 1.198513e+00 2.983409e+00 2.373957e-14 8.934496e-09 1.896856e-20 0.000000e+00 4.412932e-19 2.298693e-17 4.380516e-22 2.427000e-22 7.787475e-22 1.677383e-21 1.646800e-19 0.000000e+00 0.000000e+00 0.000000e+00 6.571187e+16 9.780435e+13 1.780518e+09 6.505604e+18 7.688326e-06 2.061392e-05 9.862628e-11 6.647113e-06 2.673678e+04 8.056295e+05 1.583324e+02 1.958022e+07 6.826987e-11 2.802012e-03 1.838635e-04 1.952556e-17 8.795081e-21 0.000000e+00 1.564329e-01 5.680691e-04 9.281644e-01 0.000000e+00 3.310108e-28 2.248294e-27 0.000000e+00 0.000000e+00 0.000000e+00 0.000000e+00 1.066480e-08 0.000000e+00 0.000000e+00 0.000000e+00 0.000000e+00 0.000000e+00 0.000000e+00 0.000000e+00 0.000000e+00 0.000000e+00 0.000000e+00 0.000000e+00 0.000000e+00 0.000000e+00 0.000000e+00 0.000000e+00 0.000000e+00 0.000000e+00 0.000000e+00 0.000000e+00 0.000000e+00 0.000000e+00 0.000000e+00 0.000000e+00 0.000000e+00 0.000000e+00 4.593782e-37 2.574606e-17 1.760854e-16 4.859389e-06 6.297136e-16 0.000000e+00
15.000000 14.000000 16.000000 202.936699 1.451221e+04 6.076761e+07 8.699745e+07 7.774006e+05 9.472324e+05 8.827126e+07 5.674696e+08 1.732627e+13 1.023328e-01 3.038431e-03 2.603479e-05 2.116424e+06 5.927779e+02 1.006195e+02 1.040555e-01 6.162014e-08 1.748680e-02 2.780848e+00 2.424068e+01 1.364706e-20 2.954518e+12 1.296702e+12 4.250250e+06 8.213035e+00 2.093643e+06 3.317784e-01 0.000000e+00 1.497969e-02 4.122658e-07 4.270198e+00 2.048864e-01 1.043405e+05 3.305682e-08 7.117547e+01 4.380208e-01 6.337565e+01 5.112565e-01 4.841547e+00 4.054873e-15 9.202351e-08 6.488922e-23 0.000000e+00 5.914564e-19 6.036861e-18 2.598247e-22 3.953688e-25 4.914003e-24 3.336781e-23 9.995715e-23 6.122045e-33 1.354863e-52 0.000000e+00 5.179166e+16 7.685698e+13 9.903616e+11 5.127692e+18 2.041931e-03 3.769925e-06 1.693168e-14 7.814563e-08 8.317141e+02 1.219027e+02 1.836252e-01 7.669038e+04 7.084632e-10 1.793088e-03 6.947169e-06 6.489320e-16 2.052635e-23 0.000000e+00 4.337649e+01 9.242134e-03 5.978633e+00 0.000000e+00 1.179063e-28 8.016098e-28 0.000000e+00 0.000000e+00 0.000000e+00 0.000000e+00 1.148120e-08 0.000000e+00 0.000000e+00 0.000000e+00 0.000000e+00 0.000000e+00 0.000000e+00 0.000000e+00 0.000000e+00 0.000000e+00 0.000000e+00 0.000000e+00 0.000000e+00 0.000000e+00 0.000000e+00 0.000000e+00 0.000000e+00 0.000000e+00 0.000000e+00 0.000000e+00 0.000000e+00 0.000000e+00 0.000000e+00 0.000000e+00 0.000000e+00 0.000000e+00 2.448499e-34 3.499889e-14 4.757347e-16 2.730108e-07 3.886162e-16 0.000000e+00
17.000000 16.000000 18.000000 191.855335 1.032016e+04 9.909999e+07 3.004546e+08 3.345608e+05 4.796316e+05 5.416458e+07 2.157414e+08 3.263607e+12 5.338343e-01 3.428914e-03 6.020929e-05 3.804872e+06 1.070073e+03 1.125345e+02 1.475318e-01 8.748725e-08 6.629583e-03 2.219980e+00 1.126354e+01 7.366854e-22 6.116871e+12 9.718956e+11 9.817429e+05 2.764740e-01 2.770521e+05 6.210492e-02 0.000000e+00 4.550357e-03 5.615998e-08 8.279936e-01 2.790075e-02 6.263686e+04 1.240097e-08 1.796601e+00 1.059714e-01 1.409004e+01 5.193730e-02 7.136913e+00 1.439673e-15 3.632345e-08 0.000000e+00 0.000000e+00 0.000000e+00 0.000000e+00 0.000000e+00 0.000000e+00 0.000000e+00 0.000000e+00 0.000000e+00 0.000000e+00 0.000000e+00 0.000000e+00 3.895431e+16 5.772211e+13 2.640557e+12 3.857104e+18 9.867970e-03 5.734529e-06 4.435955e-15 1.191736e-08 7.810296e+01 1.981944e+01 1.918030e-02 2.600874e+04 4.062801e-10 1.840662e-04 7.337451e-07 2.930027e-16 0.000000e+00 0.000000e+00 2.605967e+01 2.163860e-03 1.193981e+01 0.000000e+00 0.000000e+00 0.000000e+00 0.000000e+00 0.000000e+00 0.000000e+00 0.000000e+00 2.346356e-09 0.000000e+00 0.000000e+00 0.000000e+00 0.000000e+00 0.000000e+00 0.000000e+00 0.000000e+00 0.000000e+00 0.000000e+00 0.000000e+00 0.000000e+00 0.000000e+00 0.000000e+00 0.000000e+00 0.000000e+00 0.000000e+00 0.000000e+00 0.000000e+00 0.000000e+00 0.000000e+00 0.000000e+00 0.000000e+00 0.000000e+00 0.000000e+00 0.000000e+00 1.311795e-32 2.833303e-13 2.101717e-15 4.230146e-08 1.023267e-16 0.000000e+00
19.000000 18.000000 20.000000 185.783365 7.236858e+03 1.293020e+08 4.468370e+08 3.064798e+05 3.695849e+05 4.323637e+07 1.297771e+08 1.194996e+12 1.427165e+00 3.235161e-03 8.726158e-05 3.898117e+06 1.354901e+03 1.108716e+02 1.484379e-01 7.665391e-08 4.386925e-03 1.776978e+00 6.486600e+00 4.541347e-22 8.851376e+12 7.012042e+11 4.075663e+05 2.428830e-02 3.305158e+04 2.277546e-02 0.000000e+00 2.145287e-03 1.679101e-08 2.848775e-01 8.201820e-03 3.783012e+04 8.892477e-09 3.063202e-01 4.638940e-02 5.478041e+00 1.449422e-02 8.711978e+00 9.972007e-16 2.204033e-08 0.000000e+00 0.000000e+00 0.000000e+00 0.000000e+00 0.000000e+00 0.000000e+00 0.000000e+00 0.000000e+00 0.000000e+00 0.000000e+00 0.000000e+00 0.000000e+00 2.820449e+16 4.176386e+13 4.100234e+12 2.793137e+18 2.123511e-02 8.025530e-06 4.464420e-15 5.797326e-09 2.287218e+01 1.098128e+01 1.286969e-02 1.508874e+04 3.478468e-10 5.178908e-05 4.288492e-07 1.831991e-16 0.000000e+00 0.000000e+00 1.681871e+01 9.162619e-04 1.622495e+01 0.000000e+00 0.000000e+00 0.000000e+00 0.000000e+00 0.000000e+00 0.000000e+00 0.000000e+00 1.054795e-09 0.000000e+00 0.000000e+00 0.000000e+00 0.000000e+00 0.000000e+00 0.000000e+00 0.000000e+00 0.000000e+00 0.000000e+00 0.000000e+00 0.000000e+00 0.000000e+00 0.000000e+00 0.000000e+00 0.000000e+00 0.000000e+00 0.000000e+00 0.000000e+00 0.000000e+00 0.000000e+00 0.000000e+00 0.000000e+00 0.000000e+00 0.000000e+00 0.000000e+00 4.053784e-32 5.308501e-13 3.588156e-15 1.531045e-08 3.511778e-17 0.000000e+00
21.000000 20.000000 22.000000 180.615402 5.022440e+03 1.795742e+08 5.455505e+08 3.638551e+05 3.427363e+05 3.189843e+07 6.769495e+07 4.787612e+11 2.653404e+00 1.854259e-03 8.088270e-05 3.060742e+06 1.386190e+03 8.019069e+01 1.139049e-01 3.797029e-08 2.819472e-03 1.353422e+00 3.278810e+00 6.885739e-22 1.038624e+13 4.987170e+11 2.134944e+05 3.575183e-03 3.865671e+03 9.470260e-03 9.720056e-50 1.135160e-03 6.151534e-09 1.129747e-01 2.850455e-03 2.346872e+04 8.446593e-09 1.799472e-01 3.094808e-02 2.581488e+00 6.479334e-03 9.203936e+00 7.646693e-16 1.265225e-08 0.000000e+00 0.000000e+00 0.000000e+00 0.000000e+00 0.000000e+00 0.000000e+00 0.000000e+00 0.000000e+00 0.000000e+00 0.000000e+00 0.000000e+00 0.000000e+00 2.013017e+16 2.980325e+13 4.951924e+12 1.993926e+18 3.752941e-02 8.572740e-06 6.905972e-15 3.808202e-09 1.080800e+01 8.995450e+00 1.271744e-02 1.072955e+04 3.282900e-10 1.747967e-05 2.747370e-07 9.148643e-17 0.000000e+00 0.000000e+00 7.317448e+00 4.832183e-04 1.798955e+01 0.000000e+00 0.000000e+00 0.000000e+00 0.000000e+00 0.000000e+00 0.000000e+00 0.000000e+00 5.569488e-10 0.000000e+00 0.000000e+00 0.000000e+00 0.000000e+00 0.000000e+00 0.000000e+00 0.000000e+00 0.000000e+00 0.000000e+00 0.000000e+00 0.000000e+00 0.000000e+00 0.000000e+00 0.000000e+00 0.000000e+00 0.000000e+00 0.000000e+00 0.000000e+00 0.000000e+00 0.000000e+00 0.000000e+00 0.000000e+00 0.000000e+00 0.000000e+00 0.000000e+00 1.648828e-32 3.563389e-13 2.485925e-15 6.011100e-09 9.913543e-18 0.000000e+00
23.000000 22.000000 24.000000 175.956853 3.450888e+03 2.526793e+08 5.826613e+08 4.921572e+05 3.502206e+05 2.254042e+07 3.299116e+07 2.002565e+11 3.864200e+00 7.934647e-04 5.659051e-05 2.025435e+06 1.210870e+03 4.679478e+01 7.027395e-02 1.228687e-08 1.699647e-03 9.514040e-01 1.474260e+00 1.678569e-21 1.072290e+13 3.504276e+11 1.277737e+05 6.564538e-04 4.629319e+02 4.246329e-03 2.448160e-50 6.508144e-04 2.564155e-09 4.945718e-02 1.107573e-03 1.485217e+04 9.611673e-09 1.384433e-01 2.565493e-02 1.358249e+00 3.763618e-03 8.836085e+00 6.044284e-16 7.111746e-09 1.868301e-23 2.689439e-55 5.210988e-19 3.554463e-18 4.507496e-21 1.807833e-29 1.203588e-25 1.382526e-24 3.111881e-24 2.059394e-34 1.767198e-54 0.000000e+00 1.419412e+16 2.101958e+13 5.188594e+12 1.406286e+18 5.802858e-02 7.549723e-06 1.321439e-14 2.913948e-09 6.705177e+00 8.725229e+00 1.305006e-02 8.356814e+03 3.297893e-10 6.339168e-06 1.493741e-07 4.013422e-17 8.209685e-25 0.000000e+00 2.448797e+00 2.873494e-04 1.773939e+01 0.000000e+00 2.989904e-28 2.024443e-27 1.421285e-66 0.000000e+00 0.000000e+00 0.000000e+00 3.264814e-10 0.000000e+00 0.000000e+00 0.000000e+00 0.000000e+00 0.000000e+00 0.000000e+00 0.000000e+00 0.000000e+00 0.000000e+00 0.000000e+00 0.000000e+00 0.000000e+00 0.000000e+00 0.000000e+00 0.000000e+00 0.000000e+00 0.000000e+00 0.000000e+00 0.000000e+00 0.000000e+00 0.000000e+00 0.000000e+00 0.000000e+00 0.000000e+00 0.000000e+00 1.878543e-33 1.249638e-13 9.687235e-16 2.395010e-09 2.462927e-18 0.000000e+00
25.000000 24.000000 26.000000 172.566889 2.350712e+03 3.078603e+08 4.804789e+08 7.244918e+05 3.751762e+05 1.778082e+07 2.006639e+07 1.037426e+11 4.785852e+00 3.710035e-04 3.763369e-05 1.111098e+06 9.334894e+02 2.678168e+01 3.600165e-02 3.231180e-09 1.101153e-03 5.991054e-01 6.741645e-01 5.446676e-21 1.015430e+13 2.424602e+11 8.187390e+04 1.715402e-04 6.017481e+01 2.232347e-03 1.432870e-50 4.898656e-04 1.484511e-09 2.650127e-02 5.459217e-04 9.472356e+03 1.421584e-08 1.136310e-01 2.049686e-02 7.905986e-01 2.565625e-03 7.932832e+00 5.415062e-16 4.751762e-09 2.132268e-23 1.283592e-50 5.256832e-19 3.013446e-18 6.236837e-21 8.623475e-30 1.032342e-25 1.268694e-24 2.678548e-24 3.193485e-34 5.330172e-54 0.000000e+00 9.856127e+15 1.460311e+13 4.956992e+12 9.767675e+17 6.991782e-02 6.635418e-06 2.816621e-14 2.522337e-09 4.972146e+00 9.488591e+00 1.134934e-02 6.650998e+03 4.224892e-10 2.691043e-06 6.738291e-08 2.391273e-17 7.110134e-25 0.000000e+00 8.766865e-01 1.832261e-04 1.620331e+01 0.000000e+00 3.714668e-28 2.510055e-27 8.462042e-60 0.000000e+00 0.000000e+00 0.000000e+00 2.425491e-10 0.000000e+00 0.000000e+00 0.000000e+00 0.000000e+00 0.000000e+00 0.000000e+00 0.000000e+00 0.000000e+00 0.000000e+00 0.000000e+00 0.000000e+00 0.000000e+00 0.000000e+00 0.000000e+00 0.000000e+00 0.000000e+00 0.000000e+00 0.000000e+00 0.000000e+00 0.000000e+00 0.000000e+00 0.000000e+00 0.000000e+00 0.000000e+00 0.000000e+00 1.262266e-34 3.328872e-14 3.334341e-16 1.104283e-09 8.090475e-19 0.000000e+00
27.000000 26.000000 28.000000 170.470079 1.592149e+03 3.111094e+08 3.046284e+08 1.113241e+06 4.068429e+05 1.643109e+07 1.670199e+07 6.777003e+10 5.296684e+00 2.162720e-04 2.599829e-05 5.192244e+05 6.660688e+02 1.688143e+01 1.648557e-02 8.273124e-10 8.107887e-04 3.419168e-01 3.377767e-01 2.097740e-20 9.146017e+12 1.655382e+11 5.243823e+04 6.236013e-05 1.006330e+01 1.357741e-03 1.996039e-50 4.882078e-04 1.247547e-09 1.745603e-02 3.436596e-04 6.051725e+03 2.602562e-08 9.089953e-02 1.419685e-02 4.960240e-01 1.896024e-03 6.846917e+00 5.578195e-16 3.956026e-09 3.033164e-24 5.120467e-46 6.393109e-20 2.645878e-19 0.000000e+00 7.324643e-31 1.459171e-26 1.666824e-25 2.860225e-25 5.561753e-34 2.246871e-53 0.000000e+00 6.755530e+15 1.001692e+13 4.491582e+12 6.697068e+17 6.539102e-02 6.438666e-06 6.449078e-14 2.369391e-09 4.018595e+00 1.093842e+01 7.985189e-03 5.207969e+03 6.952575e-10 1.352307e-06 2.679657e-08 2.217885e-17 6.535216e-26 0.000000e+00 3.926241e-01 1.181137e-04 1.416367e+01 0.000000e+00 4.801865e-29 3.235443e-28 2.400182e-53 0.000000e+00 0.000000e+00 0.000000e+00 2.300874e-10 0.000000e+00 0.000000e+00 0.000000e+00 0.000000e+00 0.000000e+00 0.000000e+00 0.000000e+00 0.000000e+00 0.000000e+00 0.000000e+00 0.000000e+00 0.000000e+00 0.000000e+00 0.000000e+00 0.000000e+00 0.000000e+00 0.000000e+00 0.000000e+00 0.000000e+00 0.000000e+00 0.000000e+00 0.000000e+00 0.000000e+00 0.000000e+00 0.000000e+00 7.219215e-36 8.119259e-15 1.205810e-16 5.851785e-10 4.022255e-19 0.000000e+00
29.000000 28.000000 30.000000 169.458747 1.074863e+03 3.201246e+08 1.866204e+08 1.734431e+06 4.368792e+05 1.452162e+07 1.271336e+07 4.266595e+10 5.317223e+00 1.060121e-04 1.538901e-05 2.286310e+05 4.587469e+02 9.837827e+00 6.927426e-03 1.765056e-10 5.700150e-04 1.807645e-01 1.519240e-01 9.461300e-20 7.979983e+12 1.118873e+11 3.446573e+04 3.077160e-05 3.516814e+00 7.935203e-04 2.997214e-50 4.460466e-04 1.050609e-09 1.143369e-02 2.199431e-04 3.871901e+03 4.239191e-08 8.163383e-02 1.053382e-02 3.204180e-01 1.458143e-03 5.757858e+00 6.337379e-16 3.303414e-09 1.318350e-23 1.626946e-41 2.333922e-19 7.359483e-19 1.337286e-21 1.852120e-30 5.833608e-26 6.495401e-25 9.116184e-25 1.928779e-34 1.984215e-53 0.000000e+00 4.586122e+15 6.807064e+12 3.935809e+12 4.548183e+17 5.954219e-02 5.861305e-06 1.642370e-13 2.365067e-09 3.525782e+00 1.280162e+01 5.603831e-03 3.937752e+03 1.019714e-09 6.821901e-07 9.650837e-09 1.829053e-17 1.878949e-25 0.000000e+00 1.505310e-01 7.789288e-05 1.203013e+01 0.000000e+00 1.988810e-28 1.334270e-27 5.383922e-47 0.000000e+00 0.000000e+00 0.000000e+00 2.217738e-10 0.000000e+00 0.000000e+00 0.000000e+00 0.000000e+00 0.000000e+00 0.000000e+00 0.000000e+00 0.000000e+00 0.000000e+00 0.000000e+00 0.000000e+00 0.000000e+00 0.000000e+00 0.000000e+00 0.000000e+00 0.000000e+00 0.000000e+00 0.000000e+00 0.000000e+00 0.000000e+00 0.000000e+00 0.000000e+00 0.000000e+00 0.000000e+00 0.000000e+00 2.368756e-37 1.477733e-15 3.124364e-17 2.932365e-10 1.766745e-19 0.000000e+00
31.000000 30.000000 32.000000 169.366120 7.249078e+02 3.418639e+08 1.157483e+08 2.687525e+06 4.581924e+05 1.214776e+07 8.652534e+06 2.578222e+10 5.004826e+00 4.354245e-05 7.907611e-06 9.818096e+04 3.102086e+02 5.276510e+00 2.722181e-03 3.163591e-11 3.768200e-04 8.920441e-02 6.001945e-02 4.474860e-19 6.905468e+12 7.506228e+10 2.319534e+04 1.967154e-05 2.693789e+00 4.381085e-04 0.000000e+00 3.552359e-04 8.206041e-10 7.192922e-03 1.375282e-04 2.474872e+03 6.011975e-08 8.268466e-02 8.126144e-03 2.091411e-01 1.118023e-03 4.811822e+00 7.765591e-16 2.714421e-09 0.000000e+00 4.401613e-37 0.000000e+00 0.000000e+00 0.000000e+00 0.000000e+00 0.000000e+00 0.000000e+00 0.000000e+00 0.000000e+00 0.000000e+00 0.000000e+00 3.093139e+15 4.597096e+12 3.417188e+12 3.069061e+17 5.520323e-02 4.992566e-06 4.352385e-13 2.461921e-09 3.247000e+00 1.476475e+01 4.012599e-03 2.846645e+03 1.270118e-09 3.330494e-07 3.180578e-09 1.259568e-17 0.000000e+00 0.000000e+00 4.867096e-02 5.209911e-05 1.014068e+01 0.000000e+00 0.000000e+00 0.000000e+00 1.013733e-40 0.000000e+00 0.000000e+00 0.000000e+00 2.086351e-10 0.000000e+00 0.000000e+00 0.000000e+00 0.000000e+00 0.000000e+00 0.000000e+00 0.000000e+00 0.000000e+00 0.000000e+00 0.000000e+00 0.000000e+00 0.000000e+00 0.000000e+00 0.000000e+00 0.000000e+00 0.000000e+00 0.000000e+00 0.000000e+00 0.000000e+00 0.000000e+00 0.000000e+00 0.000000e+00 0.000000e+00 0.000000e+00 0.000000e+00 4.276264e-39 1.959164e-16 5.964873e-18 1.350776e-10 6.283698e-20 0.000000e+00
33.000000 32.000000 34.000000 169.591714 4.891571e+02 3.891495e+08 7.568309e+07 4.144048e+06 4.750286e+05 9.451485e+06 5.116873e+06 1.498807e+10 4.456294e+00 1.454628e-05 3.490812e-06 4.299619e+04 2.080526e+02 2.555705e+00 1.018552e-03 4.780648e-12 2.314804e-04 4.259751e-02 2.087520e-02 2.173154e-18 5.936316e+12 5.022899e+10 1.580473e+04 1.371517e-05 2.906297e+00 2.228264e-04 0.000000e+00 2.428267e-04 5.637779e-10 4.259565e-03 8.121164e-05 1.588216e+03 8.265176e-08 1.069016e-01 6.460921e-03 1.364247e-01 8.588320e-04 4.003508e+00 9.411654e-16 2.095473e-09 0.000000e+00 9.963742e-33 0.000000e+00 0.000000e+00 0.000000e+00 0.000000e+00 0.000000e+00 0.000000e+00 0.000000e+00 0.000000e+00 0.000000e+00 0.000000e+00 2.083145e+15 3.100937e+12 2.944966e+12 2.068201e+17 5.393795e-02 3.896675e-06 1.179774e-12 2.638962e-09 3.040612e+00 1.659865e+01 3.043026e-03 2.015524e+03 1.332502e-09 1.499081e-07 9.811635e-10 6.762902e-18 0.000000e+00 0.000000e+00 1.296329e-02 3.462723e-05 8.500773e+00 0.000000e+00 0.000000e+00 0.000000e+00 1.572119e-34 0.000000e+00 0.000000e+00 0.000000e+00 1.846466e-10 0.000000e+00 0.000000e+00 0.000000e+00 0.000000e+00 0.000000e+00 0.000000e+00 0.000000e+00 0.000000e+00 0.000000e+00 0.000000e+00 0.000000e+00 0.000000e+00 0.000000e+00 0.000000e+00 0.000000e+00 0.000000e+00 0.000000e+00 0.000000e+00 0.000000e+00 0.000000e+00 0.000000e+00 0.000000e+00 0.000000e+00 0.000000e+00 0.000000e+00 4.409434e-41 1.897245e-17 8.274515e-19 5.471392e-11 1.697322e-20 0.000000e+00
35.000000 34.000000 36.000000 170.083299 3.303900e+02 4.818628e+08 5.343612e+07 6.374358e+06 4.875991e+05 6.739217e+06 2.548822e+06 8.344436e+09 3.797569e+00 3.920425e-06 1.332930e-06 1.956568e+04 1.386947e+02 1.089156e+00 3.613189e-04 5.940769e-13 1.302382e-04 1.982032e-02 6.251356e-03 1.087866e-17 5.086180e+12 3.353778e+10 1.086549e+04 1.009649e-05 3.677990e+00 1.008696e-04 1.229877e-36 1.390903e-04 3.286381e-10 2.324178e-03 4.433900e-05 1.022546e+03 1.485941e-07 2.806968e-01 5.121333e-03 8.822210e-02 6.573915e-04 3.325217e+00 1.088768e-15 1.493413e-09 0.000000e+00 1.314180e-31 0.000000e+00 0.000000e+00 0.000000e+00 0.000000e+00 0.000000e+00 0.000000e+00 0.000000e+00 0.000000e+00 0.000000e+00 0.000000e+00 1.401858e+15 2.090669e+12 2.527942e+12 1.392881e+17 5.689027e-02 2.736460e-06 3.287616e-12 2.903234e-09 2.818469e+00 1.827993e+01 2.495254e-03 1.402832e+03 1.146834e-09 5.900499e-08 2.820963e-10 2.708021e-18 0.000000e+00 0.000000e+00 2.740143e-03 2.241400e-05 7.108413e+00 0.000000e+00 0.000000e+00 0.000000e+00 0.000000e+00 0.000000e+00 0.000000e+00 0.000000e+00 1.506427e-10 0.000000e+00 0.000000e+00 0.000000e+00 0.000000e+00 0.000000e+00 0.000000e+00 0.000000e+00 0.000000e+00 0.000000e+00 0.000000e+00 0.000000e+00 0.000000e+00 0.000000e+00 0.000000e+00 0.000000e+00 0.000000e+00 0.000000e+00 0.000000e+00 0.000000e+00 0.000000e+00 0.000000e+00 0.000000e+00 0.000000e+00 0.000000e+00 0.000000e+00 2.798851e-43 1.350474e-18 8.494432e-20 1.905685e-11 3.377517e-21 0.000000e+00
37.000000 36.000000 38.000000 171.602260 2.236994e+02 6.583592e+08 4.040440e+07 9.905768e+06 4.933464e+05 4.332613e+06 1.022713e+06 4.448062e+09 3.123662e+00 8.856604e-07 4.628740e-07 9.366472e+03 9.163023e+01 3.960168e-01 1.181876e-04 5.712220e-14 6.679884e-05 8.810256e-03 1.537882e-03 7.283655e-16 4.311045e+12 2.227464e+10 7.680187e+03 9.189089e-06 5.156152e+00 3.853107e-05 0.000000e+00 6.765021e-05 1.605664e-10 1.155991e-03 2.261214e-05 6.584784e+02 1.137873e-05 1.504084e+00 3.904241e-03 5.681155e-02 5.055030e-04 2.737843e+00 1.357551e-15 1.002541e-09 0.000000e+00 2.318722e-31 0.000000e+00 0.000000e+00 0.000000e+00 0.000000e+00 0.000000e+00 0.000000e+00 0.000000e+00 0.000000e+00 0.000000e+00 0.000000e+00 9.398669e+14 1.404589e+12 2.145527e+12 9.347399e+16 6.466372e-02 1.715796e-06 1.193501e-10 3.412001e-09 2.589102e+00 2.022590e+01 2.217826e-03 9.447964e+02 8.031083e-10 1.967890e-08 7.272879e-11 7.919886e-19 0.000000e+00 0.000000e+00 4.325811e-04 1.385990e-05 5.888984e+00 0.000000e+00 0.000000e+00 0.000000e+00 5.033293e-34 0.000000e+00 0.000000e+00 0.000000e+00 1.726256e-10 0.000000e+00 0.000000e+00 0.000000e+00 0.000000e+00 0.000000e+00 0.000000e+00 0.000000e+00 0.000000e+00 0.000000e+00 0.000000e+00 0.000000e+00 0.000000e+00 0.000000e+00 0.000000e+00 0.000000e+00 0.000000e+00 0.000000e+00 0.000000e+00 0.000000e+00 0.000000e+00 0.000000e+00 0.000000e+00 0.000000e+00 0.000000e+00 0.000000e+00 1.334278e-45 7.556230e-20 7.144348e-21 5.981735e-12 5.170122e-22 0.000000e+00
39.000000 38.000000 40.000000 174.177134 1.522145e+02 9.851136e+08 3.269846e+07 1.531571e+07 4.820623e+05 2.509553e+06 3.301847e+05 2.276105e+09 2.542648e+00 2.067878e-07 1.797121e-07 4.715710e+03 6.005164e+01 1.252757e-01 3.605013e-05 4.373625e-15 3.103701e-05 3.682832e-03 3.115253e-04 6.400800e-14 3.634587e+12 1.474489e+10 5.451091e+03 9.173151e-06 7.672149e+00 1.130412e-05 0.000000e+00 6.345764e-05 7.176100e-11 5.544102e-04 1.066579e-05 4.246115e+02 2.495691e-03 9.133667e+00 3.138609e-03 3.495150e-02 3.800354e-04 2.247045e+00 5.795246e-15 6.325151e-10 0.000000e+00 0.000000e+00 0.000000e+00 0.000000e+00 0.000000e+00 0.000000e+00 0.000000e+00 0.000000e+00 0.000000e+00 0.000000e+00 0.000000e+00 0.000000e+00 6.293264e+14 9.426659e+11 1.810478e+12 6.266343e+16 7.901514e-02 9.730272e-07 5.655564e-09 5.226699e-09 2.145390e+00 2.219224e+01 2.123466e-03 6.047298e+02 1.012521e-09 5.198550e-09 1.710496e-11 1.907566e-19 0.000000e+00 0.000000e+00 5.218252e-05 7.405176e-06 4.862538e+00 0.000000e+00 0.000000e+00 0.000000e+00 0.000000e+00 0.000000e+00 0.000000e+00 0.000000e+00 2.374227e-09 0.000000e+00 0.000000e+00 0.000000e+00 0.000000e+00 0.000000e+00 0.000000e+00 0.000000e+00 0.000000e+00 0.000000e+00 0.000000e+00 0.000000e+00 0.000000e+00 0.000000e+00 0.000000e+00 0.000000e+00 0.000000e+00 0.000000e+00 0.000000e+00 0.000000e+00 0.000000e+00 0.000000e+00 0.000000e+00 0.000000e+00 0.000000e+00 0.000000e+00 6.502129e-48 4.529403e-21 7.370917e-22 1.866571e-12 1.109548e-22 0.000000e+00
41.000000 40.000000 42.000000 176.810100 1.042097e+02 1.551772e+09 2.785167e+07 2.300002e+07 4.472644e+05 1.346227e+06 9.194011e+04 1.139193e+09 2.102358e+00 6.516392e-08 9.791358e-08 2.505776e+03 3.925445e+01 3.809777e-02 1.101932e-05 3.166476e-16 1.335033e-05 1.464086e-03 5.771337e-05 8.653475e-10 3.054756e+12 9.794256e+09 3.730776e+03 7.062153e-06 1.149406e+01 2.417344e-06 1.655486e-45 4.546529e-04 1.272826e-09 1.122395e-02 4.677380e-06 2.760757e+02 4.285665e-01 4.835916e+01 4.269157e-02 1.990485e-02 2.817791e-04 1.846133e+00 1.289786e-11 3.681788e-10 0.000000e+00 0.000000e+00 0.000000e+00 0.000000e+00 0.000000e+00 0.000000e+00 0.000000e+00 0.000000e+00 0.000000e+00 0.000000e+00 0.000000e+00 0.000000e+00 4.238328e+14 6.364282e+11 1.522378e+12 4.226204e+16 1.010979e-01 5.220648e-07 4.231661e-05 6.832153e-06 1.417930e+00 2.341449e+01 2.147661e-03 3.684898e+02 8.848579e-09 1.093214e-09 4.048326e-12 1.758760e-18 0.000000e+00 0.000000e+00 5.606803e-06 3.047869e-06 4.020221e+00 0.000000e+00 0.000000e+00 0.000000e+00 0.000000e+00 0.000000e+00 0.000000e+00 0.000000e+00 1.381345e-05 0.000000e+00 0.000000e+00 0.000000e+00 0.000000e+00 0.000000e+00 0.000000e+00 0.000000e+00 0.000000e+00 0.000000e+00 0.000000e+00 0.000000e+00 0.000000e+00 0.000000e+00 0.000000e+00 0.000000e+00 0.000000e+00 0.000000e+00 0.000000e+00 0.000000e+00 0.000000e+00 0.000000e+00 0.000000e+00 0.000000e+00 0.000000e+00 0.000000e+00 5.289307e-50 5.134349e-22 1.478739e-22 6.348984e-13 5.603759e-22 0.000000e+00
43.000000 42.000000 44.000000 178.618290 7.170530e+01 2.451992e+09 2.426005e+07 3.306901e+07 3.881021e+05 6.991773e+05 2.431862e+04 5.642575e+08 1.801625e+00 2.711866e-08 6.835344e-08 1.387128e+03 2.560855e+01 1.248578e-02 3.632789e-06 2.615204e-17 5.508704e-06 5.544597e-04 1.095336e-05 2.475005e-08 2.570690e+12 6.548315e+09 2.506067e+03 3.692799e-06 1.698314e+01 4.173482e-07 3.886537e-44 2.043139e-03 7.571112e-09 7.477056e-02 2.205892e-06 1.813840e+02 5.211860e+00 2.053556e+02 2.820680e-01 1.237264e-02 2.479836e-04 1.528329e+00 9.825339e-11 2.026638e-10 0.000000e+00 0.000000e+00 0.000000e+00 0.000000e+00 0.000000e+00 0.000000e+00 0.000000e+00 0.000000e+00 0.000000e+00 0.000000e+00 0.000000e+00 0.000000e+00 2.881914e+14 4.339055e+11 1.281216e+12 2.878552e+16 1.309943e-01 2.802118e-07 7.028478e-04 9.543902e-05 7.636732e-01 2.328054e+01 2.241856e-03 2.132687e+02 4.274684e-08 2.226572e-10 1.065603e-12 5.636938e-18 0.000000e+00 0.000000e+00 6.402760e-07 1.008891e-06 3.352080e+00 0.000000e+00 0.000000e+00 0.000000e+00 0.000000e+00 0.000000e+00 0.000000e+00 0.000000e+00 1.968066e-04 0.000000e+00 0.000000e+00 0.000000e+00 0.000000e+00 0.000000e+00 0.000000e+00 0.000000e+00 0.000000e+00 0.000000e+00 0.000000e+00 0.000000e+00 0.000000e+00 0.000000e+00 0.000000e+00 0.000000e+00 0.000000e+00 0.000000e+00 0.000000e+00 0.000000e+00 0.000000e+00 0.000000e+00 0.000000e+00 0.000000e+00 0.000000e+00 0.000000e+00 1.479179e-51 1.117697e-22 4.919289e-23 2.234766e-13 1.705962e-21 0.000000e+00
45.000000 44.000000 46.000000 179.551779 4.948875e+01 3.707624e+09 2.031526e+07 4.643503e+07 3.173363e+05 3.704178e+05 6.775199e+03 2.842768e+08 1.584686e+00 1.365747e-08 5.256313e-08 7.912308e+02 1.661267e+01 4.616131e-03 1.289966e-06 2.593015e-18 2.325996e-06 2.006091e-04 2.253086e-06 3.772194e-07 2.140034e+12 4.398896e+09 2.055185e+03 1.858020e-06 2.390017e+01 8.201300e-08 3.831674e-43 6.794978e-03 2.739008e-08 2.944681e-01 2.015943e-06 1.201592e+02 3.891647e+01 6.439119e+02 1.118313e+00 1.426516e-02 3.967378e-04 1.261997e+00 4.049631e-10 1.209168e-10 0.000000e+00 0.000000e+00 0.000000e+00 0.000000e+00 0.000000e+00 0.000000e+00 0.000000e+00 0.000000e+00 0.000000e+00 0.000000e+00 0.000000e+00 0.000000e+00 1.974916e+14 2.981692e+11 1.066119e+12 1.976360e+16 1.624904e-01 1.589411e-07 6.322347e-03 7.837695e-04 4.607105e-01 2.220327e+01 2.357571e-03 1.178042e+02 1.347200e-07 6.219634e-11 3.180501e-13 1.182331e-17 0.000000e+00 0.000000e+00 8.581485e-08 3.680889e-07 2.789591e+00 0.000000e+00 0.000000e+00 0.000000e+00 0.000000e+00 0.000000e+00 0.000000e+00 0.000000e+00 1.697903e-03 0.000000e+00 0.000000e+00 0.000000e+00 0.000000e+00 0.000000e+00 0.000000e+00 0.000000e+00 0.000000e+00 0.000000e+00 0.000000e+00 0.000000e+00 0.000000e+00 0.000000e+00 0.000000e+00 0.000000e+00 0.000000e+00 0.000000e+00 0.000000e+00 0.000000e+00 0.000000e+00 0.000000e+00 0.000000e+00 0.000000e+00 0.000000e+00 0.000000e+00 1.088865e-52 3.211752e-23 2.006299e-23 1.007167e-13 3.778866e-21 0.000000e+00
47.000000 46.000000 48.000000 180.043498 3.421414e+01 5.155821e+09 1.551438e+07 6.643225e+07 2.557201e+05 2.161389e+05 2.282080e+03 1.472145e+08 1.382935e+00 8.829146e-09 4.511335e-08 4.574906e+02 1.066822e+01 1.871020e-03 4.619538e-07 2.810449e-19 1.090138e-06 7.148468e-05 5.049713e-07 7.029824e-06 1.763835e+12 2.953777e+09 4.757188e+03 2.070608e-06 3.214477e+01 4.935821e-08 3.617366e-42 2.777484e-02 1.345394e-07 1.501211e+00 7.056129e-06 7.971857e+01 2.876728e+02 1.477046e+03 4.208194e+00 4.972581e-02 1.725569e-03 1.035957e+00 2.109967e-09 1.350385e-10 0.000000e+00 1.602545e-34 0.000000e+00 0.000000e+00 0.000000e+00 0.000000e+00 0.000000e+00 0.000000e+00 0.000000e+00 0.000000e+00 0.000000e+00 0.000000e+00 1.358750e+14 2.057424e+11 8.778743e+11 1.362627e+16 1.857537e-01 9.991651e-08 6.767131e-02 8.481107e-03 8.834110e-01 2.127587e+01 2.500290e-03 6.434479e+01 4.839978e-07 4.128657e-11 1.036533e-13 3.638192e-17 0.000000e+00 0.000000e+00 1.400030e-08 4.196166e-07 2.306323e+00 0.000000e+00 0.000000e+00 0.000000e+00 1.798453e-35 1.143313e-67 0.000000e+00 0.000000e+00 2.018324e-02 0.000000e+00 0.000000e+00 0.000000e+00 0.000000e+00 0.000000e+00 0.000000e+00 0.000000e+00 0.000000e+00 0.000000e+00 0.000000e+00 0.000000e+00 0.000000e+00 0.000000e+00 0.000000e+00 0.000000e+00 0.000000e+00 0.000000e+00 0.000000e+00 0.000000e+00 0.000000e+00 0.000000e+00 0.000000e+00 0.000000e+00 0.000000e+00 0.000000e+00 1.320248e-53 1.134670e-23 1.019671e-23 1.274263e-13 9.298484e-21 0.000000e+00
49.000000 48.000000 50.000000 180.330275 2.367791e+01 6.932705e+09 1.120727e+07 9.987262e+07 2.067308e+05 1.358225e+05 8.896704e+02 7.902992e+07 1.202471e+00 6.721785e-09 4.039174e-08 2.690935e+02 6.821427e+00 7.869436e-04 1.642712e-07 3.105421e-20 5.622675e-07 2.555004e-05 1.184898e-07 2.899338e-05 1.439021e+12 1.975880e+09 7.622549e+03 1.713262e-06 4.023308e+01 2.414605e-08 7.901615e-42 2.898478e-02 1.447336e-07 1.658260e+00 8.523352e-06 5.273103e+01 5.065858e+02 2.019223e+03 3.535997e+00 5.916316e-02 2.219173e-03 8.219075e-01 2.367657e-09 1.148182e-10 0.000000e+00 4.246613e-35 0.000000e+00 0.000000e+00 0.000000e+00 0.000000e+00 0.000000e+00 0.000000e+00 0.000000e+00 0.000000e+00 0.000000e+00 0.000000e+00 9.366258e+13 1.422628e+11 7.149773e+11 9.415077e+15 2.063763e-01 6.819641e-08 1.510150e-01 2.115722e-02 1.169530e+00 2.096804e+01 2.461565e-03 3.509272e+01 4.164325e-07 2.170138e-11 3.214383e-14 2.528338e-17 0.000000e+00 0.000000e+00 2.565677e-09 3.243165e-07 1.826539e+00 0.000000e+00 0.000000e+00 0.000000e+00 6.191359e-36 6.060482e-69 0.000000e+00 0.000000e+00 5.918103e-02 0.000000e+00 0.000000e+00 0.000000e+00 0.000000e+00 0.000000e+00 0.000000e+00 0.000000e+00 0.000000e+00 0.000000e+00 0.000000e+00 0.000000e+00 0.000000e+00 0.000000e+00 0.000000e+00 0.000000e+00 0.000000e+00 0.000000e+00 0.000000e+00 0.000000e+00 0.000000e+00 0.000000e+00 0.000000e+00 0.000000e+00 0.000000e+00 0.000000e+00 1.779426e-54 4.165107e-24 5.631838e-24 1.252976e-13 6.593770e-21 0.000000e+00
51.000000 50.000000 52.000000 180.485481 1.639671e+01 1.025996e+10 8.694430e+06 1.468687e+08 1.453990e+05 7.508660e+04 2.774114e+02 4.362627e+07 1.103653e+00 4.417910e-09 3.053515e-08 1.631913e+02 4.298836e+00 3.278646e-04 6.031857e-08 3.480464e-21 2.601601e-07 7.859411e-06 2.456637e-08 7.876631e-05 1.160870e+12 1.314195e+09 1.082353e+04 1.180420e-06 4.553446e+01 8.838855e-09 7.882196e-42 1.668541e-02 8.730110e-08 1.103346e+00 5.616524e-06 3.468598e+01 6.064120e+02 2.212422e+03 2.048041e+00 3.991180e-02 1.687835e-03 6.270254e-01 1.624734e-09 6.986701e-11 0.000000e+00 7.039417e-36 0.000000e+00 0.000000e+00 0.000000e+00 0.000000e+00 0.000000e+00 0.000000e+00 0.000000e+00 0.000000e+00 0.000000e+00 0.000000e+00 6.463943e+13 9.849164e+10 5.745177e+11 6.514234e+15 2.532387e-01 4.351889e-08 2.240276e-01 3.879267e-02 1.291248e+00 1.912807e+01 2.325698e-03 1.627527e+01 1.759074e-07 9.778086e-12 9.372852e-15 9.452889e-18 0.000000e+00 0.000000e+00 4.146059e-10 2.050568e-07 1.378608e+00 0.000000e+00 0.000000e+00 0.000000e+00 1.439614e-36 0.000000e+00 0.000000e+00 0.000000e+00 1.460401e-01 0.000000e+00 0.000000e+00 0.000000e+00 0.000000e+00 0.000000e+00 0.000000e+00 0.000000e+00 0.000000e+00 0.000000e+00 0.000000e+00 0.000000e+00 0.000000e+00 0.000000e+00 0.000000e+00 0.000000e+00 0.000000e+00 0.000000e+00 0.000000e+00 0.000000e+00 0.000000e+00 0.000000e+00 0.000000e+00 0.000000e+00 0.000000e+00 0.000000e+00 1.433976e-55 1.136903e-24 2.241892e-24 8.894624e-14 2.428031e-21 0.000000e+00
53.000000 52.000000 54.000000 180.677195 1.136087e+01 1.671598e+10 7.403998e+06 2.093429e+08 8.907344e+04 3.703291e+04 6.877080e+01 2.348483e+07 1.041953e+00 2.551672e-09 1.989957e-08 1.001911e+02 2.620146e+00 1.351153e-04 2.221510e-08 3.798377e-22 1.068453e-07 2.034934e-06 4.360695e-09 2.146573e-04 9.519698e+11 8.575885e+08 1.879052e+04 9.297763e-07 4.873762e+01 3.323022e-09 5.977342e-42 8.029839e-03 4.653778e-08 6.845072e-01 3.053312e-06 2.231355e+01 7.459638e+02 2.285334e+03 1.261849e+00 2.230520e-02 1.151109e-03 4.703678e-01 1.070422e-09 4.111999e-11 0.000000e+00 6.979848e-41 0.000000e+00 0.000000e+00 0.000000e+00 0.000000e+00 0.000000e+00 0.000000e+00 0.000000e+00 0.000000e+00 0.000000e+00 0.000000e+00 4.459107e+13 6.820967e+10 4.670313e+11 4.508768e+15 3.491802e-01 2.511314e-08 3.479029e-01 7.613950e-02 1.725841e+00 1.566899e+01 2.172357e-03 6.250722e+00 5.624890e-08 5.060627e-12 2.620614e-15 2.917987e-18 0.000000e+00 0.000000e+00 5.883136e-11 1.576129e-07 1.014169e+00 0.000000e+00 0.000000e+00 0.000000e+00 4.069256e-42 0.000000e+00 0.000000e+00 0.000000e+00 4.691749e-01 0.000000e+00 0.000000e+00 0.000000e+00 0.000000e+00 0.000000e+00 0.000000e+00 0.000000e+00 0.000000e+00 0.000000e+00 0.000000e+00 0.000000e+00 0.000000e+00 0.000000e+00 0.000000e+00 0.000000e+00 0.000000e+00 0.000000e+00 0.000000e+00 0.000000e+00 0.000000e+00 0.000000e+00 0.000000e+00 0.000000e+00 0.000000e+00 0.000000e+00 7.021602e-57 2.374833e-25 6.636980e-25 6.100331e-14 6.576475e-22 0.000000e+00
55.000000 54.000000 56.000000 181.158738 7.878948e+00 2.759071e+10 6.406651e+06 2.704508e+08 4.796065e+04 1.637262e+04 1.370688e+01 1.208231e+07 9.581091e-01 1.242086e-09 1.148751e-08 6.232694e+01 1.548391e+00 5.504341e-05 7.703190e-09 3.819759e-23 4.060456e-08 4.466285e-07 6.699173e-10 4.681341e-04 7.902013e+11 5.431001e+08 3.001429e+04 7.608609e-07 4.629619e+01 1.084999e-09 4.034516e-42 3.275799e-03 2.133879e-08 3.581425e-01 1.268878e-06 1.385912e+01 7.970303e+02 2.103047e+03 7.569232e-01 9.347458e-03 6.437175e-04 3.449728e-01 6.218173e-10 2.281023e-11 0.000000e+00 3.718365e-46 0.000000e+00 0.000000e+00 0.000000e+00 0.000000e+00 0.000000e+00 0.000000e+00 0.000000e+00 0.000000e+00 0.000000e+00 0.000000e+00 3.071074e+13 4.720379e+10 3.808435e+11 3.118588e+15 5.046932e-01 1.264781e-08 4.779066e-01 1.242450e-01 2.242337e+00 1.112180e+01 1.962601e-03 1.952452e+00 1.513445e-08 2.540878e-12 6.879151e-16 7.441065e-19 0.000000e+00 0.000000e+00 7.347297e-12 1.167670e-07 7.231588e-01 0.000000e+00 0.000000e+00 0.000000e+00 1.150164e-47 0.000000e+00 0.000000e+00 0.000000e+00 1.465571e+00 0.000000e+00 0.000000e+00 0.000000e+00 0.000000e+00 0.000000e+00 0.000000e+00 0.000000e+00 0.000000e+00 0.000000e+00 0.000000e+00 0.000000e+00 0.000000e+00 0.000000e+00 0.000000e+00 0.000000e+00 0.000000e+00 0.000000e+00 0.000000e+00 0.000000e+00 0.000000e+00 0.000000e+00 0.000000e+00 0.000000e+00 0.000000e+00 0.000000e+00 2.562375e-58 4.288119e-26 1.542070e-25 3.553204e-14 1.380772e-22 0.000000e+00
57.000000 56.000000 58.000000 182.274641 5.473913e+00 4.259807e+10 5.206624e+06 3.125548e+08 2.423970e+04 6.857646e+03 2.405239e+00 5.855407e+06 8.307294e-01 5.355118e-10 6.427327e-09 3.911829e+01 9.016080e-01 2.221083e-05 2.453220e-09 3.440993e-24 1.595231e-08 8.962158e-08 9.392925e-11 7.486498e-04 6.613626e+11 3.290997e+08 3.702029e+04 6.035344e-07 3.777773e+01 2.772750e-10 3.390094e-42 1.265058e-03 8.699023e-09 1.542601e-01 4.261969e-07 8.175987e+00 6.788226e+02 1.688989e+03 4.168992e-01 3.060192e-03 2.958270e-04 2.470066e-01 3.154877e-10 1.283649e-11 0.000000e+00 1.255468e-51 0.000000e+00 0.000000e+00 0.000000e+00 0.000000e+00 0.000000e+00 0.000000e+00 0.000000e+00 0.000000e+00 0.000000e+00 0.000000e+00 2.109004e+13 3.261076e+10 3.090176e+11 2.153383e+15 7.231110e-01 5.784675e-09 5.340362e-01 1.537869e-01 2.472110e+00 7.437332e+00 1.706085e-03 5.310130e-01 4.157140e-09 1.096032e-12 1.678405e-16 1.696825e-19 0.000000e+00 0.000000e+00 8.470810e-13 7.175014e-08 5.000060e-01 0.000000e+00 0.000000e+00 0.000000e+00 3.248839e-53 0.000000e+00 0.000000e+00 0.000000e+00 3.624033e+00 0.000000e+00 0.000000e+00 0.000000e+00 0.000000e+00 0.000000e+00 0.000000e+00 0.000000e+00 0.000000e+00 0.000000e+00 0.000000e+00 0.000000e+00 0.000000e+00 0.000000e+00 0.000000e+00 0.000000e+00 0.000000e+00 0.000000e+00 0.000000e+00 0.000000e+00 0.000000e+00 0.000000e+00 0.000000e+00 0.000000e+00 0.000000e+00 0.000000e+00 9.117445e-60 8.041746e-27 3.337414e-26 1.672590e-14 2.447258e-23 0.000000e+00
59.000000 58.000000 60.000000 184.288236 3.815577e+00 6.022417e+10 3.881377e+06 3.251092e+08 1.181781e+04 2.777584e+03 3.872381e-01 2.650693e+06 6.834753e-01 2.128981e-10 3.675489e-09 2.467968e+01 5.220683e-01 8.890999e-06 7.290757e-10 2.810895e-25 6.929553e-09 1.700269e-08 1.235318e-11 9.053161e-04 5.568675e+11 1.879954e+08 3.494964e+04 4.647357e-07 2.594671e+01 5.468819e-11 4.640465e-42 5.203253e-04 3.264943e-09 5.579860e-02 1.237367e-07 4.503696e+00 4.687244e+02 1.212347e+03 2.149877e-01 8.332945e-04 1.172995e-04 1.735532e-01 1.444788e-10 8.345274e-12 0.000000e+00 2.160592e-57 0.000000e+00 0.000000e+00 0.000000e+00 0.000000e+00 0.000000e+00 0.000000e+00 0.000000e+00 0.000000e+00 0.000000e+00 0.000000e+00 1.443927e+13 2.249487e+10 2.480315e+11 1.484608e+15 1.015935e+00 2.505271e-09 4.940992e-01 1.510202e-01 2.288921e+00 4.988744e+00 1.393476e-03 1.329314e-01 1.352991e-09 3.982559e-13 3.710878e-17 3.680072e-20 0.000000e+00 0.000000e+00 9.188866e-14 3.584403e-08 3.383980e-01 0.000000e+00 0.000000e+00 0.000000e+00 9.166295e-59 0.000000e+00 0.000000e+00 0.000000e+00 6.894594e+00 0.000000e+00 0.000000e+00 0.000000e+00 0.000000e+00 0.000000e+00 0.000000e+00 0.000000e+00 0.000000e+00 0.000000e+00 0.000000e+00 0.000000e+00 0.000000e+00 0.000000e+00 0.000000e+00 0.000000e+00 0.000000e+00 0.000000e+00 0.000000e+00 0.000000e+00 0.000000e+00 0.000000e+00 0.000000e+00 0.000000e+00 0.000000e+00 0.000000e+00 3.917520e-61 1.735696e-27 7.491592e-27 6.529645e-15 3.917077e-24 0.000000e+00
61.000000 60.000000 62.000000 186.402442 2.671662e+00 7.822115e+10 2.720308e+06 3.085041e+08 5.660091e+03 1.110517e+03 6.011430e-02 1.121344e+06 5.438882e-01 7.746214e-11 2.087720e-09 1.570880e+01 3.017018e-01 3.563091e-06 2.105274e-10 2.219016e-26 3.292579e-09 3.170812e-09 1.590333e-12 8.618781e-04 4.731826e+11 1.002700e+08 2.703949e+04 3.053330e-07 1.522600e+01 8.904397e-12 8.007487e-42 2.440377e-04 1.108130e-09 1.751834e-02 3.255169e-08 2.292346e+00 2.886293e+02 8.148752e+02 1.074499e-01 2.044548e-04 4.211293e-05 1.210865e-01 6.193346e-11 6.214250e-12 0.000000e+00 0.000000e+00 0.000000e+00 0.000000e+00 0.000000e+00 0.000000e+00 0.000000e+00 0.000000e+00 0.000000e+00 0.000000e+00 0.000000e+00 0.000000e+00 9.908023e+12 1.557874e+10 1.972503e+11 1.027730e+15 1.406788e+00 1.064690e-09 3.907755e-01 1.236761e-01 1.816951e+00 3.314986e+00 1.042620e-03 3.283990e-02 5.592019e-10 1.250266e-13 7.498078e-18 7.596822e-21 0.000000e+00 0.000000e+00 9.847328e-15 1.520855e-08 2.283561e-01 0.000000e+00 0.000000e+00 0.000000e+00 2.585069e-64 0.000000e+00 0.000000e+00 0.000000e+00 1.028729e+01 0.000000e+00 0.000000e+00 0.000000e+00 0.000000e+00 0.000000e+00 0.000000e+00 0.000000e+00 0.000000e+00 0.000000e+00 0.000000e+00 0.000000e+00 0.000000e+00 0.000000e+00 0.000000e+00 0.000000e+00 0.000000e+00 0.000000e+00 0.000000e+00 0.000000e+00 0.000000e+00 0.000000e+00 0.000000e+00 0.000000e+00 0.000000e+00 0.000000e+00 2.030471e-62 4.076112e-28 1.670091e-27 2.146494e-15 5.677801e-25 0.000000e+00
63.000000 62.000000 64.000000 185.706627 1.874535e+00 9.461629e+10 1.943127e+06 2.726613e+08 2.752277e+03 4.576500e+02 1.011877e-02 4.484608e+05 4.277324e-01 2.343758e-11 1.000576e-09 1.022008e+01 1.757286e-01 1.473004e-06 6.406523e-11 1.991637e-27 1.453069e-09 6.402298e-10 2.239406e-13 6.649239e-04 4.093684e+11 4.997200e+07 2.000548e+04 1.174579e-07 8.482118e+00 1.466251e-12 5.626051e-42 1.357805e-04 3.069744e-10 5.103820e-03 7.682832e-09 1.081641e+00 1.880464e+02 5.432717e+02 5.213421e-02 4.963848e-05 1.374990e-05 8.534429e-02 2.619465e-11 3.769256e-12 0.000000e+00 0.000000e+00 0.000000e+00 0.000000e+00 0.000000e+00 0.000000e+00 0.000000e+00 0.000000e+00 0.000000e+00 0.000000e+00 0.000000e+00 0.000000e+00 6.901777e+12 1.096640e+10 1.571933e+11 7.237946e+14 1.927168e+00 4.458202e-10 2.726534e-01 8.790200e-02 1.270531e+00 2.099241e+00 7.125506e-04 8.914950e-03 3.000252e-10 3.620039e-14 1.539046e-18 1.371786e-21 0.000000e+00 0.000000e+00 1.194073e-15 6.104745e-09 1.574533e-01 0.000000e+00 0.000000e+00 0.000000e+00 7.321586e-70 0.000000e+00 0.000000e+00 0.000000e+00 1.238704e+01 0.000000e+00 0.000000e+00 0.000000e+00 0.000000e+00 0.000000e+00 0.000000e+00 0.000000e+00 0.000000e+00 0.000000e+00 0.000000e+00 0.000000e+00 0.000000e+00 0.000000e+00 0.000000e+00 0.000000e+00 0.000000e+00 0.000000e+00 0.000000e+00 0.000000e+00 0.000000e+00 0.000000e+00 0.000000e+00 0.000000e+00 0.000000e+00 0.000000e+00 7.898629e-64 7.636160e-29 2.762849e-28 5.748457e-16 6.795163e-26 0.000000e+00
65.000000 64.000000 66.000000 180.111059 1.307409e+00 1.084699e+11 1.471655e+06 2.279591e+08 1.353025e+03 1.956972e+02 1.957759e-03 1.713990e+05 3.359174e-01 5.371918e-12 3.523549e-10 6.807671e+00 1.033023e-01 6.336169e-07 2.133299e-11 2.228485e-28 5.012704e-10 1.441061e-10 3.636915e-14 4.275603e-04 3.593169e+11 2.332616e+07 1.583997e+04 2.275278e-08 4.867944e+00 2.856295e-13 7.034617e-43 8.868654e-05 6.483009e-11 1.435100e-03 1.462145e-09 4.758340e-01 1.357413e+02 3.710964e+02 2.274029e-02 1.157386e-05 3.733056e-06 6.108507e-02 1.204967e-11 1.369516e-12 0.000000e+00 0.000000e+00 0.000000e+00 0.000000e+00 0.000000e+00 0.000000e+00 0.000000e+00 0.000000e+00 0.000000e+00 0.000000e+00 0.000000e+00 0.000000e+00 4.898333e+12 7.868099e+09 1.252794e+11 5.205001e+14 2.581994e+00 1.785278e-10 1.711094e-01 5.563235e-02 7.975623e-01 1.230256e+00 4.460244e-04 2.731514e-03 2.018150e-10 1.000070e-14 3.430891e-19 2.023907e-22 0.000000e+00 0.000000e+00 1.741202e-16 2.461035e-09 1.117644e-01 0.000000e+00 0.000000e+00 0.000000e+00 2.101480e-75 0.000000e+00 0.000000e+00 0.000000e+00 1.244678e+01 0.000000e+00 0.000000e+00 0.000000e+00 0.000000e+00 0.000000e+00 0.000000e+00 0.000000e+00 0.000000e+00 0.000000e+00 0.000000e+00 0.000000e+00 0.000000e+00 0.000000e+00 0.000000e+00 0.000000e+00 0.000000e+00 0.000000e+00 0.000000e+00 0.000000e+00 0.000000e+00 0.000000e+00 0.000000e+00 0.000000e+00 0.000000e+00 0.000000e+00 1.666872e-65 8.786046e-30 2.631390e-29 1.214918e-16 6.488755e-27 0.000000e+00
67.000000 66.000000 68.000000 176.080002 9.050042e-01 1.178755e+11 9.627662e+05 1.777320e+08 5.978020e+02 7.621278e+01 3.237003e-04 6.122399e+04 2.565141e-01 1.167308e-12 1.328641e-10 4.436617e+00 5.810573e-02 2.553173e-07 6.405859e-12 2.082458e-29 1.829947e-10 2.693923e-11 5.012468e-15 2.426724e-04 3.071387e+11 9.957026e+06 1.050479e+04 3.796280e-09 2.424504e+00 4.411834e-14 1.454064e-43 5.121640e-05 1.282279e-11 3.391071e-04 2.731583e-10 1.902785e-01 8.851951e+01 2.516240e+02 1.019405e-02 2.518683e-06 1.000692e-06 4.281565e-02 1.019957e-11 5.691800e-13 0.000000e+00 0.000000e+00 0.000000e+00 0.000000e+00 0.000000e+00 0.000000e+00 0.000000e+00 0.000000e+00 0.000000e+00 0.000000e+00 0.000000e+00 0.000000e+00 3.415592e+12 5.560632e+09 9.452318e+10 3.685440e+14 3.321482e+00 6.929571e-11 9.560342e-02 3.131802e-02 4.462156e-01 6.597505e-01 2.499486e-04 7.361075e-04 1.268116e-10 2.294537e-15 6.185528e-20 2.853535e-23 0.000000e+00 0.000000e+00 2.108741e-17 8.002896e-10 7.843533e-02 0.000000e+00 0.000000e+00 0.000000e+00 6.081392e-81 0.000000e+00 0.000000e+00 0.000000e+00 1.072113e+01 0.000000e+00 0.000000e+00 0.000000e+00 0.000000e+00 0.000000e+00 0.000000e+00 0.000000e+00 0.000000e+00 0.000000e+00 0.000000e+00 0.000000e+00 0.000000e+00 0.000000e+00 0.000000e+00 0.000000e+00 0.000000e+00 0.000000e+00 0.000000e+00 0.000000e+00 0.000000e+00 0.000000e+00 0.000000e+00 0.000000e+00 0.000000e+00 0.000000e+00 3.199603e-67 1.129869e-30 2.639154e-30 2.251231e-17 5.584753e-28 0.000000e+00
69.000000 68.000000 70.000000 176.080002 6.252936e-01 1.229169e+11 5.105808e+05 1.306194e+08 2.337264e+02 2.597167e+01 3.996269e-05 1.999380e+04 1.895533e-01 2.810305e-13 6.423254e-11 2.774133e+00 3.045816e-02 9.269488e-08 1.622244e-12 1.375633e-30 8.445057e-11 3.830923e-12 5.176918e-16 5.271769e-04 2.552379e+11 3.819764e+06 5.169827e+03 7.089428e-10 9.621372e-01 4.408303e-15 1.270038e-43 2.273572e-05 2.389598e-12 6.145293e-05 6.534266e-11 6.778291e-02 5.112533e+01 1.675350e+02 5.346296e-03 6.025208e-07 3.402954e-07 2.908996e-02 2.278980e-11 3.759574e-13 0.000000e+00 0.000000e+00 0.000000e+00 0.000000e+00 0.000000e+00 0.000000e+00 0.000000e+00 0.000000e+00 0.000000e+00 0.000000e+00 0.000000e+00 0.000000e+00 2.316907e+12 3.840474e+09 6.608279e+10 2.546379e+14 4.135238e+00 2.682867e-11 4.654067e-02 1.537022e-02 2.177642e-01 3.185722e-01 1.224857e-04 1.640898e-04 6.316965e-11 4.071809e-16 7.875286e-21 3.768403e-24 0.000000e+00 0.000000e+00 1.840427e-18 1.897608e-10 5.380341e-02 0.000000e+00 0.000000e+00 0.000000e+00 1.717293e-86 0.000000e+00 0.000000e+00 0.000000e+00 7.906173e+00 0.000000e+00 0.000000e+00 0.000000e+00 0.000000e+00 0.000000e+00 0.000000e+00 0.000000e+00 0.000000e+00 0.000000e+00 0.000000e+00 0.000000e+00 0.000000e+00 0.000000e+00 0.000000e+00 0.000000e+00 0.000000e+00 0.000000e+00 0.000000e+00 0.000000e+00 0.000000e+00 0.000000e+00 0.000000e+00 0.000000e+00 0.000000e+00 0.000000e+00 8.926128e-69 2.342056e-31 4.072886e-31 3.885947e-18 4.461811e-29 0.000000e+00
71.000000 70.000000 72.000000 176.080002 4.320333e-01 1.232226e+11 2.445740e+05 9.371214e+07 8.832824e+01 8.520434e+00 4.436559e-06 6.173086e+03 1.385662e-01 6.820881e-14 3.158536e-11 1.703689e+00 1.534112e-02 3.231615e-08 3.922816e-13 8.170974e-32 4.043612e-11 5.050094e-13 4.820983e-17 5.153045e-03 2.109484e+11 1.360227e+06 2.298307e+03 1.373581e-10 3.356523e-01 3.563596e-16 1.179193e-43 9.232935e-06 4.036210e-13 9.975835e-06 1.799538e-11 2.223370e-02 2.906884e+01 1.124005e+02 2.869160e-03 1.658524e-07 1.313525e-07 1.959750e-02 5.567186e-11 2.505847e-13 0.000000e+00 0.000000e+00 0.000000e+00 0.000000e+00 0.000000e+00 0.000000e+00 0.000000e+00 0.000000e+00 0.000000e+00 0.000000e+00 0.000000e+00 0.000000e+00 1.566221e+12 2.651928e+09 4.380810e+10 1.759366e+14 4.994700e+00 1.078958e-11 2.063445e-02 6.851885e-03 9.671938e-02 1.413783e-01 5.475277e-05 3.621619e-05 2.946951e-11 6.314164e-17 8.674525e-22 4.641454e-25 0.000000e+00 0.000000e+00 1.467114e-19 3.879842e-11 3.696865e-02 0.000000e+00 0.000000e+00 0.000000e+00 4.713769e-92 0.000000e+00 0.000000e+00 0.000000e+00 5.100467e+00 0.000000e+00 0.000000e+00 0.000000e+00 0.000000e+00 0.000000e+00 0.000000e+00 0.000000e+00 0.000000e+00 0.000000e+00 0.000000e+00 0.000000e+00 0.000000e+00 0.000000e+00 0.000000e+00 0.000000e+00 0.000000e+00 0.000000e+00 0.000000e+00 0.000000e+00 0.000000e+00 0.000000e+00 0.000000e+00 0.000000e+00 0.000000e+00 0.000000e+00 3.843168e-70 5.438064e-32 6.778392e-32 6.318663e-19 3.411606e-30 0.000000e+00
73.000000 72.000000 74.000000 176.080002 2.985042e-01 1.181246e+11 1.049515e+05 6.627002e+07 3.308705e+01 2.724897e+00 4.634735e-07 1.817614e+03 1.002718e-01 1.683593e-14 1.603203e-11 1.026894e+00 7.434502e-03 1.083410e-08 9.068328e-14 4.451882e-33 2.023251e-11 6.346189e-14 4.235658e-18 1.042691e-01 1.731395e+11 4.538078e+05 9.480969e+02 2.580162e-11 1.075674e-01 2.494904e-17 1.069178e-43 3.502656e-06 6.650195e-14 1.553954e-06 5.227914e-12 6.781786e-03 1.686587e+01 7.595469e+01 1.610228e-03 4.814905e-08 5.195684e-08 1.305539e-02 1.102651e-10 1.663451e-13 0.000000e+00 0.000000e+00 0.000000e+00 0.000000e+00 0.000000e+00 0.000000e+00 0.000000e+00 0.000000e+00 0.000000e+00 0.000000e+00 0.000000e+00 0.000000e+00 1.054759e+12 1.830887e+09 2.746922e+10 1.215597e+14 5.856421e+00 4.651787e-12 8.558514e-03 2.852176e-03 4.016453e-02 5.903165e-02 2.288239e-05 8.166747e-06 1.321440e-11 8.803027e-18 8.564971e-23 5.772795e-26 0.000000e+00 0.000000e+00 1.094601e-20 7.010912e-12 2.543705e-02 0.000000e+00 0.000000e+00 0.000000e+00 0.000000e+00 0.000000e+00 0.000000e+00 0.000000e+00 2.941764e+00 0.000000e+00 0.000000e+00 0.000000e+00 0.000000e+00 0.000000e+00 0.000000e+00 0.000000e+00 0.000000e+00 0.000000e+00 0.000000e+00 0.000000e+00 0.000000e+00 0.000000e+00 0.000000e+00 0.000000e+00 0.000000e+00 0.000000e+00 0.000000e+00 0.000000e+00 0.000000e+00 0.000000e+00 0.000000e+00 0.000000e+00 0.000000e+00 0.000000e+00 2.225693e-71 1.369396e-32 1.202930e-32 9.805636e-20 2.522548e-31 0.000000e+00
75.000000 74.000000 76.000000 176.080002 2.062452e-01 1.083558e+11 4.037507e+04 4.647103e+07 1.263400e+01 8.530879e-01 4.628397e-08 5.143369e+02 7.193161e-02 4.271928e-15 8.441912e-12 6.071475e-01 3.472952e-03 3.499697e-09 2.007554e-14 2.237182e-34 1.057619e-11 7.832174e-15 3.624093e-19 1.273207e+00 1.409540e+11 1.431999e+05 3.694916e+02 4.570150e-12 3.257955e-02 1.567891e-18 9.076865e-44 1.260938e-06 1.165473e-14 2.524692e-07 1.503394e-12 1.942837e-03 1.011692e+01 5.163286e+01 9.472179e-04 1.383404e-08 1.965480e-08 8.574126e-03 1.791017e-10 1.091326e-13 0.000000e+00 0.000000e+00 0.000000e+00 0.000000e+00 0.000000e+00 0.000000e+00 0.000000e+00 0.000000e+00 0.000000e+00 0.000000e+00 0.000000e+00 0.000000e+00 7.074368e+11 1.263786e+09 1.627253e+10 8.398905e+13 6.664763e+00 2.205869e-12 3.382545e-03 1.129946e-03 1.588713e-02 2.360403e-02 9.094315e-06 1.935501e-06 5.786495e-12 1.126167e-18 7.734186e-24 7.911938e-27 0.000000e+00 0.000000e+00 7.699894e-22 1.139529e-12 1.752134e-02 0.000000e+00 0.000000e+00 0.000000e+00 0.000000e+00 0.000000e+00 0.000000e+00 0.000000e+00 1.546574e+00 0.000000e+00 0.000000e+00 0.000000e+00 0.000000e+00 0.000000e+00 0.000000e+00 0.000000e+00 0.000000e+00 0.000000e+00 0.000000e+00 0.000000e+00 0.000000e+00 0.000000e+00 0.000000e+00 0.000000e+00 0.000000e+00 0.000000e+00 0.000000e+00 0.000000e+00 0.000000e+00 0.000000e+00 0.000000e+00 0.000000e+00 0.000000e+00 0.000000e+00 1.589423e-72 3.745131e-33 2.296041e-33 1.475610e-20 1.822699e-32 0.000000e+00
77.000000 76.000000 78.000000 176.080002 1.425009e-01 9.544795e+10 1.400890e+04 3.241941e+07 5.056218e+00 2.615816e-01 4.437955e-09 1.408241e+02 5.123705e-02 1.118164e-15 4.608841e-12 3.519848e-01 1.569446e-03 1.093218e-09 4.269192e-15 1.043726e-35 5.753513e-12 9.795332e-16 3.114613e-20 9.263960e+00 1.137127e+11 4.312678e+04 1.377020e+02 7.586431e-13 9.495867e-03 9.055018e-20 7.126368e-44 4.358584e-07 2.402370e-15 4.718898e-08 4.193059e-13 5.276885e-04 6.277586e+00 3.526092e+01 5.806023e-04 3.853862e-09 6.966163e-09 5.536976e-03 2.479297e-10 7.045667e-14 0.000000e+00 0.000000e+00 0.000000e+00 0.000000e+00 0.000000e+00 0.000000e+00 0.000000e+00 0.000000e+00 0.000000e+00 0.000000e+00 0.000000e+00 0.000000e+00 4.724656e+11 8.721018e+08 9.113982e+09 5.803048e+13 7.362073e+00 1.171315e-12 1.290547e-03 4.318090e-04 6.064897e-03 9.164659e-03 3.478793e-06 4.942628e-07 2.496859e-12 1.344174e-19 6.488617e-25 1.318774e-27 0.000000e+00 0.000000e+00 5.128966e-23 1.689625e-13 1.207844e-02 0.000000e+00 0.000000e+00 0.000000e+00 0.000000e+00 0.000000e+00 0.000000e+00 0.000000e+00 7.536995e-01 0.000000e+00 0.000000e+00 0.000000e+00 0.000000e+00 0.000000e+00 0.000000e+00 0.000000e+00 0.000000e+00 0.000000e+00 0.000000e+00 0.000000e+00 0.000000e+00 0.000000e+00 0.000000e+00 0.000000e+00 0.000000e+00 0.000000e+00 0.000000e+00 0.000000e+00 0.000000e+00 0.000000e+00 0.000000e+00 0.000000e+00 0.000000e+00 0.000000e+00 1.350878e-73 1.108578e-33 4.711456e-34 2.181767e-21 1.302088e-33 0.000000e+00
79.000000 78.000000 80.000000 176.080002 9.845796e-02 8.115468e+10 4.422893e+03 2.253677e+07 2.168041e+00 7.844765e-02 4.083557e-10 3.752658e+01 3.629358e-02 3.014248e-16 2.599074e-12 2.000026e-01 6.894724e-04 3.318572e-10 8.755095e-16 4.558786e-37 3.239138e-12 1.275380e-16 2.765212e-21 4.671360e+01 9.085266e+10 1.249799e+04 4.945229e+01 1.183427e-13 2.692865e-03 4.891284e-21 5.274752e-44 1.458776e-07 6.178718e-16 1.074660e-08 1.133730e-13 1.370592e-04 4.009353e+00 2.416243e+01 3.677792e-04 1.040381e-09 2.319319e-09 3.510518e-03 3.024601e-10 4.466873e-14 0.000000e+00 0.000000e+00 0.000000e+00 0.000000e+00 0.000000e+00 0.000000e+00 0.000000e+00 0.000000e+00 0.000000e+00 0.000000e+00 0.000000e+00 0.000000e+00 3.141548e+11 6.015713e+08 4.836277e+09 4.009496e+13 7.913379e+00 7.001006e-13 4.796025e-04 1.606577e-04 2.254799e-03 3.493440e-03 1.292178e-06 1.383923e-07 1.065822e-12 1.517895e-20 5.127185e-26 2.825709e-28 0.000000e+00 0.000000e+00 3.246606e-24 2.311884e-14 8.331029e-03 0.000000e+00 0.000000e+00 0.000000e+00 0.000000e+00 0.000000e+00 0.000000e+00 0.000000e+00 3.454004e-01 0.000000e+00 0.000000e+00 0.000000e+00 0.000000e+00 0.000000e+00 0.000000e+00 0.000000e+00 0.000000e+00 0.000000e+00 0.000000e+00 0.000000e+00 0.000000e+00 0.000000e+00 0.000000e+00 0.000000e+00 0.000000e+00 0.000000e+00 0.000000e+00 0.000000e+00 0.000000e+00 0.000000e+00 0.000000e+00 0.000000e+00 0.000000e+00 0.000000e+00 1.335035e-74 3.523155e-34 1.032043e-34 3.199188e-22 9.350452e-35 0.000000e+00
81.000000 80.000000 82.000000 176.080002 6.802743e-02 6.698903e+10 1.281800e+03 1.562389e+07 1.010212e+00 2.293317e-02 3.593857e-11 9.782065e+00 2.559722e-02 8.333678e-17 1.506213e-12 1.112418e-01 2.958878e-04 9.837148e-11 1.737425e-16 1.879453e-38 1.875654e-12 1.762275e-17 2.592091e-22 1.835394e+02 7.187747e+10 3.510265e+03 1.718911e+01 1.744352e-14 7.477861e-04 2.506397e-22 3.769783e-44 4.755222e-08 1.919699e-16 2.885375e-09 2.991135e-14 3.430588e-05 2.618929e+00 1.659815e+01 2.388496e-04 2.739182e-10 7.336021e-10 2.184709e-03 3.340377e-10 2.779931e-14 0.000000e+00 0.000000e+00 0.000000e+00 0.000000e+00 0.000000e+00 0.000000e+00 0.000000e+00 0.000000e+00 0.000000e+00 0.000000e+00 0.000000e+00 0.000000e+00 2.079538e+11 4.147158e+08 2.435430e+09 2.770276e+13 8.328329e+00 4.670531e-13 1.746700e-04 5.856783e-05 8.214379e-04 1.319415e-03 4.694370e-07 4.287224e-08 4.504935e-13 1.639778e-21 3.861904e-27 7.501271e-29 0.000000e+00 0.000000e+00 1.956203e-25 2.944272e-15 5.748563e-03 0.000000e+00 0.000000e+00 0.000000e+00 0.000000e+00 0.000000e+00 0.000000e+00 0.000000e+00 1.506679e-01 0.000000e+00 0.000000e+00 0.000000e+00 0.000000e+00 0.000000e+00 0.000000e+00 0.000000e+00 0.000000e+00 0.000000e+00 0.000000e+00 0.000000e+00 0.000000e+00 0.000000e+00 0.000000e+00 0.000000e+00 0.000000e+00 0.000000e+00 0.000000e+00 0.000000e+00 0.000000e+00 0.000000e+00 0.000000e+00 0.000000e+00 0.000000e+00 0.000000e+00 1.499877e-75 1.190233e-34 2.388832e-35 4.679792e-23 6.943932e-36 0.000000e+00
83.000000 82.000000 84.000000 176.080002 4.700214e-02 5.398370e+10 3.423863e+02 1.080568e+07 5.170777e-01 6.484722e-03 3.007887e-12 2.505146e+00 1.799131e-02 2.351339e-17 8.922190e-13 6.027804e-02 1.242551e-04 2.852143e-11 3.335843e-17 7.331693e-40 1.110617e-12 2.617017e-18 2.604927e-23 6.094115e+02 5.631768e+10 9.614070e+02 5.796126e+00 2.442832e-15 2.041050e-04 1.232457e-23 2.645526e-44 1.516252e-08 6.677086e-17 8.468523e-10 7.767986e-15 8.330653e-06 1.739461e+00 1.142202e+01 1.579817e-04 7.094518e-11 2.235586e-10 1.335916e-03 3.413578e-10 1.699934e-14 0.000000e+00 0.000000e+00 0.000000e+00 0.000000e+00 0.000000e+00 0.000000e+00 0.000000e+00 0.000000e+00 0.000000e+00 0.000000e+00 0.000000e+00 0.000000e+00 1.370259e+11 2.856525e+08 1.160918e+09 1.914063e+13 8.649216e+00 3.419315e-13 6.261359e-05 2.102444e-05 2.945225e-04 4.978616e-04 1.677944e-07 1.478227e-08 1.885155e-13 1.705170e-22 2.795143e-28 2.275620e-29 0.000000e+00 0.000000e+00 1.116010e-26 3.503192e-16 3.967721e-03 0.000000e+00 0.000000e+00 0.000000e+00 0.000000e+00 0.000000e+00 0.000000e+00 0.000000e+00 6.320235e-02 0.000000e+00 0.000000e+00 0.000000e+00 0.000000e+00 0.000000e+00 0.000000e+00 0.000000e+00 0.000000e+00 0.000000e+00 0.000000e+00 0.000000e+00 0.000000e+00 0.000000e+00 0.000000e+00 0.000000e+00 0.000000e+00 0.000000e+00 0.000000e+00 0.000000e+00 0.000000e+00 0.000000e+00 0.000000e+00 0.000000e+00 0.000000e+00 0.000000e+00 1.875646e-76 4.233258e-35 5.780374e-36 6.851306e-24 5.592784e-37 0.000000e+00
85.000000 84.000000 86.000000 176.080002 3.247515e-02 4.267550e+10 8.345180e+01 7.455893e+06 2.942069e-01 1.737842e-03 2.385863e-13 6.326477e-01 1.260969e-02 6.737520e-18 5.376117e-13 3.135030e-02 5.053543e-05 8.004427e-12 6.119079e-18 2.657260e-41 6.690448e-13 4.183817e-19 2.819265e-24 1.823075e+03 4.371531e+10 2.580908e+02 1.898115e+00 3.261823e-16 5.487991e-05 5.869080e-25 1.840437e-44 4.745810e-09 2.455551e-17 2.569791e-10 2.003253e-15 1.974023e-06 1.169302e+00 7.869852e+00 1.058754e-04 1.823189e-11 6.655697e-11 8.042176e-04 3.287970e-10 1.023384e-14 0.000000e+00 0.000000e+00 0.000000e+00 0.000000e+00 0.000000e+00 0.000000e+00 0.000000e+00 0.000000e+00 0.000000e+00 0.000000e+00 0.000000e+00 0.000000e+00 8.987141e+10 1.965069e+08 5.157099e+08 1.322482e+13 8.913081e+00 2.693058e-13 2.216799e-05 7.476860e-06 1.042808e-04 1.891810e-04 5.926766e-08 5.717321e-09 7.810396e-14 1.695191e-23 1.936284e-29 7.419717e-30 0.000000e+00 0.000000e+00 5.862487e-28 3.868038e-17 2.739093e-03 0.000000e+00 0.000000e+00 0.000000e+00 0.000000e+00 0.000000e+00 0.000000e+00 0.000000e+00 2.571485e-02 0.000000e+00 0.000000e+00 0.000000e+00 0.000000e+00 0.000000e+00 0.000000e+00 0.000000e+00 0.000000e+00 0.000000e+00 0.000000e+00 0.000000e+00 0.000000e+00 0.000000e+00 0.000000e+00 0.000000e+00 0.000000e+00 0.000000e+00 0.000000e+00 0.000000e+00 0.000000e+00 0.000000e+00 0.000000e+00 0.000000e+00 0.000000e+00 0.000000e+00 2.566620e-77 1.572725e-35 1.447961e-36 1.005336e-24 5.198708e-38 0.000000e+00
87.000000 86.000000 88.000000 176.080002 2.243801e-02 3.322131e+10 1.756594e+01 5.131265e+06 1.880452e-01 4.142020e-04 1.894498e-14 1.580743e-01 8.816735e-03 1.951863e-18 3.281549e-13 1.495024e-02 1.882685e-05 2.056295e-12 1.011611e-18 8.156598e-43 4.082973e-13 6.885045e-20 3.165523e-25 5.401800e+03 3.362942e+10 6.819931e+01 6.040193e-01 4.148453e-17 1.455980e-05 2.725951e-26 1.275325e-44 1.462519e-09 9.279451e-18 7.851374e-11 5.176145e-16 4.586909e-07 7.927662e-01 5.427108e+00 7.161901e-05 4.689463e-12 1.962463e-11 4.778679e-04 3.034470e-10 6.081118e-15 0.000000e+00 0.000000e+00 0.000000e+00 0.000000e+00 0.000000e+00 0.000000e+00 0.000000e+00 0.000000e+00 0.000000e+00 3.679749e-44 1.675701e-49 0.000000e+00 5.866948e+10 1.349351e+08 2.011640e+08 9.137412e+12 9.165373e+00 2.244537e-13 7.777552e-06 2.678006e-06 3.656540e-05 7.292285e-05 2.076874e-08 2.498663e-09 3.205842e-14 1.528816e-24 1.228946e-30 2.518408e-30 1.220499e-41 0.000000e+00 2.548730e-29 3.818298e-18 1.891170e-03 0.000000e+00 4.814250e-32 6.290855e-32 0.000000e+00 0.000000e+00 0.000000e+00 0.000000e+00 1.022150e-02 0.000000e+00 0.000000e+00 0.000000e+00 0.000000e+00 0.000000e+00 0.000000e+00 0.000000e+00 0.000000e+00 0.000000e+00 0.000000e+00 0.000000e+00 0.000000e+00 0.000000e+00 0.000000e+00 0.000000e+00 0.000000e+00 0.000000e+00 0.000000e+00 0.000000e+00 0.000000e+00 0.000000e+00 0.000000e+00 0.000000e+00 0.000000e+00 0.000000e+00 3.798280e-78 6.070738e-36 3.723476e-37 1.479178e-25 5.818244e-39 0.000000e+00
89.000000 88.000000 90.000000 176.080002 1.550307e-02 2.553932e+10 2.356104e+00 3.520198e+06 1.354637e-01 6.431803e-05 2.305168e-15 3.921227e-02 6.152586e-03 5.693404e-19 2.022057e-13 5.474736e-03 4.510830e-06 3.394208e-13 1.055236e-19 1.313813e-44 2.515322e-13 8.247098e-21 2.762431e-26 4.980169e+04 2.564452e+10 1.780057e+01 1.868779e-01 4.967448e-18 3.817628e-06 1.243002e-27 8.822291e-45 4.449785e-10 3.565538e-18 2.395071e-11 1.354878e-16 1.049445e-07 5.407233e-01 3.744858e+00 4.876571e-05 1.220059e-12 5.818614e-12 2.811562e-04 3.025125e-10 3.577932e-15 0.000000e+00 0.000000e+00 0.000000e+00 0.000000e+00 0.000000e+00 0.000000e+00 0.000000e+00 0.000000e+00 0.000000e+00 0.000000e+00 0.000000e+00 0.000000e+00 3.812739e+10 9.241171e+07 5.064818e+07 6.313303e+12 9.493155e+00 1.964437e-13 2.748640e-06 1.301698e-06 1.273068e-05 2.868165e-05 7.255675e-09 1.235017e-09 1.305410e-14 8.841890e-26 5.414736e-32 8.783886e-31 0.000000e+00 0.000000e+00 5.404314e-31 2.820926e-19 1.305855e-03 0.000000e+00 0.000000e+00 0.000000e+00 0.000000e+00 0.000000e+00 0.000000e+00 0.000000e+00 3.994238e-03 0.000000e+00 0.000000e+00 0.000000e+00 0.000000e+00 0.000000e+00 0.000000e+00 0.000000e+00 0.000000e+00 0.000000e+00 0.000000e+00 0.000000e+00 0.000000e+00 0.000000e+00 0.000000e+00 0.000000e+00 0.000000e+00 0.000000e+00 0.000000e+00 0.000000e+00 0.000000e+00 0.000000e+00 0.000000e+00 0.000000e+00 0.000000e+00 0.000000e+00 6.044654e-79 2.428757e-36 9.760768e-38 2.182120e-26 7.807662e-40 0.000000e+00
91.000000 90.000000 92.000000 176.080002 1.071152e-02 1.939928e+10 2.911004e-03 2.404730e+06 1.099614e-01 7.019877e-08 7.932764e-16 9.710623e-03 4.284467e-03 1.667425e-19 1.255774e-13 6.648371e-05 6.363773e-09 3.291366e-16 6.400282e-23 8.996802e-47 1.561676e-13 2.108702e-23 5.598813e-28 2.490087e+07 1.935242e+10 4.602036e+00 5.682032e-02 5.719198e-19 9.916126e-07 5.650045e-29 6.098651e-45 1.346599e-10 3.005908e-18 1.575391e-11 3.660063e-17 2.372063e-08 3.703737e-01 2.585163e+00 3.335992e-05 3.267025e-13 1.769354e-12 1.644331e-04 2.605951e-10 2.092578e-15 0.000000e+00 0.000000e+00 0.000000e+00 0.000000e+00 0.000000e+00 0.000000e+00 0.000000e+00 0.000000e+00 0.000000e+00 0.000000e+00 0.000000e+00 0.000000e+00 2.468459e+10 6.304776e+07 8.883558e+04 4.362040e+12 1.007744e+01 1.817741e-13 1.463158e-05 1.223727e-04 4.418216e-06 1.159447e-05 2.549250e-09 6.887054e-10 5.316987e-15 1.095389e-28 6.140082e-34 6.788901e-31 0.000000e+00 0.000000e+00 3.177350e-33 1.800410e-20 9.017587e-04 0.000000e+00 0.000000e+00 0.000000e+00 0.000000e+00 0.000000e+00 0.000000e+00 0.000000e+00 1.542978e-03 0.000000e+00 0.000000e+00 0.000000e+00 0.000000e+00 0.000000e+00 0.000000e+00 0.000000e+00 0.000000e+00 0.000000e+00 0.000000e+00 0.000000e+00 0.000000e+00 0.000000e+00 0.000000e+00 0.000000e+00 0.000000e+00 0.000000e+00 0.000000e+00 0.000000e+00 0.000000e+00 0.000000e+00 0.000000e+00 0.000000e+00 0.000000e+00 0.000000e+00 1.037520e-79 1.008986e-36 2.599484e-38 3.230529e-27 1.979600e-40 0.000000e+00
93.000000 92.000000 94.000000 176.080002 7.400903e-03 1.454943e+10 2.057601e-05 1.632924e+06 9.816508e-02 7.671845e-10 4.250914e-16 2.427582e-03 2.978065e-03 4.889322e-20 7.851862e-14 1.194607e-06 3.400624e-10 1.176683e-17 1.365375e-24 6.160681e-49 9.760895e-14 2.497243e-25 1.135893e-29 6.258686e+07 1.442618e+10 1.181286e+00 1.714455e-02 7.043885e-20 2.556593e-07 2.578497e-30 4.214630e-45 4.116810e-11 3.572177e-18 1.435459e-11 1.030491e-17 5.311644e-09 2.544431e-01 1.785134e+00 2.289826e-05 9.081637e-14 5.579993e-13 9.611730e-05 1.835998e-10 1.223210e-15 0.000000e+00 0.000000e+00 0.000000e+00 0.000000e+00 0.000000e+00 0.000000e+00 0.000000e+00 0.000000e+00 0.000000e+00 0.000000e+00 0.000000e+00 0.000000e+00 1.595489e+10 4.277505e+07 1.553249e+03 3.013864e+12 1.093114e+01 1.765439e-13 2.178405e-05 1.918808e-04 1.535191e-06 4.819616e-06 9.044836e-10 4.224259e-10 2.204337e-15 4.657575e-31 6.939402e-36 7.477091e-31 0.000000e+00 0.000000e+00 1.867900e-35 5.009926e-21 6.227480e-04 0.000000e+00 0.000000e+00 0.000000e+00 0.000000e+00 0.000000e+00 0.000000e+00 0.000000e+00 5.924099e-04 0.000000e+00 0.000000e+00 0.000000e+00 0.000000e+00 0.000000e+00 0.000000e+00 0.000000e+00 0.000000e+00 0.000000e+00 0.000000e+00 0.000000e+00 0.000000e+00 0.000000e+00 0.000000e+00 0.000000e+00 0.000000e+00 0.000000e+00 0.000000e+00 0.000000e+00 0.000000e+00 0.000000e+00 0.000000e+00 0.000000e+00 0.000000e+00 0.000000e+00 1.940780e-80 4.376181e-37 7.017930e-39 4.808639e-28 8.722977e-41 0.000000e+00
95.000000 94.000000 96.000000 176.080002 5.113497e-03 1.076861e+10 3.140356e-06 1.099184e+06 9.080521e-02 1.501901e-10 2.505587e-16 6.266914e-04 2.067572e-03 1.428586e-20 4.931919e-14 3.883799e-07 1.180200e-10 2.753369e-18 1.872760e-25 4.218633e-51 6.127802e-14 4.755933e-26 2.635553e-31 7.412812e+07 1.062167e+10 3.020211e-01 5.079255e-03 9.859005e-21 6.552254e-08 1.180434e-31 2.912280e-45 1.289829e-11 2.994843e-18 9.069480e-12 2.969552e-18 1.181898e-09 1.751664e-01 1.232949e+00 1.575854e-05 2.577198e-14 1.807853e-13 5.664786e-05 1.513122e-10 7.209234e-16 0.000000e+00 0.000000e+00 0.000000e+00 0.000000e+00 0.000000e+00 0.000000e+00 0.000000e+00 0.000000e+00 0.000000e+00 0.000000e+00 0.000000e+00 0.000000e+00 1.033860e+10 2.878322e+07 4.839016e+02 2.082366e+12 1.169263e+01 1.732139e-13 1.604413e-05 1.427304e-04 5.366674e-07 2.039716e-06 3.224281e-10 2.686973e-10 9.451127e-16 3.052990e-32 8.233232e-38 5.880133e-31 0.000000e+00 0.000000e+00 1.098123e-37 1.373365e-21 4.300957e-04 0.000000e+00 0.000000e+00 0.000000e+00 0.000000e+00 0.000000e+00 0.000000e+00 0.000000e+00 2.276074e-04 0.000000e+00 0.000000e+00 0.000000e+00 0.000000e+00 0.000000e+00 0.000000e+00 0.000000e+00 0.000000e+00 0.000000e+00 0.000000e+00 0.000000e+00 0.000000e+00 0.000000e+00 0.000000e+00 0.000000e+00 0.000000e+00 0.000000e+00 0.000000e+00 0.000000e+00 0.000000e+00 0.000000e+00 0.000000e+00 0.000000e+00 0.000000e+00 0.000000e+00 4.039807e-81 2.002681e-37 1.912378e-39 7.214010e-29 3.252117e-41 0.000000e+00
97.000000 96.000000 98.000000 176.080002 3.533065e-03 7.838504e+09 6.284199e-07 7.302523e+05 8.503106e-02 3.768709e-11 1.518370e-16 1.764174e-04 1.433605e-03 4.138199e-21 3.109132e-14 2.076879e-07 5.650371e-11 8.895715e-19 3.432857e-26 2.888908e-53 3.860112e-14 1.468952e-26 1.327821e-32 6.934847e+07 7.700720e+09 7.816735e-02 1.497467e-03 1.672192e-21 1.694817e-08 5.417927e-33 2.012262e-45 4.290055e-12 2.190176e-18 4.900387e-12 8.838786e-19 2.646461e-10 1.207736e-01 8.517007e-01 1.087005e-05 7.539792e-15 6.117991e-14 3.417613e-05 1.289499e-10 4.349455e-16 0.000000e+00 0.000000e+00 0.000000e+00 0.000000e+00 0.000000e+00 0.000000e+00 0.000000e+00 0.000000e+00 0.000000e+00 0.000000e+00 0.000000e+00 0.000000e+00 6.763214e+09 1.913066e+07 1.925357e+02 1.438769e+12 1.230569e+01 1.711537e-13 9.425124e-06 8.423952e-05 1.926870e-07 8.753370e-07 1.179172e-10 1.732262e-10 4.359724e-16 3.536054e-33 1.315674e-39 4.096262e-31 0.000000e+00 0.000000e+00 6.457030e-40 3.738587e-22 2.970702e-04 0.000000e+00 0.000000e+00 0.000000e+00 0.000000e+00 0.000000e+00 0.000000e+00 0.000000e+00 8.938013e-05 0.000000e+00 0.000000e+00 0.000000e+00 0.000000e+00 0.000000e+00 0.000000e+00 0.000000e+00 0.000000e+00 0.000000e+00 0.000000e+00 0.000000e+00 0.000000e+00 0.000000e+00 0.000000e+00 0.000000e+00 0.000000e+00 0.000000e+00 0.000000e+00 0.000000e+00 0.000000e+00 0.000000e+00 0.000000e+00 0.000000e+00 0.000000e+00 0.000000e+00 9.831393e-82 9.915540e-38 5.249766e-40 1.104263e-29 1.063544e-41 0.000000e+00
99.000000 98.000000 100.000000 176.080002 2.441097e-03 5.582861e+09 1.393967e-07 4.753577e+05 8.036325e-02 1.072279e-11 9.398090e-17 6.324181e-05 9.925159e-04 1.194758e-21 1.962972e-14 1.289318e-07 3.507416e-11 3.725617e-19 7.849032e-27 1.992700e-55 2.434379e-14 5.953185e-27 2.497686e-33 5.575277e+07 5.471987e+09 2.360320e-02 4.970607e-04 3.955557e-22 5.099077e-09 2.602732e-34 1.390354e-45 1.716567e-12 1.478937e-18 2.386615e-12 3.150670e-19 6.859800e-11 8.336708e-02 5.884087e-01 7.514210e-06 2.616160e-15 2.502757e-14 2.165611e-05 1.171779e-10 2.756122e-16 0.000000e+00 0.000000e+00 0.000000e+00 0.000000e+00 0.000000e+00 0.000000e+00 0.000000e+00 0.000000e+00 0.000000e+00 0.000000e+00 0.000000e+00 0.000000e+00 4.513726e+09 1.247591e+07 8.675172e+01 9.940857e+11 1.287534e+01 1.725124e-13 4.782133e-06 4.284694e-05 8.232182e-08 3.864678e-07 5.148825e-11 1.128992e-10 2.466218e-16 6.345286e-34 6.544005e-41 2.688703e-31 0.000000e+00 0.000000e+00 3.829581e-42 1.176872e-22 2.052154e-04 0.000000e+00 0.000000e+00 0.000000e+00 0.000000e+00 0.000000e+00 0.000000e+00 0.000000e+00 4.164270e-05 0.000000e+00 0.000000e+00 0.000000e+00 0.000000e+00 0.000000e+00 0.000000e+00 0.000000e+00 0.000000e+00 0.000000e+00 0.000000e+00 0.000000e+00 0.000000e+00 0.000000e+00 0.000000e+00 0.000000e+00 0.000000e+00 0.000000e+00 0.000000e+00 0.000000e+00 0.000000e+00 0.000000e+00 0.000000e+00 0.000000e+00 0.000000e+00 0.000000e+00 3.117288e-82 5.597584e-38 1.455864e-40 1.973330e-30 3.316632e-42 0.000000e+00
