# z		 z0		 z1		 T		 P		1		2		3		4		5		6		7		8		9		10		11		12		13		14		15		16		17		18		19		20		21		22		23		24		25		26		27		28		29		30		31		32		33		34		35		36		37		38		39		40		41		42		43		44		45		46		47		48		49		50		51		52		53		54		55		56		57		58		59		60		61		62		63		64		65		66		67		68		69		70		71		72		73		74		75		76		77		78		79		80		81		82		83		84		85		86		87		88		89		90		91		92		93		94		95		96		97		98		99		100		101		102		103		104		105		106		107		108		109		110		111		
#  km		 km		 km		 K		 Pa		
1.000000 0.000000 2.000000 293.466285 9.316650e+04 2.238032e+05 9.643614e-05 2.597747e+09 1.033593e+06 4.343530e+01 3.974037e+04 6.622285e+17 8.385590e-10 3.298190e-04 6.487406e-09 1.308030e+06 5.307567e+02 6.652782e-04 1.813900e-09 1.561215e-22 7.840957e+01 5.611298e+00 3.647315e-04 6.489085e-17 6.127675e+11 4.129323e+12 1.532826e+09 9.920983e-02 5.310744e+08 3.384633e-09 1.015734e-41 5.409950e-07 1.732591e-09 1.317086e+00 4.877705e-01 5.175328e+05 2.345139e-13 1.509504e+02 7.149732e-01 1.610918e+04 1.049793e-01 4.999929e+00 5.225830e-14 4.604020e-12 0.000000e+00 0.000000e+00 0.000000e+00 0.000000e+00 0.000000e+00 0.000000e+00 0.000000e+00 0.000000e+00 0.000000e+00 0.000000e+00 0.000000e+00 0.000000e+00 2.299405e+17 3.317658e+14 2.230729e+03 2.276410e+19 3.255936e-11 4.372894e-07 1.228278e-13 5.036758e-06 4.331933e+04 4.591753e+06 3.195210e+03 4.687366e+08 5.875820e-18 4.203228e-02 2.725887e-06 1.014968e-23 0.000000e+00 0.000000e+00 5.488540e-13 1.526227e-09 1.910038e-06 0.000000e+00 0.000000e+00 0.000000e+00 0.000000e+00 0.000000e+00 0.000000e+00 0.000000e+00 2.219701e-09 0.000000e+00 0.000000e+00 0.000000e+00 0.000000e+00 0.000000e+00 0.000000e+00 0.000000e+00 0.000000e+00 0.000000e+00 0.000000e+00 0.000000e+00 0.000000e+00 0.000000e+00 0.000000e+00 0.000000e+00 0.000000e+00 0.000000e+00 0.000000e+00 0.000000e+00 0.000000e+00 0.000000e+00 0.000000e+00 0.000000e+00 0.000000e+00 0.000000e+00 4.559441e-45 3.499773e-23 5.145299e-22 2.506278e-07 3.847356e-17 0.000000e+00
3.000000 2.000000 4.000000 284.561325 7.390314e+04 3.233638e+06 4.398171e-02 1.174792e+09 5.132016e+05 6.598033e+02 2.324975e+04 6.606967e+16 7.492249e-09 5.496776e-03 4.598061e-07 1.080462e+06 4.760280e+02 1.485398e-02 7.605752e-07 1.428474e-18 5.702794e+01 2.203049e+00 6.973583e-03 7.475286e-17 5.782630e+11 3.377018e+12 9.874862e+08 1.022148e+00 3.996480e+08 6.450637e-08 2.576585e-40 6.506119e-06 2.551372e-08 1.109930e+00 3.614077e-01 4.125480e+05 6.876143e-13 3.510161e+02 1.121763e+00 2.105010e+04 1.014512e-01 4.208643e+00 6.120145e-14 3.124947e-10 0.000000e+00 1.553262e-33 0.000000e+00 0.000000e+00 0.000000e+00 0.000000e+00 0.000000e+00 0.000000e+00 0.000000e+00 0.000000e+00 0.000000e+00 0.000000e+00 1.881045e+17 2.713275e+14 3.670947e+04 1.862242e+19 6.421733e-11 2.149539e-07 2.144965e-13 1.847593e-06 3.044637e+04 3.634965e+06 1.686642e+03 2.750604e+08 1.213024e-15 1.813223e-02 1.315999e-05 4.469561e-23 0.000000e+00 0.000000e+00 6.177948e-10 1.698777e-08 3.353517e-05 0.000000e+00 0.000000e+00 0.000000e+00 4.841266e-36 0.000000e+00 0.000000e+00 0.000000e+00 2.516256e-09 0.000000e+00 0.000000e+00 0.000000e+00 0.000000e+00 0.000000e+00 0.000000e+00 0.000000e+00 0.000000e+00 0.000000e+00 0.000000e+00 0.000000e+00 0.000000e+00 0.000000e+00 0.000000e+00 0.000000e+00 0.000000e+00 0.000000e+00 0.000000e+00 0.000000e+00 0.000000e+00 0.000000e+00 0.000000e+00 0.000000e+00 0.000000e+00 0.000000e+00 5.252604e-44 5.307900e-21 8.143568e-20 5.138361e-07 4.050393e-17 0.000000e+00
5.000000 4.000000 6.000000 274.825118 5.812385e+04 1.849117e+07 1.497820e+00 2.038135e+09 1.121531e+06 4.789915e+03 7.321506e+04 3.462222e+16 3.613190e-08 1.732472e-02 1.395076e-06 9.047150e+05 4.232727e+02 4.031402e-02 7.788505e-06 1.626055e-16 4.178718e+01 3.660636e+00 2.871552e-02 1.192040e-15 5.656970e+11 2.748950e+12 9.734838e+08 2.521963e+00 2.845299e+08 8.427242e-07 6.024618e-40 1.488265e-05 5.730382e-08 1.044487e+00 2.910620e-01 3.155973e+05 6.463266e-12 9.469884e+02 2.570441e+00 1.009625e+04 4.221238e-02 3.549393e+00 1.049946e-13 9.131961e-10 0.000000e+00 0.000000e+00 0.000000e+00 0.000000e+00 0.000000e+00 0.000000e+00 0.000000e+00 0.000000e+00 0.000000e+00 0.000000e+00 0.000000e+00 0.000000e+00 1.531825e+17 2.208622e+14 3.934701e+05 1.516516e+19 9.793558e-11 2.557968e-07 1.338115e-12 3.269125e-06 2.395978e+04 2.926323e+06 1.065400e+03 1.402789e+08 7.711204e-15 9.233305e-03 1.912419e-05 8.910648e-23 0.000000e+00 0.000000e+00 5.292930e-08 1.371024e-07 2.604541e-04 0.000000e+00 0.000000e+00 0.000000e+00 0.000000e+00 0.000000e+00 0.000000e+00 0.000000e+00 2.943427e-09 0.000000e+00 0.000000e+00 0.000000e+00 0.000000e+00 0.000000e+00 0.000000e+00 0.000000e+00 0.000000e+00 0.000000e+00 0.000000e+00 0.000000e+00 0.000000e+00 0.000000e+00 0.000000e+00 0.000000e+00 0.000000e+00 0.000000e+00 0.000000e+00 0.000000e+00 0.000000e+00 0.000000e+00 0.000000e+00 0.000000e+00 0.000000e+00 0.000000e+00 8.543467e-43 2.808847e-20 5.229908e-19 9.244516e-07 5.641628e-17 0.000000e+00
7.000000 6.000000 8.000000 264.060321 4.529734e+04 5.958384e+07 2.165007e+01 2.355941e+09 1.707497e+06 2.085435e+04 1.640583e+05 1.431333e+16 9.756325e-07 3.851522e-02 4.052901e-06 7.752330e+05 3.815481e+02 9.370628e-02 4.773166e-05 1.383458e-14 2.765535e+01 4.394212e+00 8.632422e-02 7.425089e-15 5.756186e+11 2.228442e+12 7.756804e+08 3.644762e+00 1.812486e+08 1.506997e-05 7.448576e-40 3.544629e-05 1.085853e-07 1.039854e+00 2.364932e-01 2.373827e+05 4.020482e-11 1.987493e+03 4.658962e+00 6.496344e+03 3.681827e-02 3.004030e+00 1.106412e-13 1.367181e-09 0.000000e+00 1.868917e-32 0.000000e+00 0.000000e+00 0.000000e+00 0.000000e+00 0.000000e+00 0.000000e+00 0.000000e+00 0.000000e+00 0.000000e+00 0.000000e+00 1.242453e+17 1.790275e+14 2.129130e+06 1.230038e+19 2.728269e-10 6.138759e-07 4.855203e-12 3.950011e-06 1.905806e+04 2.350017e+06 5.942509e+02 7.187231e+07 5.512443e-14 4.296172e-03 2.233634e-05 1.648306e-21 0.000000e+00 0.000000e+00 5.132974e-06 5.628677e-07 2.596172e-03 0.000000e+00 0.000000e+00 0.000000e+00 1.479467e-34 3.164574e-61 0.000000e+00 0.000000e+00 3.400679e-09 0.000000e+00 0.000000e+00 0.000000e+00 0.000000e+00 0.000000e+00 0.000000e+00 0.000000e+00 0.000000e+00 0.000000e+00 0.000000e+00 0.000000e+00 0.000000e+00 0.000000e+00 0.000000e+00 0.000000e+00 0.000000e+00 0.000000e+00 0.000000e+00 0.000000e+00 0.000000e+00 0.000000e+00 0.000000e+00 0.000000e+00 0.000000e+00 0.000000e+00 1.675173e-41 2.016260e-19 4.378693e-18 1.572502e-06 9.521970e-17 0.000000e+00
9.000000 8.000000 10.000000 251.150865 3.490228e+04 1.438289e+08 2.512678e+02 2.089270e+09 2.124365e+06 7.552369e+04 4.970023e+05 4.377895e+15 3.868929e-04 5.819908e-02 9.810168e-06 6.872547e+05 3.492048e+02 2.204885e-01 2.633670e-04 1.140662e-12 1.513753e+01 4.489040e+00 2.606645e-01 2.758236e-14 5.946941e+11 1.804091e+12 5.023090e+08 5.016613e+00 1.058169e+08 3.105918e-04 4.231731e-40 9.667625e-05 1.866180e-07 1.107630e+00 1.866831e-01 1.798986e+05 2.269014e-10 2.770455e+03 5.719288e+00 4.423627e+03 5.850765e-02 2.561186e+00 7.762280e-14 1.510216e-09 0.000000e+00 0.000000e+00 0.000000e+00 0.000000e+00 0.000000e+00 0.000000e+00 0.000000e+00 0.000000e+00 0.000000e+00 0.000000e+00 0.000000e+00 0.000000e+00 1.006535e+17 1.449105e+14 9.191860e+06 9.964788e+18 2.602894e-09 2.288245e-05 1.369327e-11 3.543427e-06 1.470244e+04 1.787040e+06 3.140035e+02 3.774093e+07 4.665678e-13 1.999603e-03 2.730644e-05 4.105170e-19 0.000000e+00 0.000000e+00 9.019764e-04 1.786587e-06 2.210306e-02 0.000000e+00 0.000000e+00 0.000000e+00 0.000000e+00 0.000000e+00 0.000000e+00 0.000000e+00 3.785399e-09 0.000000e+00 0.000000e+00 0.000000e+00 0.000000e+00 0.000000e+00 0.000000e+00 0.000000e+00 0.000000e+00 0.000000e+00 0.000000e+00 0.000000e+00 0.000000e+00 0.000000e+00 0.000000e+00 0.000000e+00 0.000000e+00 0.000000e+00 0.000000e+00 0.000000e+00 0.000000e+00 0.000000e+00 0.000000e+00 0.000000e+00 0.000000e+00 0.000000e+00 3.809760e-40 1.279714e-18 3.156328e-17 2.277230e-06 1.694358e-16 0.000000e+00
11.000000 10.000000 12.000000 235.188509 2.647706e+04 3.156969e+08 1.906015e+04 1.158719e+09 2.566430e+06 1.149384e+06 8.429686e+06 8.459447e+14 1.801815e-03 4.262826e-02 1.511855e-05 6.534561e+05 3.302070e+02 8.122940e-01 2.639374e-03 8.347807e-11 4.846044e+00 4.744336e+00 1.355365e+00 6.476580e-14 6.334231e+11 1.460102e+12 1.912248e+08 1.532892e+01 5.710567e+07 8.197831e-03 9.792076e-41 5.757499e-04 4.234128e-07 1.542303e+00 1.561892e-01 1.389882e+05 2.010275e-09 3.316223e+03 8.802518e+00 3.083190e+03 1.899872e-01 2.235915e+00 4.040940e-14 2.095419e-09 1.067405e-18 0.000000e+00 4.357707e-18 2.522891e-16 9.132933e-22 1.094678e-20 3.203600e-20 2.762875e-20 3.839932e-17 0.000000e+00 0.000000e+00 0.000000e+00 8.153842e+16 1.172459e+14 1.784637e+08 8.072401e+18 2.507908e-07 2.238413e-05 3.919973e-11 3.388342e-06 1.377149e+04 1.181477e+06 2.288011e+02 2.012947e+07 7.518834e-12 1.523349e-03 6.893051e-05 2.073109e-18 3.873285e-20 0.000000e+00 9.790031e-02 3.091053e-05 1.475744e-01 7.123866e-17 2.717881e-27 1.844276e-26 0.000000e+00 0.000000e+00 0.000000e+00 0.000000e+00 4.465783e-09 0.000000e+00 0.000000e+00 0.000000e+00 0.000000e+00 0.000000e+00 0.000000e+00 0.000000e+00 0.000000e+00 0.000000e+00 0.000000e+00 0.000000e+00 0.000000e+00 0.000000e+00 0.000000e+00 0.000000e+00 0.000000e+00 0.000000e+00 0.000000e+00 0.000000e+00 0.000000e+00 0.000000e+00 0.000000e+00 0.000000e+00 0.000000e+00 0.000000e+00 1.224011e-38 5.508820e-18 1.181637e-16 2.727302e-06 3.100514e-16 0.000000e+00
13.000000 12.000000 14.000000 216.939268 1.966814e+04 4.597907e+07 1.099008e+07 6.084069e+06 2.349671e+06 1.200608e+08 9.930952e+08 9.701319e+13 1.447542e-02 3.023362e-03 1.199415e-05 1.090832e+06 3.186517e+02 6.667990e+01 6.410376e-02 2.743759e-08 1.216296e-01 4.053152e+00 4.455607e+01 1.410391e-17 1.163447e+12 1.171121e+12 1.472039e+07 2.474308e+02 1.037062e+07 9.805079e-01 3.619726e-43 2.442374e-02 1.957510e-06 1.282228e+01 9.828903e-01 1.135164e+05 5.973764e-08 6.200572e+01 1.782026e+00 1.710875e+02 8.409718e+00 2.557253e+00 1.560993e-14 1.191679e-07 1.270278e-21 4.895302e-36 1.920427e-18 3.090022e-17 6.122623e-22 6.724650e-23 3.269953e-22 1.482130e-21 6.370504e-21 8.983276e-34 1.533983e-51 0.000000e+00 6.566431e+16 9.406922e+13 1.407416e+11 6.500909e+18 1.919917e-04 5.513647e-06 1.297532e-12 3.177143e-06 1.878511e+04 3.644693e+03 1.264371e+01 5.828985e+05 6.836037e-10 2.751095e-02 3.128593e-04 5.540539e-16 1.655633e-21 0.000000e+00 4.178478e+01 3.143849e-02 1.683229e+00 6.972631e-17 4.442109e-28 3.018960e-27 4.347289e-38 0.000000e+00 0.000000e+00 0.000000e+00 4.004490e-08 0.000000e+00 0.000000e+00 0.000000e+00 0.000000e+00 0.000000e+00 0.000000e+00 0.000000e+00 0.000000e+00 0.000000e+00 0.000000e+00 0.000000e+00 0.000000e+00 0.000000e+00 0.000000e+00 0.000000e+00 0.000000e+00 0.000000e+00 0.000000e+00 0.000000e+00 0.000000e+00 0.000000e+00 0.000000e+00 0.000000e+00 0.000000e+00 0.000000e+00 2.043949e-36 1.305057e-15 1.181991e-16 2.621064e-06 9.035774e-16 0.000000e+00
15.000000 14.000000 16.000000 200.700825 1.424585e+04 7.567484e+07 1.440580e+08 5.538816e+05 7.935414e+05 7.111198e+07 3.838314e+08 1.091570e+13 1.640041e-01 2.830866e-03 3.143803e-05 2.881654e+06 7.797515e+02 1.074908e+02 1.324512e-01 8.334931e-08 1.343392e-02 3.100068e+00 2.189580e+01 3.319514e-21 3.454136e+12 9.138090e+11 2.195713e+06 5.637240e+00 1.608721e+06 1.528325e-01 1.588646e-46 7.934577e-03 1.748367e-07 1.978078e+00 8.365763e-02 6.883444e+04 1.821350e-08 1.924939e+00 2.292996e-01 2.943462e+01 2.106758e-01 4.082527e+00 2.956613e-15 5.398982e-08 0.000000e+00 9.624745e-41 0.000000e+00 0.000000e+00 0.000000e+00 0.000000e+00 0.000000e+00 0.000000e+00 0.000000e+00 0.000000e+00 0.000000e+00 0.000000e+00 5.140693e+16 7.347843e+13 1.291546e+12 5.089647e+18 3.407241e-03 3.971402e-06 7.000302e-15 3.050543e-08 3.300869e+02 6.068345e+01 9.785232e-02 5.833494e+04 4.315993e-10 7.639599e-04 4.288796e-06 3.577769e-16 0.000000e+00 0.000000e+00 3.797728e+01 4.743814e-03 5.878068e+00 0.000000e+00 0.000000e+00 0.000000e+00 7.312126e-45 0.000000e+00 0.000000e+00 0.000000e+00 4.985589e-09 0.000000e+00 0.000000e+00 0.000000e+00 0.000000e+00 0.000000e+00 0.000000e+00 0.000000e+00 0.000000e+00 0.000000e+00 0.000000e+00 0.000000e+00 0.000000e+00 0.000000e+00 0.000000e+00 0.000000e+00 0.000000e+00 0.000000e+00 0.000000e+00 0.000000e+00 0.000000e+00 0.000000e+00 0.000000e+00 0.000000e+00 0.000000e+00 0.000000e+00 9.034694e-34 6.880438e-14 6.830263e-16 1.317320e-07 2.099378e-16 0.000000e+00
17.000000 16.000000 18.000000 190.744260 1.010188e+04 1.139256e+08 3.877692e+08 2.990943e+05 4.436177e+05 4.802929e+07 1.706433e+08 2.522214e+12 7.459080e-01 3.383485e-03 6.925398e-05 4.655899e+06 1.352840e+03 1.256087e+02 1.842303e-01 1.199971e-07 6.481967e-03 2.571745e+00 1.135887e+01 3.864674e-22 6.734383e+12 6.795083e+11 5.874502e+05 1.344390e-01 2.158179e+05 3.387041e-02 2.030279e-46 2.381800e-03 2.829721e-08 4.443112e-01 1.426318e-02 4.178752e+04 7.006311e-09 3.867580e-01 6.924072e-02 8.285418e+00 2.771547e-02 5.993550e+00 1.321502e-15 2.480741e-08 0.000000e+00 1.108038e-45 0.000000e+00 0.000000e+00 0.000000e+00 0.000000e+00 0.000000e+00 0.000000e+00 0.000000e+00 3.464858e-33 9.730011e-54 0.000000e+00 3.835185e+16 5.474864e+13 3.000205e+12 3.797518e+18 1.301769e-02 6.517850e-06 2.926780e-15 6.859543e-09 4.154046e+01 1.491559e+01 1.443515e-02 2.318859e+04 2.426850e-10 1.088328e-04 6.088432e-07 1.804146e-16 0.000000e+00 0.000000e+00 2.556158e+01 1.292582e-03 1.089351e+01 0.000000e+00 0.000000e+00 0.000000e+00 8.123983e-52 0.000000e+00 0.000000e+00 0.000000e+00 1.288987e-09 0.000000e+00 0.000000e+00 0.000000e+00 0.000000e+00 0.000000e+00 0.000000e+00 0.000000e+00 0.000000e+00 0.000000e+00 0.000000e+00 0.000000e+00 0.000000e+00 0.000000e+00 0.000000e+00 0.000000e+00 0.000000e+00 0.000000e+00 0.000000e+00 0.000000e+00 0.000000e+00 0.000000e+00 0.000000e+00 0.000000e+00 0.000000e+00 0.000000e+00 2.729419e-32 4.129294e-13 2.716327e-15 2.509382e-08 5.706471e-17 0.000000e+00
19.000000 18.000000 20.000000 185.009615 7.070599e+03 1.437570e+08 5.287358e+08 2.918581e+05 3.533805e+05 3.973113e+07 1.095080e+08 9.828271e+11 1.920994e+00 3.286439e-03 9.961899e-05 4.453003e+06 1.684487e+03 1.254218e+02 1.813929e-01 1.041335e-07 4.597219e-03 2.076276e+00 6.809696e+00 2.834367e-22 9.492004e+12 4.885697e+11 2.577442e+05 1.174038e-02 2.562519e+04 1.342318e-02 1.356196e-38 1.219761e-03 9.215889e-09 1.639825e-01 4.564893e-03 2.542372e+04 5.531458e-09 1.867429e-01 3.120193e-02 3.371570e+00 8.445486e-03 7.323135e+00 9.887753e-16 1.602529e-08 5.807195e-23 1.106769e-50 1.703789e-18 1.406121e-17 4.100241e-21 3.386286e-28 7.604718e-25 7.539796e-24 1.814152e-23 2.896985e-33 8.164888e-54 0.000000e+00 2.767101e+16 3.947659e+13 4.462058e+12 2.740381e+18 2.580801e-02 9.247091e-06 3.183460e-15 3.610625e-09 1.342624e+01 9.465719e+00 9.922400e-03 1.404656e+04 2.251172e-10 3.422264e-05 3.684958e-07 1.222265e-16 4.216926e-24 0.000000e+00 1.719588e+01 5.775967e-04 1.450527e+01 0.000000e+00 5.775040e-28 3.920499e-27 8.466331e-59 0.000000e+00 0.000000e+00 0.000000e+00 6.330028e-10 0.000000e+00 0.000000e+00 0.000000e+00 0.000000e+00 0.000000e+00 0.000000e+00 0.000000e+00 0.000000e+00 0.000000e+00 0.000000e+00 0.000000e+00 0.000000e+00 0.000000e+00 0.000000e+00 0.000000e+00 0.000000e+00 0.000000e+00 0.000000e+00 0.000000e+00 0.000000e+00 0.000000e+00 0.000000e+00 0.000000e+00 0.000000e+00 0.000000e+00 7.240232e-32 7.165780e-13 4.552029e-15 1.003347e-08 2.118198e-17 0.000000e+00
21.000000 20.000000 22.000000 179.896807 4.898962e+03 1.981517e+08 6.253346e+08 3.562502e+05 3.332348e+05 2.953105e+07 5.792640e+07 3.987517e+11 3.488624e+00 1.867004e-03 9.062861e-05 3.365594e+06 1.698085e+03 8.976824e+01 1.364971e-01 5.003738e-08 2.996759e-03 1.578242e+00 3.456431e+00 4.648666e-22 1.098114e+13 3.468462e+11 1.393995e+05 1.803443e-03 2.966059e+03 5.769441e-03 5.287751e-31 6.691654e-04 3.479457e-09 6.682254e-02 1.637029e-03 1.585239e+04 5.531567e-09 1.215931e-01 2.132033e-02 1.621815e+00 3.941059e-03 7.746647e+00 7.784824e-16 9.382261e-09 1.267589e-22 1.145664e-55 3.888292e-18 2.925541e-17 2.177449e-20 2.143140e-28 1.112016e-24 1.184581e-23 2.696703e-23 8.619506e-34 3.259106e-54 0.000000e+00 1.971291e+16 2.811964e+13 5.280845e+12 1.952674e+18 4.427064e-02 9.789286e-06 5.090961e-15 2.446626e-09 6.672734e+00 8.190076e+00 9.758405e-03 1.018513e+04 2.202470e-10 1.204189e-05 2.324305e-07 6.188548e-17 6.724346e-24 0.000000e+00 7.438361e+00 3.134638e-04 1.595908e+01 0.000000e+00 1.746051e-27 1.183883e-26 1.022289e-65 0.000000e+00 0.000000e+00 0.000000e+00 3.453084e-10 0.000000e+00 0.000000e+00 0.000000e+00 0.000000e+00 0.000000e+00 0.000000e+00 0.000000e+00 0.000000e+00 0.000000e+00 0.000000e+00 0.000000e+00 0.000000e+00 0.000000e+00 0.000000e+00 0.000000e+00 0.000000e+00 0.000000e+00 0.000000e+00 0.000000e+00 0.000000e+00 0.000000e+00 0.000000e+00 0.000000e+00 0.000000e+00 0.000000e+00 2.632349e-32 4.545119e-13 3.030076e-15 4.074919e-09 6.071193e-18 0.000000e+00
23.000000 22.000000 24.000000 175.297669 3.360632e+03 2.744128e+08 6.460918e+08 4.895505e+05 3.431989e+05 2.114562e+07 2.894009e+07 1.706804e+11 4.984725e+00 8.062580e-04 6.300176e-05 2.156860e+06 1.461706e+03 5.221666e+01 8.235203e-02 1.576832e-08 1.826129e-03 1.096548e+00 1.557638e+00 1.181088e-21 1.123131e+13 2.432564e+11 8.551177e+04 3.486073e-04 3.511460e+02 2.670697e-03 3.207191e-31 3.977323e-04 1.502483e-09 3.002697e-02 6.559128e-04 1.005999e+04 6.564432e-09 9.474571e-02 1.768842e-02 8.653713e-01 2.345914e-03 7.441234e+00 6.279657e-16 5.410891e-09 3.445166e-23 0.000000e+00 9.904193e-19 6.959903e-18 3.762952e-21 1.904718e-29 1.948459e-25 2.362436e-24 5.389358e-24 1.748940e-33 1.060184e-53 0.000000e+00 1.387412e+16 1.979540e+13 5.465852e+12 1.374655e+18 6.637907e-02 8.592472e-06 9.876986e-15 1.908936e-09 4.292849e+00 8.184393e+00 9.825779e-03 7.986113e+03 2.291096e-10 4.522013e-06 1.234714e-07 2.802286e-17 1.501144e-24 0.000000e+00 2.505048e+00 1.905484e-04 1.567091e+01 0.000000e+00 6.055470e-28 4.099443e-27 1.378383e-65 0.000000e+00 0.000000e+00 0.000000e+00 2.090249e-10 0.000000e+00 0.000000e+00 0.000000e+00 0.000000e+00 0.000000e+00 0.000000e+00 0.000000e+00 0.000000e+00 0.000000e+00 0.000000e+00 0.000000e+00 0.000000e+00 0.000000e+00 0.000000e+00 0.000000e+00 0.000000e+00 0.000000e+00 0.000000e+00 0.000000e+00 0.000000e+00 0.000000e+00 0.000000e+00 0.000000e+00 0.000000e+00 0.000000e+00 2.834754e-33 1.548817e-13 1.161459e-15 1.674626e-09 1.553988e-18 0.000000e+00
25.000000 24.000000 26.000000 172.103862 2.286510e+03 3.233524e+08 5.075458e+08 7.293866e+05 3.691367e+05 1.721094e+07 1.867142e+07 9.272612e+10 6.115391e+00 3.972590e-04 4.271742e-05 1.144851e+06 1.113316e+03 3.041603e+01 4.133376e-02 4.126581e-09 1.216685e-03 6.804265e-01 7.249041e-01 3.937636e-21 1.056374e+13 1.679184e+11 5.530316e+04 9.777964e-05 4.506313e+01 1.455215e-03 6.361600e-37 3.164223e-04 9.291104e-10 1.673590e-02 3.387991e-04 6.421163e+03 1.017780e-08 7.712244e-02 1.377288e-02 5.116721e-01 1.625202e-03 6.680644e+00 5.799506e-16 3.790304e-09 0.000000e+00 0.000000e+00 0.000000e+00 0.000000e+00 0.000000e+00 0.000000e+00 0.000000e+00 0.000000e+00 0.000000e+00 0.000000e+00 0.000000e+00 0.000000e+00 9.612081e+15 1.372133e+13 5.178228e+12 9.526463e+17 7.643780e-02 7.731390e-06 2.117909e-14 1.681348e-09 3.253840e+00 9.107119e+00 8.220568e-03 6.355969e+03 3.092401e-10 1.991719e-06 5.436996e-08 1.824899e-17 0.000000e+00 0.000000e+00 9.362021e-01 1.227978e-04 1.427212e+01 0.000000e+00 0.000000e+00 0.000000e+00 4.951020e-59 0.000000e+00 0.000000e+00 0.000000e+00 1.630332e-10 0.000000e+00 0.000000e+00 0.000000e+00 0.000000e+00 0.000000e+00 0.000000e+00 0.000000e+00 0.000000e+00 0.000000e+00 0.000000e+00 0.000000e+00 0.000000e+00 0.000000e+00 0.000000e+00 0.000000e+00 0.000000e+00 0.000000e+00 0.000000e+00 0.000000e+00 0.000000e+00 0.000000e+00 0.000000e+00 0.000000e+00 0.000000e+00 0.000000e+00 1.935474e-34 4.158489e-14 4.137519e-16 8.052424e-10 5.550439e-19 0.000000e+00
27.000000 26.000000 28.000000 170.178293 1.547375e+03 3.280734e+08 3.195724e+08 1.127232e+06 4.000897e+05 1.580071e+07 1.530236e+07 6.034058e+10 6.720264e+00 2.270280e-04 2.904227e-05 5.262810e+05 7.902124e+02 1.887076e+01 1.860254e-02 1.019602e-09 8.912859e-04 3.836865e-01 3.559662e-01 1.557639e-20 9.472732e+12 1.144277e+11 3.559454e+04 3.780541e-05 7.417662e+00 8.796640e-04 0.000000e+00 3.118714e-04 7.824906e-10 1.102416e-02 2.142135e-04 4.103805e+03 1.834748e-08 6.278320e-02 9.668259e-03 3.233125e-01 1.211152e-03 5.768477e+00 6.096244e-16 3.174970e-09 0.000000e+00 0.000000e+00 0.000000e+00 0.000000e+00 0.000000e+00 0.000000e+00 0.000000e+00 0.000000e+00 0.000000e+00 0.000000e+00 0.000000e+00 0.000000e+00 6.576251e+15 9.394778e+12 4.666478e+12 6.519896e+17 7.118037e-02 7.462953e-06 4.921198e-14 1.597694e-09 2.666619e+00 1.063276e+01 5.780606e-03 4.954829e+03 5.014763e-10 9.970011e-07 2.119860e-08 1.676157e-17 0.000000e+00 0.000000e+00 4.076731e-01 7.956312e-05 1.245507e+01 0.000000e+00 0.000000e+00 0.000000e+00 1.403968e-52 0.000000e+00 0.000000e+00 0.000000e+00 1.555459e-10 0.000000e+00 0.000000e+00 0.000000e+00 0.000000e+00 0.000000e+00 0.000000e+00 0.000000e+00 0.000000e+00 0.000000e+00 0.000000e+00 0.000000e+00 0.000000e+00 0.000000e+00 0.000000e+00 0.000000e+00 0.000000e+00 0.000000e+00 0.000000e+00 0.000000e+00 0.000000e+00 0.000000e+00 0.000000e+00 0.000000e+00 0.000000e+00 0.000000e+00 1.044009e-35 9.838941e-15 1.443761e-16 4.266177e-10 2.735682e-19 0.000000e+00
29.000000 28.000000 30.000000 169.294937 1.044077e+03 3.395222e+08 1.953450e+08 1.762259e+06 4.290714e+05 1.385516e+07 1.144446e+07 3.783747e+10 6.712537e+00 1.088825e-04 1.691760e-05 2.297393e+05 5.430307e+02 1.084161e+01 7.717513e-03 2.110715e-10 6.231410e-04 2.010949e-01 1.570270e-01 7.111756e-20 8.239661e+12 7.723327e+10 2.345693e+04 1.958525e-05 2.560413e+00 5.093271e-04 4.099971e-37 2.798831e-04 6.538420e-10 7.197871e-03 1.371382e-04 2.626394e+03 2.945719e-08 5.741943e-02 7.254619e-03 2.098757e-01 9.364421e-04 4.854429e+00 6.984043e-16 2.656996e-09 0.000000e+00 0.000000e+00 0.000000e+00 0.000000e+00 0.000000e+00 0.000000e+00 0.000000e+00 0.000000e+00 0.000000e+00 0.000000e+00 0.000000e+00 0.000000e+00 4.458602e+15 6.375846e+12 4.073564e+12 4.422193e+17 6.479488e-02 6.759080e-06 1.258662e-13 1.608107e-09 2.362349e+00 1.252836e+01 4.065623e-03 3.729131e+03 7.198465e-10 4.999181e-07 7.515323e-09 1.355991e-17 0.000000e+00 0.000000e+00 1.520730e-01 5.259507e-05 1.057034e+01 0.000000e+00 0.000000e+00 0.000000e+00 3.147992e-46 0.000000e+00 0.000000e+00 0.000000e+00 1.501081e-10 0.000000e+00 0.000000e+00 0.000000e+00 0.000000e+00 0.000000e+00 0.000000e+00 0.000000e+00 0.000000e+00 0.000000e+00 0.000000e+00 0.000000e+00 0.000000e+00 0.000000e+00 0.000000e+00 0.000000e+00 0.000000e+00 0.000000e+00 0.000000e+00 0.000000e+00 0.000000e+00 0.000000e+00 0.000000e+00 0.000000e+00 0.000000e+00 0.000000e+00 3.193636e-37 1.726822e-15 3.610581e-17 2.126139e-10 1.174452e-19 0.000000e+00
31.000000 30.000000 32.000000 169.297628 7.039576e+02 3.653728e+08 1.214221e+08 2.736550e+06 4.494454e+05 1.148465e+07 7.638694e+06 2.276177e+10 6.293899e+00 4.363484e-05 8.543463e-06 9.827654e+04 3.670646e+02 5.733905e+00 3.004356e-03 3.684161e-11 4.093271e-04 9.871023e-02 6.089347e-02 3.375006e-19 7.114471e+12 5.176235e+10 1.581562e+04 1.295811e-05 1.969792e+00 2.780722e-04 0.000000e+00 2.183227e-04 5.034755e-10 4.501101e-03 8.547038e-05 1.679402e+03 4.173279e-08 5.950151e-02 5.650767e-03 1.373783e-01 7.208211e-04 4.061276e+00 8.500637e-16 2.179801e-09 0.000000e+00 0.000000e+00 0.000000e+00 0.000000e+00 0.000000e+00 0.000000e+00 0.000000e+00 0.000000e+00 0.000000e+00 0.000000e+00 0.000000e+00 0.000000e+00 3.004558e+15 4.302077e+12 3.527051e+12 2.981569e+17 6.027652e-02 5.719079e-06 3.328617e-13 1.683661e-09 2.189396e+00 1.449420e+01 2.926296e-03 2.686075e+03 8.749897e-10 2.419929e-07 2.445785e-09 9.096086e-18 0.000000e+00 0.000000e+00 4.783474e-02 3.520344e-05 8.908905e+00 0.000000e+00 0.000000e+00 0.000000e+00 5.926400e-40 0.000000e+00 0.000000e+00 0.000000e+00 1.408231e-10 0.000000e+00 0.000000e+00 0.000000e+00 0.000000e+00 0.000000e+00 0.000000e+00 0.000000e+00 0.000000e+00 0.000000e+00 0.000000e+00 0.000000e+00 0.000000e+00 0.000000e+00 0.000000e+00 0.000000e+00 0.000000e+00 0.000000e+00 0.000000e+00 0.000000e+00 0.000000e+00 0.000000e+00 0.000000e+00 0.000000e+00 0.000000e+00 0.000000e+00 5.362187e-39 2.202960e-16 6.640581e-18 9.692516e-11 4.049018e-20 0.000000e+00
33.000000 32.000000 34.000000 169.559216 4.749339e+02 4.199396e+08 7.992709e+07 4.223821e+06 4.655698e+05 8.840088e+06 4.421674e+06 1.316707e+10 5.588608e+00 1.417270e-05 3.698998e-06 4.305082e+04 2.464441e+02 2.737302e+00 1.117061e-03 5.441726e-12 2.494740e-04 4.707130e-02 2.082178e-02 1.634191e-18 6.105958e+12 3.461666e+10 1.077715e+04 9.123106e-06 2.149142e+00 1.394198e-04 0.000000e+00 1.458968e-04 3.390533e-10 2.641069e-03 5.006874e-05 1.078307e+03 5.877337e-08 8.121753e-02 4.516592e-03 8.956780e-02 5.551897e-04 3.383231e+00 9.974467e-16 1.670416e-09 0.000000e+00 0.000000e+00 0.000000e+00 0.000000e+00 0.000000e+00 0.000000e+00 0.000000e+00 0.000000e+00 0.000000e+00 0.000000e+00 0.000000e+00 0.000000e+00 2.022623e+15 2.900588e+12 3.033393e+12 2.008449e+17 5.931355e-02 4.423828e-06 8.967127e-13 1.807101e-09 2.051567e+00 1.629529e+01 2.238210e-03 1.898462e+03 8.944010e-10 1.074411e-07 7.481267e-10 4.727409e-18 0.000000e+00 0.000000e+00 1.239475e-02 2.332870e-05 7.470031e+00 0.000000e+00 0.000000e+00 0.000000e+00 9.187876e-34 0.000000e+00 0.000000e+00 0.000000e+00 1.236463e-10 0.000000e+00 0.000000e+00 0.000000e+00 0.000000e+00 0.000000e+00 0.000000e+00 0.000000e+00 0.000000e+00 0.000000e+00 0.000000e+00 0.000000e+00 0.000000e+00 0.000000e+00 0.000000e+00 0.000000e+00 0.000000e+00 0.000000e+00 0.000000e+00 0.000000e+00 0.000000e+00 0.000000e+00 0.000000e+00 0.000000e+00 0.000000e+00 0.000000e+00 5.154052e-41 2.050076e-17 8.846475e-19 3.855279e-11 1.052031e-20 0.000000e+00
35.000000 34.000000 36.000000 170.116607 3.207782e+02 5.261392e+08 5.688661e+07 6.508646e+06 4.773810e+05 6.225751e+06 2.146817e+06 7.288992e+09 4.756825e+00 3.690470e-06 1.378469e-06 1.964743e+04 1.646072e+02 1.147874e+00 3.936197e-04 6.596125e-13 1.391873e-04 2.187052e-02 6.113644e-03 8.188828e-18 5.223380e+12 2.309807e+10 7.428204e+03 6.848476e-06 2.747194e+00 6.197252e-05 2.033642e-37 8.121680e-05 1.931459e-10 1.424788e-03 2.710304e-05 6.944277e+02 1.285814e-07 2.348215e-01 3.584711e-03 5.783742e-02 4.262140e-04 2.812790e+00 1.098452e-15 1.182278e-09 0.000000e+00 8.338896e-32 0.000000e+00 0.000000e+00 0.000000e+00 0.000000e+00 0.000000e+00 0.000000e+00 0.000000e+00 0.000000e+00 0.000000e+00 0.000000e+00 1.360524e+15 1.954634e+12 2.598960e+12 1.352094e+17 6.311082e-02 3.074877e-06 2.491176e-12 1.993355e-09 1.902061e+00 1.797194e+01 1.853628e-03 1.317790e+03 7.437061e-10 4.163996e-08 2.130649e-10 1.825490e-18 0.000000e+00 0.000000e+00 2.538309e-03 1.504139e-05 6.247598e+00 0.000000e+00 0.000000e+00 0.000000e+00 2.278019e-34 0.000000e+00 0.000000e+00 0.000000e+00 1.000503e-10 0.000000e+00 0.000000e+00 0.000000e+00 0.000000e+00 0.000000e+00 0.000000e+00 0.000000e+00 0.000000e+00 0.000000e+00 0.000000e+00 0.000000e+00 0.000000e+00 0.000000e+00 0.000000e+00 0.000000e+00 0.000000e+00 0.000000e+00 0.000000e+00 0.000000e+00 0.000000e+00 0.000000e+00 0.000000e+00 0.000000e+00 0.000000e+00 0.000000e+00 3.049970e-43 1.392393e-18 8.640250e-20 1.311006e-11 1.998749e-21 0.000000e+00
37.000000 36.000000 38.000000 171.738009 2.172217e+02 7.276624e+08 4.334760e+07 1.012852e+07 4.816448e+05 3.949188e+06 8.372339e+05 3.861469e+09 3.918653e+00 7.966779e-07 4.619955e-07 9.444780e+03 1.090488e+02 4.115002e-01 1.280559e-04 6.203689e-14 7.077969e-05 9.691445e-03 1.473711e-03 7.412366e-16 4.421017e+12 1.532888e+10 5.263819e+03 6.376479e-06 3.867068e+00 2.302522e-05 7.357715e-43 3.811982e-05 9.218140e-11 6.994432e-04 1.370390e-05 4.471482e+02 1.570590e-05 1.293275e+00 2.720667e-03 3.703874e-02 3.283868e-04 2.317753e+00 1.327810e-15 7.891688e-10 0.000000e+00 2.475156e-32 0.000000e+00 0.000000e+00 0.000000e+00 0.000000e+00 0.000000e+00 0.000000e+00 0.000000e+00 0.000000e+00 0.000000e+00 0.000000e+00 9.116920e+14 1.312462e+12 2.202124e+12 9.069550e+16 7.236901e-02 1.909491e-06 1.218140e-10 2.353512e-09 1.736924e+00 1.991593e+01 1.663355e-03 8.828980e+02 4.970609e-10 1.363141e-08 5.446644e-11 5.157154e-19 0.000000e+00 0.000000e+00 3.882471e-04 9.194620e-06 5.176625e+00 0.000000e+00 0.000000e+00 0.000000e+00 1.089564e-33 0.000000e+00 0.000000e+00 0.000000e+00 1.362854e-10 0.000000e+00 0.000000e+00 0.000000e+00 0.000000e+00 0.000000e+00 0.000000e+00 0.000000e+00 0.000000e+00 0.000000e+00 0.000000e+00 0.000000e+00 0.000000e+00 0.000000e+00 0.000000e+00 0.000000e+00 0.000000e+00 0.000000e+00 0.000000e+00 0.000000e+00 0.000000e+00 0.000000e+00 0.000000e+00 0.000000e+00 0.000000e+00 0.000000e+00 1.358258e-45 7.311573e-20 6.767944e-21 3.950306e-12 2.894528e-22 0.000000e+00
39.000000 38.000000 40.000000 174.364125 1.478718e+02 1.098686e+09 3.532809e+07 1.563579e+07 4.681079e+05 2.260852e+06 2.639032e+05 1.964817e+09 3.208152e+00 1.741816e-07 1.689699e-07 4.779680e+03 7.178227e+01 1.300660e-01 3.926363e-05 4.757278e-15 3.266383e-05 4.042587e-03 2.961512e-04 7.360837e-14 3.724314e+12 1.014445e+10 3.730749e+03 6.302273e-06 5.731145e+00 6.499091e-06 3.192823e-47 3.628447e-05 4.095757e-11 3.356976e-04 6.402976e-06 2.884189e+02 3.420015e-03 7.716343e+00 2.432388e-03 2.245162e-02 2.467426e-04 1.904649e+00 7.552264e-15 4.943104e-10 0.000000e+00 4.987087e-32 0.000000e+00 0.000000e+00 0.000000e+00 0.000000e+00 0.000000e+00 0.000000e+00 0.000000e+00 0.000000e+00 0.000000e+00 0.000000e+00 6.105195e+14 8.808696e+11 1.856400e+12 6.081034e+16 8.906704e-02 1.076935e-06 6.524376e-09 4.061358e-09 1.408527e+00 2.180883e+01 1.604747e-03 5.615369e+02 6.243802e-10 3.540706e-09 1.286645e-11 1.230566e-19 0.000000e+00 0.000000e+00 4.615602e-05 4.782843e-06 4.277592e+00 0.000000e+00 0.000000e+00 0.000000e+00 2.177871e-33 0.000000e+00 0.000000e+00 0.000000e+00 2.719345e-09 0.000000e+00 0.000000e+00 0.000000e+00 0.000000e+00 0.000000e+00 0.000000e+00 0.000000e+00 0.000000e+00 0.000000e+00 0.000000e+00 0.000000e+00 0.000000e+00 0.000000e+00 0.000000e+00 0.000000e+00 0.000000e+00 0.000000e+00 0.000000e+00 0.000000e+00 0.000000e+00 0.000000e+00 0.000000e+00 0.000000e+00 0.000000e+00 0.000000e+00 6.055147e-48 3.929435e-21 6.202363e-22 1.139655e-12 5.969357e-23 0.000000e+00
41.000000 40.000000 42.000000 176.966382 1.012775e+02 1.735074e+09 3.019693e+07 2.336990e+07 4.308202e+05 1.204143e+06 7.252058e+04 9.788962e+08 2.679049e+00 5.101966e-08 8.550439e-08 2.552344e+03 4.720302e+01 4.040002e-02 1.226520e-05 3.585060e-16 1.401941e-05 1.606339e-03 5.562158e-05 1.112780e-09 3.127990e+12 6.739041e+09 2.551375e+03 4.668300e-06 8.481846e+00 1.343700e-06 1.847553e-45 2.899450e-04 9.449127e-10 8.825330e-03 2.792336e-06 1.876124e+02 5.546115e-01 3.966548e+01 5.037754e-02 1.256245e-02 1.834979e-04 1.566940e+00 1.916275e-11 2.860182e-10 0.000000e+00 8.462217e-33 0.000000e+00 0.000000e+00 0.000000e+00 0.000000e+00 0.000000e+00 0.000000e+00 0.000000e+00 0.000000e+00 0.000000e+00 0.000000e+00 4.113817e+14 5.949786e+11 1.559671e+12 4.103659e+16 1.142405e-01 5.788423e-07 5.481335e-05 8.523698e-06 9.065943e-01 2.287238e+01 1.627851e-03 3.397605e+02 5.921171e-09 7.525450e-10 3.118150e-12 1.486826e-18 0.000000e+00 0.000000e+00 5.033736e-06 1.911205e-06 3.540090e+00 0.000000e+00 0.000000e+00 0.000000e+00 7.508550e-34 0.000000e+00 0.000000e+00 0.000000e+00 1.810313e-05 0.000000e+00 0.000000e+00 0.000000e+00 0.000000e+00 0.000000e+00 0.000000e+00 0.000000e+00 0.000000e+00 0.000000e+00 0.000000e+00 0.000000e+00 0.000000e+00 0.000000e+00 0.000000e+00 0.000000e+00 0.000000e+00 0.000000e+00 0.000000e+00 0.000000e+00 0.000000e+00 0.000000e+00 0.000000e+00 0.000000e+00 0.000000e+00 0.000000e+00 3.918371e-50 3.797910e-22 1.072977e-22 3.514874e-13 3.178107e-22 0.000000e+00
43.000000 42.000000 44.000000 178.709146 6.970293e+01 2.732107e+09 2.624687e+07 3.344681e+07 3.704755e+05 6.245572e+05 1.915940e+04 4.830419e+08 2.324571e+00 2.038971e-08 5.688169e-08 1.418124e+03 3.102275e+01 1.372704e-02 4.168252e-06 3.158221e-17 5.810609e-06 6.088116e-04 1.086355e-05 1.998641e-08 2.629318e+12 4.505595e+09 1.717416e+03 2.358639e-06 1.229734e+01 2.287511e-07 2.804662e-44 9.354033e-04 3.618286e-09 3.762556e-02 1.266213e-06 1.232821e+02 4.432727e+00 1.596728e+02 2.209018e-01 7.196982e-03 1.490573e-04 1.298310e+00 9.015789e-11 1.574245e-10 0.000000e+00 9.517609e-33 0.000000e+00 0.000000e+00 0.000000e+00 0.000000e+00 0.000000e+00 0.000000e+00 0.000000e+00 0.000000e+00 0.000000e+00 0.000000e+00 2.798697e+14 4.058248e+11 1.310934e+12 2.796746e+16 1.475288e-01 3.136993e-07 5.738568e-04 7.566288e-05 4.820259e-01 2.259175e+01 1.691839e-03 1.951535e+02 1.986264e-08 1.618074e-10 8.472458e-13 3.118098e-18 0.000000e+00 0.000000e+00 5.963666e-07 6.233747e-07 2.953357e+00 0.000000e+00 0.000000e+00 0.000000e+00 2.091753e-33 0.000000e+00 0.000000e+00 0.000000e+00 1.645737e-04 0.000000e+00 0.000000e+00 0.000000e+00 0.000000e+00 0.000000e+00 0.000000e+00 0.000000e+00 0.000000e+00 0.000000e+00 0.000000e+00 0.000000e+00 0.000000e+00 0.000000e+00 0.000000e+00 0.000000e+00 0.000000e+00 0.000000e+00 0.000000e+00 0.000000e+00 0.000000e+00 0.000000e+00 0.000000e+00 0.000000e+00 0.000000e+00 0.000000e+00 7.256422e-52 7.416431e-23 3.238353e-23 1.159765e-13 6.452334e-22 0.000000e+00
45.000000 44.000000 46.000000 179.597813 4.811757e+01 4.097775e+09 2.180094e+07 4.693757e+07 3.011459e+05 3.330587e+05 5.409105e+03 2.425220e+08 2.068787e+00 1.026063e-08 4.307407e-08 8.111017e+02 2.030300e+01 5.255435e-03 1.516183e-06 3.317817e-18 2.485271e-06 2.212380e-04 2.303228e-06 2.859693e-07 2.185646e+12 3.025972e+09 1.429727e+03 1.187531e-06 1.691659e+01 4.588271e-08 2.503117e-43 2.978845e-03 1.247157e-08 1.402083e-01 1.003650e-06 8.164370e+01 3.127372e+01 4.811333e+02 8.220604e-01 7.027271e-03 2.038658e-04 1.072344e+00 3.498910e-10 9.559569e-11 0.000000e+00 1.552981e-32 0.000000e+00 0.000000e+00 0.000000e+00 0.000000e+00 0.000000e+00 0.000000e+00 0.000000e+00 0.000000e+00 0.000000e+00 0.000000e+00 1.918651e+14 2.789599e+11 1.089123e+12 1.921109e+16 1.813894e-01 1.809206e-07 4.842591e-03 5.916006e-04 2.963285e-01 2.148333e+01 1.753225e-03 1.072213e+02 5.825599e-08 4.840236e-11 2.578610e-13 6.357514e-18 0.000000e+00 0.000000e+00 8.342061e-08 2.312699e-07 2.457794e+00 0.000000e+00 0.000000e+00 0.000000e+00 1.387679e-33 0.000000e+00 0.000000e+00 0.000000e+00 1.360899e-03 0.000000e+00 0.000000e+00 0.000000e+00 0.000000e+00 0.000000e+00 0.000000e+00 0.000000e+00 0.000000e+00 0.000000e+00 0.000000e+00 0.000000e+00 0.000000e+00 0.000000e+00 0.000000e+00 0.000000e+00 0.000000e+00 0.000000e+00 0.000000e+00 0.000000e+00 0.000000e+00 0.000000e+00 0.000000e+00 0.000000e+00 0.000000e+00 0.000000e+00 4.487248e-53 2.056331e-23 1.279949e-23 5.196810e-14 1.332392e-21 0.000000e+00
47.000000 46.000000 48.000000 180.071652 3.326787e+01 5.697677e+09 1.661857e+07 6.755597e+07 2.421063e+05 1.952192e+05 1.837305e+03 1.248244e+08 1.829967e+00 6.695307e-09 3.679735e-08 4.708439e+02 1.317226e+01 2.180008e-03 5.530687e-07 3.744851e-19 1.176402e-06 7.950853e-05 5.274787e-07 5.203000e-06 1.798241e+12 2.030425e+09 3.401659e+03 1.348600e-06 2.218336e+01 2.867133e-08 2.253793e-42 1.193385e-02 5.939182e-08 6.925870e-01 3.059929e-06 5.411049e+01 2.220388e+02 1.064184e+03 2.931858e+00 2.168251e-02 7.954007e-04 8.792949e-01 1.777583e-09 1.096339e-10 0.000000e+00 0.000000e+00 0.000000e+00 0.000000e+00 0.000000e+00 0.000000e+00 0.000000e+00 0.000000e+00 0.000000e+00 0.000000e+00 0.000000e+00 0.000000e+00 1.320129e+14 1.924812e+11 8.950960e+11 1.324734e+16 2.068889e-01 1.154722e-07 5.021012e-02 6.337752e-03 5.908797e-01 2.062400e+01 1.818930e-03 5.838263e+01 2.004400e-07 3.280084e-11 8.403625e-14 1.922842e-17 0.000000e+00 0.000000e+00 1.400258e-08 2.734323e-07 2.029319e+00 0.000000e+00 0.000000e+00 0.000000e+00 0.000000e+00 0.000000e+00 0.000000e+00 0.000000e+00 1.618002e-02 0.000000e+00 0.000000e+00 0.000000e+00 0.000000e+00 0.000000e+00 0.000000e+00 0.000000e+00 0.000000e+00 0.000000e+00 0.000000e+00 0.000000e+00 0.000000e+00 0.000000e+00 0.000000e+00 0.000000e+00 0.000000e+00 0.000000e+00 0.000000e+00 0.000000e+00 0.000000e+00 0.000000e+00 0.000000e+00 0.000000e+00 0.000000e+00 0.000000e+00 5.172031e-54 7.136610e-24 6.438851e-24 6.671705e-14 3.151543e-21 0.000000e+00
49.000000 48.000000 50.000000 180.351166 2.302326e+01 8.016718e+09 1.254071e+07 1.012250e+08 1.889010e+05 1.166931e+05 6.520141e+02 6.596542e+07 1.643871e+00 4.781005e-09 3.112075e-08 2.790432e+02 8.471794e+00 9.230459e-04 2.031719e-07 4.296236e-20 5.751024e-07 2.759621e-05 1.206865e-07 1.981074e-05 1.464649e+12 1.356809e+09 5.326020e+03 1.065196e-06 2.694009e+01 1.277291e-08 3.971140e-42 1.059836e-02 5.487473e-08 6.754957e-01 3.082216e-06 3.573679e+01 3.616348e+02 1.414982e+03 2.273968e+00 2.171936e-02 9.031742e-04 6.942360e-01 1.781535e-09 8.584901e-11 0.000000e+00 0.000000e+00 0.000000e+00 0.000000e+00 0.000000e+00 0.000000e+00 0.000000e+00 0.000000e+00 0.000000e+00 0.000000e+00 0.000000e+00 0.000000e+00 9.099689e+13 1.330715e+11 7.274666e+11 9.153709e+15 2.388580e-01 7.707933e-08 1.035732e-01 1.517752e-02 7.435447e-01 1.998407e+01 1.780597e-03 3.058160e+01 1.401516e-07 1.660971e-11 2.604118e-14 1.133171e-17 0.000000e+00 0.000000e+00 2.462333e-09 2.002876e-07 1.599490e+00 0.000000e+00 0.000000e+00 0.000000e+00 0.000000e+00 0.000000e+00 0.000000e+00 0.000000e+00 4.682364e-02 0.000000e+00 0.000000e+00 0.000000e+00 0.000000e+00 0.000000e+00 0.000000e+00 0.000000e+00 0.000000e+00 0.000000e+00 0.000000e+00 0.000000e+00 0.000000e+00 0.000000e+00 0.000000e+00 0.000000e+00 0.000000e+00 0.000000e+00 0.000000e+00 0.000000e+00 0.000000e+00 0.000000e+00 0.000000e+00 0.000000e+00 0.000000e+00 0.000000e+00 5.701593e-55 2.353148e-24 3.178094e-24 5.930003e-14 1.860948e-21 0.000000e+00
51.000000 50.000000 52.000000 180.506706 1.594391e+01 1.259594e+10 1.036050e+07 1.435009e+08 1.221393e+05 5.846305e+04 1.693570e+02 3.539488e+07 1.562433e+00 2.756069e-09 2.124335e-08 1.706012e+02 5.317698e+00 3.862307e-04 7.681970e-08 4.972278e-21 2.368946e-07 7.775711e-06 2.325798e-08 4.867417e-05 1.179524e+12 9.012358e+08 7.477453e+03 7.099683e-07 2.922049e+01 4.121801e-09 3.040499e-42 5.110068e-03 2.829523e-08 3.956088e-01 1.624755e-06 2.345915e+01 4.063492e+02 1.531824e+03 1.275875e+00 1.176484e-02 6.035432e-04 5.265396e-01 1.088615e-09 4.765537e-11 0.000000e+00 2.567202e-36 0.000000e+00 0.000000e+00 0.000000e+00 0.000000e+00 0.000000e+00 0.000000e+00 0.000000e+00 0.000000e+00 0.000000e+00 0.000000e+00 6.279614e+13 9.211014e+10 5.828413e+11 6.333597e+15 3.073499e-01 4.600667e-08 1.437229e-01 2.694687e-02 7.922225e-01 1.703968e+01 1.680692e-03 1.286256e+01 4.707715e-08 7.281487e-12 7.604128e-15 3.532654e-18 0.000000e+00 0.000000e+00 3.630699e-10 1.217454e-07 1.201646e+00 0.000000e+00 0.000000e+00 0.000000e+00 6.626208e-37 0.000000e+00 0.000000e+00 0.000000e+00 1.182052e-01 0.000000e+00 0.000000e+00 0.000000e+00 0.000000e+00 0.000000e+00 0.000000e+00 0.000000e+00 0.000000e+00 0.000000e+00 0.000000e+00 0.000000e+00 0.000000e+00 0.000000e+00 0.000000e+00 0.000000e+00 0.000000e+00 0.000000e+00 0.000000e+00 0.000000e+00 0.000000e+00 0.000000e+00 0.000000e+00 0.000000e+00 0.000000e+00 0.000000e+00 3.469134e-56 5.472897e-25 1.036921e-24 3.718206e-14 5.580319e-22 0.000000e+00
53.000000 52.000000 54.000000 180.717184 1.104793e+01 2.074233e+10 9.004324e+06 1.926916e+08 6.965712e+04 2.675467e+04 3.617644e+01 1.831287e+07 1.479872e+00 1.417808e-09 1.289304e-08 1.053106e+02 3.221158e+00 1.600328e-04 2.804497e-08 5.411482e-22 8.805596e-08 1.861640e-06 3.864568e-09 1.225912e-04 9.650030e+11 5.868607e+08 1.284236e+04 5.619498e-07 2.949601e+01 1.426903e-09 2.113071e-42 2.384016e-03 1.465781e-08 2.364905e-01 7.956008e-07 1.504311e+01 4.863260e+02 1.564735e+03 8.088914e-01 5.879020e-03 3.967797e-04 3.928218e-01 6.986562e-10 2.780042e-11 0.000000e+00 2.175523e-41 0.000000e+00 0.000000e+00 0.000000e+00 0.000000e+00 0.000000e+00 0.000000e+00 0.000000e+00 0.000000e+00 0.000000e+00 0.000000e+00 4.331375e+13 6.377167e+10 4.716627e+11 4.383599e+15 4.254454e-01 2.474305e-08 2.179416e-01 5.133402e-02 1.066615e+00 1.268054e+01 1.546909e-03 4.505906e+00 1.443082e-08 3.756576e-12 2.102694e-15 1.051743e-18 0.000000e+00 0.000000e+00 4.800009e-11 9.371352e-08 8.818620e-01 0.000000e+00 0.000000e+00 0.000000e+00 1.873623e-42 0.000000e+00 0.000000e+00 0.000000e+00 3.862839e-01 0.000000e+00 0.000000e+00 0.000000e+00 0.000000e+00 0.000000e+00 0.000000e+00 0.000000e+00 0.000000e+00 0.000000e+00 0.000000e+00 0.000000e+00 0.000000e+00 0.000000e+00 0.000000e+00 0.000000e+00 0.000000e+00 0.000000e+00 0.000000e+00 0.000000e+00 0.000000e+00 0.000000e+00 0.000000e+00 0.000000e+00 0.000000e+00 0.000000e+00 1.438794e-57 1.051357e-25 2.664293e-25 2.378558e-14 1.349498e-22 0.000000e+00
55.000000 54.000000 56.000000 181.242828 7.662646e+00 3.291362e+10 7.586728e+06 2.347666e+08 3.654715e+04 1.153104e+04 6.778936e+00 9.038070e+06 1.327460e+00 6.481282e-10 7.342850e-09 6.550402e+01 1.902376e+00 6.544511e-05 9.424621e-09 5.294044e-23 3.176612e-08 3.973418e-07 5.772561e-10 2.567558e-04 7.987509e+11 3.704313e+08 2.025234e+04 4.745906e-07 2.638775e+01 4.574829e-10 1.631393e-42 1.110179e-03 7.294356e-09 1.297333e-01 3.425327e-07 9.299810e+00 5.206894e+02 1.432087e+03 5.151219e-01 2.528521e-03 2.342321e-04 2.869776e-01 4.285168e-10 1.647594e-11 0.000000e+00 1.010051e-46 0.000000e+00 0.000000e+00 0.000000e+00 0.000000e+00 0.000000e+00 0.000000e+00 0.000000e+00 0.000000e+00 0.000000e+00 0.000000e+00 2.982316e+13 4.411439e+10 3.825595e+11 3.031566e+15 5.944772e-01 1.190002e-08 3.031541e-01 8.273136e-02 1.424805e+00 8.351135e+00 1.373787e-03 1.351192e+00 4.568198e-09 1.920406e-12 5.433154e-16 2.952979e-19 0.000000e+00 0.000000e+00 5.845734e-12 7.086942e-08 6.297291e-01 0.000000e+00 0.000000e+00 0.000000e+00 5.296939e-48 0.000000e+00 0.000000e+00 0.000000e+00 1.192437e+00 0.000000e+00 0.000000e+00 0.000000e+00 0.000000e+00 0.000000e+00 0.000000e+00 0.000000e+00 0.000000e+00 0.000000e+00 0.000000e+00 0.000000e+00 0.000000e+00 0.000000e+00 0.000000e+00 0.000000e+00 0.000000e+00 0.000000e+00 0.000000e+00 0.000000e+00 0.000000e+00 0.000000e+00 0.000000e+00 0.000000e+00 0.000000e+00 0.000000e+00 5.223381e-59 1.947084e-26 6.004610e-26 1.385552e-14 2.851983e-23 0.000000e+00
57.000000 56.000000 58.000000 182.426409 5.324631e+00 4.847966e+10 5.942281e+06 2.591989e+08 1.837249e+04 4.805242e+03 1.167917e+00 4.217582e+06 1.119971e+00 2.712808e-10 4.163549e-09 4.090159e+01 1.110696e+00 2.646843e-05 2.925767e-09 4.648645e-24 1.205171e-08 7.936960e-08 8.027978e-11 4.036700e-04 6.665779e+11 2.234314e+08 2.481390e+04 3.910597e-07 2.046966e+01 1.174635e-10 1.739082e-42 5.223198e-04 3.273658e-09 5.953890e-02 1.248548e-07 5.452084e+00 4.481292e+02 1.157244e+03 3.010328e-01 8.917512e-04 1.166990e-04 2.050001e-01 2.324600e-10 1.004206e-11 0.000000e+00 3.095426e-52 0.000000e+00 0.000000e+00 0.000000e+00 0.000000e+00 0.000000e+00 0.000000e+00 0.000000e+00 0.000000e+00 0.000000e+00 0.000000e+00 2.047400e+13 3.046323e+10 3.087689e+11 2.092913e+15 8.202198e-01 5.284691e-09 3.466049e-01 1.028694e-01 1.613200e+00 5.350463e+00 1.179725e-03 3.642046e-01 1.588663e-09 8.468637e-13 1.307862e-16 7.558478e-20 0.000000e+00 0.000000e+00 6.699014e-13 4.437421e-08 4.375930e-01 0.000000e+00 0.000000e+00 0.000000e+00 1.496572e-53 0.000000e+00 0.000000e+00 0.000000e+00 2.889035e+00 0.000000e+00 0.000000e+00 0.000000e+00 0.000000e+00 0.000000e+00 0.000000e+00 0.000000e+00 0.000000e+00 0.000000e+00 0.000000e+00 0.000000e+00 0.000000e+00 0.000000e+00 0.000000e+00 0.000000e+00 0.000000e+00 0.000000e+00 0.000000e+00 0.000000e+00 0.000000e+00 0.000000e+00 0.000000e+00 0.000000e+00 0.000000e+00 0.000000e+00 2.039390e-60 3.911182e-27 1.331960e-26 6.706747e-15 5.376598e-24 0.000000e+00
59.000000 58.000000 60.000000 184.491350 3.712994e+00 6.603449e+10 4.293528e+06 2.610137e+08 8.943328e+03 1.945492e+03 1.871930e-01 1.849087e+06 9.026413e-01 1.063356e-10 2.423561e-09 2.559762e+01 6.442162e-01 1.059987e-05 8.554875e-10 3.729443e-25 5.064754e-09 1.504179e-08 1.052314e-11 4.830387e-04 5.599034e+11 1.268984e+08 2.334085e+04 3.085010e-07 1.353270e+01 2.328726e-11 2.989621e-42 2.598269e-04 1.316676e-09 2.257393e-02 3.965135e-08 2.980722e+00 3.128935e+02 8.448794e+02 1.628945e-01 2.644461e-04 5.039924e-05 1.438848e-01 1.117779e-10 6.915062e-12 0.000000e+00 6.944758e-58 0.000000e+00 0.000000e+00 0.000000e+00 0.000000e+00 0.000000e+00 0.000000e+00 0.000000e+00 0.000000e+00 0.000000e+00 0.000000e+00 1.401696e+13 2.101106e+10 2.467143e+11 1.443103e+15 1.118707e+00 2.237315e-09 3.261873e-01 1.016164e-01 1.518699e+00 3.506766e+00 9.553338e-04 9.149710e-02 6.453120e-10 3.120167e-13 2.860423e-17 1.785602e-20 0.000000e+00 0.000000e+00 7.253782e-14 2.239644e-08 2.984014e-01 0.000000e+00 0.000000e+00 0.000000e+00 4.223421e-59 0.000000e+00 0.000000e+00 0.000000e+00 5.382420e+00 0.000000e+00 0.000000e+00 0.000000e+00 0.000000e+00 0.000000e+00 0.000000e+00 0.000000e+00 0.000000e+00 0.000000e+00 0.000000e+00 0.000000e+00 0.000000e+00 0.000000e+00 0.000000e+00 0.000000e+00 0.000000e+00 0.000000e+00 0.000000e+00 0.000000e+00 0.000000e+00 0.000000e+00 0.000000e+00 0.000000e+00 0.000000e+00 0.000000e+00 9.998645e-62 9.028554e-28 3.098563e-27 2.691744e-15 9.226443e-25 0.000000e+00
61.000000 60.000000 62.000000 186.494529 2.600572e+00 8.351780e+10 2.946288e+06 2.423238e+08 4.279143e+03 7.801488e+02 2.924049e-02 7.620487e+05 7.084409e-01 3.815023e-11 1.382262e-09 1.615020e+01 3.722580e-01 4.249037e-06 2.453932e-10 2.931399e-26 2.327394e-09 2.811769e-09 1.357448e-12 4.552094e-04 4.750421e+11 6.725333e+07 1.813221e+04 1.992931e-07 7.778763e+00 3.840361e-12 5.621109e-42 1.399477e-04 4.624519e-10 7.315650e-03 1.159877e-08 1.505166e+00 1.963492e+02 5.818190e+02 8.448970e-02 7.245232e-05 2.005866e-05 1.004077e-01 4.946819e-11 5.200589e-12 0.000000e+00 1.247073e-63 0.000000e+00 0.000000e+00 0.000000e+00 0.000000e+00 0.000000e+00 0.000000e+00 0.000000e+00 0.000000e+00 0.000000e+00 0.000000e+00 9.624912e+12 1.456019e+10 1.955893e+11 9.998888e+14 1.516827e+00 9.321785e-10 2.603412e-01 8.340792e-02 1.215049e+00 2.297946e+00 7.102359e-04 2.285737e-02 3.132119e-10 9.871741e-14 5.766234e-18 3.865347e-21 0.000000e+00 0.000000e+00 7.826233e-15 9.584856e-09 2.031710e-01 0.000000e+00 0.000000e+00 0.000000e+00 1.191299e-64 0.000000e+00 0.000000e+00 0.000000e+00 7.873218e+00 0.000000e+00 0.000000e+00 0.000000e+00 0.000000e+00 0.000000e+00 0.000000e+00 0.000000e+00 0.000000e+00 0.000000e+00 0.000000e+00 0.000000e+00 0.000000e+00 0.000000e+00 0.000000e+00 0.000000e+00 0.000000e+00 0.000000e+00 0.000000e+00 0.000000e+00 0.000000e+00 0.000000e+00 0.000000e+00 0.000000e+00 0.000000e+00 0.000000e+00 5.653705e-63 2.191002e-28 6.987046e-28 8.987443e-16 1.403544e-25 0.000000e+00
63.000000 62.000000 64.000000 185.388131 1.824196e+00 9.924756e+10 2.079649e+06 2.111944e+08 2.076016e+03 3.234925e+02 5.011633e-03 2.984733e+05 5.524696e-01 1.126081e-11 6.491855e-10 1.042200e+01 2.168142e-01 1.760918e-06 7.494826e-11 2.670481e-27 9.904285e-10 5.719569e-10 1.930073e-13 3.472729e-04 4.107343e+11 3.331832e+07 1.364131e+04 7.184553e-08 4.335075e+00 6.527104e-13 3.555096e-42 8.476378e-05 1.283044e-10 2.181362e-03 3.011149e-09 7.053093e-01 1.309526e+02 3.977697e+02 4.172426e-02 1.967546e-05 7.206087e-06 7.087301e-02 2.139102e-11 3.015544e-12 0.000000e+00 0.000000e+00 0.000000e+00 0.000000e+00 0.000000e+00 0.000000e+00 0.000000e+00 0.000000e+00 0.000000e+00 0.000000e+00 0.000000e+00 0.000000e+00 6.716271e+12 1.026590e+10 1.556074e+11 7.055676e+14 2.047514e+00 3.854087e-10 1.822093e-01 5.924085e-02 8.514932e-01 1.440126e+00 4.829732e-04 6.297213e-03 1.855645e-10 2.877308e-14 1.196635e-18 7.067770e-22 0.000000e+00 0.000000e+00 9.680578e-16 3.895941e-09 1.412997e-01 0.000000e+00 0.000000e+00 0.000000e+00 3.376748e-70 0.000000e+00 0.000000e+00 0.000000e+00 9.314384e+00 0.000000e+00 0.000000e+00 0.000000e+00 0.000000e+00 0.000000e+00 0.000000e+00 0.000000e+00 0.000000e+00 0.000000e+00 0.000000e+00 0.000000e+00 0.000000e+00 0.000000e+00 0.000000e+00 0.000000e+00 0.000000e+00 0.000000e+00 0.000000e+00 0.000000e+00 0.000000e+00 0.000000e+00 0.000000e+00 0.000000e+00 0.000000e+00 0.000000e+00 2.181355e-64 4.031287e-29 1.117232e-28 2.406246e-16 1.701115e-26 0.000000e+00
65.000000 64.000000 66.000000 179.797611 1.271406e+00 1.123489e+11 1.526000e+06 1.746986e+08 1.003930e+03 1.376194e+02 9.623788e-04 1.119812e+05 4.305744e-01 2.573082e-12 2.312747e-10 6.867582e+00 1.269377e-01 7.525764e-07 2.465758e-11 2.931448e-28 3.427696e-10 1.257902e-10 3.069322e-14 2.218352e-04 3.592520e+11 1.543880e+07 1.072527e+04 1.382936e-08 2.464562e+00 1.263840e-13 4.877750e-43 5.676316e-05 2.739308e-11 6.151016e-04 6.171809e-10 3.077585e-01 9.396182e+01 2.762908e+02 1.844542e-02 4.924442e-06 2.104829e-06 5.066821e-02 1.008106e-11 1.106187e-12 0.000000e+00 0.000000e+00 0.000000e+00 0.000000e+00 0.000000e+00 0.000000e+00 0.000000e+00 0.000000e+00 0.000000e+00 0.000000e+00 0.000000e+00 0.000000e+00 4.762503e+12 7.359465e+09 1.233453e+11 5.070488e+14 2.710074e+00 1.548921e-10 1.141483e-01 3.737979e-02 5.335087e-01 8.372231e-01 3.003436e-04 1.903981e-03 1.292960e-10 7.874499e-15 2.626610e-19 1.059093e-22 0.000000e+00 0.000000e+00 1.392881e-16 1.553793e-09 1.006273e-01 0.000000e+00 0.000000e+00 0.000000e+00 9.713791e-76 2.268578e-110 0.000000e+00 0.000000e+00 9.227686e+00 0.000000e+00 0.000000e+00 0.000000e+00 0.000000e+00 0.000000e+00 0.000000e+00 0.000000e+00 0.000000e+00 0.000000e+00 0.000000e+00 0.000000e+00 0.000000e+00 0.000000e+00 0.000000e+00 0.000000e+00 0.000000e+00 0.000000e+00 0.000000e+00 0.000000e+00 0.000000e+00 0.000000e+00 0.000000e+00 0.000000e+00 0.000000e+00 0.000000e+00 4.727533e-66 4.786912e-30 1.080788e-29 5.104076e-17 1.637108e-27 0.000000e+00
67.000000 66.000000 68.000000 176.059998 8.796442e-01 1.210599e+11 9.611345e+05 1.352870e+08 4.352809e+02 5.305739e+01 1.553061e-04 3.928529e+04 3.264111e-01 5.686280e-13 9.020602e-11 4.422802e+00 7.082932e-02 2.996031e-07 7.251163e-12 2.628785e-29 1.276010e-10 2.268658e-11 4.072922e-15 1.253763e-04 3.059482e+11 6.524767e+06 6.926125e+03 2.353115e-09 1.202650e+00 1.877668e-14 1.215819e-43 3.245966e-05 5.463683e-12 1.432041e-04 1.316139e-10 1.217155e-01 6.051862e+01 1.893268e+02 8.484431e-03 1.202626e-06 6.417405e-07 3.541865e-02 9.215042e-12 4.835355e-13 0.000000e+00 0.000000e+00 0.000000e+00 0.000000e+00 0.000000e+00 0.000000e+00 0.000000e+00 0.000000e+00 0.000000e+00 0.000000e+00 0.000000e+00 0.000000e+00 3.312856e+12 5.190228e+09 9.236489e+10 3.582574e+14 3.454634e+00 6.008265e-11 6.326863e-02 2.085086e-02 2.960221e-01 4.446636e-01 1.664345e-04 5.011093e-04 8.088888e-11 1.766137e-15 4.570030e-20 1.505220e-23 0.000000e+00 0.000000e+00 1.633231e-17 4.916699e-10 7.063476e-02 0.000000e+00 0.000000e+00 0.000000e+00 2.805198e-81 4.617197e-115 0.000000e+00 0.000000e+00 7.830059e+00 0.000000e+00 0.000000e+00 0.000000e+00 0.000000e+00 0.000000e+00 0.000000e+00 0.000000e+00 0.000000e+00 0.000000e+00 0.000000e+00 0.000000e+00 0.000000e+00 0.000000e+00 0.000000e+00 0.000000e+00 0.000000e+00 0.000000e+00 0.000000e+00 0.000000e+00 0.000000e+00 0.000000e+00 0.000000e+00 0.000000e+00 0.000000e+00 0.000000e+00 9.659842e-68 6.571894e-31 1.148699e-30 9.515841e-18 1.414590e-28 0.000000e+00
69.000000 68.000000 70.000000 176.059998 6.076381e-01 1.252714e+11 4.981629e+05 9.925931e+07 1.689282e+02 1.809380e+01 1.913647e-05 1.267529e+04 2.399436e-01 1.381004e-13 4.393965e-11 2.741907e+00 3.688456e-02 1.080718e-07 1.822163e-12 1.711180e-30 5.860478e-11 3.184815e-12 4.141581e-16 5.566205e-04 2.537971e+11 2.484553e+06 3.381604e+03 4.454451e-10 4.721199e-01 1.849577e-15 1.054599e-43 1.441349e-05 1.020459e-12 2.596179e-05 3.681793e-11 4.299738e-02 3.498168e+01 1.273247e+02 4.507083e-03 3.363385e-07 2.538465e-07 2.404236e-02 2.118979e-11 3.197367e-13 0.000000e+00 0.000000e+00 0.000000e+00 0.000000e+00 0.000000e+00 0.000000e+00 0.000000e+00 0.000000e+00 0.000000e+00 0.000000e+00 0.000000e+00 0.000000e+00 2.245992e+12 3.583599e+09 6.420635e+10 2.474761e+14 4.269604e+00 2.305235e-11 3.062030e-02 1.015498e-02 1.435236e-01 2.130164e-01 8.089848e-05 1.114126e-04 4.044488e-11 3.095502e-16 5.734456e-21 1.997116e-24 0.000000e+00 0.000000e+00 1.417264e-18 1.152951e-10 4.852687e-02 0.000000e+00 0.000000e+00 0.000000e+00 7.920082e-87 7.552455e-120 0.000000e+00 0.000000e+00 5.692968e+00 0.000000e+00 0.000000e+00 0.000000e+00 0.000000e+00 0.000000e+00 0.000000e+00 0.000000e+00 0.000000e+00 0.000000e+00 0.000000e+00 0.000000e+00 0.000000e+00 0.000000e+00 0.000000e+00 0.000000e+00 0.000000e+00 0.000000e+00 0.000000e+00 0.000000e+00 0.000000e+00 0.000000e+00 0.000000e+00 0.000000e+00 0.000000e+00 0.000000e+00 2.939453e-69 1.392885e-31 1.811863e-31 1.650040e-18 1.134694e-29 0.000000e+00
71.000000 70.000000 72.000000 176.059998 4.197427e-01 1.246893e+11 2.336088e+05 7.124242e+07 6.360829e+01 5.948101e+00 2.131397e-06 3.877836e+03 1.745311e-01 3.386224e-14 2.179325e-11 1.671672e+00 1.843734e-02 3.740038e-08 4.370191e-13 1.001966e-31 2.810184e-11 4.156563e-13 3.815861e-17 6.943156e-03 2.093908e+11 8.789543e+05 1.494235e+03 8.665714e-11 1.637205e-01 1.482704e-16 9.743571e-44 5.839106e-06 1.745921e-13 4.261436e-06 1.101065e-11 1.399946e-02 1.999333e+01 8.607594e+01 2.445324e-03 1.005499e-07 1.057275e-07 1.617882e-02 5.084056e-11 2.130405e-13 0.000000e+00 0.000000e+00 0.000000e+00 0.000000e+00 0.000000e+00 0.000000e+00 0.000000e+00 0.000000e+00 0.000000e+00 0.000000e+00 0.000000e+00 0.000000e+00 1.517408e+12 2.473913e+09 4.231104e+10 1.709510e+14 5.128112e+00 9.193047e-12 1.351505e-02 4.501081e-03 6.342837e-02 9.404874e-02 3.594826e-05 2.461843e-05 1.888676e-11 4.744499e-17 6.239459e-22 2.496999e-25 0.000000e+00 0.000000e+00 1.125079e-19 2.334369e-11 3.337816e-02 0.000000e+00 0.000000e+00 0.000000e+00 2.211131e-92 1.207235e-124 0.000000e+00 0.000000e+00 3.628814e+00 0.000000e+00 0.000000e+00 0.000000e+00 0.000000e+00 0.000000e+00 0.000000e+00 0.000000e+00 0.000000e+00 0.000000e+00 0.000000e+00 0.000000e+00 0.000000e+00 0.000000e+00 0.000000e+00 0.000000e+00 0.000000e+00 0.000000e+00 0.000000e+00 0.000000e+00 0.000000e+00 0.000000e+00 0.000000e+00 0.000000e+00 0.000000e+00 0.000000e+00 1.359067e-70 3.294645e-32 3.071505e-32 2.694074e-19 8.704537e-31 0.000000e+00
73.000000 72.000000 74.000000 176.059998 2.899490e-01 1.187713e+11 9.838872e+04 5.044893e+07 2.384592e+01 1.906284e+00 2.236714e-07 1.133764e+03 1.256875e-01 8.450995e-15 1.115524e-11 1.001348e+00 8.857720e-03 1.243422e-08 1.001286e-13 5.373911e-33 1.412611e-11 5.188564e-14 3.328637e-18 1.371112e-01 1.715652e+11 2.915837e+05 6.134861e+02 1.625343e-11 5.232008e-02 1.031980e-17 8.641247e-44 2.208192e-06 2.975379e-14 6.854607e-07 3.290049e-12 4.242785e-03 1.167647e+01 5.848982e+01 1.383535e-03 3.002926e-08 4.275007e-08 1.076306e-02 9.876406e-11 1.412626e-13 0.000000e+00 0.000000e+00 0.000000e+00 0.000000e+00 0.000000e+00 0.000000e+00 0.000000e+00 0.000000e+00 0.000000e+00 0.000000e+00 0.000000e+00 0.000000e+00 1.021269e+12 1.707582e+09 2.636932e+10 1.180892e+14 5.984627e+00 3.933176e-12 5.585929e-03 1.865526e-03 2.623862e-02 3.915377e-02 1.495625e-05 5.580531e-06 8.469152e-12 6.538997e-18 6.089380e-23 3.217163e-26 0.000000e+00 0.000000e+00 8.353003e-21 4.181418e-12 2.298218e-02 0.000000e+00 0.000000e+00 0.000000e+00 0.000000e+00 0.000000e+00 0.000000e+00 0.000000e+00 2.072005e+00 0.000000e+00 0.000000e+00 0.000000e+00 0.000000e+00 0.000000e+00 0.000000e+00 0.000000e+00 0.000000e+00 0.000000e+00 0.000000e+00 0.000000e+00 0.000000e+00 0.000000e+00 0.000000e+00 0.000000e+00 0.000000e+00 0.000000e+00 0.000000e+00 0.000000e+00 0.000000e+00 0.000000e+00 0.000000e+00 0.000000e+00 0.000000e+00 0.000000e+00 8.266416e-72 8.442252e-33 5.549326e-33 4.199272e-20 6.461568e-32 0.000000e+00
75.000000 74.000000 76.000000 176.059998 2.002902e-01 1.083425e+11 3.725070e+04 3.543147e+07 9.159364e+00 5.977744e-01 2.242977e-08 3.190563e+02 8.973271e-02 2.166997e-15 5.918416e-12 5.888797e-01 4.097653e-03 3.979153e-09 2.195125e-14 2.653784e-34 7.426089e-12 6.386676e-15 2.838694e-19 1.578396e+00 1.394358e+11 9.156973e+04 2.381901e+02 2.867781e-12 1.583282e-02 6.455958e-19 7.107372e-44 7.925360e-07 5.579851e-15 1.189812e-07 9.518601e-13 1.208820e-03 7.048023e+00 3.991731e+01 8.185761e-04 8.681477e-09 1.618338e-08 7.057152e-03 1.579624e-10 9.253248e-14 0.000000e+00 0.000000e+00 0.000000e+00 0.000000e+00 0.000000e+00 0.000000e+00 0.000000e+00 0.000000e+00 0.000000e+00 0.000000e+00 0.000000e+00 0.000000e+00 6.845478e+11 1.178407e+09 1.552747e+10 8.157329e+13 6.781693e+00 1.855999e-12 2.201645e-03 7.366430e-04 1.034793e-02 1.564010e-02 5.923399e-06 1.335645e-06 3.707600e-12 8.268689e-19 5.435458e-24 4.721987e-27 0.000000e+00 0.000000e+00 5.838775e-22 6.743573e-13 1.583689e-02 0.000000e+00 0.000000e+00 0.000000e+00 0.000000e+00 0.000000e+00 0.000000e+00 0.000000e+00 1.080238e+00 0.000000e+00 0.000000e+00 0.000000e+00 0.000000e+00 0.000000e+00 0.000000e+00 0.000000e+00 0.000000e+00 0.000000e+00 0.000000e+00 0.000000e+00 0.000000e+00 0.000000e+00 0.000000e+00 0.000000e+00 0.000000e+00 0.000000e+00 0.000000e+00 0.000000e+00 0.000000e+00 0.000000e+00 0.000000e+00 0.000000e+00 0.000000e+00 0.000000e+00 6.128280e-73 2.345726e-33 1.076627e-33 6.348930e-21 4.700630e-33 0.000000e+00
77.000000 76.000000 78.000000 176.059998 1.383559e-01 9.498123e+10 1.275340e+04 2.475117e+07 3.708464e+00 1.834618e-01 2.157394e-09 8.697605e+01 6.361245e-02 5.724348e-16 3.251690e-12 3.398057e-01 1.831767e-03 1.230096e-09 4.618043e-15 1.214267e-35 4.061969e-12 8.003214e-16 2.442478e-20 1.099968e+01 1.123019e+11 2.746781e+04 8.849427e+01 4.738572e-13 4.615725e-03 3.714636e-20 5.439052e-44 2.732099e-07 1.267013e-15 2.446102e-08 2.652401e-13 3.268134e-04 4.396088e+00 2.733458e+01 5.037996e-04 2.416658e-09 5.706355e-09 4.549210e-03 2.161704e-10 5.963324e-14 0.000000e+00 0.000000e+00 0.000000e+00 0.000000e+00 0.000000e+00 0.000000e+00 0.000000e+00 0.000000e+00 0.000000e+00 0.000000e+00 0.000000e+00 0.000000e+00 4.568871e+11 8.130034e+08 8.647073e+09 5.634892e+13 7.462193e+00 9.861237e-13 8.381579e-04 2.807929e-04 3.941073e-03 6.077523e-03 2.259480e-06 3.462109e-07 1.599055e-12 9.751188e-20 4.506223e-25 8.670327e-28 0.000000e+00 0.000000e+00 3.858031e-23 9.930146e-14 1.091962e-02 0.000000e+00 0.000000e+00 0.000000e+00 0.000000e+00 0.000000e+00 0.000000e+00 0.000000e+00 5.228086e-01 0.000000e+00 0.000000e+00 0.000000e+00 0.000000e+00 0.000000e+00 0.000000e+00 0.000000e+00 0.000000e+00 0.000000e+00 0.000000e+00 0.000000e+00 0.000000e+00 0.000000e+00 0.000000e+00 0.000000e+00 0.000000e+00 0.000000e+00 0.000000e+00 0.000000e+00 0.000000e+00 0.000000e+00 0.000000e+00 0.000000e+00 0.000000e+00 0.000000e+00 5.373879e-74 7.041936e-34 2.240385e-34 9.431632e-22 3.403681e-34 0.000000e+00
79.000000 78.000000 80.000000 176.059998 9.557314e-02 8.043728e+10 3.982277e+03 1.722366e+07 1.618838e+00 5.502669e-02 1.988933e-10 2.309721e+01 4.484792e-02 1.554890e-16 1.843072e-12 1.922894e-01 7.950446e-04 3.690851e-10 9.357330e-16 5.189510e-37 2.297579e-12 1.049355e-16 2.181938e-21 5.385184e+01 8.958337e+10 7.934033e+03 3.169517e+01 7.357268e-14 1.309847e-03 2.000183e-21 3.963137e-44 9.122067e-08 3.565389e-16 6.086329e-09 7.152869e-14 8.456013e-05 2.818818e+00 1.876560e+01 3.200429e-04 6.508298e-10 1.889020e-09 2.878988e-03 2.616223e-10 3.773741e-14 0.000000e+00 0.000000e+00 0.000000e+00 0.000000e+00 0.000000e+00 0.000000e+00 0.000000e+00 0.000000e+00 0.000000e+00 0.000000e+00 0.000000e+00 0.000000e+00 3.035996e+11 5.606821e+08 4.563881e+09 3.892461e+13 7.994774e+00 5.937631e-13 3.109145e-04 1.042567e-04 1.462381e-03 2.322797e-03 8.373607e-07 9.895373e-08 6.820557e-13 1.087089e-20 3.516447e-26 2.031148e-28 0.000000e+00 0.000000e+00 2.417758e-24 1.350279e-14 7.532372e-03 0.000000e+00 0.000000e+00 0.000000e+00 0.000000e+00 0.000000e+00 0.000000e+00 0.000000e+00 2.382283e-01 0.000000e+00 0.000000e+00 0.000000e+00 0.000000e+00 0.000000e+00 0.000000e+00 0.000000e+00 0.000000e+00 0.000000e+00 0.000000e+00 0.000000e+00 0.000000e+00 0.000000e+00 0.000000e+00 0.000000e+00 0.000000e+00 0.000000e+00 0.000000e+00 0.000000e+00 0.000000e+00 0.000000e+00 0.000000e+00 0.000000e+00 0.000000e+00 0.000000e+00 5.456802e-75 2.266135e-34 4.964377e-35 1.389235e-22 2.512125e-35 0.000000e+00
81.000000 80.000000 82.000000 176.059998 6.601982e-02 6.618254e+10 1.143406e+03 1.194894e+07 7.735026e-01 1.607338e-02 1.752174e-11 6.004387e+00 3.148651e-02 4.325241e-17 1.072299e-12 1.065489e-01 3.365852e-04 1.079780e-10 1.831842e-16 2.087352e-38 1.335450e-12 1.468530e-17 2.069965e-22 2.073847e+02 7.076759e+10 2.222455e+03 1.098980e+01 1.079499e-14 3.640352e-04 1.022054e-22 2.808829e-44 2.967077e-08 1.171481e-16 1.725939e-09 1.882086e-14 2.109867e-05 1.846527e+00 1.290661e+01 2.082576e-04 1.709506e-10 5.946700e-10 1.788535e-03 2.875467e-10 2.344412e-14 0.000000e+00 0.000000e+00 0.000000e+00 0.000000e+00 0.000000e+00 0.000000e+00 0.000000e+00 0.000000e+00 0.000000e+00 0.000000e+00 0.000000e+00 0.000000e+00 2.008345e+11 3.864422e+08 2.286195e+09 2.688826e+13 8.393504e+00 4.011997e-13 1.130539e-04 3.794317e-05 5.318651e-04 8.812907e-04 3.036491e-07 3.150133e-08 2.879724e-13 1.157975e-21 2.613140e-27 5.694635e-29 0.000000e+00 0.000000e+00 1.438858e-25 1.709285e-15 5.197427e-03 0.000000e+00 0.000000e+00 0.000000e+00 0.000000e+00 0.000000e+00 0.000000e+00 0.000000e+00 1.034321e-01 0.000000e+00 0.000000e+00 0.000000e+00 0.000000e+00 0.000000e+00 0.000000e+00 0.000000e+00 0.000000e+00 0.000000e+00 0.000000e+00 0.000000e+00 0.000000e+00 0.000000e+00 0.000000e+00 0.000000e+00 0.000000e+00 0.000000e+00 0.000000e+00 0.000000e+00 0.000000e+00 0.000000e+00 0.000000e+00 0.000000e+00 0.000000e+00 0.000000e+00 6.281902e-76 7.743529e-35 1.159715e-35 2.040520e-23 1.966047e-36 0.000000e+00
83.000000 82.000000 84.000000 176.059998 4.560502e-02 5.319570e+10 3.027705e+02 8.267747e+06 4.093456e-01 4.534270e-03 1.468707e-12 1.534483e+00 2.203555e-02 1.226302e-17 6.370729e-13 5.751432e-02 1.391512e-04 3.083477e-11 3.462081e-17 7.913456e-40 7.930437e-13 2.222437e-18 2.118657e-23 6.793951e+02 5.537113e+10 6.073771e+02 3.697093e+00 1.504792e-15 9.943966e-05 5.012436e-24 1.963041e-44 9.442070e-09 4.183609e-17 5.195420e-10 4.876499e-15 5.110286e-06 1.228862e+00 8.888611e+00 1.379284e-04 4.419586e-11 1.806040e-10 1.091904e-03 2.933067e-10 1.431298e-14 0.000000e+00 0.000000e+00 0.000000e+00 0.000000e+00 0.000000e+00 0.000000e+00 0.000000e+00 0.000000e+00 0.000000e+00 0.000000e+00 0.000000e+00 0.000000e+00 1.322456e+11 2.661186e+08 1.083342e+09 1.857380e+13 8.701624e+00 2.981862e-13 4.046869e-05 1.360586e-05 1.904133e-04 3.347429e-04 1.083719e-07 1.124832e-08 1.203440e-13 1.185146e-22 1.862986e-28 1.770713e-29 0.000000e+00 0.000000e+00 8.079821e-27 2.019638e-16 3.587048e-03 0.000000e+00 0.000000e+00 0.000000e+00 0.000000e+00 0.000000e+00 0.000000e+00 0.000000e+00 4.322054e-02 0.000000e+00 0.000000e+00 0.000000e+00 0.000000e+00 0.000000e+00 0.000000e+00 0.000000e+00 0.000000e+00 0.000000e+00 0.000000e+00 0.000000e+00 0.000000e+00 0.000000e+00 0.000000e+00 0.000000e+00 0.000000e+00 0.000000e+00 0.000000e+00 0.000000e+00 0.000000e+00 0.000000e+00 0.000000e+00 0.000000e+00 0.000000e+00 0.000000e+00 8.040621e-77 2.784653e-35 2.826690e-36 2.998049e-24 1.727486e-37 0.000000e+00
85.000000 84.000000 86.000000 176.059998 3.150290e-02 4.196563e+10 7.300409e+01 5.706195e+06 2.425139e-01 1.207721e-03 1.177660e-13 3.869425e-01 1.538325e-02 3.527467e-18 3.847190e-13 2.976919e-02 5.552312e-05 8.493785e-12 6.228739e-18 2.770155e-41 4.787761e-13 3.634030e-19 2.345349e-24 2.019075e+03 4.292557e+10 1.627650e+02 1.208010e+00 1.998827e-16 2.675507e-05 2.380574e-25 1.362939e-44 2.949988e-09 1.554886e-17 1.591902e-10 1.255197e-15 1.208395e-06 8.271543e-01 6.127174e+00 9.251377e-05 1.134434e-11 5.365764e-11 6.563987e-04 2.828418e-10 8.604435e-15 0.000000e+00 0.000000e+00 0.000000e+00 0.000000e+00 0.000000e+00 0.000000e+00 0.000000e+00 0.000000e+00 0.000000e+00 0.000000e+00 0.000000e+00 0.000000e+00 8.667573e+10 1.830281e+08 4.769507e+08 1.283035e+13 8.954761e+00 2.382692e-13 1.431022e-05 4.843142e-06 6.732821e-05 1.283008e-04 3.822873e-08 4.535571e-09 4.978469e-14 1.155797e-23 1.267471e-29 5.823746e-30 0.000000e+00 0.000000e+00 4.149981e-28 2.205539e-17 2.475996e-03 0.000000e+00 0.000000e+00 0.000000e+00 0.000000e+00 0.000000e+00 0.000000e+00 0.000000e+00 1.752884e-02 0.000000e+00 0.000000e+00 0.000000e+00 0.000000e+00 0.000000e+00 0.000000e+00 0.000000e+00 0.000000e+00 0.000000e+00 0.000000e+00 0.000000e+00 0.000000e+00 0.000000e+00 0.000000e+00 0.000000e+00 0.000000e+00 0.000000e+00 0.000000e+00 0.000000e+00 0.000000e+00 0.000000e+00 0.000000e+00 0.000000e+00 0.000000e+00 0.000000e+00 1.126973e-77 1.046530e-35 7.121438e-37 4.412541e-25 1.797186e-38 0.000000e+00
87.000000 86.000000 88.000000 176.059998 2.176149e-02 3.261485e+10 1.502531e+01 3.927569e+06 1.617551e-01 2.824036e-04 1.006044e-14 9.661028e-02 1.071815e-02 1.025105e-18 2.352103e-13 1.407513e-02 2.007360e-05 2.118452e-12 9.988558e-19 8.073991e-43 2.926510e-13 6.064324e-20 2.675307e-25 6.041367e+03 3.298322e+10 4.294883e+01 3.835829e-01 2.523691e-17 7.102044e-06 1.102472e-26 9.435156e-45 9.075971e-10 5.897221e-18 4.878145e-11 3.238740e-16 2.803126e-07 5.612692e-01 4.226408e+00 6.261201e-05 2.916829e-12 1.581160e-11 3.895697e-04 2.622448e-10 5.106788e-15 0.000000e+00 0.000000e+00 0.000000e+00 0.000000e+00 0.000000e+00 0.000000e+00 0.000000e+00 0.000000e+00 0.000000e+00 0.000000e+00 0.000000e+00 0.000000e+00 5.654239e+10 1.256517e+08 1.821063e+08 8.862918e+12 9.200840e+00 2.010805e-13 5.017020e-06 1.753811e-06 2.357910e-05 4.997227e-05 1.338194e-08 2.070514e-09 2.040190e-14 1.011651e-24 7.829076e-31 1.980166e-30 0.000000e+00 0.000000e+00 1.727614e-29 2.121052e-18 1.709257e-03 0.000000e+00 0.000000e+00 0.000000e+00 0.000000e+00 0.000000e+00 0.000000e+00 0.000000e+00 6.949099e-03 0.000000e+00 0.000000e+00 0.000000e+00 0.000000e+00 0.000000e+00 0.000000e+00 0.000000e+00 0.000000e+00 0.000000e+00 0.000000e+00 0.000000e+00 0.000000e+00 0.000000e+00 0.000000e+00 0.000000e+00 0.000000e+00 0.000000e+00 0.000000e+00 0.000000e+00 0.000000e+00 0.000000e+00 0.000000e+00 0.000000e+00 0.000000e+00 0.000000e+00 1.712947e-78 4.092448e-36 1.839643e-37 6.508563e-26 2.234124e-39 0.000000e+00
89.000000 88.000000 90.000000 176.059998 1.503235e-02 2.504013e+10 1.793504e+00 2.694501e+06 1.210303e-01 3.910892e-05 1.573271e-15 2.397760e-02 7.456666e-03 2.997824e-19 1.451039e-13 5.019241e-03 4.181418e-06 3.041412e-13 9.053114e-20 1.109275e-44 1.804976e-13 6.579300e-21 2.167935e-26 7.072019e+04 2.512450e+10 1.119707e+01 1.184363e-01 2.982237e-18 1.863031e-06 5.013841e-28 6.523434e-45 2.757242e-10 2.269682e-18 1.489875e-11 8.469330e-17 6.404582e-08 3.830208e-01 2.916638e+00 4.264406e-05 7.592245e-13 4.692300e-12 2.289811e-04 2.815588e-10 3.001714e-15 0.000000e+00 0.000000e+00 0.000000e+00 0.000000e+00 0.000000e+00 0.000000e+00 0.000000e+00 0.000000e+00 0.000000e+00 0.000000e+00 0.000000e+00 0.000000e+00 3.671778e+10 8.603500e+07 4.081440e+07 6.122309e+12 9.525577e+00 1.777681e-13 1.798910e-06 1.098437e-06 8.200029e-06 1.988299e-05 4.670897e-09 1.063749e-09 8.294080e-15 5.097529e-26 3.100354e-32 6.905957e-31 0.000000e+00 0.000000e+00 3.056795e-31 1.399823e-19 1.180040e-03 0.000000e+00 0.000000e+00 0.000000e+00 0.000000e+00 0.000000e+00 0.000000e+00 0.000000e+00 2.709433e-03 0.000000e+00 0.000000e+00 0.000000e+00 0.000000e+00 0.000000e+00 0.000000e+00 0.000000e+00 0.000000e+00 0.000000e+00 0.000000e+00 0.000000e+00 0.000000e+00 0.000000e+00 0.000000e+00 0.000000e+00 0.000000e+00 0.000000e+00 0.000000e+00 0.000000e+00 0.000000e+00 0.000000e+00 0.000000e+00 0.000000e+00 0.000000e+00 0.000000e+00 2.813955e-79 1.663011e-36 4.840062e-38 9.621336e-27 3.236673e-40 0.000000e+00
91.000000 90.000000 92.000000 176.059998 1.038402e-02 1.899372e+10 1.904585e-03 1.840608e+06 1.013968e-01 3.472243e-08 6.423399e-16 5.957836e-03 5.178591e-03 8.801340e-20 9.021963e-14 4.904763e-05 5.018180e-09 2.507691e-16 4.672795e-23 7.582294e-47 1.121940e-13 1.619052e-23 4.369085e-28 3.123123e+07 1.893337e+10 2.892079e+00 3.620164e-02 3.405783e-19 4.841933e-07 2.277785e-29 4.507922e-45 8.349704e-11 2.393562e-18 1.225219e-11 2.290958e-17 1.446032e-08 2.624256e-01 2.013414e+00 2.917505e-05 2.039114e-13 1.431485e-12 1.338125e-04 2.267215e-10 1.754175e-15 0.000000e+00 0.000000e+00 0.000000e+00 0.000000e+00 0.000000e+00 0.000000e+00 0.000000e+00 0.000000e+00 0.000000e+00 0.000000e+00 0.000000e+00 0.000000e+00 2.375470e+10 5.868457e+07 5.810706e+04 4.229155e+12 1.013911e+01 1.663054e-13 1.631180e-05 1.410875e-04 2.843767e-06 8.151915e-06 1.641812e-09 6.125060e-10 3.380815e-15 6.056906e-29 3.492038e-34 6.668000e-31 0.000000e+00 0.000000e+00 1.794582e-33 8.821519e-21 8.147222e-04 0.000000e+00 0.000000e+00 0.000000e+00 0.000000e+00 0.000000e+00 0.000000e+00 0.000000e+00 1.044668e-03 0.000000e+00 0.000000e+00 0.000000e+00 0.000000e+00 0.000000e+00 0.000000e+00 0.000000e+00 0.000000e+00 0.000000e+00 0.000000e+00 0.000000e+00 0.000000e+00 0.000000e+00 0.000000e+00 0.000000e+00 0.000000e+00 0.000000e+00 0.000000e+00 0.000000e+00 0.000000e+00 0.000000e+00 0.000000e+00 0.000000e+00 0.000000e+00 0.000000e+00 5.023238e-80 7.043919e-37 1.293633e-38 1.427152e-27 1.021784e-40 0.000000e+00
93.000000 92.000000 94.000000 176.059998 7.173041e-03 1.423055e+10 1.655336e-05 1.249757e+06 9.200380e-02 4.993385e-10 3.598745e-16 1.503939e-03 3.591786e-03 2.586091e-20 5.645327e-14 1.002479e-06 3.483412e-10 1.163272e-17 1.288902e-24 5.182675e-49 7.017643e-14 2.252384e-25 8.868366e-30 6.632642e+07 1.409928e+10 7.417841e-01 1.101804e-02 4.128161e-20 1.248860e-07 1.038921e-30 3.114467e-45 2.560596e-11 2.744011e-18 1.076697e-11 6.438429e-18 3.235148e-09 1.803025e-01 1.390213e+00 2.002540e-05 5.672575e-14 4.522990e-13 7.816929e-05 1.556344e-10 1.024750e-15 0.000000e+00 0.000000e+00 0.000000e+00 0.000000e+00 0.000000e+00 0.000000e+00 0.000000e+00 0.000000e+00 0.000000e+00 0.000000e+00 0.000000e+00 0.000000e+00 1.534392e+10 3.980662e+07 1.335385e+03 2.921404e+12 1.096846e+01 1.620875e-13 2.104816e-05 1.873499e-04 9.873121e-07 3.432679e-06 5.818644e-10 3.820509e-10 1.405772e-15 2.874858e-31 3.934485e-36 7.076581e-31 0.000000e+00 0.000000e+00 1.053512e-35 2.453136e-21 5.625289e-04 0.000000e+00 0.000000e+00 0.000000e+00 0.000000e+00 0.000000e+00 0.000000e+00 0.000000e+00 4.004294e-04 0.000000e+00 0.000000e+00 0.000000e+00 0.000000e+00 0.000000e+00 0.000000e+00 0.000000e+00 0.000000e+00 0.000000e+00 0.000000e+00 0.000000e+00 0.000000e+00 0.000000e+00 0.000000e+00 0.000000e+00 0.000000e+00 0.000000e+00 0.000000e+00 0.000000e+00 0.000000e+00 0.000000e+00 0.000000e+00 0.000000e+00 0.000000e+00 0.000000e+00 9.862596e-81 3.129196e-37 3.502293e-39 2.127876e-28 4.629982e-41 0.000000e+00
95.000000 94.000000 96.000000 176.059998 4.954973e-03 1.052215e+10 2.653166e-06 8.411722e+05 8.569156e-02 1.019159e-10 2.156025e-16 3.976323e-04 2.489229e-03 7.571043e-21 3.548370e-14 3.541636e-07 1.215544e-10 2.738105e-18 1.776019e-25 3.542501e-51 4.408565e-14 4.460943e-26 2.099975e-31 7.612825e+07 1.037085e+10 1.895303e-01 3.296352e-03 5.620679e-21 3.201551e-08 4.753400e-32 2.151556e-45 8.089615e-12 2.276355e-18 6.729853e-12 1.850307e-18 7.193380e-10 1.241236e-01 9.600621e-01 1.378013e-05 1.611741e-14 1.470366e-13 4.604761e-05 1.272498e-10 6.036625e-16 0.000000e+00 0.000000e+00 0.000000e+00 0.000000e+00 0.000000e+00 0.000000e+00 0.000000e+00 0.000000e+00 0.000000e+00 0.000000e+00 0.000000e+00 0.000000e+00 9.937530e+09 2.678076e+07 4.331124e+02 2.018039e+12 1.168853e+01 1.591058e-13 1.509250e-05 1.352429e-04 3.449201e-07 1.468436e-06 2.071820e-10 2.448194e-10 6.077048e-16 1.948532e-32 4.672922e-38 5.502367e-31 0.000000e+00 0.000000e+00 6.184801e-38 6.706299e-22 3.884260e-04 0.000000e+00 0.000000e+00 0.000000e+00 0.000000e+00 0.000000e+00 0.000000e+00 0.000000e+00 1.536242e-04 0.000000e+00 0.000000e+00 0.000000e+00 0.000000e+00 0.000000e+00 0.000000e+00 0.000000e+00 0.000000e+00 0.000000e+00 0.000000e+00 0.000000e+00 0.000000e+00 0.000000e+00 0.000000e+00 0.000000e+00 0.000000e+00 0.000000e+00 0.000000e+00 0.000000e+00 0.000000e+00 0.000000e+00 0.000000e+00 0.000000e+00 0.000000e+00 0.000000e+00 2.179304e-81 1.475038e-37 9.568933e-40 3.197287e-29 1.720831e-41 0.000000e+00
97.000000 96.000000 98.000000 176.059998 3.422785e-03 7.652446e+09 5.372879e-07 5.587859e+05 8.039106e-02 2.590388e-11 1.313595e-16 1.175345e-04 1.723627e-03 2.197296e-21 2.238186e-14 1.912954e-07 5.681929e-11 8.639925e-19 3.175304e-26 2.421503e-53 2.778615e-14 1.350073e-26 1.127796e-32 7.032989e+07 7.512444e+09 4.902666e-02 9.812123e-04 9.194607e-22 8.283300e-09 2.180398e-33 1.486297e-45 2.734289e-12 1.657415e-18 3.619913e-12 5.490523e-19 1.609778e-10 8.557179e-02 6.630834e-01 9.503841e-06 4.731618e-15 5.012216e-14 2.777086e-05 1.078937e-10 3.640672e-16 0.000000e+00 0.000000e+00 0.000000e+00 0.000000e+00 0.000000e+00 0.000000e+00 0.000000e+00 0.000000e+00 0.000000e+00 0.000000e+00 0.000000e+00 0.000000e+00 6.498388e+09 1.779705e+07 1.743275e+02 1.394017e+12 1.225429e+01 1.570572e-13 8.778020e-06 7.892281e-05 1.237695e-07 6.352187e-07 7.571794e-11 1.582095e-10 2.848340e-16 2.205972e-33 7.572144e-40 3.814374e-31 0.000000e+00 0.000000e+00 3.631681e-40 1.820428e-22 2.682321e-04 0.000000e+00 0.000000e+00 0.000000e+00 0.000000e+00 0.000000e+00 0.000000e+00 0.000000e+00 6.024850e-05 0.000000e+00 0.000000e+00 0.000000e+00 0.000000e+00 0.000000e+00 0.000000e+00 0.000000e+00 0.000000e+00 0.000000e+00 0.000000e+00 0.000000e+00 0.000000e+00 0.000000e+00 0.000000e+00 0.000000e+00 0.000000e+00 0.000000e+00 0.000000e+00 0.000000e+00 0.000000e+00 0.000000e+00 0.000000e+00 0.000000e+00 0.000000e+00 0.000000e+00 5.680005e-82 7.554441e-38 2.633133e-40 4.901598e-30 5.613264e-42 0.000000e+00
99.000000 98.000000 100.000000 176.059998 2.364385e-03 5.446904e+09 1.198268e-07 3.637232e+05 7.595126e-02 7.413997e-12 8.136794e-17 4.495485e-05 1.192268e-03 6.355349e-22 1.413612e-14 1.190449e-07 3.404473e-11 3.493468e-19 7.001567e-27 1.667233e-55 1.752931e-14 5.286550e-27 2.133950e-33 5.623614e+07 5.334885e+09 1.479807e-02 3.265917e-04 2.102247e-22 2.493144e-09 1.046815e-34 1.026715e-45 1.114777e-12 1.116776e-18 1.759442e-12 1.951487e-19 4.170888e-11 5.905829e-02 4.580105e-01 6.567938e-06 1.650667e-15 2.071376e-14 1.759270e-05 9.771014e-11 2.306377e-16 0.000000e+00 0.000000e+00 0.000000e+00 0.000000e+00 0.000000e+00 0.000000e+00 0.000000e+00 0.000000e+00 0.000000e+00 0.000000e+00 0.000000e+00 0.000000e+00 4.335836e+09 1.160523e+07 7.892748e+01 9.629560e+11 1.277868e+01 1.580619e-13 4.437192e-06 3.996836e-05 5.284552e-08 2.811310e-07 3.306632e-11 1.031310e-10 1.641242e-16 3.822722e-34 3.782420e-41 2.497701e-31 0.000000e+00 0.000000e+00 2.151593e-42 5.717923e-23 1.852544e-04 0.000000e+00 0.000000e+00 0.000000e+00 0.000000e+00 0.000000e+00 0.000000e+00 0.000000e+00 2.803703e-05 0.000000e+00 0.000000e+00 0.000000e+00 0.000000e+00 0.000000e+00 0.000000e+00 0.000000e+00 0.000000e+00 0.000000e+00 0.000000e+00 0.000000e+00 0.000000e+00 0.000000e+00 0.000000e+00 0.000000e+00 0.000000e+00 0.000000e+00 0.000000e+00 0.000000e+00 0.000000e+00 0.000000e+00 0.000000e+00 0.000000e+00 0.000000e+00 0.000000e+00 1.907179e-82 4.385047e-38 7.316801e-41 8.772760e-31 1.748796e-42 0.000000e+00
