288.0
288.18048
288.3484
288.51508
288.68054
288.9176
289.11392
289.3088
289.56616
289.81842
290.02835
290.2358
290.44086
290.6435
290.81888
290.98822
291.156
291.32205
291.48596
291.62885
291.76764
291.90497
292.04092
292.17557
292.3027
292.41898
292.53268
292.64523
292.75708
292.86807
292.97574
293.0738
293.16846
293.26205
293.35468
293.44632
293.53702
293.62534
293.70612
293.78378
293.86023
293.93588
294.011
294.08563
294.1596
294.2317
294.29764
294.36105
294.42337
294.48508
294.54636
294.6071
294.66724
294.72678
294.78354
294.83627
294.88718
294.93723
294.98663
295.0355
295.0839
295.13184
295.17935
295.2261
295.2695
295.31058
295.3505
295.38974
295.42853
295.46695
295.505
295.54276
295.57953
295.61395
295.64667
295.6784
295.70963
295.74045
295.77118
295.80176
295.83185
295.8605
295.88702
295.91223
295.93686
295.96124
295.9855
296.00934
296.03262
296.05545
296.07767
296.0983
296.11768
296.1366
296.15506
296.17322
296.1911
296.20847
296.22543
296.2421
296.25848
296.27423
296.28867
296.30225
296.31543
296.32834
296.34097
296.35333
296.36548
296.37747
296.38907
296.4003
296.41125
296.42188
296.4317
296.44055
296.4487
296.45636
296.46368
296.47076
296.47763
296.48438
296.49115
296.49792
296.50458
296.5111
296.5175
296.5238
296.52985
296.53522
296.53976
296.54376
296.54736
296.55066
296.55374
296.55664
296.5594
296.562
296.56454
296.56705
296.5695
296.57172
296.57376
296.57568
296.57748
296.57916
296.5807
296.58176
296.5823
296.5824
296.5822
296.58176
296.58118
296.5804
296.57956
296.5786
296.57745
296.57608
296.57462
296.57318
296.5717
296.57007
296.56842
296.5667
296.5649
296.56305
296.56116
296.55923
296.55713
296.5546
296.55167
296.5484
296.54486
296.54114
296.5373
296.53333
296.52924
296.52502
296.52072
296.5163
296.5119
296.50757
296.5033
296.49905
296.49478
296.49054
296.48627
296.48193
296.4776
296.47324
296.4688
296.4644
296.4599
296.45538
296.45084
296.44617
296.44128
296.43613
296.4308
296.42517
296.41925
296.41312
296.4068
296.40048
296.394
296.38754
296.38095
296.3743
296.36752
296.36072
296.35385
296.34705
296.34042
296.3339
296.32742
296.321
296.31464
296.30826
296.3019
296.29553
296.28915
296.28275
296.27637
296.26993
296.26352
296.2569
296.25006
296.24313
296.23618
296.22913
296.222
296.2147
296.2072
296.19946
296.1915
296.18353
296.17572
296.16803
296.16043
296.15286
296.14536
296.13788
296.1304
296.12296
296.1155
296.10806
296.10062
296.09305
296.0853
296.07736
296.06934
296.06122
296.05307
296.04486
296.03662
296.02826
296.0199
296.01166
296.00357
295.99564
295.98782
295.98007
295.97238
295.96472
295.9571
295.94946
295.94186
295.9343
295.9267
295.9189
295.9109
295.90277
295.8946
295.88635
295.87805
295.86975
295.8613
295.85275
295.84427
295.8359
295.82758
295.8193
295.81104
295.80283
295.79462
295.78644
295.77826
295.7701
295.76196
295.7538
295.74548
295.7369
295.72818
295.71936
295.7105
295.70163
295.69266
295.6836
295.6746
295.66577
295.65714
295.64865
295.6403
295.63202
295.6238
295.61566
295.60757
295.5995
295.59146
295.58344
295.5753
295.56696
295.5585
295.54993
295.5413
295.53265
295.52386
295.5151
295.5063
295.4976
295.4891
295.48077
295.4726
295.46454
295.45654
295.44858
295.4407
295.43283
295.42502
295.4172
295.40942
295.40152
295.3934
295.38513
295.3768
295.36844
295.36005
295.35153
295.34293
295.33432
295.32587
295.3176
295.30942
295.3013
295.29324
295.2852
295.27716
295.26913
295.26114
295.25314
295.24518
295.2372
295.22916
295.2209
295.21252
295.2041
295.19562
295.18713
295.17856
295.1699
295.16125
295.15277
295.14444
295.13626
295.1282
295.12027
295.11237
295.10455
295.09677
295.08902
295.0813
295.0736
295.06592
295.0583
295.05066
295.04303
295.0352
295.0271
295.01895
295.01074
295.00247
294.9941
294.98572
294.97717
294.9685
294.95996
294.9516
294.94348
294.93552
294.92767
294.91992
294.91226
294.90466
294.89713
294.8896
294.8821
294.87466
294.86725
294.8595
294.85153
294.8435
294.83542
294.8273
294.81912
294.81088
294.80252
294.79404
294.78577
294.7777
294.76987
294.76218
294.75458
294.74707
294.73965
294.73227
294.72495
294.71765
294.71042
294.70316
294.69595
294.6885
294.68085
294.67313
294.6653
294.65744
294.64954
294.64157
294.63342
294.62518
294.617
294.609
294.60117
294.5935
294.5859
294.57843
294.57098
294.5636
294.55627
294.54898
294.54172
294.5345
294.52728
294.52008
294.5126
294.5049
294.49722
294.48947
294.48166
294.47382
294.4659
294.4579
294.44974
294.4417
294.4339
294.42633
294.41888
294.4116
294.4044
294.39728
294.39023
294.38324
294.37628
294.36935
294.36246
294.3556
294.34875
294.34177
294.3346
294.32727
294.31992
294.3125
294.3051
294.29767
294.29004
294.28238
294.2746
294.2669
294.25943
294.25214
294.24503
294.238
294.2311
294.22427
294.2175
294.2108
294.2041
294.19745
294.19083
294.18423
294.17764
294.1711
294.1644
294.1575
294.15048
294.14343
294.13638
294.12927
294.12207
294.11484
294.10754
294.1001
294.0718
294.08282
294.11282
294.1249
294.12717
294.12262
294.11337
294.10074
294.0852
294.0679
294.04962
294.03073
294.01138
293.9915
293.97107
293.9502
293.9287
293.9068
293.88507
293.86368
293.84256
293.8217
293.80063
293.77948
293.75818
293.73648
293.71497
293.69385
293.67313
293.65274
293.63235
293.61194
293.59152
293.57092
293.54993
293.52924
293.50897
293.48907
293.4695
293.45016
293.43103
293.41205
293.39252
293.37277
293.353
293.3326
293.31232
293.29248
293.2731
293.25406
293.23526
293.21603
293.19666
293.17728
293.15732
293.13733
293.11786
293.09888
293.08026
293.06192
293.0433
293.02448
293.00568
292.98672
292.9671
292.948
292.9294
292.9112
292.89328
292.87558
292.85757
292.8394
292.82114
292.80264
292.7836
292.76508
292.74704
292.7294
292.71207
292.695
292.67767
292.66022
292.6428
292.62527
292.60715
292.58926
292.57187
292.55487
292.53818
292.52173
292.50543
292.48874
292.4719
292.45505
292.43808
292.4204
292.4032
292.38647
292.37012
292.35403
292.33817
292.32245
292.3064
292.2902
292.27393
292.2576
292.24078
292.224
292.20767
292.19174
292.17612
292.16068
292.14545
292.13034
292.1148
292.0991
292.0834
292.06757
292.05127
292.03516
292.0195
292.00418
291.98914
291.97433
291.95972
291.94528
291.93054
291.91568
291.9008
291.8859
291.8707
291.85522
291.84018
291.82553
291.8112
291.79703
291.78308
291.76926
291.75558
291.7416
291.72748
291.71332
291.69913
291.68478
291.6701
291.6558
291.64185
291.62817
291.61475
291.6015
291.5884
291.57547
291.56262
291.54984
291.53714
291.5245
291.51144
291.4982
291.48474
291.47122
291.4576
291.44305
291.42914
291.4157
291.40262
291.38983
291.3772
291.36475
291.35242
291.34018
291.3275
291.31473
291.30173
291.2887
291.2757
291.2619
291.24835
291.23532
291.22266
291.2103
291.19815
291.18616
291.1743
291.16254
291.15045
291.13773
291.1245
291.11136
291.09836
291.0853
291.07153
291.0585
291.04602
291.03387
291.02206
291.01044
290.99896
290.98764
290.97644
290.9653
290.95374
290.94202
290.93024
290.9184
290.90656
290.89447
290.8818
290.86972
290.8581
290.84677
290.83572
290.82483
290.8141
290.80344
290.7929
290.78244
290.77173
290.76083
290.74982
290.73874
290.72763
290.7165
290.70508
290.6932
290.6819
290.67096
290.6603
290.64987
290.6396
290.62946
290.6194
290.6094
290.59952
290.58966
290.57938
290.5691
290.5587
290.54822
290.5377
290.52713
290.51627
290.50497
290.49417
290.4838
290.4737
290.46378
290.45404
290.44443
290.43488
290.4254
290.41605
290.4067
290.39743
290.38773
290.378
290.36813
290.35822
290.3483
290.33838
290.3282
290.31735
290.30707
290.2972
290.2876
290.2782
290.26898
290.25986
290.25085
290.2419
290.23303
290.2242
290.21545
290.20673
290.19772
290.1885
290.17932
290.17004
290.1607
290.15134
290.14203
290.1324
290.1223
290.1127
290.10345
290.09448
290.0857
290.07706
290.06854
290.06015
290.05185
290.0436
290.03546
290.02737
290.0193
290.0113
290.0029
289.9938
289.98428
289.97488
289.96564
289.9565
289.94742
289.9383
289.9288
289.9198
289.9112
289.9029
289.89478
289.8868
289.87897
289.87125
289.8636
289.856
289.84842
289.8409
289.83347
289.82602
289.81863
289.811
289.8033
289.7956
289.78778
289.77994
289.7722
289.76437
289.75656
289.74863
289.7404
289.7321
289.72412
289.71643
289.70892
289.7016
289.6944
289.6873
289.68027
289.6733
289.6664
289.65955
289.65274
289.64594
289.6392
289.63248
289.62576
289.61908
289.61243
289.60577
289.59915
289.59256
289.586
289.57944
289.5727
289.56583
289.55887
289.55188
289.54486
289.5378
289.53076
289.5237
289.51642
289.5091
289.50143
289.49323
289.48566
289.4785
289.4716
289.46487
289.4583
289.45187
289.4455
289.43918
289.43292
289.42673
289.42053
289.4143
289.40753
289.40048
289.39352
289.38675
289.3798
289.3731
289.36646
289.3598
289.35318
289.34656
289.34
289.33344
289.32675
289.32
289.31302
289.30527
289.29816
289.2915
289.2851
289.27893
289.2729
289.26697
289.26114
289.25537
289.24963
289.24396
289.2383
289.23273
289.22714
289.2216
289.21603
289.21054
289.20505
289.19955
289.19412
289.18848
289.1827
289.17685
289.17096
289.16522
289.1594
289.15353
289.14764
289.14172
289.13565
289.12952
289.1234
289.1161
289.10947
289.10327
289.09738
289.0917
289.08618
289.08075
289.07544
289.07016
289.06497
289.0598
289.05472
289.04962
289.04456
289.03955
289.03455
289.02954
289.0246
289.01965
289.01474
289.00983
289.00494
289.00006
288.995
288.98984
288.98456
288.97946
288.97415
288.96814
288.96176
288.95544
288.9493
288.9434
288.9375
288.9317
288.92566
288.91907
288.91315
288.90762
288.9024
288.89737
288.89246
288.8877
288.883
288.87836
288.87378
288.86923
288.86475
288.86026
288.8558
288.85138
288.84695
288.84256
288.83817
288.83383
288.82947
288.82513
288.82083
288.8165
288.81223
288.80795
288.80368
288.79922
288.79456
288.78918
288.78363
288.77805
288.7726
288.7673
288.76233
288.75742
288.75253
288.74768
288.74277
288.73785
288.73276
288.72687
