z			H			H2			O			O(1D)			O2			O3			OH			HO2			H2O			H2O2			CO2			CO			CH2O			CHO			C			CH			CH2			CH21			CH3			CH4			CH3O			CH4O			CHO2			CH2O2			CH3O2			CH4O2			C2			C2H			C2H2			C2H3			C2H4			C2H5			C2H6			C2HO			C2H2O			C2H3O			C2H4O			C2H5O			S			S2			S3			S4			SO			SO2			SO21			SO23			SO3			H2S			HS			HSO			HSO2			HSO3			H2SO4			H2SO4A			S8			S8A			N			NH3			NH2			NH			N2O			NO			NO2			NO3			N2O5			HNO			HNO2			HNO3			HNO4			HCN			CN			CNO			HCNO			CH3NO2			CH3NO3			CH5N			C2H2N			C2H5N			N2H2			N2H3			N2H4			OCS			CS			CH3S			CH4S			Air

1.000000		2.628632e+09		1.615612e+15		4.264727e+04		1.627517e-14		1.199851e+02		1.127902e-06		2.943419e+05		2.435329e+00		4.674556e+17		3.866106e+03		2.337278e+16		7.324515e+11		2.157532e+09		4.956890e+06		5.274572e-17		4.914971e-13		1.344040e-05		3.662105e-10		4.747417e+04		1.476488e+13		3.459507e+03		8.510262e+08		4.203961e+08		3.032156e-03		9.070334e-11		2.193264e-12		6.948437e-43		5.701469e-18		3.175497e-07		3.989391e-10		1.154760e+00		3.829261e-01		1.096896e+06		2.758208e-13		4.880251e+02		1.790467e+00		2.339793e+04		1.127902e-01		1.952595e-16		7.147562e-33		8.093506e-36		1.279322e-65		1.594541e-17		5.515229e-17		1.263745e-28		8.538196e-28		2.854498e-26		2.316320e-18		1.706039e-18		2.528766e-19		2.393444e-19		6.093733e-22		0.000000e+00		0.000000e+00		0.000000e+00		0.000000e+00		3.302808e-10		2.661621e-04		5.109484e-09		7.203408e-07		5.759341e+02		1.292897e+01		3.070486e-06		1.595337e-12		1.288393e-26		2.043479e+00		4.114096e-02		8.109001e-07		5.670881e-16		5.182723e+01		7.970572e-14		1.095455e-11		4.805329e-07		1.137186e-03		1.455832e-08		7.742485e-08		5.705175e-23		4.664486e-19		4.703543e-50		8.165177e-24		1.360198e-22		3.374190e-38		1.205202e-53		0.000000e+00		0.000000e+00		2.337278e+19
3.000000		1.502820e+09		1.321165e+15		9.199911e+05		3.515932e-14		2.763820e+03		8.755405e-04		1.778848e+05		5.156095e+01		3.451872e+16		2.976053e+03		1.911357e+16		6.410365e+11		1.393467e+09		3.555700e+06		1.231665e-16		1.379221e-12		4.861992e-06		3.510226e-10		2.804776e+04		1.207327e+13		1.721034e+03		6.958294e+08		3.369220e+08		2.284635e-02		1.183815e-09		1.822677e-11		7.989323e-42		6.142431e-16		2.575670e-06		4.134264e-09		8.400120e-01		2.393445e-01		8.727362e+05		1.084253e-12		1.047754e+03		2.545211e+00		2.021873e+04		6.403892e-02		1.390454e-16		5.194676e-34		5.192198e-36		5.801397e-61		1.745736e-17		2.734303e-17		8.311209e-29		5.623547e-28		1.080041e-25		2.470732e-18		1.576548e-18		2.434070e-19		2.268225e-19		3.130645e-22		0.000000e+00		0.000000e+00		0.000000e+00		0.000000e+00		1.504162e-08		3.365688e-03		2.351024e-07		1.511233e-06		4.759533e+02		1.135288e+01		8.757537e-05		1.157905e-09		5.290240e-23		1.512302e+00		1.930911e-02		1.429356e-05		1.231737e-12		4.364761e+01		4.524797e-14		6.906974e-10		3.972498e-06		4.538289e-04		7.713026e-08		1.539900e-07		1.161608e-22		5.070946e-19		5.619709e-49		1.046521e-21		1.898279e-20		1.158012e-37		1.120837e-53		0.000000e+00		0.000000e+00		1.911365e+19
5.000000		3.030986e+09		1.076361e+15		4.734885e+06		1.514284e-13		2.472656e+04		2.014546e-02		4.353880e+05		3.252558e+02		1.308219e+16		1.147820e+04		1.557255e+16		5.710440e+11		1.378262e+09		2.520031e+06		3.041572e-15		1.151934e-11		7.447488e-06		3.464107e-10		1.808154e+04		9.835388e+12		9.883291e+02		5.486191e+08		2.005283e+08		3.248749e-02		6.519199e-09		4.936259e-11		8.833132e-42		2.774166e-15		4.598582e-06		5.964365e-09		6.844151e-01		1.623734e-01		6.785554e+05		1.377711e-11		1.642809e+03		3.044878e+00		6.927538e+03		1.381748e-02		1.205226e-16		7.726361e-33		3.953463e-35		1.092209e-60		8.034325e-18		3.148777e-17		1.314637e-28		8.907125e-28		8.324053e-25		4.384124e-19		5.567070e-19		9.803982e-20		1.919133e-18		4.313575e-22		0.000000e+00		0.000000e+00		0.000000e+00		0.000000e+00		1.854479e-06		8.377875e-03		4.876980e-07		7.747380e-06		3.998965e+02		9.899910e+00		1.855560e-04		7.413812e-09		3.499026e-21		1.175531e+00		3.588501e-02		4.976805e-05		9.622519e-11		3.686311e+01		6.926152e-14		9.854809e-10		1.805841e-05		2.071063e-04		8.101810e-08		1.774734e-07		1.875362e-21		7.102249e-19		2.010989e-48		2.214553e-21		5.207221e-20		4.738120e-37		5.017160e-53		0.000000e+00		0.000000e+00		1.557268e+19
7.000000		4.974434e+09		8.760183e+14		1.195409e+07		9.933812e-13		9.943342e+04		1.303145e-01		9.393396e+05		1.107520e+03		3.536793e+15		4.226120e+04		1.267476e+16		5.223666e+11		1.225701e+09		1.719914e+06		5.265516e-14		8.291927e-11		9.509406e-06		3.602875e-10		1.190937e+04		8.003852e+12		4.934541e+02		4.001826e+08		1.523649e+08		1.871508e-02		1.643257e-08		8.096391e-11		3.683933e-42		1.252085e-14		9.462703e-06		6.667962e-09		6.342692e-01		1.187157e-01		5.238499e+05		1.751658e-10		1.076338e+03		1.377268e+00		2.861889e+03		3.820201e-03		9.771358e-17		1.578264e-33		1.304872e-35		1.906111e-65		4.629967e-18		3.742240e-17		2.132860e-28		1.447262e-27		8.071775e-24		1.067683e-19		2.443630e-19		5.049009e-20		2.319575e-17		6.736313e-22		0.000000e+00		0.000000e+00		0.000000e+00		0.000000e+00		1.392702e-05		1.474561e-02		7.686080e-07		2.828129e-05		3.461035e+02		8.676331e+00		2.442509e-04		1.574842e-08		4.803917e-20		9.271734e-01		6.081301e-02		1.194862e-04		1.831296e-09		3.133278e+01		7.663381e-14		5.565496e-10		1.742887e-04		8.430042e-05		5.122732e-08		1.679072e-07		6.429958e-21		1.175637e-18		7.327509e-48		3.406459e-21		1.069605e-19		2.101288e-36		5.424523e-52		0.000000e+00		0.000000e+00		1.267493e+19
9.000000		5.095646e+09		7.113995e+14		2.780083e+07		1.191167e-11		3.727593e+05		1.222442e+00		1.339644e+06		3.742002e+03		5.987189e+14		9.711277e+04		1.029381e+16		4.936012e+11		8.544135e+08		1.103315e+06		2.181794e-13		2.289908e-10		6.969843e-06		3.956247e-10		7.574950e+03		6.498877e+12		2.260451e+02		2.697704e+08		9.571048e+07		6.447200e-03		3.711082e-08		2.535156e-10		5.520406e-43		9.668953e-14		3.718366e-05		1.322013e-08		6.741837e-01		9.203362e-02		4.071103e+05		1.053881e-09		7.299389e+02		6.328832e-01		1.631354e+03		2.860758e-03		4.983400e-17		0.000000e+00		0.000000e+00		4.348684e-62		2.595150e-18		3.075364e-17		2.441616e-28		1.658627e-27		5.711797e-23		3.322465e-20		1.077979e-19		2.580849e-20		1.504040e-16		7.810031e-22		0.000000e+00		0.000000e+00		0.000000e+00		0.000000e+00		5.945253e-05		1.979369e-02		1.376231e-06		4.331655e-05		3.109774e+02		7.682571e+00		4.973560e-04		6.841390e-08		1.559990e-18		7.181270e-01		7.112066e-02		3.102219e-04		1.941286e-08		2.679039e+01		4.240876e-14		3.284897e-10		1.744694e-03		3.271926e-05		5.064288e-08		1.631874e-07		2.446959e-20		2.273714e-18		9.389158e-47		1.105469e-20		4.632822e-19		8.623719e-36		3.227719e-51		0.000000e+00		0.000000e+00		1.029402e+19
11.000000		2.639297e+09		5.720474e+14		9.131167e+07		7.288922e-10		2.430762e+06		5.592572e+01		1.125446e+06		2.184138e+04		6.140214e+13		9.208719e+04		8.278519e+15		4.880970e+11		3.307032e+08		6.593746e+05		9.209570e-14		1.256640e-10		2.800295e-06		4.557129e-10		4.884914e+03		5.224675e+12		1.473264e+02		1.766830e+08		2.809869e+07		1.745861e-03		1.466254e-07		3.144046e-09		2.452681e-44		1.389219e-12		2.774275e-04		5.346615e-08		8.444063e-01		7.399769e-02		3.161429e+05		1.650545e-09		7.597254e+02		5.355789e-01		1.076511e+03		1.253426e-02		8.585243e-18		1.204255e-32		0.000000e+00		1.699305e-66		8.809881e-19		1.669381e-17		1.792960e-28		1.219906e-27		2.692836e-22		6.207882e-21		2.517657e-20		7.875537e-21		1.483443e-16		6.851578e-22		0.000000e+00		0.000000e+00		0.000000e+00		0.000000e+00		3.134734e-04		1.797261e-02		3.005773e-06		2.945708e-05		2.994541e+02		7.139812e+00		3.028276e-03		2.033812e-06		1.009785e-16		3.912537e-01		5.270958e-02		1.189074e-03		5.368046e-07		2.322526e+01		1.031031e-14		3.859830e-10		1.261243e-02		1.954896e-05		1.903009e-07		1.759538e-07		1.668119e-19		5.300688e-18		2.114673e-45		9.576786e-20		4.142701e-18		4.693226e-35		4.252937e-51		0.000000e+00		0.000000e+00		8.278771e+18
13.000000		9.300425e+08		4.429792e+14		2.920655e+08		1.093983e-07		3.407150e+07		6.051769e+03		1.004096e+06		2.130092e+05		7.389350e+12		7.355321e+04		6.414210e+15		6.765292e+11		8.115689e+07		4.909407e+05		2.496804e-14		6.024933e-11		1.904174e-06		4.346164e-10		4.296078e+03		4.039533e+12		1.349398e+02		7.245145e+07		1.026829e+07		5.922157e-04		1.691250e-06		1.702153e-07		1.021104e-45		1.802721e-11		1.859644e-03		1.510879e-07		1.004120e+00		4.745323e-02		2.192116e+05		3.917388e-09		1.066124e+03		1.179991e+00		7.604284e+02		7.706133e-02		2.866038e-18		6.157138e-32		0.000000e+00		3.255428e-61		1.801501e-18		7.925666e-17		1.198167e-27		8.154212e-27		1.465196e-20		2.446209e-21		1.238625e-20		1.099211e-20		2.956324e-17		6.483085e-21		0.000000e+00		0.000000e+00		0.000000e+00		0.000000e+00		2.191675e-03		4.327931e-03		2.614900e-06		1.771030e-05		5.181755e+02		9.181343e+00		3.183725e-02		1.025213e-04		2.145555e-14		9.106407e-02		5.530052e-02		8.820753e-03		4.104829e-05		2.569357e+01		3.733229e-15		8.198730e-10		1.261017e-01		2.468169e-05		1.718396e-06		1.210183e-07		1.079386e-18		1.167439e-17		8.435374e-45		2.048577e-19		4.470666e-18		1.014675e-33		1.930946e-50		0.000000e+00		0.000000e+00		6.414695e+18
15.000000		5.035596e+08		3.273525e+14		4.918607e+08		2.150624e-06		2.216480e+08		8.217646e+04		9.979722e+05		7.400979e+05		1.765886e+12		9.927493e+04		4.745545e+15		1.012318e+12		2.721926e+07		3.838313e+05		1.622223e-14		4.064282e-11		1.238386e-06		2.459834e-10		2.724139e+03		2.965048e+12		4.368256e+01		1.369564e+07		7.418779e+06		3.074410e-04		6.543939e-06		2.439963e-06		6.176364e-47		4.205142e-11		2.274952e-03		7.611958e-08		5.252248e-01		1.739670e-02		1.253793e+05		8.777097e-09		6.492939e+02		1.149468e+00		3.501388e+02		9.193696e-02		1.044722e-18		0.000000e+00		0.000000e+00		0.000000e+00		2.292873e-18		1.164277e-16		2.554193e-27		1.736882e-26		8.857119e-20		4.898696e-22		3.345384e-21		7.242056e-21		2.976626e-18		1.114887e-20		0.000000e+00		0.000000e+00		0.000000e+00		0.000000e+00		1.128835e-02		1.959559e-03		3.368406e-06		2.173885e-05		1.469574e+03		1.640367e+01		1.307030e-01		7.094789e-04		5.253778e-13		4.296277e-02		8.414071e-02		2.766349e-02		4.850736e-04		4.127945e+01		3.388954e-15		1.339855e-09		7.212497e-01		1.928686e-05		2.078103e-06		8.348100e-08		1.713270e-18		6.471154e-18		6.224498e-44		6.010041e-19		6.820272e-18		4.023149e-33		3.855672e-50		0.000000e+00		0.000000e+00		4.746392e+18
17.000000		3.543447e+08		2.358468e+14		6.037876e+08		1.206480e-05		7.551805e+08		3.147010e+05		1.087866e+06		1.411709e+06		5.753222e+11		2.034496e+05		3.423518e+15		1.197490e+12		9.918786e+06		2.566718e+05		2.065370e-14		3.909705e-11		8.708753e-07		1.517358e-10		1.652726e+03		2.107204e+12		7.338201e+00		1.583064e+06		5.768195e+06		1.278139e-04		1.266389e-05		9.481456e-06		7.407558e-48		7.013384e-11		2.010785e-03		3.449622e-08		2.511745e-01		6.899283e-03		6.419021e+04		1.746612e-08		2.602626e+02		6.822971e-01		1.352752e+02		6.598481e-02		0.000000e+00		4.357670e-35		4.368651e-37		0.000000e+00		0.000000e+00		0.000000e+00		0.000000e+00		0.000000e+00		0.000000e+00		0.000000e+00		0.000000e+00		0.000000e+00		0.000000e+00		0.000000e+00		0.000000e+00		0.000000e+00		0.000000e+00		0.000000e+00		3.642769e-02		1.276484e-03		4.847234e-06		2.906580e-05		2.826957e+03		2.486759e+01		2.425363e-01		1.396142e-03		1.684302e-12		2.749835e-02		1.150827e-01		4.160807e-02		1.395353e-03		6.176076e+01		3.868447e-15		1.795574e-09		2.167198e+00		1.112033e-05		5.770265e-07		6.293152e-08		2.087138e-18		3.329844e-18		4.062509e-43		1.647633e-18		1.184176e-17		0.000000e+00		0.000000e+00		0.000000e+00		0.000000e+00		3.424564e+18
19.000000		2.757454e+08		1.667331e+14		6.273040e+08		3.646253e-05		1.839888e+09		6.457241e+05		1.299215e+06		2.104456e+06		2.374497e+11		3.733194e+05		2.422773e+15		1.163084e+12		3.690962e+06		1.542649e+05		4.455646e-14		5.534583e-11		7.983545e-07		1.150832e-10		1.157881e+03		1.460466e+12		1.083629e+00		1.501941e+05		4.237485e+06		5.964228e-05		2.011921e-05		2.264252e-05		1.889751e-48		1.261787e-10		1.965461e-03		2.097221e-08		1.372951e-01		3.373210e-03		3.165546e+04		3.836755e-08		9.735390e+01		3.839560e-01		5.411316e+01		4.439348e-02		0.000000e+00		0.000000e+00		0.000000e+00		0.000000e+00		0.000000e+00		0.000000e+00		0.000000e+00		0.000000e+00		0.000000e+00		0.000000e+00		0.000000e+00		0.000000e+00		0.000000e+00		0.000000e+00		0.000000e+00		0.000000e+00		0.000000e+00		0.000000e+00		7.836659e-02		7.971707e-04		6.100490e-06		3.321335e-05		3.334206e+03		2.986840e+01		2.758429e-01		1.337023e-03		1.627905e-12		1.746257e-02		1.324292e-01		4.154832e-02		1.893606e-03		7.621624e+01		4.704486e-15		2.425160e-09		4.246587e+00		6.981663e-06		8.617835e-08		4.915263e-08		2.672662e-18		2.037732e-18		1.220539e-42		3.028354e-18		1.528764e-17		0.000000e+00		0.000000e+00		0.000000e+00		0.000000e+00		2.423798e+18
21.000000		2.631571e+08		1.158680e+14		6.088594e+08		6.494055e-05		3.151223e+09		7.744529e+05		1.658918e+06		2.531634e+06		1.345261e+11		4.932159e+05		1.684550e+15		9.824986e+11		1.753474e+06		9.626912e+04		1.991431e-13		1.279845e-10		9.597356e-07		1.053998e-10		9.139924e+02		9.905813e+11		2.732200e-01		2.004474e+04		2.923569e+06		3.312879e-05		2.503683e-05		3.239800e-05		1.277261e-48		2.288225e-10		2.018298e-03		1.702704e-08		8.506517e-02		1.999981e-03		1.593800e+04		9.924328e-08		4.045021e+01		2.118136e-01		2.439476e+01		2.733853e-02		7.005177e-19		1.494289e-32		3.013702e-34		3.687838e-63		1.204506e-17		2.541768e-16		1.779522e-26		1.205795e-25		1.794065e-18		5.314541e-23		1.932914e-21		8.644524e-21		6.625702e-19		3.368481e-20		0.000000e+00		0.000000e+00		0.000000e+00		0.000000e+00		1.158720e-01		5.145033e-04		6.502590e-06		3.361276e-05		2.497515e+03		3.021456e+01		2.197264e-01		7.812334e-04		6.764088e-13		1.189875e-02		1.319152e-01		3.092759e-02		1.419639e-03		8.029750e+01		6.479188e-15		3.350468e-09		6.178136e+00		4.127115e-06		1.533976e-08		3.765583e-08		3.341223e-18		1.451753e-18		1.194933e-42		3.136304e-18		1.385156e-17		0.000000e+00		0.000000e+00		0.000000e+00		0.000000e+00		1.685411e+18
23.000000		3.269091e+08		7.956727e+13		5.920920e+08		7.458059e-05		3.834071e+09		5.958873e+05		2.196969e+06		2.504194e+06		9.890976e+10		4.673110e+05		1.156830e+15		7.611386e+11		1.115338e+06		6.799482e+04		1.831541e-12		4.598585e-10		1.358217e-06		1.105143e-10		7.515200e+02		6.612037e+11		1.429042e-01		7.443454e+03		2.042762e+06		1.892452e-05		2.263973e-05		2.646485e-05		2.163963e-48		4.275453e-10		2.230210e-03		1.773885e-08		5.776459e-02		1.366749e-03		8.655854e+03		3.140535e-07		1.941712e+01		1.083381e-01		1.244244e+01		1.482651e-02		0.000000e+00		0.000000e+00		0.000000e+00		0.000000e+00		0.000000e+00		0.000000e+00		0.000000e+00		0.000000e+00		0.000000e+00		0.000000e+00		0.000000e+00		0.000000e+00		0.000000e+00		0.000000e+00		0.000000e+00		0.000000e+00		0.000000e+00		0.000000e+00		1.283012e-01		4.034584e-04		6.484520e-06		3.266707e-05		1.328623e+03		2.745297e+01		1.336315e-01		3.252238e-04		1.528455e-13		9.279875e-03		1.180468e-01		1.820529e-02		6.511995e-04		7.670034e+01		1.000336e-14		4.377065e-09		7.624519e+00		2.018080e-06		4.318030e-09		2.883832e-08		3.986286e-18		1.375613e-18		5.002247e-43		2.098511e-18		1.074132e-17		0.000000e+00		0.000000e+00		0.000000e+00		0.000000e+00		1.157489e+18
25.000000		4.476966e+08		5.435384e+13		5.624968e+08		6.967970e-05		4.090706e+09		3.734621e+05		2.949243e+06		2.287140e+06		7.932332e+10		3.993861e+05		7.899850e+14		5.633688e+11		7.578965e+05		4.844204e+04		2.250075e-11		2.020970e-09		2.103286e-06		1.389128e-10		6.418890e+02		4.371967e+11		9.367477e-02		5.012468e+03		1.444752e+06		1.121697e-05		1.824072e-05		1.731942e-05		2.156119e-47		3.290519e-09		1.051594e-02		6.893856e-08		4.607396e-02		1.130457e-03		5.463576e+03		1.560080e-06		9.884649e+00		5.407266e-02		6.629880e+00		8.605308e-03		0.000000e+00		0.000000e+00		0.000000e+00		0.000000e+00		0.000000e+00		0.000000e+00		0.000000e+00		0.000000e+00		0.000000e+00		0.000000e+00		0.000000e+00		0.000000e+00		0.000000e+00		0.000000e+00		0.000000e+00		0.000000e+00		0.000000e+00		0.000000e+00		1.175255e-01		3.911932e-04		7.182906e-06		2.957349e-05		6.168343e+02		2.308507e+01		6.873337e-02		1.070495e-04		2.296326e-14		7.486088e-03		9.686798e-02		9.182431e-03		2.280472e-04		6.900106e+01		1.587139e-14		5.455287e-09		8.691632e+00		8.757429e-07		1.291747e-09		2.594113e-08		1.499542e-17		7.476729e-18		2.468099e-43		1.510486e-18		1.004144e-17		0.000000e+00		0.000000e+00		0.000000e+00		0.000000e+00		7.904643e+17
27.000000		4.899580e+08		3.698754e+13		4.840497e+08		7.837447e-05		5.437338e+09		2.817081e+05		3.867871e+06		2.362549e+06		5.737372e+10		4.206128e+05		5.372950e+14		4.141249e+11		4.404795e+05		2.917585e+04		2.766575e-10		1.205954e-08		3.859714e-06		3.720092e-09		6.245823e+02		2.863089e+11		7.121448e-02		3.395393e+03		8.953946e+05		1.057436e-05		2.036125e-05		1.764780e-05		1.097874e-45		1.321484e-07		2.655787e-01		1.559053e-06		4.874724e-02		1.261659e-03		4.222849e+03		3.476397e-05		5.271663e+00		3.434831e-02		3.660144e+00		7.636344e-03		2.168017e-19		0.000000e+00		0.000000e+00		5.576915e-66		5.280546e-18		6.155959e-17		1.414064e-26		9.504930e-26		5.608053e-19		6.019413e-24		9.717855e-22		2.143965e-21		1.532295e-19		1.008810e-20		0.000000e+00		0.000000e+00		0.000000e+00		0.000000e+00		9.676542e-02		3.234167e-04		8.323045e-06		2.134258e-05		3.255175e+02		1.813802e+01		3.815225e-02		3.540196e-05		3.686433e-15		4.982204e-03		7.121014e-02		4.852053e-03		9.510350e-05		6.001884e+01		2.558151e-14		7.720782e-09		9.652886e+00		4.676258e-07		4.803656e-10		2.825751e-08		3.251959e-16		1.536256e-16		2.149405e-43		1.434044e-18		1.007012e-17		0.000000e+00		0.000000e+00		0.000000e+00		0.000000e+00		5.376408e+17
29.000000		3.618386e+08		2.503667e+13		3.367484e+08		1.292086e-04		1.105994e+10		2.957427e+05		5.149412e+06		3.319586e+06		4.121096e+10		7.224756e+05		3.634541e+14		3.144441e+11		2.657022e+05		1.301552e+04		4.548861e-09		2.044868e-07		1.358993e-05		1.084664e-07		8.240153e+02		1.851321e+11		6.200213e-02		1.821515e+03		4.153931e+05		2.701078e-05		4.590480e-05		4.801337e-05		5.247945e-44		4.766819e-06		6.122771e+00		3.012164e-05		1.481958e-01		2.269154e-03		3.933140e+03		1.452927e-03		3.778102e+00		3.921499e-02		2.388174e+00		1.361834e-02		0.000000e+00		1.502136e-33		2.221705e-35		0.000000e+00		0.000000e+00		0.000000e+00		0.000000e+00		0.000000e+00		0.000000e+00		0.000000e+00		0.000000e+00		0.000000e+00		0.000000e+00		0.000000e+00		0.000000e+00		0.000000e+00		0.000000e+00		0.000000e+00		6.884554e-02		1.782949e-04		9.152055e-06		1.133383e-05		2.376019e+02		1.328781e+01		3.109879e-02		1.489196e-05		1.079022e-15		2.571191e-03		4.829195e-02		3.738946e-03		7.614656e-05		5.092312e+01		5.433461e-14		1.546606e-08		1.039443e+01		4.935241e-07		2.933119e-10		3.933628e-08		6.418132e-15		2.305254e-15		3.136803e-43		1.754531e-18		8.928256e-18		0.000000e+00		0.000000e+00		0.000000e+00		0.000000e+00		3.637138e+17
31.000000		1.344081e+08		1.686764e+13		2.002489e+08		3.896129e-04		4.320404e+10		5.571794e+05		5.224194e+06		6.355456e+06		2.843386e+10		2.165382e+06		2.445903e+14		2.979493e+11		2.174904e+05		1.983337e+03		1.008239e-05		2.707957e-03		2.679926e-02		1.220130e-03		1.037218e+03		1.175893e+11		4.679532e-02		7.805592e+02		8.247159e+04		1.667454e-04		1.846610e-04		3.520547e-04		1.598681e-42		1.180255e-04		9.786451e+01		3.002801e-04		3.657460e+01		1.057793e-02		4.238701e+03		7.302565e-01		4.607343e+01		9.888986e-01		1.576511e+01		7.174047e-01		0.000000e+00		8.607778e-32		1.035403e-33		0.000000e+00		0.000000e+00		0.000000e+00		0.000000e+00		0.000000e+00		0.000000e+00		0.000000e+00		0.000000e+00		0.000000e+00		0.000000e+00		0.000000e+00		0.000000e+00		0.000000e+00		0.000000e+00		0.000000e+00		5.630647e-02		4.681764e-05		6.782643e-06		4.220780e-06		2.410981e+02		9.148832e+00		5.605278e-02		1.233799e-05		1.330383e-15		7.226326e-04		2.286471e-02		4.732164e-03		1.822439e-04		4.292284e+01		8.781428e-11		3.796955e-08		1.085897e+01		1.099028e-06		3.330576e-10		3.681139e-08		8.750467e-14		1.541275e-14		3.572933e-43		1.889374e-18		3.544251e-18		0.000000e+00		0.000000e+00		0.000000e+00		0.000000e+00		2.448444e+17
33.000000		7.872096e+07		1.138058e+13		1.717765e+08		9.672866e-04		9.848536e+10		7.524895e+05		3.920998e+06		7.338067e+06		1.701330e+10		2.721733e+06		1.646853e+14		3.488322e+11		6.243773e+05		5.986030e+02		1.562740e-04		1.489552e-01		1.003914e+00		4.533830e-02		2.369915e+03		7.353908e+10		3.028615e-01		2.149397e+03		2.174448e+04		1.111636e-03		7.740396e-04		1.872181e-03		5.495658e-41		1.563227e-03		8.687875e+02		3.403388e-03		1.450064e+03		1.843529e-01		4.797402e+03		3.869558e+01		1.235237e+03		4.247328e+01		4.420476e+02		2.799070e+01		0.000000e+00		0.000000e+00		0.000000e+00		0.000000e+00		0.000000e+00		0.000000e+00		0.000000e+00		0.000000e+00		0.000000e+00		0.000000e+00		0.000000e+00		0.000000e+00		0.000000e+00		0.000000e+00		0.000000e+00		0.000000e+00		0.000000e+00		0.000000e+00		5.725833e-02		2.393632e-05		5.338316e-06		2.179226e-06		2.451353e+02		6.118478e+00		5.107434e-02		6.673213e-06		5.324257e-16		2.250874e-04		7.681596e-03		2.223085e-03		1.349374e-04		3.604196e+01		4.873952e-09		4.493702e-08		1.072539e+01		2.263823e-06		1.559269e-09		6.349778e-08		1.165668e-12		1.050874e-13		2.008703e-43		1.424265e-18		1.550782e-18		0.000000e+00		0.000000e+00		0.000000e+00		0.000000e+00		1.649988e+17
35.000000		6.424983e+07		7.736065e+12		1.848336e+08		2.163605e-03		1.568841e+11		8.646514e+05		2.783990e+06		6.430756e+06		9.111724e+09		2.036648e+06		1.115977e+14		4.235787e+11		1.303044e+06		3.701627e+02		3.956991e-04		7.190589e-01		3.322275e+00		1.494632e-01		3.919177e+03		4.536518e+10		4.863628e-01		3.117902e+03		7.961215e+03		3.460534e-03		1.626942e-03		3.851366e-03		7.471126e-40		7.095215e-03		2.677427e+03		1.082844e-02		4.760510e+03		4.867186e-01		4.970852e+03		1.990952e+02		4.958781e+03		1.501074e+02		1.177193e+03		6.473965e+01		0.000000e+00		0.000000e+00		0.000000e+00		2.634825e-65		0.000000e+00		0.000000e+00		0.000000e+00		0.000000e+00		0.000000e+00		0.000000e+00		0.000000e+00		0.000000e+00		0.000000e+00		0.000000e+00		0.000000e+00		0.000000e+00		0.000000e+00		0.000000e+00		5.891308e-02		1.433512e-05		4.311651e-06		1.312656e-06		2.390969e+02		4.036342e+00		3.012325e-02		2.869123e-06		1.094338e-16		8.111883e-05		2.421418e-03		6.387831e-04		4.896156e-05		3.036029e+01		2.316754e-08		3.879877e-08		1.021324e+01		2.187448e-06		1.181784e-09		8.104500e-08		3.522580e-12		2.246138e-13		6.356183e-44		8.033636e-19		7.087452e-19		0.000000e+00		0.000000e+00		0.000000e+00		0.000000e+00		1.119928e+17
37.000000		6.238968e+07		5.301290e+12		2.370198e+08		4.460933e-03		2.043720e+11		9.742677e+05		2.000799e+06		4.627883e+06		4.563737e+09		1.045476e+06		7.615828e+13		4.890782e+11		1.503227e+06		2.582809e+02		7.069487e-04		1.708899e+00		5.496972e+00		2.480074e-01		3.639897e+03		2.765731e+10		4.679200e-01		3.542138e+03		3.465537e+03		4.200247e-03		1.554745e-03		2.937628e-03		3.580570e-39		1.374250e-02		3.539324e+03		1.306717e-02		6.270153e+03		5.076425e-01		4.149652e+03		5.096549e+02		1.071460e+04		2.412899e+02		1.261424e+03		5.390963e+01		0.000000e+00		1.902120e-31		6.998597e-33		3.420177e-64		0.000000e+00		0.000000e+00		0.000000e+00		0.000000e+00		0.000000e+00		0.000000e+00		0.000000e+00		0.000000e+00		0.000000e+00		0.000000e+00		0.000000e+00		0.000000e+00		0.000000e+00		0.000000e+00		5.890453e-02		7.331825e-06		3.166534e-06		7.864809e-07		2.229115e+02		2.672846e+00		1.356564e-02		1.125716e-06		1.572183e-17		3.065765e-05		7.867102e-04		1.433544e-04		1.119355e-05		2.548115e+01		5.226639e-08		2.730264e-08		9.370481e+00		9.106746e-07		4.150941e-10		5.372099e-08		3.302539e-12		1.692700e-13		9.781613e-45		3.145043e-19		2.675148e-19		0.000000e+00		0.000000e+00		0.000000e+00		0.000000e+00		7.662448e+16
39.000000		6.790416e+07		3.650508e+12		3.465492e+08		8.881217e-03		2.352108e+11		1.111129e+06		1.482478e+06		2.887722e+06		2.220478e+09		4.077327e+05		5.216917e+13		5.298693e+11		1.400735e+06		1.907642e+02		1.284724e-03		3.273518e+00		7.330344e+00		3.369295e-01		2.627177e+03		1.653985e+10		4.186447e-01		4.514923e+03		1.663563e+03		3.060269e-03		1.004253e-03		1.295732e-03		9.152955e-39		1.609559e-02		2.857267e+03		9.298038e-03		5.450837e+03		3.370428e-01		2.969741e+03		1.029511e+03		1.925414e+04		2.916278e+02		9.172883e+02		2.980777e+01		0.000000e+00		0.000000e+00		0.000000e+00		0.000000e+00		0.000000e+00		0.000000e+00		0.000000e+00		0.000000e+00		0.000000e+00		0.000000e+00		0.000000e+00		0.000000e+00		0.000000e+00		0.000000e+00		0.000000e+00		0.000000e+00		0.000000e+00		0.000000e+00		5.746571e-02		3.222150e-06		2.137709e-06		4.584407e-07		2.007756e+02		1.805486e+00		5.086484e-03		4.201939e-07		1.780952e-18		1.213317e-05		2.715780e-04		2.784586e-05		1.853886e-06		2.124927e+01		8.696584e-08		1.718977e-08		8.333619e+00		2.463222e-07		1.134816e-10		2.547945e-08		1.565691e-12		6.912229e-14		8.630805e-46		9.269453e-20		8.521083e-20		0.000000e+00		0.000000e+00		0.000000e+00		0.000000e+00		5.268083e+16
41.000000		8.204716e+07		2.518645e+12		5.288413e+08		1.702318e-02		2.466825e+11		1.198847e+06		1.153655e+06		1.715319e+06		1.108566e+09		1.444296e+05		3.576731e+13		5.377383e+11		1.461075e+06		1.679242e+02		3.202028e-03		7.071589e+00		1.072954e+01		5.198539e-01		2.035227e+03		9.617944e+09		4.766849e-01		7.143949e+03		8.624503e+02		2.022409e-03		6.217507e-04		5.077541e-04		2.124988e-38		1.639467e-02		2.047850e+03		6.276472e-03		4.729302e+03		2.348907e-01		1.959049e+03		2.228652e+03		3.627940e+04		3.522433e+02		7.125593e+02		1.752749e+01		0.000000e+00		1.746677e-31		0.000000e+00		0.000000e+00		0.000000e+00		0.000000e+00		0.000000e+00		0.000000e+00		0.000000e+00		0.000000e+00		0.000000e+00		0.000000e+00		0.000000e+00		0.000000e+00		0.000000e+00		0.000000e+00		0.000000e+00		0.000000e+00		5.479104e-02		1.462359e-06		1.472586e-06		2.875645e-07		1.734999e+02		1.263451e+00		1.803760e-03		1.540663e-07		1.844232e-19		5.521275e-06		1.023606e-04		5.369703e-06		2.754503e-07		1.750404e+01		1.406750e-07		1.237529e-08		7.181976e+00		6.790293e-08		3.692451e-11		1.286453e-08		6.598497e-13		2.618317e-14		6.598440e-47		2.546179e-20		2.814947e-20		0.000000e+00		0.000000e+00		0.000000e+00		0.000000e+00		3.629073e+16
43.000000		1.086436e+08		1.738123e+12		7.749808e+08		3.105605e-02		2.434369e+11		1.150535e+06		9.488997e+05		1.070195e+06		5.906472e+08		5.603852e+04		2.449713e+13		5.202306e+11		1.726784e+06		1.740473e+02		1.052725e-02		1.729941e+01		1.686122e+01		9.144963e-01		1.795800e+03		5.355307e+09		6.587588e-01		1.193621e+04		4.766379e+02		1.409362e-03		4.032380e-04		2.120192e-04		5.944881e-38		1.685075e-02		1.535609e+03		4.768184e-03		4.475280e+03		2.033913e-01		1.205999e+03		5.163004e+03		6.720199e+04		4.229830e+02		6.732139e+02		1.236523e+01		0.000000e+00		0.000000e+00		1.530590e-33		0.000000e+00		0.000000e+00		0.000000e+00		0.000000e+00		0.000000e+00		0.000000e+00		0.000000e+00		0.000000e+00		0.000000e+00		0.000000e+00		0.000000e+00		0.000000e+00		0.000000e+00		0.000000e+00		0.000000e+00		5.246117e-02		8.147967e-07		1.136122e-06		2.169463e-07		1.437937e+02		9.411818e-01		7.038660e-04		5.904361e-08		2.135974e-20		3.148581e-06		4.331564e-05		1.191565e-06		4.679247e-08		1.423464e+01		2.330808e-07		1.211975e-08		6.013770e+00		2.358790e-08		1.569519e-11		7.967277e-09		3.271596e-13		1.179629e-14		6.368413e-48		7.933461e-21		1.159791e-20		0.000000e+00		0.000000e+00		0.000000e+00		0.000000e+00		2.500623e+16
45.000000		1.554654e+08		1.197924e+12		1.087937e+09		5.372493e-02		2.272626e+11		9.706418e+05		8.074382e+05		6.996373e+05		3.401652e+08		2.370042e+04		1.673922e+13		4.796399e+11		1.942859e+06		1.892899e+02		3.700669e-02		3.954171e+01		2.315368e+01		1.545530e+00		1.539924e+03		2.851141e+09		8.890607e-01		1.751328e+04		2.715563e+02		9.701279e-04		2.341575e-04		8.165024e-05		1.954458e-37		1.491234e-02		1.056789e+03		3.430697e-03		3.860783e+03		1.830507e-01		6.839845e+02		1.028324e+04		1.015500e+05		4.184759e+02		6.551910e+02		8.825627e+00		0.000000e+00		3.874430e-31		6.478011e-33		2.968163e-65		0.000000e+00		0.000000e+00		0.000000e+00		0.000000e+00		0.000000e+00		0.000000e+00		0.000000e+00		0.000000e+00		0.000000e+00		0.000000e+00		0.000000e+00		0.000000e+00		0.000000e+00		0.000000e+00		5.353403e-02		5.556407e-07		9.752318e-07		1.961372e-07		1.137752e+02		7.706576e-01		3.123384e-04		2.418201e-08		2.917472e-21		2.220732e-06		2.067142e-05		3.076676e-07		9.346060e-09		1.126460e+01		3.593568e-07		1.420832e-08		4.805906e+00		9.136282e-09		7.182250e-12		5.160784e-09		1.706504e-13		5.445364e-15		7.997981e-49		2.820147e-21		5.886868e-21		0.000000e+00		0.000000e+00		0.000000e+00		0.000000e+00		1.721036e+16
47.000000		2.362843e+08		8.238625e+11		1.565814e+09		8.938722e-02		2.047243e+11		7.706215e+05		6.726458e+05		4.523948e+05		2.025649e+08		9.700599e+03		1.139968e+13		4.285254e+11		1.843136e+06		1.912011e+02		1.101984e-01		6.932132e+01		2.364909e+01		2.245118e+00		1.079911e+03		1.439286e+09		9.261116e-01		2.017639e+04		1.490527e+02		6.097515e-04		1.040269e-04		2.374680e-05		6.172645e-37		8.045451e-03		4.946474e+02		1.682046e-03		2.319905e+03		1.217710e-01		3.498741e+02		1.430837e+04		1.124025e+05		2.865471e+02		4.846729e+02		4.846337e+00		0.000000e+00		0.000000e+00		0.000000e+00		0.000000e+00		0.000000e+00		0.000000e+00		0.000000e+00		0.000000e+00		0.000000e+00		0.000000e+00		0.000000e+00		0.000000e+00		0.000000e+00		0.000000e+00		0.000000e+00		0.000000e+00		0.000000e+00		0.000000e+00		6.333214e-02		4.162043e-07		8.608600e-07		1.847907e-07		8.684890e+01		7.021286e-01		1.502298e-04		1.064306e-08		4.488411e-22		1.744125e-06		1.059332e-05		8.303772e-08		1.966144e-09		8.581738e+00		4.327797e-07		1.485883e-08		3.600258e+00		3.182260e-09		2.644765e-12		2.724957e-09		6.839526e-14		1.796233e-15		1.000272e-49		9.939028e-22		3.138088e-21		0.000000e+00		0.000000e+00		0.000000e+00		0.000000e+00		1.182185e+16
49.000000		3.863779e+08		5.661512e+11		2.924292e+09		1.448354e-01		1.790170e+11		7.124402e+05		4.627936e+05		2.392715e+05		1.140440e+08		2.689305e+03		7.747560e+12		3.735486e+11		1.391476e+06		1.665453e+02		2.082707e-01		6.933679e+01		1.532341e+01		2.756235e+00		4.821785e+02		6.918194e+08		5.190600e-01		1.558922e+04		6.467363e+01		2.899964e-04		2.774321e-05		3.730005e-06		9.247347e-37		1.271763e-03		8.301220e+01		2.738391e-04		5.805229e+02		2.885328e-02		1.627333e+02		1.043158e+04		8.391534e+04		1.003344e+02		1.420179e+02		1.209829e+00		0.000000e+00		3.100672e-35		1.398924e-36		0.000000e+00		0.000000e+00		0.000000e+00		0.000000e+00		0.000000e+00		0.000000e+00		0.000000e+00		0.000000e+00		0.000000e+00		0.000000e+00		0.000000e+00		0.000000e+00		0.000000e+00		0.000000e+00		0.000000e+00		9.780273e-02		2.645515e-07		6.120271e-07		1.282543e-07		6.452603e+01		6.637829e-01		6.626662e-05		5.159353e-09		6.788594e-23		1.150675e-06		4.591027e-06		1.706615e-08		3.079656e-10		6.210893e+00		2.397885e-07		7.594241e-09		2.467547e+00		6.617482e-10		4.719162e-13		7.955241e-10		9.128902e-15		2.341993e-16		5.237314e-51		2.132294e-22		1.086156e-21		0.000000e+00		0.000000e+00		0.000000e+00		0.000000e+00		8.116449e+15
51.000000		5.666370e+08		3.903307e+11		8.436903e+09		2.296978e-01		1.501939e+11		9.624549e+05		1.737527e+05		7.344313e+04		5.459779e+07		2.952213e+02		5.278741e+12		3.177824e+11		7.641468e+05		1.037118e+02		1.398342e-01		2.632418e+01		5.781901e+00		2.951060e+00		1.211062e+02		3.246524e+08		1.008608e-01		6.972565e+03		1.312191e+01		9.150149e-05		3.940648e-06		2.836669e-07		2.334255e-37		3.260993e-05		2.848046e+00		7.850336e-06		3.517306e+01		9.772676e-04		7.277172e+01		2.840889e+03		4.511573e+04		1.468318e+01		6.196929e+00		7.781740e-02		0.000000e+00		2.863145e-35		5.160389e-36		1.731113e-68		0.000000e+00		0.000000e+00		0.000000e+00		0.000000e+00		0.000000e+00		0.000000e+00		0.000000e+00		0.000000e+00		0.000000e+00		0.000000e+00		0.000000e+00		0.000000e+00		0.000000e+00		0.000000e+00		1.878980e-01		9.098785e-08		2.411406e-07		5.293796e-08		4.696978e+01		5.335673e-01		2.912639e-05		3.315080e-09		1.320846e-23		4.118801e-07		9.264443e-07		2.042263e-09		2.849215e-11		4.319495e+00		3.208738e-08		1.010273e-09		1.582229e+00		7.233954e-11		3.135152e-14		1.156147e-10		1.726079e-16		1.819131e-17		8.716636e-53		1.694378e-23		1.232281e-22		0.000000e+00		0.000000e+00		0.000000e+00		0.000000e+00		5.593160e+15
53.000000		6.538791e+08		2.715100e+11		1.966109e+10		3.432775e-01		1.237398e+11		1.151557e+06		5.934871e+04		2.130489e+04		2.264356e+07		2.612093e+01		3.618748e+12		2.735263e+11		3.098773e+05		4.612041e+01		5.525911e-02		7.364911e+00		1.893175e+00		2.653414e+00		3.232858e+01		1.410341e+08		1.784764e-02		2.276517e+03		2.090273e+00		2.396903e-05		5.929089e-07		1.731858e-08		2.941694e-38		6.763598e-07		7.947538e-02		2.507793e-07		1.787891e+00		2.629889e-05		2.978832e+01		6.084821e+02		2.144643e+04		2.029729e+00		1.625867e-01		4.182615e-03		0.000000e+00		2.362674e-40		1.458790e-41		3.011428e-73		0.000000e+00		0.000000e+00		0.000000e+00		0.000000e+00		0.000000e+00		0.000000e+00		0.000000e+00		0.000000e+00		0.000000e+00		0.000000e+00		0.000000e+00		0.000000e+00		0.000000e+00		0.000000e+00		2.721668e-01		2.497262e-08		8.674649e-08		2.200628e-08		3.383895e+01		3.713082e-01		1.465234e-05		1.880309e-09		2.624597e-24		1.350054e-07		1.496983e-07		2.377670e-10		2.798669e-12		2.985948e+00		4.826290e-09		2.301068e-10		1.003586e+00		9.190895e-12		1.960414e-15		1.360979e-11		3.402722e-18		1.324782e-18		1.176388e-54		1.352996e-24		1.127402e-23		0.000000e+00		0.000000e+00		0.000000e+00		0.000000e+00		3.889851e+15
55.000000		6.287342e+08		1.912838e+11		3.250253e+10		4.761401e-01		1.000189e+11		1.104230e+06		2.372064e+04		7.150825e+03		8.586030e+06		2.744608e+00		2.505496e+12		2.371181e+11		1.218532e+05		1.873981e+01		2.180989e-02		2.390317e+00		6.746339e-01		2.047229e+00		1.061683e+01		5.698948e+07		4.864230e-03		6.423742e+02		4.059017e-01		5.293878e-06		1.125138e-07		1.058506e-09		7.843672e-39		7.412934e-08		1.022379e-02		1.605051e-08		1.423581e-01		1.239886e-06		1.122807e+01		1.698643e+02		1.040103e+04		4.001878e-01		7.389266e-03		3.393281e-04		0.000000e+00		1.075775e-45		4.148592e-47		4.863241e-78		0.000000e+00		0.000000e+00		0.000000e+00		0.000000e+00		0.000000e+00		0.000000e+00		0.000000e+00		0.000000e+00		0.000000e+00		0.000000e+00		0.000000e+00		0.000000e+00		0.000000e+00		0.000000e+00		3.001482e-01		6.362075e-09		3.296319e-08		9.301333e-09		2.409228e+01		2.446751e-01		7.126784e-06		8.161308e-10		4.039909e-25		4.833710e-08		2.779654e-08		3.171307e-11		3.204424e-13		2.074878e+00		3.075825e-09		1.214136e-10		6.529843e-01		1.441270e-12		1.772966e-16		1.535754e-12		1.452421e-19		9.477384e-20		1.550521e-56		1.411229e-25		1.136342e-24		0.000000e+00		0.000000e+00		0.000000e+00		0.000000e+00		2.740864e+15
57.000000		5.421273e+08		1.363998e+11		4.369779e+10		6.268528e-01		7.948063e+10		9.505746e+05		1.044443e+04		2.646393e+03		3.048246e+06		3.638712e-01		1.750792e+12		2.059608e+11		5.156732e+04		7.475128e+00		1.241428e-02		8.475305e-01		2.507083e-01		1.383641e+00		3.804146e+00		2.152013e+07		1.638473e-03		1.739687e+02		9.690202e-02		9.063452e-07		2.431108e-08		7.264481e-11		1.803886e-39		2.136122e-08		3.097701e-03		1.396092e-09		1.495913e-02		8.199468e-08		3.922765e+00		6.270757e+01		5.508286e+03		1.017366e-01		5.320021e-04		3.555999e-05		0.000000e+00		3.600166e-51		1.188170e-52		7.847270e-83		0.000000e+00		0.000000e+00		0.000000e+00		0.000000e+00		0.000000e+00		0.000000e+00		0.000000e+00		0.000000e+00		0.000000e+00		0.000000e+00		0.000000e+00		0.000000e+00		0.000000e+00		0.000000e+00		2.907254e-01		1.461329e-09		1.197074e-08		3.875555e-09		1.693896e+01		1.575038e-01		3.394021e-06		3.201376e-10		5.740398e-26		1.703454e-08		5.840908e-09		4.840443e-12		4.217048e-14		1.448994e+00		5.266421e-09		5.955206e-11		4.411157e-01		2.469970e-13		2.138007e-17		1.710542e-13		9.185513e-21		6.692158e-21		2.037483e-58		1.557594e-26		1.090853e-25		0.000000e+00		0.000000e+00		0.000000e+00		0.000000e+00		1.955484e+15
59.000000		4.380516e+08		9.789294e+10		5.197778e+10		7.933392e-01		6.170755e+10		7.615602e+05		4.766146e+03		1.027804e+03		1.023954e+06		5.689950e-02		1.227947e+12		1.777796e+11		2.337936e+04		2.920840e+00		2.315043e-02		3.070016e-01		9.296323e-02		8.355177e-01		1.385737e+00		7.621643e+06		5.913181e-04		4.832050e+01		2.636694e-02		1.229994e-07		5.514360e-09		5.948868e-12		2.154608e-40		8.353994e-09		1.186579e-03		1.358826e-10		1.809372e-03		6.530639e-09		1.276563e+00		2.857401e+01		3.224151e+03		2.946676e-02		5.112546e-05		4.304930e-06		0.000000e+00		0.000000e+00		3.421692e-58		1.272029e-87		0.000000e+00		0.000000e+00		0.000000e+00		0.000000e+00		0.000000e+00		0.000000e+00		0.000000e+00		0.000000e+00		0.000000e+00		0.000000e+00		0.000000e+00		0.000000e+00		0.000000e+00		0.000000e+00		2.655266e-01		2.963715e-10		3.937302e-09		1.598233e-09		1.168854e+01		9.953609e-02		1.589806e-06		1.206196e-10		8.036502e-27		5.546662e-09		1.305747e-09		7.992067e-13		6.070129e-15		1.009758e+00		1.017066e-08		2.190482e-11		3.068567e-01		4.296323e-14		2.960151e-18		1.871642e-14		6.992430e-22		4.661656e-22		2.616069e-60		1.548866e-27		8.826467e-27		0.000000e+00		0.000000e+00		0.000000e+00		0.000000e+00		1.404808e+15
61.000000		3.394068e+08		6.994335e+10		5.730733e+10		9.644829e-01		4.580809e+10		5.494362e+05		2.126740e+03		3.943330e+02		3.261757e+05		9.147355e-03		8.550509e+11		1.506364e+11		1.067647e+04		1.104053e+00		1.843572e-01		1.092166e-01		3.351127e-02		4.601975e-01		4.945698e-01		2.540024e+06		2.137867e-04		1.375792e+01		7.334975e-03		1.471975e-08		1.199068e-09		5.426743e-13		2.680787e-41		3.615896e-09		4.817040e-04		1.444938e-11		2.346449e-04		5.867486e-10		3.881934e-01		1.402030e+01		2.015256e+03		8.696815e-03		5.891802e-06		5.740316e-07		0.000000e+00		0.000000e+00		9.869452e-64		2.064982e-92		0.000000e+00		0.000000e+00		0.000000e+00		0.000000e+00		0.000000e+00		0.000000e+00		0.000000e+00		0.000000e+00		0.000000e+00		0.000000e+00		0.000000e+00		0.000000e+00		0.000000e+00		0.000000e+00		2.347875e-01		5.419623e-11		1.203449e-09		6.602316e-10		7.797935e+00		6.115110e-02		7.173921e-07		4.294444e-11		1.045021e-27		1.692052e-09		2.822550e-10		1.284641e-13		8.543436e-16		6.929408e-01		1.760268e-08		6.529947e-12		2.153130e-01		7.111649e-15		4.115668e-19		1.992731e-15		6.105451e-23		3.193909e-23		3.253521e-62		1.381734e-28		6.109353e-28		0.000000e+00		0.000000e+00		0.000000e+00		0.000000e+00		1.005027e+15
63.000000		2.499094e+08		4.829431e+10		5.925075e+10		1.115026e+00		3.054500e+10		2.946083e+05		8.362407e+02		1.305866e+02		9.696446e+04		1.105981e-03		5.730220e+11		1.215253e+11		3.984623e+03		4.085814e-01		1.452535e+00		3.727679e-02		1.168236e-02		2.371354e-01		1.701899e-01		7.911239e+05		7.447308e-05		3.719024e+00		1.653987e-03		1.736641e-09		1.998532e-10		4.046746e-14		2.009274e-41		1.347028e-09		1.619942e-04		1.825234e-12		3.035735e-05		8.006291e-11		1.096041e-01		5.229591e+00		1.257032e+03		2.634687e-03		8.701359e-07		1.115671e-07		0.000000e+00		0.000000e+00		2.830544e-69		3.333144e-97		0.000000e+00		0.000000e+00		0.000000e+00		0.000000e+00		0.000000e+00		0.000000e+00		0.000000e+00		0.000000e+00		0.000000e+00		0.000000e+00		0.000000e+00		0.000000e+00		0.000000e+00		0.000000e+00		1.982104e-01		1.142827e-11		4.988759e-10		2.745969e-10		4.839958e+00		3.464691e-02		2.838551e-07		1.220354e-11		8.770903e-29		6.745121e-10		4.497851e-11		1.501787e-14		8.228404e-17		4.529187e-01		2.452528e-08		3.240691e-12		1.464918e-01		9.785287e-16		4.306989e-20		2.107407e-16		6.344698e-24		2.138021e-24		4.201057e-64		2.059947e-29		6.777649e-29		0.000000e+00		0.000000e+00		0.000000e+00		0.000000e+00		6.940903e+14
65.000000		1.754478e+08		3.200162e+10		5.714843e+10		1.224348e+00		1.765210e+10		1.050998e+05		2.891745e+02		3.551271e+01		2.645021e+04		8.697050e-05		3.657741e+11		9.323575e+10		1.055245e+03		1.533869e-01		7.831240e+00		1.214421e-02		3.915842e-03		1.138639e-01		5.614648e-02		2.274063e+05		2.452637e-05		8.739309e-01		2.869311e-04		2.424028e-10		2.237796e-11		2.143335e-15		5.200765e-41		3.699746e-10		3.847802e-05		3.070897e-13		4.053770e-06		2.774823e-11		2.835665e-02		1.277662e+00		7.577547e+02		9.139605e-04		2.342549e-07		5.103416e-08		0.000000e+00		0.000000e+00		7.878865e-75		5.221658e-102		0.000000e+00		0.000000e+00		0.000000e+00		0.000000e+00		0.000000e+00		0.000000e+00		0.000000e+00		0.000000e+00		0.000000e+00		0.000000e+00		0.000000e+00		0.000000e+00		0.000000e+00		0.000000e+00		1.591695e-01		3.623463e-12		3.809276e-10		1.243727e-10		2.753029e+00		1.753714e-02		9.402655e-08		2.528198e-12		3.912192e-30		4.874953e-10		4.771764e-12		1.133846e-15		4.552295e-18		2.782325e-01		2.673735e-08		4.550267e-12		9.543985e-02		1.043270e-16		2.870520e-21		2.307135e-17		8.683826e-25		1.368404e-25		1.488086e-65		1.035623e-29		2.434995e-29		0.000000e+00		0.000000e+00		0.000000e+00		0.000000e+00		4.587075e+14
67.000000		1.239932e+08		2.153871e+10		5.272247e+10		1.269811e+00		9.622963e+09		3.480435e+04		1.081486e+02		9.782987e+00		6.932763e+03		6.364471e-06		2.357969e+11		7.249443e+10		2.813841e+02		5.887111e-02		3.143727e+01		3.897879e-03		1.276461e-03		5.041651e-02		1.814005e-02		6.281472e+04		7.864594e-06		1.897033e-01		5.836172e-05		4.451166e-11		2.414731e-12		9.982501e-17		8.293165e-41		1.062821e-10		9.367173e-06		6.928713e-14		7.314698e-07		1.032680e-11		6.991803e-03		2.915026e-01		4.701299e+02		2.703814e-04		7.231411e-08		2.409340e-08		0.000000e+00		0.000000e+00		2.034507e-78		1.343899e-106		0.000000e+00		0.000000e+00		0.000000e+00		0.000000e+00		0.000000e+00		0.000000e+00		0.000000e+00		0.000000e+00		0.000000e+00		0.000000e+00		0.000000e+00		0.000000e+00		0.000000e+00		0.000000e+00		1.280602e-01		1.179908e-12		2.763346e-10		6.335208e-11		1.528485e+00		8.599828e-03		3.069298e-08		5.245175e-13		1.664603e-31		3.473366e-10		5.468927e-13		8.521359e-17		2.505374e-19		1.698979e-01		2.625004e-08		5.164343e-12		6.329991e-02		1.078134e-17		1.819484e-22		2.663565e-18		1.678372e-25		8.550924e-27		2.680571e-66		5.168438e-30		8.611502e-30		0.000000e+00		0.000000e+00		0.000000e+00		0.000000e+00		3.080882e+14
69.000000		8.874253e+07		1.488221e+10		4.669617e+10		1.259305e+00		5.160587e+09		1.194959e+04		4.569106e+01		2.933300e+00		1.826255e+03		5.418082e-07		1.557181e+11		5.738096e+10		9.008162e+01		2.353205e-02		1.011466e+02		1.287825e-03		4.258150e-04		2.139504e-02		6.006628e-03		1.738116e+04		2.595196e-06		4.289915e-02		1.539921e-05		7.173521e-12		2.979211e-13		4.709640e-18		7.034646e-41		3.779420e-11		2.759912e-06		1.904568e-14		1.830047e-07		2.514806e-12		1.718132e-03		8.140033e-02		3.067619e+02		7.295282e-05		1.759340e-08		7.281198e-09		0.000000e+00		0.000000e+00		4.922349e-73		2.332213e-102		0.000000e+00		0.000000e+00		0.000000e+00		0.000000e+00		0.000000e+00		0.000000e+00		0.000000e+00		0.000000e+00		0.000000e+00		0.000000e+00		0.000000e+00		0.000000e+00		0.000000e+00		0.000000e+00		1.032852e-01		3.276699e-13		1.529666e-10		3.152273e-11		8.514647e-01		4.208157e-03		1.039795e-08		1.199482e-13		8.712026e-33		1.912912e-10		7.805295e-14		7.963165e-18		1.727011e-20		1.049042e-01		2.516937e-08		3.190283e-12		4.336314e-02		1.208830e-18		1.379465e-23		3.224719e-19		4.201172e-26		5.446145e-28		2.674039e-67		1.585206e-30		1.869662e-30		0.000000e+00		0.000000e+00		0.000000e+00		0.000000e+00		2.129586e+14
71.000000		6.286768e+07		1.028195e+10		3.942852e+10		1.223576e+00		2.638090e+09		3.689622e+03		2.041282e+01		8.703283e-01		4.724905e+02		4.759664e-08		1.023437e+11		4.495605e+10		2.880400e+01		9.801010e-03		2.814658e+02		4.318080e-04		1.460625e-04		8.772548e-03		2.015978e-03		4.707799e+03		8.683528e-07		9.885326e-03		4.443676e-06		1.058209e-12		3.549452e-14		2.197380e-19		5.241225e-41		1.403317e-11		8.208057e-07		6.049425e-15		5.115415e-08		6.027512e-13		4.114782e-04		2.591559e-02		2.034652e+02		2.265471e-05		4.202355e-09		2.084443e-09		0.000000e+00		0.000000e+00		1.203733e-67		1.013319e-97		0.000000e+00		0.000000e+00		0.000000e+00		0.000000e+00		0.000000e+00		0.000000e+00		0.000000e+00		0.000000e+00		0.000000e+00		0.000000e+00		0.000000e+00		0.000000e+00		0.000000e+00		0.000000e+00		8.134312e-02		9.224427e-14		8.814891e-11		1.632345e-11		4.638016e-01		1.970789e-03		3.367330e-09		2.578232e-14		4.260362e-34		1.099368e-10		1.130062e-14		7.850161e-19		1.152511e-21		6.374476e-02		2.304804e-08		1.939236e-12		2.978370e-02		1.314273e-19		1.041554e-24		4.019550e-20		1.244633e-26		3.441333e-29		2.794860e-68		5.139461e-31		4.287072e-31		0.000000e+00		0.000000e+00		0.000000e+00		0.000000e+00		1.472026e+14
73.000000		4.419436e+07		7.102645e+09		3.215003e+10		1.177748e+00		1.283935e+09		1.038288e+03		9.643229e+00		2.525929e-01		1.206395e+02		4.126369e-09		6.692572e+10		3.489164e+10		9.120927e+00		4.219168e-03		7.046806e+02		1.464232e-04		5.362314e-05		3.501678e-03		6.821923e-04		1.253921e+03		2.933477e-07		2.322643e-03		1.387661e-06		1.468937e-13		4.058277e-15		1.016403e-20		3.734489e-41		5.349943e-12		2.447773e-07		2.069876e-15		1.494829e-08		1.422095e-13		9.655099e-05		9.346703e-03		1.365859e+02		8.027554e-06		9.866028e-10		5.716514e-10		0.000000e+00		0.000000e+00		2.943662e-62		4.401890e-93		0.000000e+00		0.000000e+00		0.000000e+00		0.000000e+00		0.000000e+00		0.000000e+00		0.000000e+00		0.000000e+00		0.000000e+00		0.000000e+00		0.000000e+00		0.000000e+00		0.000000e+00		0.000000e+00		6.268811e-02		2.651860e-14		5.229482e-11		8.757604e-12		2.472665e-01		8.806725e-04		1.039402e-09		5.190496e-15		1.872904e-35		6.512874e-11		1.650710e-15		7.874784e-20		7.195252e-23		3.820039e-02		2.032587e-08		1.162424e-12		2.049534e-02		1.373488e-20		7.599387e-26		5.180801e-21		4.024991e-27		2.160951e-30		3.304963e-69		1.779817e-31		1.041315e-31		0.000000e+00		0.000000e+00		0.000000e+00		0.000000e+00		1.017503e+14
75.000000		3.089266e+07		4.905335e+09		2.554633e+10		1.138731e+00		5.915259e+08		2.676779e+02		4.825334e+00		7.080574e-02		3.053801e+01		3.468849e-10		4.352930e+10		2.684947e+10		2.847217e+00		1.865551e-03		1.646277e+03		5.047411e-05		2.399169e-05		1.368918e-03		2.320867e-04		3.296404e+02		9.987923e-08		5.551179e-04		4.663083e-07		1.943938e-14		4.417237e-16		4.669333e-22		2.615192e-41		2.073813e-12		7.298540e-08		7.404257e-16		4.446586e-09		3.313729e-14		2.229295e-05		3.971106e-03		9.249050e+01		3.367411e-06		2.283358e-10		1.517623e-10		0.000000e+00		4.567331e-55		7.198570e-57		1.910193e-88		0.000000e+00		0.000000e+00		0.000000e+00		0.000000e+00		0.000000e+00		0.000000e+00		0.000000e+00		0.000000e+00		0.000000e+00		0.000000e+00		0.000000e+00		0.000000e+00		0.000000e+00		0.000000e+00		4.739927e-02		7.750841e-15		3.169972e-11		4.864586e-12		1.285304e-01		3.746607e-04		3.050962e-10		9.748966e-16		7.332219e-37		3.944878e-11		2.431278e-16		7.974608e-21		4.134775e-24		2.262842e-02		1.739760e-08		6.887081e-13		1.412255e-02		1.372647e-21		5.318032e-27		6.905402e-22		1.370066e-27		1.350736e-31		4.343085e-70		6.486134e-32		2.641849e-32		0.000000e+00		0.000000e+00		0.000000e+00		0.000000e+00		7.033239e+13
77.000000		2.150682e+07		3.386700e+09		1.990964e+10		1.118850e+00		2.523064e+08		6.233806e+01		2.580015e+00		1.865733e-02		7.703975e+00		2.848467e-11		2.815039e+10		2.049725e+10		8.734943e-01		8.423104e-04		3.769923e+03		1.824215e-05		1.624443e-05		5.266516e-04		7.927921e-05		8.578449e+01		3.428550e-08		1.345127e-04		1.692011e-07		2.465275e-15		4.477152e-17		2.133654e-23		1.819114e-41		8.122914e-13		2.172444e-08		2.744566e-16		1.338839e-09		7.658796e-15		5.082778e-06		2.232255e-03		6.302018e+01		1.875058e-06		5.228863e-11		3.937086e-11		0.000000e+00		7.419678e-50		1.760373e-51		8.244892e-84		0.000000e+00		0.000000e+00		0.000000e+00		0.000000e+00		0.000000e+00		0.000000e+00		0.000000e+00		0.000000e+00		0.000000e+00		0.000000e+00		0.000000e+00		0.000000e+00		0.000000e+00		0.000000e+00		3.526229e-02		2.294433e-15		1.953020e-11		2.801964e-12		6.408792e-02		1.498402e-04		8.407645e-11		1.683310e-16		2.498482e-38		2.429210e-11		3.596904e-17		8.111702e-22		2.108134e-25		1.327871e-02		1.455148e-08		4.042064e-13		9.740481e-03		1.293754e-22		3.528870e-28		9.493348e-23		4.847723e-28		8.421998e-33		6.193532e-71		2.458405e-32		6.925886e-33		0.000000e+00		0.000000e+00		0.000000e+00		0.000000e+00		4.861559e+13
79.000000		1.492756e+07		2.337128e+09		1.528545e+10		1.113503e+00		9.143324e+07		1.210497e+01		1.495974e+00		4.226997e-03		1.951543e+00		2.517954e-12		1.810085e+10		1.552568e+10		2.630125e-01		3.862620e-04		9.499790e+03		7.905348e-06		1.859715e-05		2.001650e-04		2.719803e-05		2.215084e+01		1.189804e-08		3.295351e-05		6.701933e-08		2.986392e-16		3.900015e-18		9.710104e-25		1.262484e-41		3.204215e-13		6.452064e-09		1.075012e-16		4.173090e-10		1.764051e-15		1.147575e-06		1.861221e-03		4.312827e+01		1.552768e-06		1.189702e-11		1.006582e-11		0.000000e+00		6.996150e-45		4.304901e-46		3.473097e-79		0.000000e+00		0.000000e+00		0.000000e+00		0.000000e+00		0.000000e+00		0.000000e+00		0.000000e+00		0.000000e+00		0.000000e+00		0.000000e+00		0.000000e+00		0.000000e+00		0.000000e+00		0.000000e+00		2.588173e-02		6.860882e-16		1.218588e-11		1.677600e-12		2.901864e-02		5.259335e-05		2.029978e-11		2.488772e-17		6.648829e-40		1.515035e-11		5.066709e-18		7.916963e-23		8.295826e-27		7.734437e-03		1.196989e-08		2.354666e-13		6.722555e-03		1.074330e-23		2.098881e-29		1.341301e-23		1.815291e-28		5.263472e-34		9.428136e-72		9.617638e-33		1.862589e-33		0.000000e+00		0.000000e+00		0.000000e+00		0.000000e+00		3.360437e+13
81.000000		1.033647e+07		1.611760e+09		1.159470e+10		1.101421e+00		1.539059e+07		1.077500e+00		9.486679e-01		4.491239e-04		5.030779e-01		3.510591e-13		1.157853e+10		1.166487e+10		7.850307e-02		1.791078e-04		1.393188e+05		2.157359e-05		1.545356e-04		7.539103e-05		9.385814e-06		5.685782e+00		4.201972e-09		8.152386e-06		2.913704e-08		3.384518e-17		1.704531e-19		4.409872e-26		8.759367e-42		1.298733e-13		1.954178e-09		1.018524e-16		3.090640e-10		4.260042e-16		2.571548e-07		2.104287e-03		2.960582e+01		1.748400e-06		2.936339e-12		2.769055e-12		0.000000e+00		4.355349e-40		1.052742e-40		1.321661e-74		0.000000e+00		0.000000e+00		0.000000e+00		0.000000e+00		0.000000e+00		0.000000e+00		0.000000e+00		0.000000e+00		0.000000e+00		0.000000e+00		0.000000e+00		0.000000e+00		0.000000e+00		0.000000e+00		1.879059e-02		2.068362e-16		7.680892e-12		1.044776e-12		9.441019e-03		8.295538e-06		2.197633e-12		1.610123e-18		6.925698e-42		9.544630e-12		3.551142e-19		4.529194e-24		1.046817e-28		4.479336e-03		1.011360e-08		1.363825e-13		4.641821e-03		4.075832e-25		6.833876e-31		1.941460e-24		1.646719e-28		3.907481e-35		1.516940e-72		3.866002e-33		5.112386e-34		0.000000e+00		0.000000e+00		0.000000e+00		0.000000e+00		2.322822e+13
83.000000		7.142841e+06		1.110480e+09		8.688711e+09		1.102075e+00		3.025174e+04		1.436470e-03		6.708721e-01		5.641968e-07		1.359871e-01		1.046471e-13		7.375265e+09		8.666375e+09		5.021036e-02		8.745781e-05		2.490587e+07		2.202886e-03		1.748882e-02		2.821171e-05		3.276286e-06		1.452941e+00		1.541502e-09		2.041849e-06		1.413243e-08		3.720119e-18		4.123752e-21		2.009378e-27		6.082341e-42		2.171131e-13		2.420453e-09		8.008327e-15		1.866982e-08		1.623640e-15		5.729759e-08		2.652887e-03		2.036678e+01		2.246724e-06		1.016276e-11		1.080232e-11		0.000000e+00		8.346931e-45		2.975660e-46		2.194730e-79		0.000000e+00		0.000000e+00		0.000000e+00		0.000000e+00		0.000000e+00		0.000000e+00		0.000000e+00		0.000000e+00		0.000000e+00		0.000000e+00		0.000000e+00		0.000000e+00		0.000000e+00		0.000000e+00		1.350980e-02		6.289387e-17		4.892235e-12		6.815226e-13		1.129230e-04		1.915142e-08		3.441628e-15		1.482617e-21		4.711561e-44		6.075466e-12		1.021790e-21		8.860697e-26		6.115225e-31		2.583117e-03		7.966087e-09		7.865494e-14		3.206134e-03		5.882162e-28		7.640315e-33		2.878862e-25		1.241798e-26		5.830334e-35		2.580015e-73		1.597565e-33		1.432731e-34		0.000000e+00		0.000000e+00		0.000000e+00		0.000000e+00		1.605596e+13
85.000000		4.925034e+06		7.640921e+08		6.447487e+09		1.092359e+00		1.317336e+03		2.506539e-05		5.143670e-01		1.574729e-08		4.043314e-02		4.160448e-14		4.683916e+09		6.376970e+09		2.878724e-02		4.285132e-05		4.473472e+07		2.512568e-03		2.014193e-02		1.051167e-05		1.162151e-06		3.700537e-01		6.048062e-10		5.217777e-07		7.431492e-09		4.134794e-19		1.026717e-21		9.185084e-29		4.225841e-42		3.366092e-13		2.760903e-09		1.127314e-14		1.990119e-08		1.162166e-15		1.271273e-08		2.342428e-03		1.403187e+01		1.996714e-06		7.044709e-12		8.358910e-12		0.000000e+00		2.012250e-47		2.048898e-49		9.565727e-84		0.000000e+00		0.000000e+00		0.000000e+00		0.000000e+00		0.000000e+00		0.000000e+00		0.000000e+00		0.000000e+00		0.000000e+00		0.000000e+00		0.000000e+00		0.000000e+00		0.000000e+00		0.000000e+00		9.639863e-03		1.924100e-17		3.140512e-12		4.645265e-13		2.329350e-06		2.472115e-09		2.921959e-16		7.060350e-23		3.205183e-46		3.896699e-12		2.858738e-23		1.791962e-27		3.572039e-33		1.485169e-03		6.205115e-09		4.522612e-14		2.214993e-03		7.197299e-30		8.758907e-35		4.376722e-26		1.680895e-26		3.780440e-35		4.620965e-74		6.772878e-34		4.079114e-35		0.000000e+00		0.000000e+00		0.000000e+00		0.000000e+00		1.109830e+13
87.000000		3.387306e+06		5.247658e+08		4.744799e+09		1.057907e+00		4.330904e+02		4.133475e-06		4.134841e-01		3.344275e-09		1.396654e-02		1.848357e-14		2.969837e+09		4.655423e+09		1.320776e-02		2.064311e-05		5.123778e+07		1.841778e-03		1.488724e-02		3.907581e-06		4.226197e-07		9.402122e-02		2.651480e-10		1.384031e-07		4.098688e-09		4.715472e-20		2.636147e-22		4.208806e-30		2.936063e-42		3.999440e-13		2.398599e-09		1.041369e-14		1.375450e-08		5.470006e-16		2.811852e-09		1.737273e-03		9.677415e+00		1.480773e-06		3.183818e-12		4.247785e-12		0.000000e+00		6.230270e-43		4.989909e-44		1.320875e-79		0.000000e+00		0.000000e+00		0.000000e+00		0.000000e+00		0.000000e+00		0.000000e+00		0.000000e+00		0.000000e+00		0.000000e+00		0.000000e+00		0.000000e+00		0.000000e+00		0.000000e+00		0.000000e+00		6.838082e-03		5.909543e-18		2.028040e-12		3.288167e-13		6.639553e-07		8.349006e-10		6.538086e-17		8.730781e-24		2.180506e-48		2.513333e-12		5.078692e-24		4.712584e-29		2.086853e-35		8.524030e-04		4.921662e-09		2.595895e-14		1.530491e-03		5.607913e-31		1.240677e-36		6.846386e-27		1.496708e-26		1.635436e-35		8.706840e-75		2.944660e-34		1.175393e-35		0.000000e+00		0.000000e+00		0.000000e+00		0.000000e+00		7.671438e+12
89.000000		2.322500e+06		3.594413e+08		3.464236e+09		1.007423e+00		1.707232e+02		8.233458e-07		3.427966e-01		8.556806e-10		5.765905e-03		8.760917e-15		1.882737e+09		3.373629e+09		5.382200e-03		9.819503e-06		4.983062e+07		1.153531e-03		9.391774e-03		1.451987e-06		1.599142e-07		2.384636e-02		1.359158e-10		3.934757e-08		2.332492e-09		5.710872e-21		7.135763e-23		1.932092e-31		2.039206e-42		4.202168e-13		1.831182e-09		8.366068e-15		8.179680e-09		2.200817e-16		6.205381e-10		1.203972e-03		6.679070e+00		1.023363e-06		1.210689e-12		1.838672e-12		0.000000e+00		2.505899e-43		1.488751e-44		7.563970e-80		0.000000e+00		0.000000e+00		0.000000e+00		0.000000e+00		0.000000e+00		0.000000e+00		0.000000e+00		0.000000e+00		0.000000e+00		0.000000e+00		0.000000e+00		0.000000e+00		0.000000e+00		0.000000e+00		4.827062e-03		1.819366e-18		1.316116e-12		2.411499e-13		3.083457e-07		3.372264e-10		1.743037e-17		1.256463e-24		1.483666e-50		1.628308e-12		1.173606e-24		2.886797e-30		1.220887e-37		4.890812e-04		3.917284e-09		1.489533e-14		1.057638e-03		5.889527e-32		4.048109e-38		1.111486e-27		1.162553e-26		6.046851e-36		1.732204e-75		1.315542e-34		3.420617e-36		0.000000e+00		0.000000e+00		0.000000e+00		0.000000e+00		5.302700e+12
91.000000		1.585877e+06		2.452667e+08		2.510284e+09		9.494279e-01		7.449587e+01		1.801244e-07		2.899665e-01		2.431354e-10		2.775961e-03		4.328402e-15		1.195542e+09		2.427939e+09		2.034923e-03		4.625704e-06		4.430204e+07		6.634090e-04		5.436381e-03		5.403823e-07		6.421422e-08		6.040512e-03		8.251277e-11		1.254853e-08		1.355160e-09		7.959962e-22		2.144579e-23		8.881529e-33		1.415436e-42		4.096174e-13		1.288801e-09		6.268393e-15		4.494775e-09		8.120794e-17		1.367239e-10		8.165832e-04		4.612013e+00		6.911177e-07		4.149880e-13		7.303276e-13		0.000000e+00		0.000000e+00		0.000000e+00		0.000000e+00		0.000000e+00		0.000000e+00		0.000000e+00		0.000000e+00		0.000000e+00		0.000000e+00		0.000000e+00		0.000000e+00		0.000000e+00		0.000000e+00		0.000000e+00		0.000000e+00		0.000000e+00		0.000000e+00		3.393654e-03		5.602248e-19		8.571021e-13		1.829158e-13		1.560498e-07		1.523383e-10		5.166238e-18		1.967401e-25		1.010388e-52		1.057906e-12		3.098835e-25		4.001424e-31		7.244720e-40		2.811386e-04		3.136983e-09		8.562830e-15		7.309327e-04		7.593741e-33		3.800018e-39		1.899856e-28		8.451168e-27		2.068886e-36		3.664247e-76		6.060816e-35		1.002542e-36		0.000000e+00		0.000000e+00		0.000000e+00		0.000000e+00		3.665365e+12
93.000000		1.076665e+06		1.664461e+08		1.805676e+09		8.910412e-01		3.548645e+01		4.268973e-08		2.488065e-01		7.551834e-11		1.476788e-03		2.201795e-15		7.623432e+08		1.735847e+09		7.299390e-04		2.160422e-06		3.707758e+07		3.600170e-04		2.967871e-03		2.019186e-07		2.793857e-08		1.528951e-03		5.760250e-11		4.670016e-09		7.992482e-10		1.480621e-22		7.490212e-24		4.086810e-34		9.817130e-43		3.770478e-13		8.510137e-10		4.493421e-15		2.343950e-09		2.823636e-17		3.009158e-11		5.524709e-04		3.185793e+00		4.653128e-07		1.315108e-13		2.748919e-13		0.000000e+00		1.738220e-44		9.473749e-46		2.485321e-82		0.000000e+00		0.000000e+00		0.000000e+00		0.000000e+00		0.000000e+00		0.000000e+00		0.000000e+00		0.000000e+00		0.000000e+00		0.000000e+00		0.000000e+00		0.000000e+00		0.000000e+00		0.000000e+00		2.377651e-03		1.719954e-19		5.591017e-13		1.434190e-13		8.356491e-08		7.544517e-11		1.664184e-18		3.283935e-26		6.914288e-55		6.877855e-13		9.101643e-26		7.363795e-32		5.016934e-42		1.625269e-04		2.538668e-09		4.950549e-15		5.051750e-04		1.220778e-33		5.645876e-40		3.484211e-29		5.900669e-27		6.749190e-37		8.341040e-77		2.896990e-35		2.948421e-37		0.000000e+00		0.000000e+00		0.000000e+00		0.000000e+00		2.533597e+12
95.000000		7.248805e+05		1.120607e+08		1.289039e+09		8.381977e-01		1.857491e+01		1.103108e-08		2.161090e-01		2.574478e-11		8.293075e-04		1.147986e-15		4.900104e+08		1.232839e+09		2.517795e-04		9.999635e-07		2.959508e+07		1.863013e-04		1.544653e-03		7.607900e-08		1.334756e-08		3.873381e-04		4.423480e-11		2.036240e-09		4.776058e-10		4.156151e-23		3.072203e-24		1.881924e-35		6.803151e-43		3.294540e-13		5.297235e-10		3.110462e-15		1.171909e-09		9.344476e-18		6.622838e-12		3.754060e-04		2.201164e+00		3.147278e-07		3.889902e-14		9.978361e-14		0.000000e+00		0.000000e+00		0.000000e+00		0.000000e+00		0.000000e+00		0.000000e+00		0.000000e+00		0.000000e+00		0.000000e+00		0.000000e+00		0.000000e+00		0.000000e+00		0.000000e+00		0.000000e+00		0.000000e+00		0.000000e+00		0.000000e+00		0.000000e+00		1.660682e-03		5.241598e-20		3.644460e-13		1.163985e-13		4.702838e-08		4.080744e-11		5.783818e-19		5.811773e-27		4.877971e-57		4.462001e-13		2.955691e-26		1.519297e-32		9.366252e-44		9.518639e-05		2.093163e-09		2.899633e-15		3.491599e-04		2.486900e-34		1.028554e-40		6.977003e-30		3.996331e-27		2.120924e-37		2.088832e-77		1.452789e-35		8.659851e-38		0.000000e+00		0.000000e+00		0.000000e+00		0.000000e+00		1.751289e+12
97.000000		4.820129e+05		7.456307e+07		9.125145e+08		7.965361e-01		1.085486e+01		3.155160e-09		1.902040e-01		9.753830e-12		4.803746e-04		6.146533e-16		3.193841e+08		8.693213e+08		8.429165e-05		4.577326e-07		2.263006e+07		9.204108e-05		7.675688e-04		2.945318e-08		7.002910e-09		9.967865e-05		3.617638e-11		1.009746e-09		2.895434e-10		1.667538e-23		1.447741e-24		8.671929e-37		4.710408e-43		2.732428e-13		3.104921e-10		2.080901e-15		5.624902e-10		2.942705e-18		1.473659e-12		2.566187e-04		1.521126e+00		2.143729e-07		1.079360e-14		3.549720e-14		0.000000e+00		0.000000e+00		3.042108e-46		4.389905e-83		0.000000e+00		0.000000e+00		0.000000e+00		0.000000e+00		0.000000e+00		0.000000e+00		0.000000e+00		0.000000e+00		0.000000e+00		0.000000e+00		0.000000e+00		0.000000e+00		0.000000e+00		0.000000e+00		1.156446e-03		1.575670e-20		2.366182e-13		9.821639e-14		2.790449e-08		2.420717e-11		2.168143e-19		1.091454e-27		4.168168e-59		2.877282e-13		1.066698e-26		3.438385e-33		6.869934e-45		5.726871e-05		1.785341e-09		1.744790e-15		2.413353e-04		6.406806e-35		2.165117e-41		1.540009e-30		2.629986e-27		6.424605e-38		6.004476e-78		7.808705e-36		2.523959e-38		0.000000e+00		0.000000e+00		0.000000e+00		0.000000e+00		1.210537e+12
99.000000		3.144697e+05		4.873604e+07		6.394063e+08		7.726035e-01		7.202495e+00		1.014300e-09		1.702646e-01		4.155594e-12		2.897991e-04		3.418805e-16		2.130117e+08		6.077554e+08		2.787378e-05		2.066570e-07		1.653980e+07		4.311740e-05		3.618128e-04		1.357237e-08		4.054233e-09		3.000137e-05		3.107984e-11		5.612062e-10		1.788239e-10		8.578022e-24		7.804621e-25		4.176863e-38		3.258665e-43		2.185068e-13		1.737424e-10		1.340983e-15		2.583158e-10		8.759007e-19		3.808166e-13		1.764407e-04		1.051325e+00		1.471264e-07		2.975063e-15		1.342694e-14		0.000000e+00		0.000000e+00		0.000000e+00		0.000000e+00		0.000000e+00		0.000000e+00		0.000000e+00		0.000000e+00		0.000000e+00		0.000000e+00		0.000000e+00		0.000000e+00		0.000000e+00		0.000000e+00		0.000000e+00		0.000000e+00		0.000000e+00		0.000000e+00		8.026826e-04		4.688692e-21		1.522794e-13		8.693636e-14		1.767542e-08		1.591767e-11		8.810929e-20		2.186469e-28		7.671238e-61		1.833506e-13		4.342724e-27		8.682392e-34		8.010997e-46		3.627321e-05		1.617612e-09		1.105364e-15		1.668128e-04		2.077779e-35		5.233747e-42		3.958794e-31		1.678841e-27		1.931625e-38		2.137340e-78		4.664026e-36		7.280157e-39		0.000000e+00		0.000000e+00		0.000000e+00		0.000000e+00		8.367551e+11
