1.452956722430445e-16
2.268823710228274e-16
3.704127937899779e-16
6.169882255645467e-16
9.097964810619779e-16
1.619282394753211e-15
2.498974075052793e-15
4.031059261661291e-15
6.654621496033905e-15
9.747477577496541e-15
1.695495759999068e-14
2.604480612201889e-14
4.047504853281990e-14
6.669297323725983e-14
9.738617142849443e-14
1.608853982713328e-13
2.466310102566816e-13
3.572613974677218e-13
5.860757578571883e-13
8.519986218660883e-13
1.212956016931835e-12
1.700948367968593e-12
2.265488375270353e-12
2.434548039666511e-12
2.444315509827221e-12
2.455563808075969e-12
2.244334379382789e-12
1.990872220923064e-12
1.710027231660263e-12
1.494197801741710e-12
1.247553484040962e-12
9.880166553706133e-13
8.524588752168945e-13
6.982425116721999e-13
5.313896288594810e-13
4.610952063962157e-13
3.814509208253207e-13
2.913546907164389e-13
2.519661050478734e-13
2.130515442062827e-13
1.692292012602641e-13
1.425737303525165e-13
1.233284782079880e-13
1.017489515742603e-13
8.378462503824287e-14
7.404445098139484e-14
6.316545967476423e-14
5.125385287870401e-14
4.625877372204136e-14
4.070968031478373e-14
3.455267242898333e-14
3.028746367223219e-14
2.736766409544980e-14
2.414289485899518e-14
2.079274592208885e-14
1.921378626263835e-14
1.747805393751143e-14
1.557338343115085e-14
1.407553983165563e-14
1.310383493104200e-14
1.204227235799652e-14
1.088487427488442e-14
1.014729558948537e-14
9.541257000724500e-15
8.883569403712607e-15
8.170884190429730e-15
7.761143008321827e-15
7.391938441670505e-15
6.993780405201392e-15
6.565145230285351e-15
6.300624282402661e-15
6.079298117052580e-15
5.842050767303070e-15
5.588531996438313e-15
5.389184974533422e-15
5.253692871501428e-15
5.109409293717250e-15
4.956169523775426e-15
4.794413608599930e-15
4.705946704098485e-15
4.612452417702988e-15
4.513845974337278e-15
4.409958801083343e-15
4.324654270080144e-15
4.267531543736649e-15
4.207692661098968e-15
4.145137622167104e-15
4.079845403556913e-15
4.043152075340968e-15
4.011734572691755e-15
3.979129311836386e-15
3.945354790648564e-15
3.912923093981584e-15
3.898329789967235e-15
3.883304494538471e-15
3.867866111885020e-15
3.852033633851276e-15
3.838524618060730e-15
3.838524618060730e-15
3.838524618060730e-15
3.838524618060730e-15
