2.099710492335523e-06
2.020415691457346e-06
1.931459519931914e-06
1.832772244612729e-06
1.722141496329374e-06
1.602667252097155e-06
1.511084462800906e-06
1.408343120074908e-06
1.306902516871317e-06
1.226759948090601e-06
1.136852715636624e-06
1.058229900450300e-06
9.903994869792102e-07
9.143045371394932e-07
8.575735794782834e-07
8.012622865981513e-07
7.413581708903357e-07
6.990899483315496e-07
6.516717164377447e-07
6.096036591216196e-07
5.738687422555899e-07
5.337798416091863e-07
5.063015046369043e-07
4.760772793238302e-07
4.492327326406629e-07
4.264908569732021e-07
4.021821480088564e-07
3.852784105731421e-07
3.663151021330033e-07
3.522764619431055e-07
3.387193888522667e-07
3.270834542436323e-07
3.179140092156409e-07
3.090154112229768e-07
3.035248774194212e-07
2.974722610140325e-07
2.950770199101481e-07
2.923899398478720e-07
2.920354721115325e-07
2.922650097668409e-07
2.941527299242993e-07
2.973500856062017e-07
3.018929559976147e-07
3.084749170549535e-07
3.161860931776417e-07
3.264153264318464e-07
3.378909013479456e-07
3.517714489741713e-07
3.674192417198348e-07
3.842118498852010e-07
4.026327689044213e-07
4.223218646422207e-07
4.424875947150641e-07
4.651103407643466e-07
4.855334248849523e-07
5.084321646055034e-07
5.304922892157811e-07
5.526276649283394e-07
5.764365309304720e-07
5.962979442261307e-07
6.185792951886039e-07
6.386643539012852e-07
6.579399315605725e-07
6.793124258218301e-07
6.951598959256509e-07
7.129382401952260e-07
7.301400053825151e-07
7.450309876502989e-07
7.617363044948450e-07
7.755496972561329e-07
7.889577298386298e-07
8.039994126856501e-07
8.146566035204220e-07
8.264339020705791e-07
8.386944283866405e-07
8.473911070359691e-07
8.571473991139298e-07
8.665640925095230e-07
8.733151318071902e-07
8.808887255748427e-07
8.875363487390023e-07
8.919314812408940e-07
8.968621217921697e-07
9.006123303335642e-07
9.028203537656890e-07
9.052974053376077e-07
9.064803659401006e-07
9.069965553072329e-07
9.075540642242544e-07
9.075880381368380e-07
9.076261514703946e-07
9.076229196824700e-07
9.075823473612698e-07
9.075238123139324e-07
9.074137492251860e-07
9.072896093265691e-07
9.071155239786738e-07
9.069202278697747e-07
9.066763618099954e-07
9.063998721638147e-07
9.063596166924981e-07
