# z		 z0		 z1		 T		 P		1		2		3		4		5		6		7		8		9		10		11		12		13		14		15		16		17		18		19		20		21		22		23		24		25		26		27		28		29		30		31		32		33		34		35		36		37		38		39		40		41		42		43		44		45		46		47		48		49		50		51		52		53		54		55		56		57		58		59		60		61		62		63		64		65		66		67		68		69		70		71		72		73		74		75		76		77		78		79		80		81		82		83		84		85		86		87		88		89		90		91		92		93		94		95		96		97		98		99		100		101		102		103		104		105		106		107		108		109		110		111		
#  km		 km		 km		 K		 Pa		
1.000000 0.000000 2.000000 313.036515 9.794112e+04 2.697329e+02 4.326556e-09 6.724896e+08 2.198073e+05 4.469632e-01 3.714211e+03 4.532251e+17 1.045391e-08 4.688495e-09 2.864958e-12 7.964671e+04 1.499063e+03 4.528528e-05 3.949951e-12 9.532236e-28 2.101933e+02 3.028094e+00 2.200945e-05 6.557934e-20 1.180975e+12 3.713412e+12 1.349232e+09 3.752460e-02 4.525659e+08 1.930184e-12 7.875423e-40 6.007684e-06 6.256087e-09 3.569081e+00 1.689130e+00 1.294958e+06 1.224634e-14 4.265830e+01 3.093236e-01 1.067618e+05 5.859248e-01 1.323359e-02 4.608986e-17 2.540191e-17 2.186277e-19 1.443143e-34 1.291062e-17 2.803927e-17 9.435208e-27 2.227466e-18 6.341458e-19 1.851996e-19 3.205261e-21 0.000000e+00 0.000000e+00 0.000000e+00 4.532251e+18 6.092066e+14 3.100399e+00 1.812902e+19 1.710768e-12 1.127629e-05 8.526790e-16 1.036091e-07 6.098142e+04 1.077160e+07 4.279993e+03 6.308890e+08 7.928572e-17 1.479416e-01 3.681966e-07 2.492752e-21 7.627579e-22 0.000000e+00 3.145273e-17 2.789051e-12 1.434058e-10 7.753982e-20 6.716314e-29 4.524603e-28 6.246252e-37 1.092456e-66 0.000000e+00 0.000000e+00 4.356835e-09 0.000000e+00 0.000000e+00 0.000000e+00 0.000000e+00 0.000000e+00 0.000000e+00 0.000000e+00 0.000000e+00 0.000000e+00 0.000000e+00 0.000000e+00 0.000000e+00 0.000000e+00 0.000000e+00 0.000000e+00 0.000000e+00 0.000000e+00 0.000000e+00 0.000000e+00 0.000000e+00 0.000000e+00 0.000000e+00 0.000000e+00 0.000000e+00 0.000000e+00 6.094320e-57 3.264748e-31 3.413948e-30 6.059301e-12 2.973670e-22 0.000000e+00
3.000000 2.000000 4.000000 305.799490 7.713328e+04 1.263510e+05 3.289420e-05 9.362319e+08 3.096356e+05 2.023904e+01 6.060380e+03 2.294494e+17 7.068403e-09 1.109955e-08 2.877221e-12 6.491221e+04 1.289993e+03 1.630770e-03 3.389543e-09 4.574762e-23 1.460096e+02 3.079960e+00 4.419522e-04 4.218527e-19 9.872293e+11 2.992995e+12 1.179808e+09 3.053838e-01 3.955540e+08 1.825118e-11 8.996390e-40 3.443971e-06 7.943825e-09 2.655456e+00 1.152499e+00 9.935428e+05 1.686736e-14 7.132251e+01 3.916312e-01 4.839857e+04 3.521340e-01 1.092439e-02 8.080704e-17 1.781932e-14 2.214816e-19 3.124048e-34 9.048897e-18 2.247011e-17 2.066199e-26 7.934741e-19 3.638932e-19 1.065308e-19 6.809666e-21 0.000000e+00 0.000000e+00 0.000000e+00 3.653799e+18 4.910751e+14 7.537149e+02 1.461534e+19 2.780277e-12 2.521731e-06 2.618019e-15 1.113303e-07 4.171442e+04 7.817972e+06 2.901608e+03 5.814745e+08 1.508464e-16 7.660325e-02 2.670139e-06 5.776843e-22 6.042365e-22 0.000000e+00 1.217785e-13 4.527256e-10 1.195500e-09 0.000000e+00 7.507243e-29 5.055952e-28 1.980786e-36 4.357536e-66 0.000000e+00 0.000000e+00 4.575533e-09 0.000000e+00 0.000000e+00 0.000000e+00 0.000000e+00 0.000000e+00 0.000000e+00 0.000000e+00 0.000000e+00 0.000000e+00 0.000000e+00 0.000000e+00 0.000000e+00 0.000000e+00 0.000000e+00 0.000000e+00 0.000000e+00 0.000000e+00 0.000000e+00 0.000000e+00 0.000000e+00 0.000000e+00 0.000000e+00 0.000000e+00 0.000000e+00 0.000000e+00 7.296440e-56 2.463300e-31 2.786001e-30 4.483716e-12 3.046183e-22 0.000000e+00
5.000000 4.000000 6.000000 298.378584 6.038509e+04 2.576132e+06 1.415577e-02 1.462565e+09 5.132734e+05 4.140486e+02 1.191187e+04 1.526758e+17 2.881986e-09 3.473912e-08 6.837131e-12 5.367691e+04 1.108945e+03 1.588963e-02 4.649024e-07 1.424077e-19 1.017680e+02 3.673707e+00 3.525719e-03 3.195983e-18 8.567154e+11 2.400537e+12 1.011013e+09 1.701706e+00 3.146975e+08 1.490053e-10 2.977903e-39 8.492432e-06 4.334430e-08 1.994811e+00 7.852438e-01 7.351217e+05 1.073303e-13 1.231107e+02 5.468881e-01 2.021049e+04 1.512312e-01 9.031047e-03 1.328812e-16 3.760422e-13 0.000000e+00 3.211837e-34 0.000000e+00 0.000000e+00 0.000000e+00 0.000000e+00 0.000000e+00 0.000000e+00 0.000000e+00 0.000000e+00 0.000000e+00 0.000000e+00 2.931560e+18 3.939336e+14 2.843911e+04 1.172643e+19 3.839181e-12 1.003826e-07 8.338301e-15 1.447516e-07 2.944598e+04 5.771663e+06 1.845405e+03 3.312713e+08 7.996017e-16 3.733958e-02 1.118450e-05 4.048340e-23 0.000000e+00 0.000000e+00 6.232435e-11 1.159440e-08 6.209801e-09 0.000000e+00 0.000000e+00 0.000000e+00 3.188088e-36 0.000000e+00 0.000000e+00 0.000000e+00 4.582377e-09 0.000000e+00 0.000000e+00 0.000000e+00 0.000000e+00 0.000000e+00 0.000000e+00 0.000000e+00 0.000000e+00 0.000000e+00 0.000000e+00 0.000000e+00 0.000000e+00 0.000000e+00 0.000000e+00 0.000000e+00 0.000000e+00 0.000000e+00 0.000000e+00 0.000000e+00 0.000000e+00 0.000000e+00 0.000000e+00 0.000000e+00 0.000000e+00 0.000000e+00 1.209492e-54 9.014415e-31 1.114775e-29 5.118142e-12 4.217169e-22 0.000000e+00
7.000000 6.000000 8.000000 290.723957 4.697738e+04 1.647006e+07 6.888561e-01 2.012534e+09 7.865184e+05 2.955308e+03 2.167835e+04 9.763718e+16 9.939022e-10 8.561436e-08 1.586081e-11 4.542402e+04 9.576828e+02 5.593206e-02 7.574817e-06 2.145185e-17 6.857667e+01 4.089882e+00 1.446344e-02 1.898811e-17 7.764747e+11 1.915699e+12 8.004398e+08 5.443023e+00 2.266339e+08 8.342913e-10 8.542307e-39 2.340646e-05 1.230320e-07 1.560228e+00 5.461039e-01 5.325525e+05 8.672222e-13 2.274387e+02 8.437197e-01 9.717305e+03 7.364900e-02 7.485119e-03 1.961815e-16 2.134897e-12 0.000000e+00 0.000000e+00 0.000000e+00 0.000000e+00 0.000000e+00 0.000000e+00 0.000000e+00 0.000000e+00 0.000000e+00 0.000000e+00 0.000000e+00 0.000000e+00 2.340683e+18 3.144405e+14 3.331216e+05 9.362933e+18 8.557699e-12 6.233953e-09 2.337452e-14 1.800643e-07 2.160947e+04 4.353703e+06 1.078628e+03 1.195863e+08 4.584576e-15 1.692223e-02 1.958717e-05 5.562284e-24 0.000000e+00 0.000000e+00 4.390926e-09 9.481014e-08 1.372531e-08 0.000000e+00 0.000000e+00 0.000000e+00 0.000000e+00 0.000000e+00 0.000000e+00 0.000000e+00 4.600149e-09 0.000000e+00 0.000000e+00 0.000000e+00 0.000000e+00 0.000000e+00 0.000000e+00 0.000000e+00 0.000000e+00 0.000000e+00 0.000000e+00 0.000000e+00 0.000000e+00 0.000000e+00 0.000000e+00 0.000000e+00 0.000000e+00 0.000000e+00 0.000000e+00 0.000000e+00 0.000000e+00 0.000000e+00 0.000000e+00 0.000000e+00 0.000000e+00 0.000000e+00 2.390950e-53 3.616877e-30 4.752462e-29 6.612247e-12 7.150617e-22 0.000000e+00
9.000000 8.000000 10.000000 282.721035 3.629764e+04 5.220892e+07 8.459390e+00 2.292496e+09 1.032410e+06 1.097013e+04 3.288538e+04 5.930110e+16 4.532449e-10 1.307471e-07 2.458719e-11 3.965286e+04 8.331452e+02 1.182167e-01 4.047251e-05 6.993492e-16 4.313851e+01 3.954640e+00 3.400430e-02 7.234461e-17 7.256359e+11 1.520989e+12 5.716753e+08 9.195245e+00 1.502384e+08 6.336460e-09 1.321114e-38 4.725419e-05 2.168973e-07 1.281737e+00 3.878039e-01 3.839715e+05 4.669843e-12 4.390338e+02 1.392962e+00 5.585518e+03 5.812273e-02 6.228372e-03 2.376974e-16 5.111036e-12 0.000000e+00 1.595737e-33 0.000000e+00 0.000000e+00 0.000000e+00 0.000000e+00 0.000000e+00 0.000000e+00 0.000000e+00 0.000000e+00 0.000000e+00 0.000000e+00 1.859745e+18 2.497269e+14 1.654454e+06 7.439164e+18 6.965310e-11 8.313722e-10 5.019814e-14 1.959137e-07 1.630654e+04 3.304309e+06 5.869462e+02 4.698278e+07 1.939887e-14 7.258762e-03 2.041741e-05 1.425565e-24 0.000000e+00 0.000000e+00 1.071119e-07 3.354928e-07 1.646191e-08 0.000000e+00 0.000000e+00 0.000000e+00 1.694162e-35 0.000000e+00 0.000000e+00 0.000000e+00 4.686565e-09 0.000000e+00 0.000000e+00 0.000000e+00 0.000000e+00 0.000000e+00 0.000000e+00 0.000000e+00 0.000000e+00 0.000000e+00 0.000000e+00 0.000000e+00 0.000000e+00 0.000000e+00 0.000000e+00 0.000000e+00 0.000000e+00 0.000000e+00 0.000000e+00 0.000000e+00 0.000000e+00 0.000000e+00 0.000000e+00 0.000000e+00 0.000000e+00 0.000000e+00 5.439710e-52 7.855771e-30 1.101825e-28 7.529148e-12 1.309099e-21 0.000000e+00
11.000000 10.000000 12.000000 274.366287 2.783333e+04 1.147242e+08 5.596987e+01 2.293166e+09 1.246657e+06 2.965731e+04 4.525276e+04 3.401897e+16 3.465509e-10 1.977213e-07 4.415284e-11 3.702530e+04 7.443399e+02 2.017045e-01 1.302483e-04 1.200308e-14 2.538854e+01 3.626408e+00 6.057315e-02 2.160848e-16 7.064583e+11 1.200432e+12 3.810928e+08 1.090689e+01 9.324252e+07 1.253704e-07 1.395427e-38 8.213148e-05 3.028555e-07 1.098827e+00 2.779204e-01 2.742971e+05 1.880986e-11 8.297966e+02 2.283037e+00 3.644383e+03 6.566414e-02 5.279978e-03 2.538977e-16 7.548515e-12 0.000000e+00 1.118839e-34 0.000000e+00 0.000000e+00 0.000000e+00 0.000000e+00 0.000000e+00 0.000000e+00 0.000000e+00 8.958100e-36 1.769656e-55 0.000000e+00 1.469488e+18 1.971956e+14 5.633720e+06 5.878118e+18 5.974108e-10 2.358329e-10 9.507905e-14 2.011462e-07 1.271573e+04 2.546530e+06 3.120696e+02 2.279680e+07 7.315629e-14 3.159100e-03 1.711662e-05 7.054351e-25 0.000000e+00 0.000000e+00 1.671104e-06 8.364234e-07 2.733957e-08 0.000000e+00 0.000000e+00 0.000000e+00 1.046513e-36 0.000000e+00 0.000000e+00 0.000000e+00 4.822613e-09 0.000000e+00 0.000000e+00 0.000000e+00 0.000000e+00 0.000000e+00 0.000000e+00 0.000000e+00 0.000000e+00 0.000000e+00 0.000000e+00 0.000000e+00 0.000000e+00 0.000000e+00 0.000000e+00 0.000000e+00 0.000000e+00 0.000000e+00 0.000000e+00 0.000000e+00 0.000000e+00 0.000000e+00 0.000000e+00 0.000000e+00 0.000000e+00 0.000000e+00 1.738415e-50 2.962269e-29 4.776229e-28 1.112556e-11 2.884626e-21 0.000000e+00
13.000000 12.000000 14.000000 265.679549 2.116486e+04 2.265479e+08 6.334665e+02 1.401062e+09 1.221119e+06 9.753105e+04 6.448959e+04 1.683018e+16 9.396795e-10 9.630110e-07 4.708206e-10 6.196296e+04 9.574392e+02 7.143306e-01 1.022377e-03 1.068974e-12 1.506215e+01 3.902444e+00 1.873625e-01 2.781189e-16 1.079765e+12 9.365053e+11 2.586656e+08 1.897711e+01 3.481017e+07 1.474804e-05 1.417839e-38 2.356296e-04 5.447801e-07 9.584082e-01 1.784616e-01 1.592487e+05 1.138144e-10 2.849032e+03 7.332075e+00 4.996324e+03 1.260078e-01 5.861720e-03 2.727939e-16 1.658958e-11 1.620483e-20 1.672480e-34 4.682672e-19 8.787889e-18 8.043061e-25 1.305345e-21 3.063942e-21 1.968624e-21 2.273362e-19 1.647227e-34 2.429549e-54 0.000000e+00 1.153947e+18 1.543528e+14 2.338968e+07 4.615950e+18 9.314636e-09 1.688653e-10 1.251349e-13 2.011749e-07 1.200581e+04 2.868437e+06 1.415261e+02 1.522838e+07 5.089357e-13 1.816412e-03 2.512575e-05 1.778822e-24 4.151074e-22 0.000000e+00 9.875019e-05 3.066864e-06 9.019862e-07 1.133084e-16 1.453427e-28 9.813646e-28 2.035333e-36 4.028196e-66 0.000000e+00 0.000000e+00 4.465552e-09 0.000000e+00 0.000000e+00 0.000000e+00 0.000000e+00 0.000000e+00 0.000000e+00 0.000000e+00 0.000000e+00 0.000000e+00 0.000000e+00 0.000000e+00 0.000000e+00 0.000000e+00 0.000000e+00 0.000000e+00 0.000000e+00 0.000000e+00 0.000000e+00 0.000000e+00 0.000000e+00 0.000000e+00 0.000000e+00 0.000000e+00 0.000000e+00 0.000000e+00 2.875331e-48 5.779570e-27 7.891528e-26 8.238029e-11 2.236113e-20 0.000000e+00
15.000000 14.000000 16.000000 255.857651 1.594021e+04 3.513395e+08 2.778703e+04 6.074095e+08 9.587438e+05 1.168362e+06 7.076360e+06 7.027125e+15 1.716379e-08 4.931766e-06 7.427959e-09 1.784527e+05 1.834853e+03 4.182550e+00 1.093344e-02 4.376645e-10 1.077549e+01 5.072518e+00 1.386516e+00 1.473382e-16 2.318253e+12 7.174106e+11 1.440031e+08 1.732820e+02 6.742367e+06 4.525983e-03 5.266332e-39 4.551446e-04 5.252115e-07 5.965115e-01 7.220907e-02 7.648808e+04 3.888106e-10 9.454392e+03 2.622755e+01 6.368690e+03 1.802830e-01 9.706482e-03 3.176711e-16 4.364466e-11 5.432487e-19 1.182163e-34 2.058556e-17 4.193444e-16 9.144482e-23 3.158038e-20 4.007199e-20 5.986958e-20 1.005202e-17 1.312743e-33 1.081007e-53 0.000000e+00 9.024413e+17 1.193020e+14 3.793748e+08 3.609934e+18 5.606892e-07 8.148832e-10 9.413230e-14 1.343912e-07 9.758076e+03 3.742617e+06 4.237506e+01 1.282099e+07 2.622228e-12 1.639939e-03 4.097740e-05 2.079171e-23 2.488733e-20 0.000000e+00 1.860294e-01 3.785487e-05 6.724113e-05 1.243879e-15 9.401068e-27 6.351876e-26 4.212402e-36 4.099257e-72 0.000000e+00 0.000000e+00 2.619539e-09 0.000000e+00 0.000000e+00 0.000000e+00 0.000000e+00 0.000000e+00 0.000000e+00 0.000000e+00 0.000000e+00 0.000000e+00 0.000000e+00 0.000000e+00 0.000000e+00 0.000000e+00 0.000000e+00 0.000000e+00 0.000000e+00 0.000000e+00 0.000000e+00 0.000000e+00 0.000000e+00 0.000000e+00 0.000000e+00 0.000000e+00 0.000000e+00 0.000000e+00 1.543108e-45 2.042683e-23 2.389742e-23 8.418303e-10 2.589509e-19 0.000000e+00
17.000000 16.000000 18.000000 243.437612 1.185579e+04 2.227037e+07 4.496505e+06 1.380927e+07 1.759663e+06 3.203016e+08 4.050643e+09 2.078471e+15 2.950464e-07 2.412676e-05 5.574909e-08 4.833720e+05 1.636350e+03 6.829116e+02 3.353496e-01 9.464157e-07 1.233501e+00 7.364322e+00 1.856720e+02 3.978855e-19 5.004877e+12 5.450124e+11 1.227437e+07 9.654536e+03 3.898414e+05 1.761970e+00 5.909533e-40 1.021555e-02 1.955594e-06 8.694125e+00 7.215767e-01 3.515364e+04 7.148808e-09 5.279190e+01 5.569487e-01 9.719669e+01 8.922715e-01 1.521709e-02 6.487647e-16 4.086929e-10 1.683317e-21 1.528337e-34 4.979367e-18 2.646836e-17 1.255065e-23 1.618066e-22 1.918553e-21 6.495379e-21 3.129171e-21 6.956014e-34 1.487861e-53 0.000000e+00 7.054430e+17 9.084040e+13 3.505730e+11 2.821934e+18 1.221404e-04 3.429574e-09 1.275590e-14 2.124445e-07 8.772036e+03 1.013321e+04 1.924730e-01 3.761699e+05 1.729046e-10 1.101835e-01 2.924976e-05 2.163492e-20 2.343408e-22 0.000000e+00 5.365364e+02 2.968235e-02 2.328785e-03 5.473886e-16 7.974468e-28 5.392646e-27 1.076832e-36 5.799485e-67 0.000000e+00 0.000000e+00 3.814021e-08 0.000000e+00 0.000000e+00 0.000000e+00 0.000000e+00 0.000000e+00 0.000000e+00 0.000000e+00 0.000000e+00 0.000000e+00 0.000000e+00 0.000000e+00 0.000000e+00 0.000000e+00 0.000000e+00 0.000000e+00 0.000000e+00 0.000000e+00 0.000000e+00 0.000000e+00 0.000000e+00 0.000000e+00 0.000000e+00 0.000000e+00 0.000000e+00 0.000000e+00 1.357417e-42 2.594262e-19 1.644103e-21 4.702347e-09 3.658741e-18 0.000000e+00
19.000000 18.000000 20.000000 227.364473 8.660677e+03 2.316563e+07 8.072733e+07 7.278414e+05 4.586978e+05 3.294375e+08 4.686202e+09 3.517260e+14 7.770677e-05 3.010099e-05 7.527426e-08 1.162072e+06 2.382503e+03 1.317313e+03 6.481236e-01 3.494092e-06 6.779858e-02 2.602066e+00 8.585102e+01 5.801092e-24 1.694427e+13 4.238881e+11 1.613129e+06 1.929602e+02 5.774371e+04 3.468119e-01 5.114496e-43 3.270901e-03 1.886319e-07 1.703299e+00 8.018073e-02 1.931998e+04 1.503831e-09 1.167067e+00 1.044132e-02 9.705177e+00 7.924603e-03 1.991636e-02 1.103735e-16 2.701198e-10 7.520774e-23 2.122752e-39 3.627172e-18 9.674586e-18 1.049739e-23 1.985400e-25 1.154292e-23 4.863014e-23 2.871448e-23 7.158508e-34 5.703934e-56 0.000000e+00 5.517433e+17 7.069547e+13 6.607483e+12 2.207156e+18 2.879026e-03 1.004983e-09 3.371845e-17 1.102717e-09 6.036899e+01 6.570908e+01 1.151414e-03 1.599035e+04 1.431856e-10 1.466586e-03 3.634989e-07 5.521033e-19 1.282246e-24 0.000000e+00 1.050204e+03 3.678820e-03 5.259706e-03 3.513573e-16 3.885690e-28 2.630428e-27 1.172250e-43 3.506247e-73 0.000000e+00 0.000000e+00 5.973050e-09 0.000000e+00 0.000000e+00 0.000000e+00 0.000000e+00 0.000000e+00 0.000000e+00 0.000000e+00 0.000000e+00 0.000000e+00 0.000000e+00 0.000000e+00 0.000000e+00 0.000000e+00 0.000000e+00 0.000000e+00 0.000000e+00 0.000000e+00 0.000000e+00 0.000000e+00 0.000000e+00 0.000000e+00 0.000000e+00 0.000000e+00 0.000000e+00 0.000000e+00 1.368314e-39 8.498112e-17 7.207948e-21 6.906297e-11 5.004179e-19 0.000000e+00
21.000000 20.000000 22.000000 209.610428 6.168998e+03 4.871921e+07 3.114712e+08 2.425802e+05 1.662782e+05 1.512762e+08 1.096905e+09 3.922644e+13 1.622161e-02 4.882532e-04 3.330647e-06 2.077129e+06 4.374976e+03 1.163283e+03 5.468705e-01 2.490988e-06 1.921208e-02 1.616866e+00 2.529311e+01 7.444581e-25 3.016050e+13 3.269071e+11 2.403317e+05 2.603909e+00 1.369517e+04 3.186891e-02 3.472468e-46 4.349096e-04 1.570035e-08 1.682844e-01 6.656578e-03 1.312959e+04 2.385738e-10 1.527072e-01 2.357102e-03 1.823397e+00 8.628096e-04 2.224258e-02 1.676668e-17 3.945051e-11 1.108141e-25 3.159729e-44 9.788783e-21 2.441779e-20 2.260195e-23 1.606353e-28 4.445448e-27 1.812339e-26 1.237402e-26 0.000000e+00 0.000000e+00 0.000000e+00 4.262771e+17 5.455093e+13 1.360571e+13 1.705321e+18 1.451592e-02 5.130951e-08 2.754952e-17 1.455322e-10 4.551737e+00 1.182206e+01 1.195259e-03 4.562241e+03 3.869597e-11 9.836344e-05 3.221449e-07 4.799059e-18 3.702165e-26 0.000000e+00 4.059873e+02 5.434426e-04 7.000564e-03 2.412173e-16 1.325560e-30 8.980246e-30 1.495550e-50 2.480506e-79 0.000000e+00 0.000000e+00 6.979836e-10 0.000000e+00 0.000000e+00 0.000000e+00 0.000000e+00 0.000000e+00 0.000000e+00 0.000000e+00 0.000000e+00 0.000000e+00 0.000000e+00 0.000000e+00 0.000000e+00 0.000000e+00 0.000000e+00 0.000000e+00 0.000000e+00 0.000000e+00 0.000000e+00 0.000000e+00 0.000000e+00 0.000000e+00 0.000000e+00 0.000000e+00 0.000000e+00 0.000000e+00 2.612719e-37 1.376002e-15 4.381739e-18 1.131991e-10 1.300388e-18 0.000000e+00
23.000000 22.000000 24.000000 196.609128 4.284852e+03 1.220058e+08 8.166428e+08 2.031468e+05 1.223915e+05 6.162609e+07 1.938055e+08 6.718376e+12 1.197458e-01 3.668938e-04 7.047039e-06 2.697534e+06 5.485747e+03 5.632428e+02 4.057461e-01 8.295984e-07 6.971672e-03 1.289270e+00 7.690509e+00 8.294420e-25 3.712050e+13 2.417717e+11 8.939778e+04 6.171944e-02 3.592863e+03 5.622774e-03 1.397299e-48 5.324974e-05 2.115660e-09 3.001500e-02 9.964817e-04 8.995559e+03 6.439692e-11 6.412903e-02 2.574266e-03 6.478991e-01 3.131431e-04 2.182323e-02 5.845893e-18 8.537133e-12 0.000000e+00 4.891640e-49 0.000000e+00 0.000000e+00 0.000000e+00 0.000000e+00 0.000000e+00 0.000000e+00 0.000000e+00 0.000000e+00 0.000000e+00 0.000000e+00 3.156473e+17 4.036734e+13 1.745405e+13 1.262805e+18 5.192693e-02 2.157500e-07 4.881008e-17 6.056961e-11 1.402040e+00 6.232767e+00 2.388719e-03 2.724288e+03 8.655661e-12 1.479932e-05 3.071450e-07 1.981341e-18 0.000000e+00 0.000000e+00 7.110427e+01 1.983098e-04 7.467398e-03 1.581961e-16 0.000000e+00 0.000000e+00 2.355962e-57 2.176267e-85 0.000000e+00 0.000000e+00 1.515322e-10 0.000000e+00 0.000000e+00 0.000000e+00 0.000000e+00 0.000000e+00 0.000000e+00 0.000000e+00 0.000000e+00 0.000000e+00 0.000000e+00 0.000000e+00 0.000000e+00 0.000000e+00 0.000000e+00 0.000000e+00 0.000000e+00 0.000000e+00 0.000000e+00 0.000000e+00 0.000000e+00 0.000000e+00 0.000000e+00 0.000000e+00 0.000000e+00 0.000000e+00 1.691413e-36 3.671188e-15 1.616210e-17 6.687377e-11 3.433733e-19 0.000000e+00
25.000000 24.000000 26.000000 189.418036 2.923409e+03 2.248704e+08 1.175144e+09 2.776644e+05 1.304771e+05 3.537301e+07 6.459937e+07 2.199847e+12 3.305781e-01 1.890498e-04 7.097023e-06 2.481723e+06 5.248662e+03 2.800174e+02 2.700314e-01 2.468627e-07 3.671868e-03 1.047767e+00 3.216592e+00 2.338643e-24 3.802297e+13 1.710270e+11 6.145657e+04 6.356202e-03 9.582351e+02 2.354897e-03 8.529349e-50 1.322486e-05 5.646080e-10 1.089559e-02 3.155713e-04 6.003328e+03 3.892861e-11 4.459074e-02 3.310580e-03 3.509437e-01 2.011111e-04 1.954008e-02 4.003561e-18 3.466354e-12 0.000000e+00 7.770506e-54 0.000000e+00 0.000000e+00 0.000000e+00 0.000000e+00 0.000000e+00 0.000000e+00 0.000000e+00 0.000000e+00 0.000000e+00 0.000000e+00 2.235195e+17 2.857312e+13 1.822043e+13 8.942772e+17 1.066317e-01 3.658958e-07 1.077567e-16 4.745731e-11 9.944518e-01 5.843943e+00 3.312684e-03 2.224206e+03 3.740279e-12 5.302572e-06 1.983998e-07 8.105950e-19 0.000000e+00 0.000000e+00 1.671206e+01 1.320065e-04 7.041094e-03 1.025748e-16 0.000000e+00 0.000000e+00 4.614844e-64 2.381850e-91 0.000000e+00 0.000000e+00 7.145193e-11 0.000000e+00 0.000000e+00 0.000000e+00 0.000000e+00 0.000000e+00 0.000000e+00 0.000000e+00 0.000000e+00 0.000000e+00 0.000000e+00 0.000000e+00 0.000000e+00 0.000000e+00 0.000000e+00 0.000000e+00 0.000000e+00 0.000000e+00 0.000000e+00 0.000000e+00 0.000000e+00 0.000000e+00 0.000000e+00 0.000000e+00 0.000000e+00 0.000000e+00 7.940852e-37 2.599937e-15 1.307519e-17 4.419972e-11 8.287103e-20 0.000000e+00
27.000000 26.000000 28.000000 184.255054 1.969750e+03 3.665217e+08 1.318818e+09 4.477761e+05 1.567576e+05 2.333710e+07 2.844192e+07 8.981160e+11 7.376449e-01 9.954442e-05 6.247576e-06 1.874708e+06 4.497031e+03 1.394873e+02 1.591680e-01 6.453580e-08 2.195210e-03 8.281850e-01 1.473130e+00 1.012873e-23 3.570639e+13 1.183430e+11 4.926273e+04 1.447598e-03 2.581837e+02 1.311432e-03 1.741457e-50 5.529490e-06 1.966369e-10 5.029629e-03 1.300325e-04 3.958748e+03 4.406874e-11 4.098371e-02 4.132252e-03 2.173877e-01 1.589833e-04 1.668447e-02 3.328230e-18 1.714575e-12 0.000000e+00 1.244619e-58 0.000000e+00 0.000000e+00 0.000000e+00 0.000000e+00 0.000000e+00 0.000000e+00 0.000000e+00 0.000000e+00 0.000000e+00 0.000000e+00 1.548148e+17 1.978485e+13 1.730106e+13 6.194351e+17 1.736930e-01 5.083594e-07 2.805079e-16 4.533947e-11 9.268997e-01 6.566636e+00 3.929222e-03 1.988261e+03 2.662583e-12 2.520804e-06 1.079199e-07 3.934994e-19 0.000000e+00 0.000000e+00 4.377504e+00 1.031285e-04 6.250354e-03 7.315634e-17 0.000000e+00 0.000000e+00 1.126030e-70 3.254672e-97 0.000000e+00 0.000000e+00 4.415475e-11 0.000000e+00 0.000000e+00 0.000000e+00 0.000000e+00 0.000000e+00 0.000000e+00 0.000000e+00 0.000000e+00 0.000000e+00 0.000000e+00 0.000000e+00 0.000000e+00 0.000000e+00 0.000000e+00 0.000000e+00 0.000000e+00 0.000000e+00 0.000000e+00 0.000000e+00 0.000000e+00 0.000000e+00 0.000000e+00 0.000000e+00 0.000000e+00 0.000000e+00 1.437385e-37 1.132340e-15 7.834800e-18 3.405949e-11 2.262685e-20 0.000000e+00
29.000000 28.000000 30.000000 179.528804 1.313716e+03 5.897999e+08 1.368336e+09 7.769365e+05 1.984670e+05 1.563529e+07 1.302448e+07 3.868842e+11 1.320493e+00 4.224303e-05 4.294201e-06 1.270216e+06 3.600332e+03 6.382094e+01 8.357342e-02 1.366471e-08 1.302936e-03 6.306405e-01 6.377684e-01 5.610441e-23 3.194385e+13 8.092678e+10 4.140270e+04 3.950655e-04 7.225420e+01 7.773418e-04 5.259881e-51 2.801351e-06 7.335988e-11 2.469769e-03 5.737224e-05 2.599213e+03 7.633917e-11 4.740769e-02 5.258413e-03 1.395913e-01 1.390695e-04 1.382866e-02 2.751396e-18 8.796667e-13 0.000000e+00 1.921757e-63 0.000000e+00 0.000000e+00 0.000000e+00 0.000000e+00 0.000000e+00 0.000000e+00 0.000000e+00 2.628049e-36 5.416810e-58 0.000000e+00 1.059638e+17 1.353985e+13 1.559167e+13 4.240054e+17 2.635750e-01 5.629283e-07 8.229707e-16 4.713916e-11 9.725061e-01 7.864980e+00 4.523504e-03 1.842751e+03 2.274817e-12 1.251399e-06 5.170503e-08 1.660284e-19 0.000000e+00 0.000000e+00 1.046960e+00 8.467752e-05 5.364531e-03 5.910188e-17 0.000000e+00 0.000000e+00 3.431487e-77 5.563125e-103 0.000000e+00 0.000000e+00 2.927748e-11 0.000000e+00 0.000000e+00 0.000000e+00 0.000000e+00 0.000000e+00 0.000000e+00 0.000000e+00 0.000000e+00 0.000000e+00 0.000000e+00 0.000000e+00 0.000000e+00 0.000000e+00 0.000000e+00 0.000000e+00 0.000000e+00 0.000000e+00 0.000000e+00 0.000000e+00 0.000000e+00 0.000000e+00 0.000000e+00 0.000000e+00 0.000000e+00 0.000000e+00 9.266446e-39 2.910062e-16 2.773286e-18 2.337546e-11 5.334350e-21 0.000000e+00
31.000000 30.000000 32.000000 174.837183 8.670151e+02 9.285797e+08 1.349503e+09 1.344215e+06 2.478535e+05 1.032239e+07 5.866490e+06 1.604089e+11 1.883575e+00 1.395407e-05 2.298600e-06 7.924447e+05 2.741282e+03 2.717987e+01 3.930721e-02 2.386801e-09 7.341888e-04 4.448013e-01 2.485329e-01 3.206475e-22 2.795643e+13 5.478806e+10 3.452296e+04 1.034290e-04 2.299173e+01 4.503093e-04 1.581888e-51 1.536964e-06 2.700040e-11 1.213067e-03 2.521391e-05 1.697398e+03 1.850992e-10 6.119383e-02 6.216483e-03 8.675199e-02 1.219766e-04 1.126031e-02 1.932192e-18 4.428293e-13 0.000000e+00 6.497552e-63 0.000000e+00 0.000000e+00 0.000000e+00 0.000000e+00 0.000000e+00 0.000000e+00 0.000000e+00 0.000000e+00 0.000000e+00 0.000000e+00 7.180337e+16 9.174823e+12 1.371922e+13 2.873403e+17 3.820735e-01 5.047672e-07 2.441470e-15 4.899034e-11 1.040042e+00 9.200363e+00 5.044242e-03 1.667318e+03 2.100929e-12 5.993190e-07 2.212250e-08 5.630152e-20 0.000000e+00 0.000000e+00 2.264716e-01 6.839293e-05 4.542782e-03 4.997296e-17 0.000000e+00 0.000000e+00 1.240041e-83 1.128799e-108 0.000000e+00 0.000000e+00 1.937787e-11 0.000000e+00 0.000000e+00 0.000000e+00 0.000000e+00 0.000000e+00 0.000000e+00 0.000000e+00 0.000000e+00 0.000000e+00 0.000000e+00 0.000000e+00 0.000000e+00 0.000000e+00 0.000000e+00 0.000000e+00 0.000000e+00 0.000000e+00 0.000000e+00 0.000000e+00 0.000000e+00 0.000000e+00 0.000000e+00 0.000000e+00 0.000000e+00 0.000000e+00 2.208549e-40 4.452273e-17 5.774201e-19 1.288183e-11 9.831834e-22 0.000000e+00
33.000000 32.000000 34.000000 171.429425 5.666615e+02 1.358410e+09 1.164216e+09 2.305668e+06 2.964544e+05 6.911253e+06 2.693019e+06 8.291555e+10 2.328913e+00 4.153294e-06 1.080005e-06 4.502850e+05 1.975935e+03 1.128805e+01 1.619783e-02 3.476657e-10 4.103481e-04 2.742700e-01 8.673690e-02 1.879485e-21 2.378101e+13 3.648386e+10 2.682223e+04 3.276276e-05 1.123709e+01 2.386426e-04 8.509658e-52 9.141213e-07 1.120858e-11 6.157625e-04 1.177806e-05 1.095363e+03 5.094319e-10 7.772456e-02 6.420928e-03 5.310059e-02 1.058265e-04 8.904602e-03 1.318560e-18 2.433862e-13 1.819470e-23 2.632808e-58 9.579048e-19 5.245888e-18 1.171980e-20 2.577496e-31 9.845279e-27 4.609196e-25 4.581613e-25 6.134104e-37 6.232103e-58 0.000000e+00 4.785679e+16 6.116030e+12 1.171729e+13 1.915323e+17 4.929748e-01 4.260755e-07 7.235219e-15 5.202724e-11 1.081603e+00 1.064687e+01 5.072444e-03 1.400438e+03 2.056241e-12 2.716956e-07 8.037285e-09 1.999881e-20 2.044484e-25 0.000000e+00 4.648342e-02 5.098315e-05 3.768490e-03 4.269349e-17 2.741507e-27 1.817212e-26 5.412679e-90 2.766226e-114 0.000000e+00 0.000000e+00 1.377743e-11 0.000000e+00 0.000000e+00 0.000000e+00 0.000000e+00 0.000000e+00 0.000000e+00 0.000000e+00 0.000000e+00 0.000000e+00 0.000000e+00 0.000000e+00 0.000000e+00 0.000000e+00 0.000000e+00 0.000000e+00 0.000000e+00 0.000000e+00 0.000000e+00 0.000000e+00 0.000000e+00 0.000000e+00 0.000000e+00 0.000000e+00 0.000000e+00 0.000000e+00 2.619490e-42 4.651919e-18 8.946826e-20 6.103331e-12 1.728197e-22 0.000000e+00
35.000000 34.000000 36.000000 169.603911 3.680914e+02 1.823005e+09 8.720284e+08 3.898347e+06 3.365696e+05 4.777253e+06 1.296417e+06 5.345841e+10 2.708620e+00 1.241411e-06 4.876087e-07 2.346809e+05 1.362298e+03 4.697797e+00 5.942986e-03 4.392309e-11 2.330746e-04 1.475485e-01 2.752168e-02 1.104819e-20 1.982845e+13 2.392978e+10 1.889268e+04 1.343249e-05 9.281145e+00 1.121135e-04 9.515218e-52 5.815417e-07 5.449539e-12 3.256221e-04 5.949185e-06 6.985968e+02 1.349130e-09 8.949288e-02 5.473572e-03 3.231051e-02 8.945894e-05 6.858576e-03 9.872584e-19 1.512174e-13 4.794531e-23 7.804387e-58 2.058487e-18 1.013204e-17 2.555609e-20 2.598125e-31 1.402139e-26 8.700888e-25 8.986945e-25 1.329030e-35 3.104543e-56 0.000000e+00 3.141714e+16 4.016571e+12 9.800339e+12 1.257544e+17 5.622612e-01 3.759664e-07 2.121466e-14 5.648406e-11 1.043775e+00 1.214859e+01 4.533143e-03 1.078995e+03 2.075089e-12 1.129459e-07 2.490984e-09 8.482599e-21 4.339250e-25 0.000000e+00 9.413633e-03 3.367556e-05 3.086036e-03 3.427482e-17 8.058238e-27 5.273564e-26 2.082006e-92 8.097910e-120 0.000000e+00 0.000000e+00 1.070234e-11 0.000000e+00 0.000000e+00 0.000000e+00 0.000000e+00 0.000000e+00 0.000000e+00 0.000000e+00 0.000000e+00 0.000000e+00 0.000000e+00 0.000000e+00 0.000000e+00 0.000000e+00 0.000000e+00 0.000000e+00 0.000000e+00 0.000000e+00 0.000000e+00 0.000000e+00 0.000000e+00 0.000000e+00 0.000000e+00 0.000000e+00 0.000000e+00 0.000000e+00 2.031953e-44 3.800389e-19 1.242667e-20 2.587089e-12 3.244199e-23 0.000000e+00
37.000000 36.000000 38.000000 169.181522 2.385039e+02 2.350339e+09 5.970596e+08 6.515462e+06 3.653681e+05 3.284742e+06 6.086097e+05 3.363771e+10 3.020067e+00 3.535243e-07 2.068463e-07 1.156991e+05 9.098467e+02 1.903851e+00 1.982043e-03 4.795371e-12 1.312818e-04 7.103096e-02 7.834851e-03 6.802365e-20 1.621379e+13 1.552745e+10 1.237179e+04 7.012357e-06 9.755070e+00 4.504093e-05 1.951572e-51 3.669023e-07 2.957981e-12 1.737677e-04 3.140260e-06 4.422587e+02 3.357135e-09 9.136671e-02 3.903882e-03 1.943591e-02 7.454740e-05 5.144101e-03 8.709700e-19 1.024873e-13 9.838072e-23 1.102267e-57 3.394336e-18 1.427070e-17 3.857792e-20 2.140704e-31 1.612625e-26 1.252284e-24 1.291904e-24 9.306587e-36 5.163945e-56 0.000000e+00 2.040415e+16 2.610129e+12 8.032818e+12 8.168577e+16 5.944863e-01 3.374228e-07 6.416828e-14 6.290725e-11 9.349129e-01 1.367361e+01 3.789236e-03 7.720127e+02 1.972691e-12 4.216592e-08 6.766339e-10 3.987405e-21 6.107518e-25 0.000000e+00 1.770857e-03 1.967187e-05 2.497289e-03 2.546136e-17 1.739812e-26 1.116519e-25 2.120453e-92 3.148142e-125 0.000000e+00 0.000000e+00 8.751384e-12 0.000000e+00 0.000000e+00 0.000000e+00 0.000000e+00 0.000000e+00 0.000000e+00 0.000000e+00 0.000000e+00 0.000000e+00 0.000000e+00 0.000000e+00 0.000000e+00 0.000000e+00 0.000000e+00 0.000000e+00 0.000000e+00 0.000000e+00 0.000000e+00 0.000000e+00 0.000000e+00 0.000000e+00 0.000000e+00 0.000000e+00 0.000000e+00 0.000000e+00 1.232623e-46 2.616011e-20 1.497298e-21 9.594965e-13 6.270382e-24 0.000000e+00
39.000000 38.000000 40.000000 169.869071 1.546492e+02 2.933258e+09 3.830603e+08 1.070698e+07 3.800919e+05 2.250350e+06 2.804138e+05 2.073039e+10 3.262828e+00 9.749241e-08 8.363488e-08 5.518607e+04 5.961750e+02 7.616518e-01 6.192229e-04 4.738064e-13 7.362014e-05 3.137916e-02 2.055643e-03 4.171359e-19 1.311127e+13 1.001583e+10 7.639372e+03 4.178229e-06 1.079411e+01 1.532589e-05 6.057997e-51 2.262616e-07 1.733504e-12 9.323312e-05 1.712517e-06 2.790182e+02 7.672938e-09 8.194189e-02 2.319273e-03 1.151394e-02 6.083071e-05 3.781498e-03 9.271073e-19 7.447162e-14 1.311310e-22 2.906096e-58 3.610559e-18 1.249006e-17 3.383935e-20 1.246397e-31 1.259698e-26 1.156493e-24 1.146256e-24 7.960041e-36 1.042022e-55 0.000000e+00 1.317415e+16 1.686613e+12 6.507576e+12 5.275185e+16 5.938656e-01 3.039204e-07 1.933423e-13 7.026633e-11 7.604550e-01 1.507020e+01 3.007824e-03 5.185611e+02 1.714663e-12 1.411281e-08 1.676667e-10 2.017586e-21 4.840881e-25 0.000000e+00 3.175532e-04 9.960669e-06 2.014115e-03 1.760743e-17 2.334604e-26 1.454752e-25 1.180144e-93 2.709382e-128 0.000000e+00 0.000000e+00 7.416279e-12 0.000000e+00 0.000000e+00 0.000000e+00 0.000000e+00 0.000000e+00 0.000000e+00 0.000000e+00 0.000000e+00 0.000000e+00 0.000000e+00 0.000000e+00 0.000000e+00 0.000000e+00 0.000000e+00 0.000000e+00 0.000000e+00 0.000000e+00 0.000000e+00 0.000000e+00 0.000000e+00 0.000000e+00 0.000000e+00 0.000000e+00 0.000000e+00 0.000000e+00 6.621888e-49 1.603722e-21 1.622042e-22 3.074358e-13 1.209026e-24 0.000000e+00
41.000000 40.000000 42.000000 170.499060 1.004833e+02 3.577898e+09 2.389528e+08 1.718052e+07 3.834847e+05 1.535500e+06 1.287276e+05 1.261826e+10 3.414911e+00 2.641010e-08 3.260013e-08 2.625586e+04 3.882669e+02 3.055843e-01 1.893123e-04 4.519664e-14 4.105438e-05 1.337452e-02 5.254270e-04 2.337292e-18 1.053179e+13 6.475325e+09 4.554739e+03 2.140137e-06 1.194485e+01 4.487384e-06 1.614421e-50 1.379866e-07 1.008048e-12 4.994071e-05 9.308319e-07 1.768498e+02 1.640984e-08 6.612451e-02 1.179623e-03 6.678835e-03 4.832909e-05 2.745043e-03 1.079468e-18 5.352256e-14 1.589456e-22 3.037828e-59 3.479878e-18 9.841088e-18 2.462071e-20 7.167158e-32 9.346338e-27 9.619337e-25 9.001011e-25 4.823520e-36 1.420601e-55 0.000000e+00 8.526225e+15 1.092641e+12 5.234350e+12 3.414885e+16 5.746294e-01 2.690721e-07 5.414630e-13 7.433929e-11 5.491053e-01 1.603113e+01 2.332495e-03 3.381913e+02 1.367523e-12 4.294580e-09 4.050146e-11 1.004346e-21 3.277947e-25 0.000000e+00 5.679397e-05 4.315851e-06 1.626931e-03 1.172385e-17 2.795499e-26 1.669011e-25 1.259623e-95 2.952712e-131 0.000000e+00 0.000000e+00 6.238439e-12 0.000000e+00 0.000000e+00 0.000000e+00 0.000000e+00 0.000000e+00 0.000000e+00 0.000000e+00 0.000000e+00 0.000000e+00 0.000000e+00 0.000000e+00 0.000000e+00 0.000000e+00 0.000000e+00 0.000000e+00 0.000000e+00 0.000000e+00 0.000000e+00 0.000000e+00 0.000000e+00 0.000000e+00 0.000000e+00 0.000000e+00 0.000000e+00 0.000000e+00 3.591854e-51 9.362250e-23 1.630195e-23 8.415211e-14 2.209025e-25 0.000000e+00
43.000000 42.000000 44.000000 171.418838 6.542261e+01 4.339720e+09 1.460196e+08 2.726968e+07 3.756782e+05 1.035287e+06 5.750960e+04 7.561480e+09 3.465938e+00 6.919780e-09 1.210258e-08 1.253570e+04 2.515394e+02 1.216354e-01 5.648539e-05 4.048221e-15 2.268653e-05 5.466191e-03 1.287598e-04 1.233132e-17 8.410772e+12 4.186962e+09 2.671081e+03 1.030220e-06 1.314789e+01 1.107658e-06 4.313814e-50 8.039200e-08 5.880598e-13 2.649092e-05 5.054348e-07 1.122673e+02 3.213390e-08 5.348056e-02 5.540171e-04 3.791009e-03 3.737336e-05 1.975257e-03 1.341988e-18 3.903384e-14 1.817229e-22 1.565513e-63 3.151381e-18 7.277362e-18 1.577178e-20 4.263778e-32 6.730389e-27 7.436431e-25 6.469902e-25 1.891294e-36 1.177552e-55 0.000000e+00 5.519873e+15 7.081983e+11 4.184258e+12 2.211429e+16 5.449909e-01 2.310490e-07 1.432277e-12 7.556526e-11 3.535806e-01 1.678489e+01 1.782006e-03 2.128561e+02 9.431088e-13 1.193581e-09 9.338474e-12 4.885070e-22 1.956170e-25 0.000000e+00 9.858316e-06 1.594717e-06 1.318010e-03 7.648745e-18 3.113520e-26 1.749247e-25 1.188370e-100 3.256537e-135 0.000000e+00 0.000000e+00 5.236088e-12 0.000000e+00 0.000000e+00 0.000000e+00 0.000000e+00 0.000000e+00 0.000000e+00 0.000000e+00 0.000000e+00 0.000000e+00 0.000000e+00 0.000000e+00 0.000000e+00 0.000000e+00 0.000000e+00 0.000000e+00 0.000000e+00 0.000000e+00 0.000000e+00 0.000000e+00 0.000000e+00 0.000000e+00 0.000000e+00 0.000000e+00 0.000000e+00 0.000000e+00 2.068297e-53 5.107747e-24 1.486035e-24 1.943939e-14 3.768202e-26 0.000000e+00
45.000000 44.000000 46.000000 173.857172 4.277627e+01 5.366601e+09 8.644489e+07 4.372883e+07 3.550334e+05 6.734118e+05 2.350466e+04 4.450534e+09 3.407236e+00 1.694463e-09 4.161872e-09 6.078434e+03 1.614958e+02 4.686669e-02 1.609050e-05 3.188661e-16 1.234253e-05 2.075701e-03 2.880796e-05 6.682907e-17 6.607732e+12 2.694447e+09 1.549427e+03 5.914519e-07 1.408340e+01 2.187563e-07 1.901441e-49 4.253652e-08 3.649246e-13 1.389214e-05 2.817551e-07 7.101613e+01 5.538286e-08 5.056964e-02 2.599498e-04 2.100468e-03 2.866852e-05 1.406094e-03 1.722981e-18 3.136638e-14 1.670257e-22 4.725138e-59 2.260593e-18 4.219815e-18 7.929583e-21 2.216102e-32 3.879383e-27 4.460417e-25 3.573504e-25 8.079126e-37 9.866351e-56 0.000000e+00 3.557340e+15 4.569940e+11 3.289180e+12 1.425655e+16 5.056928e-01 1.899334e-07 3.761571e-12 7.836292e-11 2.066394e-01 1.785777e+01 1.344882e-03 1.260128e+02 5.212435e-13 3.034588e-10 1.940401e-12 2.387689e-22 8.276792e-26 0.000000e+00 1.544896e-06 4.956730e-07 1.059667e-03 4.919193e-18 2.692614e-26 1.390463e-25 4.401239e-95 2.306487e-130 0.000000e+00 0.000000e+00 4.528997e-12 0.000000e+00 0.000000e+00 0.000000e+00 0.000000e+00 0.000000e+00 0.000000e+00 0.000000e+00 0.000000e+00 0.000000e+00 0.000000e+00 0.000000e+00 0.000000e+00 0.000000e+00 0.000000e+00 0.000000e+00 0.000000e+00 0.000000e+00 0.000000e+00 0.000000e+00 0.000000e+00 0.000000e+00 0.000000e+00 0.000000e+00 0.000000e+00 0.000000e+00 1.371257e-55 2.456057e-25 1.169476e-25 3.775834e-15 6.223431e-27 0.000000e+00
47.000000 46.000000 48.000000 177.269321 2.818148e+01 6.683973e+09 5.020324e+07 7.022179e+07 3.235013e+05 4.336417e+05 9.309001e+03 2.583734e+09 3.297983e+00 4.174570e-10 1.394695e-09 3.006020e+03 1.034609e+02 1.800679e-02 4.512998e-06 2.358747e-17 6.701542e-06 7.499829e-04 6.132529e-06 3.316883e-16 5.175972e+12 1.737166e+09 8.923370e+02 3.671325e-07 1.480600e+01 3.788335e-08 1.063446e-48 2.178289e-08 2.398265e-13 7.379675e-06 1.624412e-07 4.500723e+01 1.248351e-07 6.340232e-02 1.233913e-04 1.151824e-03 2.138083e-05 1.005949e-03 2.048455e-18 2.764003e-14 1.645853e-22 5.588187e-59 1.736116e-18 2.604373e-18 4.152317e-21 1.344799e-32 2.491262e-27 2.840296e-25 2.040744e-25 2.374150e-37 4.997646e-56 0.000000e+00 2.297598e+15 2.955703e+11 2.577039e+12 9.211582e+15 4.603540e-01 1.533491e-07 8.970443e-12 8.233740e-11 1.132895e-01 1.907324e+01 9.972697e-04 7.113949e+01 2.513859e-13 7.508475e-11 3.754200e-13 1.204418e-22 3.415801e-26 0.000000e+00 2.350640e-07 1.382560e-07 8.584993e-04 3.159864e-18 2.427851e-26 1.123476e-25 7.829303e-95 6.171556e-130 0.000000e+00 0.000000e+00 4.038825e-12 0.000000e+00 0.000000e+00 0.000000e+00 0.000000e+00 0.000000e+00 0.000000e+00 0.000000e+00 0.000000e+00 0.000000e+00 0.000000e+00 0.000000e+00 0.000000e+00 0.000000e+00 0.000000e+00 0.000000e+00 0.000000e+00 0.000000e+00 0.000000e+00 0.000000e+00 0.000000e+00 0.000000e+00 0.000000e+00 0.000000e+00 0.000000e+00 0.000000e+00 1.070875e-57 1.097744e-26 8.723310e-27 6.496214e-16 1.020674e-27 0.000000e+00
49.000000 48.000000 50.000000 180.046533 1.871129e+01 8.487756e+09 2.997118e+07 1.121931e+08 2.862658e+05 2.778803e+05 3.674981e+03 1.493075e+09 3.213908e+00 1.099073e-10 4.758748e-10 1.537242e+03 6.667569e+01 7.041077e-03 1.309423e-06 1.814749e-18 3.599780e-06 2.704878e-04 1.318298e-06 1.320174e-15 4.078468e+12 1.132519e+09 5.129348e+02 1.873303e-07 1.532321e+01 6.320643e-09 3.776824e-48 1.113883e-08 1.505935e-13 3.924887e-06 9.209875e-08 2.883060e+01 1.510249e-06 1.030012e-01 5.791607e-05 6.259658e-04 1.495640e-05 7.334059e-04 1.995403e-18 2.366056e-14 1.634101e-22 4.399798e-59 1.352608e-18 1.668012e-18 2.297344e-21 8.512924e-33 1.656775e-27 1.811312e-25 1.158506e-25 6.700230e-38 1.986035e-56 0.000000e+00 1.501279e+15 1.933910e+11 2.030118e+12 6.021754e+15 4.244357e-01 1.231142e-07 1.739614e-11 8.388483e-11 5.898077e-02 2.004839e+01 7.484438e-04 3.961801e+01 1.111388e-13 1.935008e-11 7.417397e-14 5.747335e-23 1.415917e-26 0.000000e+00 3.704220e-08 3.691040e-08 7.082227e-04 2.050422e-18 2.194020e-26 8.904592e-26 6.260221e-95 5.011578e-130 0.000000e+00 0.000000e+00 3.501542e-12 0.000000e+00 0.000000e+00 0.000000e+00 0.000000e+00 0.000000e+00 0.000000e+00 0.000000e+00 0.000000e+00 0.000000e+00 0.000000e+00 0.000000e+00 0.000000e+00 0.000000e+00 0.000000e+00 0.000000e+00 0.000000e+00 0.000000e+00 0.000000e+00 0.000000e+00 0.000000e+00 0.000000e+00 0.000000e+00 0.000000e+00 0.000000e+00 0.000000e+00 1.002921e-59 5.070538e-28 6.751643e-28 1.047201e-16 1.648148e-28 0.000000e+00
51.000000 50.000000 52.000000 181.484773 1.248642e+01 1.233574e+10 2.081272e+07 1.699378e+08 2.223804e+05 1.506204e+05 1.087216e+03 8.620604e+08 3.352781e+00 2.824659e-11 1.605109e-10 8.218903e+02 4.297078e+01 2.703268e-03 4.075082e-07 1.489292e-19 1.611931e-06 8.837115e-05 2.579789e-07 8.221101e-15 3.222357e+12 7.472454e+08 2.941250e+02 6.929369e-08 1.534177e+01 8.953763e-10 4.959414e-48 4.691397e-09 7.560343e-14 1.849839e-06 4.480885e-08 1.868080e+01 2.816820e-05 1.844071e-01 2.826189e-05 3.061033e-04 9.734349e-06 5.458382e-04 2.849285e-18 1.750742e-14 1.539640e-22 1.763668e-59 1.002174e-18 1.082328e-18 1.433061e-21 3.577265e-33 7.793856e-28 9.254959e-26 5.589422e-26 1.366373e-38 8.636753e-57 0.000000e+00 9.933729e+14 1.281089e+11 1.601845e+12 3.986593e+15 4.475525e-01 8.874454e-08 5.609565e-11 8.055819e-11 2.699944e-02 1.926414e+01 6.366775e-04 1.966626e+01 3.512974e-14 5.615623e-12 1.654944e-14 2.060896e-23 5.123181e-27 0.000000e+00 5.070808e-09 8.876454e-09 5.934599e-04 1.346222e-18 1.930054e-26 6.769892e-26 2.072492e-95 1.370303e-130 0.000000e+00 0.000000e+00 2.575992e-11 0.000000e+00 0.000000e+00 0.000000e+00 0.000000e+00 0.000000e+00 0.000000e+00 0.000000e+00 0.000000e+00 0.000000e+00 0.000000e+00 0.000000e+00 0.000000e+00 0.000000e+00 0.000000e+00 0.000000e+00 0.000000e+00 0.000000e+00 0.000000e+00 0.000000e+00 0.000000e+00 0.000000e+00 0.000000e+00 0.000000e+00 0.000000e+00 0.000000e+00 1.145588e-61 2.514653e-29 5.219112e-29 1.588272e-17 2.513425e-29 0.000000e+00
53.000000 52.000000 54.000000 182.228138 8.353955e+00 2.151314e+10 1.794771e+07 2.360210e+08 1.385228e+05 6.464647e+04 2.088104e+02 4.808480e+08 3.850098e+00 6.909291e-12 5.332897e-11 4.409500e+02 2.705503e+01 1.045374e-03 1.366416e-07 1.310552e-20 5.404113e-07 2.296566e-05 4.160706e-08 1.888515e-12 2.614907e+12 4.954012e+08 1.722425e+02 2.115726e-08 1.492900e+01 1.002201e-10 3.286022e-48 1.707552e-09 3.492868e-14 8.520058e-07 2.081901e-08 1.209878e+01 4.172911e-04 3.502689e-01 1.780247e-05 1.451336e-04 6.985584e-06 4.229491e-04 1.441184e-16 1.278821e-14 1.285497e-22 3.466914e-60 6.742157e-19 7.047520e-19 1.054296e-21 7.362725e-34 2.064369e-28 3.313874e-26 1.947355e-26 2.487829e-39 1.176006e-55 0.000000e+00 6.614304e+14 8.538820e+10 1.294625e+12 2.656322e+15 5.819318e-01 5.412420e-08 7.475124e-09 4.904083e-10 1.159263e-02 1.570147e+01 6.239819e-04 7.682758e+00 8.142975e-15 1.994028e-12 4.267424e-15 6.253122e-24 1.298064e-27 0.000000e+00 5.632017e-10 2.071294e-09 5.246773e-04 8.870257e-19 1.636673e-26 4.924829e-26 3.614299e-96 2.120182e-131 0.000000e+00 0.000000e+00 1.144187e-08 0.000000e+00 0.000000e+00 0.000000e+00 0.000000e+00 0.000000e+00 0.000000e+00 0.000000e+00 0.000000e+00 0.000000e+00 0.000000e+00 0.000000e+00 0.000000e+00 0.000000e+00 0.000000e+00 0.000000e+00 0.000000e+00 0.000000e+00 0.000000e+00 0.000000e+00 0.000000e+00 0.000000e+00 0.000000e+00 0.000000e+00 0.000000e+00 0.000000e+00 1.314541e-63 1.304253e-30 3.858258e-30 2.123047e-18 3.363108e-30 0.000000e+00
55.000000 54.000000 56.000000 183.063230 5.599505e+00 3.992100e+10 1.714180e+07 2.757919e+08 6.736668e+04 2.219755e+04 2.642532e+01 2.567263e+08 4.371458e+00 1.593963e-12 1.804816e-11 2.365825e+02 1.627804e+01 4.093412e-04 4.450508e-08 1.132363e-21 1.370156e-07 4.454831e-06 5.378444e-09 2.822317e-10 2.155840e+12 3.280616e+08 1.037613e+02 6.681746e-09 1.250912e+01 9.650908e-12 4.529098e-48 1.565184e-09 2.923300e-14 7.009979e-07 1.167090e-08 7.770789e+00 4.331307e-03 6.131500e-01 2.032949e-05 8.107256e-05 6.864007e-06 3.408385e-04 5.476268e-15 1.077157e-14 1.111657e-22 4.804350e-61 4.746302e-19 5.301067e-19 9.282908e-22 7.966505e-35 3.748505e-29 9.829976e-27 5.613653e-27 7.656125e-40 1.979259e-54 0.000000e+00 4.409113e+14 5.697391e+10 1.056600e+12 1.772361e+15 8.398027e-01 2.583223e-08 7.774655e-07 8.634026e-08 5.579485e-03 9.545381e+00 6.143272e-04 2.200908e+00 4.465824e-15 7.426754e-13 1.111430e-15 3.192709e-24 2.465010e-28 0.000000e+00 5.072121e-11 5.438881e-10 4.849857e-04 5.828108e-19 1.542632e-26 3.987196e-26 4.843627e-97 2.747743e-132 0.000000e+00 0.000000e+00 3.049928e-06 0.000000e+00 0.000000e+00 0.000000e+00 0.000000e+00 0.000000e+00 0.000000e+00 0.000000e+00 0.000000e+00 0.000000e+00 0.000000e+00 0.000000e+00 0.000000e+00 0.000000e+00 0.000000e+00 0.000000e+00 0.000000e+00 0.000000e+00 0.000000e+00 0.000000e+00 0.000000e+00 0.000000e+00 0.000000e+00 0.000000e+00 0.000000e+00 0.000000e+00 1.509423e-65 8.319540e-32 2.928644e-31 2.729356e-19 4.853894e-31 0.000000e+00
57.000000 56.000000 58.000000 184.016316 3.761735e+00 6.618738e+10 1.531350e+07 2.745240e+08 3.002918e+04 7.288405e+03 2.904927e+00 1.312696e+08 4.394154e+00 3.830049e-13 7.022850e-12 1.268745e+02 9.427218e+00 1.584648e-04 1.304809e-08 8.727713e-23 3.193611e-08 7.614057e-07 6.206777e-10 2.324764e-09 1.797791e+12 2.167797e+08 6.339993e+01 2.398285e-09 8.371101e+00 9.135302e-13 1.693708e-47 4.022529e-09 4.019340e-14 9.220263e-07 7.621882e-09 4.939739e+00 2.314505e-02 9.469383e-01 3.542460e-05 5.178312e-05 7.764614e-06 2.856730e-04 1.518518e-14 1.015380e-14 8.886231e-23 0.000000e+00 3.098908e-19 3.543890e-19 7.000524e-22 5.954909e-36 5.909636e-30 2.577555e-27 1.423712e-27 8.897273e-40 9.111753e-54 0.000000e+00 2.943121e+14 3.806846e+10 8.649042e+11 1.184502e+15 1.139682e+00 1.042124e-08 5.245106e-06 9.513828e-07 3.144003e-03 4.573194e+00 5.221169e-04 5.431325e-01 7.469607e-15 2.387884e-13 2.467119e-16 2.652621e-24 3.578870e-29 0.000000e+00 4.275068e-12 1.669879e-10 4.643235e-04 3.811289e-19 1.237475e-26 2.778899e-26 0.000000e+00 0.000000e+00 0.000000e+00 0.000000e+00 4.946742e-05 0.000000e+00 0.000000e+00 0.000000e+00 0.000000e+00 0.000000e+00 0.000000e+00 0.000000e+00 0.000000e+00 0.000000e+00 0.000000e+00 0.000000e+00 0.000000e+00 0.000000e+00 0.000000e+00 0.000000e+00 0.000000e+00 0.000000e+00 0.000000e+00 0.000000e+00 0.000000e+00 0.000000e+00 0.000000e+00 0.000000e+00 0.000000e+00 0.000000e+00 1.733443e-67 8.014920e-33 2.854463e-32 3.723588e-20 1.027003e-31 0.000000e+00
59.000000 58.000000 60.000000 184.627645 2.532318e+00 9.655004e+10 1.255630e+07 2.445098e+08 1.322790e+04 2.447138e+03 3.210448e-01 6.450816e+07 3.944062e+00 1.014376e-13 3.256761e-12 6.811766e+01 5.344408e+00 6.054365e-05 3.582525e-09 6.234222e-24 7.432737e-09 1.269078e-07 6.940518e-11 1.419880e-08 1.515269e+12 1.429863e+08 4.120915e+01 9.316980e-10 4.653301e+00 9.418874e-14 8.425892e-47 1.618855e-08 7.929088e-14 1.760851e-06 4.991336e-09 3.112571e+00 9.786448e-02 1.315434e+00 7.940717e-05 3.339338e-05 8.438984e-06 2.479077e-04 3.998999e-14 9.897059e-15 9.320788e-23 0.000000e+00 2.658985e-19 2.905115e-19 5.519697e-22 5.291325e-37 1.297486e-30 9.067925e-28 4.891969e-28 1.245311e-39 4.820733e-53 0.000000e+00 1.971595e+14 2.553062e+10 7.087633e+11 7.947412e+14 1.432675e+00 3.832986e-09 2.939921e-05 7.051256e-06 2.013254e-03 1.935518e+00 3.928904e-04 1.286906e-01 2.174121e-14 6.795404e-14 4.814706e-17 3.213306e-24 6.545005e-30 0.000000e+00 3.651807e-13 5.880462e-11 4.539694e-04 2.477975e-19 1.172134e-26 2.331337e-26 0.000000e+00 0.000000e+00 0.000000e+00 0.000000e+00 5.958922e-04 0.000000e+00 0.000000e+00 0.000000e+00 0.000000e+00 0.000000e+00 0.000000e+00 0.000000e+00 0.000000e+00 0.000000e+00 0.000000e+00 0.000000e+00 0.000000e+00 0.000000e+00 0.000000e+00 0.000000e+00 0.000000e+00 0.000000e+00 0.000000e+00 0.000000e+00 0.000000e+00 0.000000e+00 0.000000e+00 0.000000e+00 0.000000e+00 0.000000e+00 1.992868e-69 1.237253e-33 3.973168e-33 5.998206e-21 4.300283e-32 0.000000e+00
61.000000 60.000000 62.000000 184.017447 1.705243e+00 1.286426e+11 9.818693e+06 2.028159e+08 5.828236e+03 8.478020e+02 3.783496e-02 3.059674e+07 3.285025e+00 2.805402e-14 1.629423e-12 3.675833e+01 3.001439e+00 2.312586e-05 9.717994e-10 4.469916e-25 1.752611e-09 2.147845e-08 7.895869e-12 4.745367e-08 1.291632e+12 9.414654e+07 3.308864e+01 3.714865e-10 2.399706e+00 1.257439e-14 1.849492e-46 4.772927e-08 1.168753e-13 2.712502e-06 2.915265e-09 1.950694e+00 3.220010e-01 1.673189e+00 1.745887e-04 2.003729e-05 7.987114e-06 2.199300e-04 6.900960e-14 8.597959e-15 9.580274e-23 0.000000e+00 2.237849e-19 2.204703e-19 3.766445e-22 5.062715e-38 2.986745e-31 3.222574e-28 1.699403e-28 1.986220e-39 1.948206e-52 0.000000e+00 1.329380e+14 1.723377e+10 5.810941e+11 5.369467e+14 1.748431e+00 1.343464e-09 9.737587e-05 2.712622e-05 1.590188e-03 7.729037e-01 2.820179e-04 3.071397e-02 5.007778e-14 1.888917e-14 9.207710e-18 2.967854e-24 1.198482e-30 0.000000e+00 3.305613e-14 2.631391e-11 4.439729e-04 1.597989e-19 9.910277e-27 1.786597e-26 0.000000e+00 0.000000e+00 0.000000e+00 0.000000e+00 3.877957e-03 0.000000e+00 0.000000e+00 0.000000e+00 0.000000e+00 0.000000e+00 0.000000e+00 0.000000e+00 0.000000e+00 0.000000e+00 0.000000e+00 0.000000e+00 0.000000e+00 0.000000e+00 0.000000e+00 0.000000e+00 0.000000e+00 0.000000e+00 0.000000e+00 0.000000e+00 0.000000e+00 0.000000e+00 0.000000e+00 0.000000e+00 0.000000e+00 0.000000e+00 2.297172e-71 2.480490e-34 6.650419e-34 1.310149e-21 2.035662e-32 0.000000e+00
63.000000 62.000000 64.000000 182.261169 1.145707e+00 1.616650e+11 7.343702e+06 1.604790e+08 2.520391e+03 2.967391e+02 4.661653e-03 1.401165e+07 2.603313e+00 7.479061e-15 8.012002e-13 1.994426e+01 1.669231e+00 8.786455e-06 2.614659e-10 3.218254e-26 4.138750e-10 3.596748e-09 8.994252e-13 1.760404e-07 1.107358e+12 6.142117e+07 5.096917e+01 2.166943e-10 1.237561e+00 3.341507e-15 3.236814e-46 1.726274e-07 2.082410e-13 5.401154e-06 1.524672e-09 1.210446e+00 8.734578e-01 1.944337e+00 3.485452e-04 1.118174e-05 6.704093e-06 1.942038e-04 1.476555e-13 7.348696e-15 8.136794e-23 0.000000e+00 1.542898e-19 1.307952e-19 2.061446e-22 5.488936e-39 5.906494e-32 9.544246e-29 4.839172e-29 4.234086e-39 1.333774e-51 0.000000e+00 8.994693e+13 1.167440e+10 4.725748e+11 3.642364e+14 2.147242e+00 4.546279e-10 3.739499e-04 1.129708e-04 2.443567e-03 2.999813e-01 2.018052e-04 7.266700e-03 1.490402e-13 5.462859e-15 1.788221e-18 3.355106e-24 1.792223e-31 0.000000e+00 3.080840e-15 2.322076e-11 4.208306e-04 1.010298e-19 6.357949e-27 1.061486e-26 0.000000e+00 0.000000e+00 0.000000e+00 0.000000e+00 2.758262e-02 0.000000e+00 0.000000e+00 0.000000e+00 0.000000e+00 0.000000e+00 0.000000e+00 0.000000e+00 0.000000e+00 0.000000e+00 0.000000e+00 0.000000e+00 0.000000e+00 0.000000e+00 0.000000e+00 0.000000e+00 0.000000e+00 0.000000e+00 0.000000e+00 0.000000e+00 0.000000e+00 0.000000e+00 0.000000e+00 0.000000e+00 0.000000e+00 0.000000e+00 2.663307e-73 5.164148e-35 1.096004e-34 5.554559e-22 1.125234e-32 0.000000e+00
65.000000 64.000000 66.000000 181.259995 7.682965e-01 1.950010e+11 5.021185e+06 1.226101e+08 1.037973e+03 1.009467e+02 5.484475e-04 6.141385e+06 1.980472e+00 1.940562e-15 4.022860e-13 1.079960e+01 9.066982e-01 3.230167e-06 6.656493e-11 2.098972e-27 9.585597e-11 5.503992e-10 9.443654e-14 5.579496e-07 9.453556e+11 3.900995e+07 1.306093e+02 2.209244e-10 6.274210e-01 1.482184e-15 7.015884e-46 5.399439e-07 3.454791e-13 9.487497e-06 8.390624e-10 7.301129e-01 1.729512e+00 2.036039e+00 5.793696e-04 6.378753e-06 5.829294e-06 1.644146e-04 2.794656e-13 7.054731e-15 6.908240e-23 0.000000e+00 1.037107e-19 7.203247e-20 1.316584e-22 1.302472e-39 1.167960e-32 2.747530e-29 1.341611e-29 5.720444e-39 5.072852e-51 0.000000e+00 6.045176e+13 7.862948e+09 3.749931e+11 2.456014e+14 2.724064e+00 1.476140e-10 1.235541e-03 3.907294e-04 6.257116e-03 1.199814e-01 1.473472e-04 1.602983e-03 3.992815e-13 1.743898e-15 3.343807e-19 3.522396e-24 2.378420e-32 0.000000e+00 2.659750e-16 3.254889e-11 3.720021e-04 6.103498e-20 3.711831e-27 5.841357e-27 0.000000e+00 0.000000e+00 0.000000e+00 0.000000e+00 1.631787e-01 0.000000e+00 0.000000e+00 0.000000e+00 0.000000e+00 0.000000e+00 0.000000e+00 0.000000e+00 0.000000e+00 0.000000e+00 0.000000e+00 0.000000e+00 0.000000e+00 0.000000e+00 0.000000e+00 0.000000e+00 0.000000e+00 0.000000e+00 0.000000e+00 0.000000e+00 0.000000e+00 0.000000e+00 0.000000e+00 0.000000e+00 0.000000e+00 0.000000e+00 3.095314e-75 1.148468e-35 1.860640e-35 4.331196e-22 6.038635e-33 0.000000e+00
67.000000 66.000000 68.000000 181.259995 5.151099e-01 2.274081e+11 3.135059e+06 9.170396e+07 4.090787e+02 3.343433e+01 6.051640e-05 2.567558e+06 1.462101e+00 4.932790e-16 2.049596e-13 5.847455e+00 4.785686e-01 1.144486e-06 1.601775e-11 1.223040e-28 2.189207e-11 7.686003e-11 9.006486e-15 1.248611e-06 8.052130e+11 2.382656e+07 2.852544e+02 2.359783e-10 3.220017e-01 5.454075e-16 1.645246e-45 1.159206e-06 4.196549e-13 1.145087e-05 4.872426e-10 4.221647e-01 2.506407e+00 1.921842e+00 7.708567e-04 3.707091e-06 5.243739e-06 1.311288e-04 3.760994e-13 6.377117e-15 5.626477e-23 0.000000e+00 6.492416e-20 3.587262e-20 1.344905e-22 4.462171e-40 2.241645e-33 7.397601e-30 3.576219e-30 3.270893e-39 5.727847e-51 0.000000e+00 4.035893e+13 5.267745e+09 2.887778e+11 1.646651e+14 3.763305e+00 4.684740e-11 2.845325e-03 9.235651e-04 1.370891e-02 5.992026e-02 1.158753e-04 3.334297e-04 7.660506e-13 6.661277e-16 6.279182e-20 2.708622e-24 2.729032e-33 0.000000e+00 2.107044e-17 3.696953e-11 3.027720e-04 3.431280e-20 1.931833e-27 2.909845e-27 0.000000e+00 0.000000e+00 0.000000e+00 0.000000e+00 6.543917e-01 0.000000e+00 0.000000e+00 0.000000e+00 0.000000e+00 0.000000e+00 0.000000e+00 0.000000e+00 0.000000e+00 0.000000e+00 0.000000e+00 0.000000e+00 0.000000e+00 0.000000e+00 0.000000e+00 0.000000e+00 0.000000e+00 0.000000e+00 0.000000e+00 0.000000e+00 0.000000e+00 0.000000e+00 0.000000e+00 0.000000e+00 0.000000e+00 0.000000e+00 3.629697e-77 2.674308e-36 3.232809e-36 3.194033e-22 2.529485e-33 0.000000e+00
69.000000 68.000000 70.000000 181.259995 3.453592e-01 2.558743e+11 1.816862e+06 6.782631e+07 1.564318e+02 1.100154e+01 6.529095e-06 1.027166e+06 1.059197e+00 1.202336e-16 1.008100e-13 3.195490e+00 2.459113e-01 3.945967e-07 3.734964e-12 6.682137e-30 5.027199e-12 1.013400e-11 8.062950e-16 2.023403e-06 6.871894e+11 1.384751e+07 4.621767e+02 1.911250e-10 1.761346e-01 1.463964e-16 3.045935e-45 1.774758e-06 3.587125e-13 9.706171e-06 2.693453e-10 2.314665e-01 2.820697e+00 1.648730e+00 8.046544e-04 2.050408e-06 4.400421e-06 9.881878e-05 3.717147e-13 4.783354e-15 1.306163e-23 0.000000e+00 1.123082e-20 4.842945e-21 1.590465e-22 4.083604e-41 1.284369e-34 5.640803e-31 2.747877e-31 0.000000e+00 0.000000e+00 0.000000e+00 2.691161e+13 3.528758e+09 2.155726e+11 1.104010e+14 5.680177e+00 1.495749e-11 4.650117e-03 1.531628e-03 2.213154e-02 4.517114e-02 9.801704e-05 6.831986e-05 1.114211e-12 2.686308e-16 1.229890e-20 1.490669e-24 8.493439e-35 0.000000e+00 1.608344e-18 2.997031e-11 2.293736e-04 1.742586e-20 2.681398e-28 3.915364e-28 0.000000e+00 0.000000e+00 0.000000e+00 0.000000e+00 1.797386e+00 0.000000e+00 0.000000e+00 0.000000e+00 0.000000e+00 0.000000e+00 0.000000e+00 0.000000e+00 0.000000e+00 0.000000e+00 0.000000e+00 0.000000e+00 0.000000e+00 0.000000e+00 0.000000e+00 0.000000e+00 0.000000e+00 0.000000e+00 0.000000e+00 0.000000e+00 0.000000e+00 0.000000e+00 0.000000e+00 0.000000e+00 0.000000e+00 0.000000e+00 4.509546e-79 5.947377e-37 5.268502e-37 1.758937e-22 7.603521e-34 0.000000e+00
71.000000 70.000000 72.000000 181.259995 2.315486e-01 2.764393e+11 9.670043e+05 4.958607e+07 5.792895e+01 3.587580e+00 6.923514e-07 3.917822e+05 7.557779e-01 2.838935e-17 4.861028e-14 1.766060e+00 1.223964e-01 1.317396e-07 8.404778e-13 3.412355e-31 1.168846e-12 1.253362e-12 6.777358e-17 2.518219e-06 5.863928e+11 7.522599e+06 5.642988e+02 1.156832e-10 9.862576e-02 2.891775e-17 4.835126e-45 2.030304e-06 2.249536e-13 6.016893e-06 1.393430e-10 1.181100e-01 2.594688e+00 1.303596e+00 6.853077e-04 1.061107e-06 3.376954e-06 7.103437e-05 2.856985e-13 3.067386e-15 0.000000e+00 0.000000e+00 0.000000e+00 0.000000e+00 1.583050e-22 0.000000e+00 0.000000e+00 0.000000e+00 0.000000e+00 1.192501e-39 3.430870e-51 0.000000e+00 1.791743e+13 2.363546e+09 1.549186e+11 7.401917e+13 8.846130e+00 4.844177e-12 5.682587e-03 1.887247e-03 2.693593e-02 4.207271e-02 8.238443e-05 1.389034e-05 1.311683e-12 9.501999e-17 2.326608e-21 6.174075e-25 0.000000e+00 0.000000e+00 1.178441e-19 1.762245e-11 1.645530e-04 7.704179e-21 0.000000e+00 0.000000e+00 0.000000e+00 0.000000e+00 0.000000e+00 0.000000e+00 3.545195e+00 0.000000e+00 0.000000e+00 0.000000e+00 0.000000e+00 0.000000e+00 0.000000e+00 0.000000e+00 0.000000e+00 0.000000e+00 0.000000e+00 0.000000e+00 0.000000e+00 0.000000e+00 0.000000e+00 0.000000e+00 0.000000e+00 0.000000e+00 0.000000e+00 0.000000e+00 0.000000e+00 0.000000e+00 0.000000e+00 0.000000e+00 0.000000e+00 0.000000e+00 6.749200e-81 1.289113e-37 8.238041e-38 7.315880e-23 1.701039e-34 0.000000e+00
73.000000 72.000000 74.000000 181.259995 1.552435e-01 2.858589e+11 4.690552e+05 3.573396e+07 2.083422e+01 1.153278e+00 7.173603e-08 1.419657e+05 5.324464e-01 6.582200e-18 2.337938e-14 9.867103e-01 5.877280e-02 4.242265e-08 1.819088e-13 1.618372e-32 2.783844e-13 1.452403e-13 5.344867e-18 2.532239e-06 4.990567e+11 3.763030e+06 5.405219e+02 5.383304e-11 5.304448e-02 4.345137e-18 6.987700e-45 1.815041e-06 1.078774e-13 2.839485e-06 6.651906e-11 5.519925e-02 2.054219e+00 9.691305e-01 4.992504e-04 5.066246e-07 2.336786e-06 4.936759e-05 1.796834e-13 1.796554e-15 0.000000e+00 0.000000e+00 0.000000e+00 0.000000e+00 1.150806e-22 0.000000e+00 0.000000e+00 0.000000e+00 0.000000e+00 0.000000e+00 0.000000e+00 0.000000e+00 1.190697e+13 1.582821e+09 1.065589e+11 4.962673e+13 1.347382e+01 1.596280e-12 5.446038e-03 1.817297e-03 2.576965e-02 3.703295e-02 6.405112e-05 2.825813e-06 1.310542e-12 2.745765e-17 3.945413e-22 2.017155e-25 0.000000e+00 0.000000e+00 8.216495e-21 7.792384e-12 1.140078e-04 2.885155e-21 0.000000e+00 0.000000e+00 0.000000e+00 0.000000e+00 0.000000e+00 0.000000e+00 5.249896e+00 0.000000e+00 0.000000e+00 0.000000e+00 0.000000e+00 0.000000e+00 0.000000e+00 0.000000e+00 0.000000e+00 0.000000e+00 0.000000e+00 0.000000e+00 0.000000e+00 0.000000e+00 0.000000e+00 0.000000e+00 0.000000e+00 0.000000e+00 0.000000e+00 0.000000e+00 0.000000e+00 0.000000e+00 0.000000e+00 0.000000e+00 0.000000e+00 0.000000e+00 1.523464e-82 2.821913e-38 1.277969e-38 2.413069e-23 2.979304e-35 0.000000e+00
75.000000 74.000000 76.000000 181.259995 1.040841e-01 2.827269e+11 2.065988e+05 2.535125e+07 7.396496e+00 3.638397e-01 7.208516e-09 4.876691e+04 3.710275e-01 1.517075e-18 1.137044e-14 5.558735e-01 2.718725e-02 1.315789e-08 3.782542e-14 7.109157e-34 6.979582e-14 1.600052e-14 3.996624e-19 2.146916e-06 4.225456e+11 1.718225e+06 4.219455e+02 1.988387e-11 2.637737e-02 5.138109e-19 9.443032e-45 1.317793e-06 4.130069e-14 1.063456e-06 2.908718e-11 2.340696e-02 1.469174e+00 6.911939e-01 3.276760e-04 2.215411e-07 1.448068e-06 3.355893e-05 9.639923e-14 1.033858e-15 0.000000e+00 0.000000e+00 0.000000e+00 0.000000e+00 6.305074e-23 0.000000e+00 0.000000e+00 0.000000e+00 0.000000e+00 0.000000e+00 0.000000e+00 0.000000e+00 7.895167e+12 1.059736e+09 6.988191e+10 3.327261e+13 1.957710e+01 5.363957e-13 4.260056e-03 1.425522e-03 2.013962e-02 2.814460e-02 4.458935e-05 5.856508e-07 1.138254e-12 6.448914e-18 5.791611e-23 5.441027e-26 0.000000e+00 0.000000e+00 5.419001e-22 2.682829e-12 7.748297e-05 9.054707e-22 0.000000e+00 0.000000e+00 0.000000e+00 0.000000e+00 0.000000e+00 0.000000e+00 6.070142e+00 0.000000e+00 0.000000e+00 0.000000e+00 0.000000e+00 0.000000e+00 0.000000e+00 0.000000e+00 0.000000e+00 0.000000e+00 0.000000e+00 0.000000e+00 0.000000e+00 0.000000e+00 0.000000e+00 0.000000e+00 0.000000e+00 0.000000e+00 0.000000e+00 0.000000e+00 0.000000e+00 0.000000e+00 0.000000e+00 0.000000e+00 0.000000e+00 0.000000e+00 5.621491e-84 6.424461e-39 2.022398e-39 6.610726e-24 4.288050e-36 0.000000e+00
77.000000 76.000000 78.000000 181.259995 6.978397e-02 2.679437e+11 8.268684e+04 1.773049e+07 2.694258e+00 1.123740e-01 6.988659e-10 1.588083e+04 2.561712e-01 3.511699e-19 5.640685e-15 3.146418e-01 1.213860e-02 3.938469e-09 7.571871e-15 2.901732e-35 1.935646e-14 1.744446e-15 2.924037e-20 1.593750e-06 3.552016e+11 7.149438e+05 2.774986e+02 6.008352e-12 1.201455e-02 4.938436e-20 1.178424e-44 8.034430e-07 1.330318e-14 3.325700e-07 1.166205e-11 8.989058e-03 9.897636e-01 4.805743e-01 2.039263e-04 8.882154e-08 8.043653e-07 2.248181e-05 4.628584e-14 6.142423e-16 0.000000e+00 0.000000e+00 0.000000e+00 0.000000e+00 2.588244e-23 0.000000e+00 0.000000e+00 0.000000e+00 0.000000e+00 0.000000e+00 0.000000e+00 0.000000e+00 5.221468e+12 7.092900e+08 4.361021e+10 2.230783e+13 2.708357e+01 1.845726e-13 2.813532e-03 9.430848e-04 1.329452e-02 1.837295e-02 2.771934e-05 1.283427e-07 8.704009e-13 1.255231e-18 7.342843e-24 1.276812e-26 0.000000e+00 0.000000e+00 3.377710e-23 7.423403e-13 5.216363e-05 2.394088e-22 0.000000e+00 0.000000e+00 0.000000e+00 0.000000e+00 0.000000e+00 0.000000e+00 5.679329e+00 0.000000e+00 0.000000e+00 0.000000e+00 0.000000e+00 0.000000e+00 0.000000e+00 0.000000e+00 0.000000e+00 0.000000e+00 0.000000e+00 0.000000e+00 0.000000e+00 0.000000e+00 0.000000e+00 0.000000e+00 0.000000e+00 0.000000e+00 0.000000e+00 0.000000e+00 0.000000e+00 0.000000e+00 0.000000e+00 0.000000e+00 0.000000e+00 0.000000e+00 2.894093e-85 1.548838e-39 3.324948e-40 1.562474e-24 5.310033e-37 0.000000e+00
79.000000 78.000000 80.000000 181.259995 4.678714e-02 2.442297e+11 3.019022e+04 1.226023e+07 1.078764e+00 3.393047e-02 6.515540e-11 4.912921e+03 1.755580e-01 8.223341e-20 2.865534e-15 1.783077e-01 5.261142e-03 1.144253e-09 1.467475e-15 1.111587e-36 6.293821e-15 2.026904e-16 2.227263e-21 9.413600e-06 2.960257e+11 2.721992e+05 1.582057e+02 1.527077e-12 5.045082e-03 3.975277e-21 1.295317e-44 4.234934e-07 3.867839e-15 9.299118e-08 4.323788e-12 3.139295e-03 6.484365e-01 3.292345e-01 1.253303e-04 3.293230e-08 4.038812e-07 1.489388e-05 2.374267e-14 3.804553e-16 0.000000e+00 0.000000e+00 0.000000e+00 0.000000e+00 8.332412e-24 0.000000e+00 0.000000e+00 0.000000e+00 0.000000e+00 0.000000e+00 0.000000e+00 0.000000e+00 3.442891e+12 4.745184e+08 2.588528e+10 1.495644e+13 3.600385e+01 6.559900e-14 1.614982e-03 5.419275e-04 7.629290e-03 1.048060e-02 1.557312e-05 3.174943e-08 5.932926e-13 2.082913e-19 8.171035e-25 2.791098e-27 0.000000e+00 0.000000e+00 1.997472e-24 1.699073e-13 3.496564e-05 5.418346e-23 0.000000e+00 0.000000e+00 0.000000e+00 0.000000e+00 0.000000e+00 0.000000e+00 4.443131e+00 0.000000e+00 0.000000e+00 0.000000e+00 0.000000e+00 0.000000e+00 0.000000e+00 0.000000e+00 0.000000e+00 0.000000e+00 0.000000e+00 0.000000e+00 0.000000e+00 0.000000e+00 0.000000e+00 0.000000e+00 0.000000e+00 0.000000e+00 0.000000e+00 0.000000e+00 0.000000e+00 0.000000e+00 0.000000e+00 0.000000e+00 0.000000e+00 0.000000e+00 1.820747e-86 3.986103e-40 5.728840e-41 3.283042e-25 5.922032e-38 0.000000e+00
81.000000 80.000000 82.000000 181.259995 3.136875e-02 2.150890e+11 1.011083e+04 8.405027e+06 5.197315e-01 9.999502e-03 5.829243e-12 1.449201e+03 1.196270e-01 1.955182e-20 1.491245e-15 1.008368e-01 2.235811e-03 3.259161e-10 2.780307e-16 4.067561e-38 2.461980e-15 2.774826e-17 1.941437e-22 2.131370e-03 2.443406e+11 9.555860e+04 8.010248e+01 3.347603e-13 1.975489e-03 2.754470e-22 1.218524e-44 1.978631e-07 1.109600e-15 2.535658e-08 1.503334e-12 1.004710e-03 4.216243e-01 2.236512e-01 7.781841e-05 1.145287e-08 1.859493e-07 9.759354e-06 2.237552e-14 2.417208e-16 0.000000e+00 0.000000e+00 0.000000e+00 0.000000e+00 2.191999e-24 0.000000e+00 0.000000e+00 0.000000e+00 0.000000e+00 0.000000e+00 0.000000e+00 0.000000e+00 2.262442e+12 3.172484e+08 1.461719e+10 1.002765e+13 4.651709e+01 2.454160e-14 8.258180e-04 2.773187e-04 3.901017e-03 5.333430e-03 8.038445e-06 9.662558e-09 3.658712e-13 3.042539e-20 8.181489e-26 6.195297e-28 0.000000e+00 0.000000e+00 1.129558e-25 3.301968e-14 2.339064e-05 1.071670e-23 0.000000e+00 0.000000e+00 0.000000e+00 0.000000e+00 0.000000e+00 0.000000e+00 2.993482e+00 0.000000e+00 0.000000e+00 0.000000e+00 0.000000e+00 0.000000e+00 0.000000e+00 0.000000e+00 0.000000e+00 0.000000e+00 0.000000e+00 0.000000e+00 0.000000e+00 0.000000e+00 0.000000e+00 0.000000e+00 0.000000e+00 0.000000e+00 0.000000e+00 0.000000e+00 0.000000e+00 0.000000e+00 0.000000e+00 0.000000e+00 0.000000e+00 0.000000e+00 1.336036e-87 1.097124e-40 1.035805e-41 6.276855e-26 6.239529e-39 0.000000e+00
83.000000 82.000000 84.000000 181.259995 2.103140e-02 1.838434e+11 3.122408e+03 5.723597e+06 3.196335e-01 2.869563e-03 5.026502e-13 4.095126e+02 8.117274e-02 4.722839e-21 7.936152e-16 5.670959e-02 9.451909e-04 9.233382e-11 5.221805e-17 1.459110e-39 1.124659e-15 4.821490e-18 2.119045e-23 1.580398e-01 1.995645e+11 3.122657e+04 3.675482e+01 6.477758e-14 7.288424e-04 1.685652e-23 1.001653e-44 8.367992e-08 3.405811e-16 7.292472e-09 4.984559e-13 2.974086e-04 2.748828e-01 1.511767e-01 4.915236e-05 3.799757e-09 7.989237e-08 6.312014e-06 4.297619e-14 1.544305e-16 0.000000e+00 0.000000e+00 0.000000e+00 0.000000e+00 4.882275e-25 0.000000e+00 0.000000e+00 0.000000e+00 0.000000e+00 0.000000e+00 0.000000e+00 0.000000e+00 1.481126e+12 2.119026e+08 7.854746e+09 6.723113e+12 5.887035e+01 1.007196e-14 3.841429e-04 1.290677e-04 1.814795e-03 2.468591e-03 3.869758e-06 3.820340e-09 2.072921e-13 4.047193e-21 7.580716e-27 1.509619e-28 0.000000e+00 0.000000e+00 6.179173e-27 5.586214e-15 1.563102e-05 1.892719e-24 0.000000e+00 0.000000e+00 0.000000e+00 0.000000e+00 0.000000e+00 0.000000e+00 1.782129e+00 0.000000e+00 0.000000e+00 0.000000e+00 0.000000e+00 0.000000e+00 0.000000e+00 0.000000e+00 0.000000e+00 0.000000e+00 0.000000e+00 0.000000e+00 0.000000e+00 0.000000e+00 0.000000e+00 0.000000e+00 0.000000e+00 0.000000e+00 0.000000e+00 0.000000e+00 0.000000e+00 0.000000e+00 0.000000e+00 0.000000e+00 0.000000e+00 0.000000e+00 1.128354e-88 3.227719e-41 1.959071e-42 1.111928e-26 6.526415e-40 0.000000e+00
85.000000 84.000000 86.000000 181.259995 1.410066e-02 1.530857e+11 8.925497e+02 3.875452e+06 2.439884e-01 7.993290e-04 4.393850e-14 1.114292e+02 5.491151e-02 1.157635e-21 4.308292e-16 3.156678e-02 4.045370e-04 2.647907e-11 9.885829e-18 5.299969e-41 5.681607e-16 1.053373e-18 2.943744e-24 3.955742e+00 1.611234e+11 9.593458e+03 1.554259e+01 1.132409e-14 2.551475e-04 9.349437e-25 7.507391e-45 3.259876e-08 1.149587e-16 2.267016e-09 1.601543e-13 8.221436e-05 1.803124e-01 1.018825e-01 3.154235e-05 1.222415e-09 3.259159e-08 4.016674e-06 1.305783e-13 9.783610e-17 0.000000e+00 0.000000e+00 0.000000e+00 0.000000e+00 9.487624e-26 0.000000e+00 0.000000e+00 0.000000e+00 0.000000e+00 0.000000e+00 0.000000e+00 0.000000e+00 9.657077e+11 1.413449e+08 4.014971e+09 4.507558e+12 7.310492e+01 4.866994e-15 1.654769e-04 5.562046e-05 7.819186e-04 1.057087e-03 1.755948e-06 1.899968e-09 1.094140e-13 5.071283e-22 6.679532e-28 4.139572e-29 0.000000e+00 0.000000e+00 3.315881e-28 8.468902e-16 1.043851e-05 3.045927e-25 0.000000e+00 0.000000e+00 0.000000e+00 0.000000e+00 0.000000e+00 0.000000e+00 9.584427e-01 0.000000e+00 0.000000e+00 0.000000e+00 0.000000e+00 0.000000e+00 0.000000e+00 0.000000e+00 0.000000e+00 0.000000e+00 0.000000e+00 0.000000e+00 0.000000e+00 0.000000e+00 0.000000e+00 0.000000e+00 0.000000e+00 0.000000e+00 0.000000e+00 0.000000e+00 0.000000e+00 0.000000e+00 0.000000e+00 0.000000e+00 0.000000e+00 0.000000e+00 1.093174e-89 1.014966e-41 3.857055e-43 1.851637e-27 7.084430e-41 0.000000e+00
87.000000 86.000000 88.000000 181.259995 9.453889e-03 1.245522e+11 2.363021e+02 2.609975e+06 2.128079e-01 2.149969e-04 5.241943e-15 2.935124e+01 3.706185e-02 2.873523e-22 2.379817e-16 1.725382e-02 1.777871e-04 7.795872e-12 1.911110e-18 2.005290e-42 3.039858e-16 2.702298e-19 4.898880e-25 4.638784e+01 1.284513e+11 2.798028e+03 6.142063e+00 1.838940e-15 8.509723e-05 4.833609e-26 5.326709e-45 1.187075e-08 4.153404e-17 7.392723e-10 5.046288e-14 2.142566e-05 1.190044e-01 6.853427e-02 2.049538e-05 3.860686e-10 1.280086e-08 2.507515e-06 5.055344e-13 6.098254e-17 0.000000e+00 0.000000e+00 0.000000e+00 0.000000e+00 1.649759e-26 0.000000e+00 0.000000e+00 0.000000e+00 0.000000e+00 0.000000e+00 0.000000e+00 0.000000e+00 6.270407e+11 9.409541e+07 1.946941e+09 3.022125e+12 8.881465e+01 2.953500e-15 6.703262e-05 2.253837e-05 3.168349e-04 4.250246e-04 7.560224e-07 1.090172e-09 5.444342e-14 6.153084e-23 5.715338e-29 1.240693e-29 0.000000e+00 0.000000e+00 1.761849e-29 1.205734e-16 6.967244e-06 4.547277e-26 0.000000e+00 0.000000e+00 0.000000e+00 0.000000e+00 0.000000e+00 0.000000e+00 4.745440e-01 0.000000e+00 0.000000e+00 0.000000e+00 0.000000e+00 0.000000e+00 0.000000e+00 0.000000e+00 0.000000e+00 0.000000e+00 0.000000e+00 0.000000e+00 0.000000e+00 0.000000e+00 0.000000e+00 0.000000e+00 0.000000e+00 0.000000e+00 0.000000e+00 0.000000e+00 0.000000e+00 0.000000e+00 0.000000e+00 0.000000e+00 0.000000e+00 0.000000e+00 1.217893e-90 3.417956e-42 7.865094e-44 2.933286e-28 8.199327e-42 0.000000e+00
89.000000 88.000000 90.000000 181.259995 6.338429e-03 9.923152e+10 5.746718e+01 1.747921e+06 1.975271e-01 5.511704e-05 1.515738e-15 7.523297e+00 2.496937e-02 7.206090e-23 1.334486e-16 9.110247e-03 7.985881e-05 2.345313e-12 3.748629e-19 7.873965e-44 1.680630e-16 7.544274e-20 9.002024e-26 3.323678e+02 1.010073e+11 7.818241e+02 2.294251e+00 2.892124e-16 2.712527e-05 2.402981e-27 3.669539e-45 4.092077e-09 1.548158e-17 2.430543e-10 1.570288e-14 5.311970e-06 7.893021e-02 4.604724e-02 1.344175e-05 1.206335e-10 4.890626e-09 1.533522e-06 1.766707e-12 3.727519e-17 0.000000e+00 0.000000e+00 0.000000e+00 0.000000e+00 2.622812e-27 0.000000e+00 0.000000e+00 0.000000e+00 0.000000e+00 0.000000e+00 0.000000e+00 0.000000e+00 4.055178e+11 6.246315e+07 8.861565e+08 2.026206e+12 1.052435e+02 2.226031e-15 2.587864e-05 8.703739e-06 1.223573e-04 1.625293e-04 3.106679e-07 6.701416e-10 2.580494e-14 7.279070e-24 4.765266e-30 3.910732e-30 0.000000e+00 0.000000e+00 9.133264e-31 1.766564e-17 4.648350e-06 6.395587e-27 0.000000e+00 0.000000e+00 0.000000e+00 0.000000e+00 0.000000e+00 0.000000e+00 2.198929e-01 0.000000e+00 0.000000e+00 0.000000e+00 0.000000e+00 0.000000e+00 0.000000e+00 0.000000e+00 0.000000e+00 0.000000e+00 0.000000e+00 0.000000e+00 0.000000e+00 0.000000e+00 0.000000e+00 0.000000e+00 0.000000e+00 0.000000e+00 0.000000e+00 0.000000e+00 0.000000e+00 0.000000e+00 0.000000e+00 0.000000e+00 0.000000e+00 0.000000e+00 1.572344e-91 1.237916e-42 1.653300e-44 4.465409e-29 1.015745e-42 0.000000e+00
91.000000 90.000000 92.000000 181.259995 4.249646e-03 7.753789e+10 1.236817e+01 1.163211e+06 1.879403e-01 1.292242e-05 8.096006e-16 1.885682e+00 1.679696e-02 1.820695e-23 7.579657e-17 4.457427e-03 3.473503e-05 6.829925e-13 7.051855e-20 2.926394e-45 9.482436e-17 2.091508e-20 1.661417e-26 1.800545e+03 7.826840e+10 2.110115e+02 8.174978e-01 4.716423e-17 8.300197e-06 1.183494e-28 2.490894e-45 1.350401e-09 5.834957e-18 7.876847e-11 4.852564e-15 1.263531e-06 5.254062e-02 3.091491e-02 8.876003e-06 3.754191e-11 1.836445e-09 9.197911e-07 5.084247e-12 2.235301e-17 0.000000e+00 0.000000e+00 0.000000e+00 0.000000e+00 3.885144e-28 0.000000e+00 0.000000e+00 0.000000e+00 0.000000e+00 0.000000e+00 0.000000e+00 0.000000e+00 2.613351e+11 4.129516e+07 3.640808e+08 1.358484e+12 1.218932e+02 1.933656e-15 9.633710e-06 3.241435e-06 4.556579e-05 5.977567e-05 1.229779e-07 4.241135e-10 1.176505e-14 8.045305e-25 3.726346e-31 1.268934e-30 0.000000e+00 0.000000e+00 4.240553e-32 3.075917e-18 3.100265e-06 8.585040e-28 0.000000e+00 0.000000e+00 0.000000e+00 0.000000e+00 0.000000e+00 0.000000e+00 9.676130e-02 0.000000e+00 0.000000e+00 0.000000e+00 0.000000e+00 0.000000e+00 0.000000e+00 0.000000e+00 0.000000e+00 0.000000e+00 0.000000e+00 0.000000e+00 0.000000e+00 0.000000e+00 0.000000e+00 0.000000e+00 0.000000e+00 0.000000e+00 0.000000e+00 0.000000e+00 0.000000e+00 0.000000e+00 0.000000e+00 0.000000e+00 0.000000e+00 0.000000e+00 2.380876e-92 4.852045e-43 3.566570e-45 6.589691e-30 1.331782e-43 0.000000e+00
93.000000 92.000000 94.000000 181.259995 2.849206e-03 5.947021e+10 2.001210e+00 7.680930e+05 1.809963e-01 2.345826e-06 4.981038e-16 4.642709e-01 1.128517e-02 4.619930e-24 4.351345e-17 1.749489e-03 1.185549e-05 1.560059e-13 1.027774e-20 7.317640e-47 5.424928e-17 4.610676e-21 2.499826e-27 1.200236e+04 5.970091e+10 5.540921e+01 2.799124e-01 8.753424e-18 2.453816e-06 5.796725e-30 1.679118e-45 4.310256e-10 2.214526e-18 2.500727e-11 1.500518e-15 2.905649e-07 3.506322e-02 2.074506e-02 5.890447e-06 1.174181e-11 6.872595e-10 5.434746e-07 1.479534e-11 1.320677e-17 0.000000e+00 0.000000e+00 0.000000e+00 0.000000e+00 5.453656e-29 0.000000e+00 0.000000e+00 0.000000e+00 0.000000e+00 0.000000e+00 0.000000e+00 0.000000e+00 1.679887e+11 2.713866e+07 1.145727e+08 9.108047e+11 1.390173e+02 1.813205e-15 3.495168e-06 1.178190e-06 1.653770e-05 2.135781e-05 4.752832e-08 2.723909e-10 5.212382e-15 6.820538e-26 2.307655e-32 4.218658e-31 0.000000e+00 0.000000e+00 1.277315e-33 6.987590e-19 2.067414e-06 1.111720e-28 0.000000e+00 0.000000e+00 0.000000e+00 0.000000e+00 0.000000e+00 0.000000e+00 4.097559e-02 0.000000e+00 0.000000e+00 0.000000e+00 0.000000e+00 0.000000e+00 0.000000e+00 0.000000e+00 0.000000e+00 0.000000e+00 0.000000e+00 0.000000e+00 0.000000e+00 0.000000e+00 0.000000e+00 0.000000e+00 0.000000e+00 0.000000e+00 0.000000e+00 0.000000e+00 0.000000e+00 0.000000e+00 0.000000e+00 0.000000e+00 0.000000e+00 0.000000e+00 4.293236e-93 2.073892e-43 7.862063e-46 9.500298e-31 1.823745e-44 0.000000e+00
95.000000 94.000000 96.000000 181.259995 1.910271e-03 4.474896e+10 9.619297e-03 5.019687e+05 1.769027e-01 1.219351e-08 3.206348e-16 1.128516e-01 7.574922e-03 1.173070e-24 2.520277e-17 1.040360e-04 7.297974e-08 6.423220e-16 2.659900e-23 4.930436e-49 3.136224e-17 2.654413e-23 5.678134e-29 4.513736e+06 4.474304e+10 1.425995e+01 9.274351e-02 1.992309e-18 7.085128e-07 2.519108e-31 1.128373e-45 1.344751e-10 8.514122e-19 7.807034e-12 4.706041e-16 6.506831e-08 2.344098e-02 1.391605e-02 3.923897e-06 3.751516e-12 2.620041e-10 3.192495e-07 4.519326e-11 7.757906e-18 0.000000e+00 0.000000e+00 0.000000e+00 1.328415e-26 7.365231e-30 0.000000e+00 0.000000e+00 0.000000e+00 0.000000e+00 0.000000e+00 0.000000e+00 0.000000e+00 1.079086e+11 1.767999e+07 1.023250e+06 6.106563e+11 1.581355e+02 1.785663e-15 1.299622e-06 8.775729e-07 5.916691e-06 7.493196e-06 1.828712e-08 1.777891e-10 2.271791e-15 1.630548e-28 2.789435e-34 1.446838e-31 2.589883e-45 0.000000e+00 7.471339e-36 1.969846e-19 1.378762e-06 1.401058e-29 1.132731e-33 1.477345e-33 0.000000e+00 0.000000e+00 0.000000e+00 0.000000e+00 1.692762e-02 0.000000e+00 0.000000e+00 0.000000e+00 0.000000e+00 0.000000e+00 0.000000e+00 0.000000e+00 0.000000e+00 0.000000e+00 0.000000e+00 0.000000e+00 0.000000e+00 0.000000e+00 0.000000e+00 0.000000e+00 0.000000e+00 0.000000e+00 0.000000e+00 0.000000e+00 0.000000e+00 0.000000e+00 0.000000e+00 0.000000e+00 0.000000e+00 0.000000e+00 9.388352e-94 9.754597e-44 1.764489e-46 1.348736e-31 2.590820e-45 0.000000e+00
97.000000 96.000000 98.000000 181.259995 1.280755e-03 3.289732e+10 1.118243e-05 3.232649e+05 1.860083e-01 1.321020e-11 2.392880e-16 2.752833e-02 5.078748e-03 2.974131e-25 1.473028e-17 8.574828e-07 2.192455e-10 1.276151e-18 3.249810e-26 3.319424e-51 1.832683e-17 8.571543e-26 1.163489e-30 5.986740e+07 3.277830e+10 3.665792e+00 3.036019e-02 5.955177e-19 2.079488e-07 1.105732e-32 7.572436e-46 4.189973e-11 3.400366e-19 2.444609e-12 1.607190e-16 1.440430e-08 1.569057e-02 9.332905e-03 2.622000e-06 1.315420e-12 1.082110e-10 1.895560e-07 2.589970e-12 4.606222e-18 0.000000e+00 0.000000e+00 0.000000e+00 7.144052e-30 9.569624e-31 0.000000e+00 0.000000e+00 0.000000e+00 0.000000e+00 0.000000e+00 0.000000e+00 0.000000e+00 6.951126e+10 1.136861e+07 1.887440e+03 4.094189e+11 1.909394e+02 1.937219e-15 8.402433e-07 3.703926e-06 2.142707e-06 2.648178e-06 7.578627e-09 1.248673e-10 1.000992e-15 2.235436e-31 3.142038e-36 5.269955e-32 4.449156e-48 0.000000e+00 4.361607e-38 6.969022e-20 9.199379e-07 1.734590e-30 4.201539e-37 5.732748e-37 0.000000e+00 0.000000e+00 0.000000e+00 0.000000e+00 7.004400e-03 0.000000e+00 0.000000e+00 0.000000e+00 0.000000e+00 0.000000e+00 0.000000e+00 0.000000e+00 0.000000e+00 0.000000e+00 0.000000e+00 0.000000e+00 0.000000e+00 0.000000e+00 0.000000e+00 0.000000e+00 0.000000e+00 0.000000e+00 0.000000e+00 0.000000e+00 0.000000e+00 0.000000e+00 0.000000e+00 0.000000e+00 0.000000e+00 0.000000e+00 2.546521e-94 5.105846e-44 4.032713e-47 1.917640e-32 3.863737e-46 0.000000e+00
99.000000 98.000000 100.000000 181.259995 8.586914e-04 2.343727e+10 8.108252e-07 2.036021e+05 2.285521e-01 1.619291e-12 2.370707e-16 7.752110e-03 3.405098e-03 7.649231e-26 8.700358e-18 1.950536e-07 5.669196e-11 2.179843e-19 3.281759e-27 2.249795e-53 1.082169e-17 8.468271e-27 2.527025e-32 6.928495e+07 2.329917e+10 1.083647e+00 1.130057e-02 2.585409e-19 7.306722e-08 5.137791e-34 5.078778e-46 1.510457e-11 1.650234e-19 8.886133e-13 7.500650e-17 3.616790e-09 1.051225e-02 6.258139e-03 1.756717e-06 6.014309e-13 5.655274e-11 1.170482e-07 1.169283e-12 2.844289e-18 0.000000e+00 0.000000e+00 0.000000e+00 1.509896e-33 1.341540e-31 0.000000e+00 0.000000e+00 0.000000e+00 0.000000e+00 0.000000e+00 0.000000e+00 0.000000e+00 4.525246e+10 7.165403e+06 3.908117e+02 2.744977e+11 2.659072e+02 2.519328e-15 4.587554e-07 2.501462e-06 9.146618e-07 1.086925e-06 4.249454e-09 1.026025e-10 5.217681e-16 6.536495e-33 3.639916e-38 2.406874e-32 1.127545e-51 0.000000e+00 2.561062e-40 3.408031e-20 6.146317e-07 2.345064e-31 8.880642e-41 1.211610e-40 0.000000e+00 0.000000e+00 0.000000e+00 0.000000e+00 3.373296e-03 0.000000e+00 0.000000e+00 0.000000e+00 0.000000e+00 0.000000e+00 0.000000e+00 0.000000e+00 0.000000e+00 0.000000e+00 0.000000e+00 0.000000e+00 0.000000e+00 0.000000e+00 0.000000e+00 0.000000e+00 0.000000e+00 0.000000e+00 0.000000e+00 0.000000e+00 0.000000e+00 0.000000e+00 0.000000e+00 0.000000e+00 0.000000e+00 0.000000e+00 8.823222e-95 3.012157e-44 9.481276e-48 3.127163e-33 6.986558e-47 0.000000e+00
