# z		 z0		 z1		 T		 P		1		2		3		4		5		6		7		8		9		10		11		12		13		14		15		16		17		18		19		20		21		22		23		24		25		26		27		28		29		30		31		32		33		34		35		36		37		38		39		40		41		42		43		44		45		46		47		48		49		50		51		52		53		54		55		56		57		58		59		60		61		62		63		64		65		66		67		68		69		70		71		72		73		74		75		76		77		78		79		80		81		82		83		84		85		86		87		88		89		90		91		92		93		94		95		96		97		98		99		100		101		102		103		104		105		106		107		108		109		110		111		
#  km		 km		 km		 K		 Pa		
1.000000 0.000000 2.000000 313.458117 9.818758e+04 2.150084e+02 2.013180e-09 6.906047e+08 2.071803e+05 3.782754e-01 3.253775e+03 4.537544e+17 1.402613e-08 6.339270e-09 3.859303e-12 6.626342e+04 1.925879e+03 5.006709e-05 3.615135e-12 7.394656e-28 2.675654e+02 3.665617e+00 2.189488e-05 8.007387e-20 1.129219e+12 4.960928e+12 1.313195e+09 4.210694e-02 4.558781e+08 2.890204e-12 8.274907e-40 7.668605e-06 8.337963e-09 5.620499e+00 2.681246e+00 2.110865e+06 1.391458e-14 5.069129e+01 3.661143e-01 1.287969e+05 7.038572e-01 1.705457e-02 5.456842e-17 2.610549e-17 0.000000e+00 0.000000e+00 0.000000e+00 0.000000e+00 0.000000e+00 0.000000e+00 0.000000e+00 0.000000e+00 0.000000e+00 0.000000e+00 1.598821e-57 0.000000e+00 4.537544e+18 6.366393e+14 2.466661e+00 1.815019e+19 1.415074e-12 1.650854e-05 1.060660e-15 1.260622e-07 7.810132e+04 1.038118e+07 4.278532e+03 5.906587e+08 9.961848e-17 1.900195e-01 3.643353e-07 4.789394e-21 0.000000e+00 0.000000e+00 2.728456e-17 2.834530e-12 1.350358e-10 0.000000e+00 0.000000e+00 0.000000e+00 0.000000e+00 3.330006e-68 0.000000e+00 0.000000e+00 6.591862e-09 0.000000e+00 0.000000e+00 0.000000e+00 0.000000e+00 0.000000e+00 0.000000e+00 0.000000e+00 0.000000e+00 0.000000e+00 0.000000e+00 0.000000e+00 0.000000e+00 0.000000e+00 0.000000e+00 0.000000e+00 0.000000e+00 0.000000e+00 0.000000e+00 0.000000e+00 0.000000e+00 0.000000e+00 0.000000e+00 0.000000e+00 0.000000e+00 0.000000e+00 3.268661e-57 5.743136e-31 6.001937e-30 1.003786e-11 2.655099e-22 0.000000e+00
3.000000 2.000000 4.000000 306.253195 7.735233e+04 8.708952e+04 1.515705e-05 9.882732e+08 2.999341e+05 1.320028e+01 5.462554e+03 2.372259e+17 9.246136e-09 1.322994e-08 3.362526e-12 5.401205e+04 1.656420e+03 1.378680e-03 1.964215e-09 2.217076e-23 1.863798e+02 3.827791e+00 4.382744e-04 5.395406e-19 9.431950e+11 3.999466e+12 1.159532e+09 3.397737e-01 3.998765e+08 2.741711e-11 9.079072e-40 4.192728e-06 9.132233e-09 4.156925e+00 1.819452e+00 1.619051e+06 1.879390e-14 8.326571e+01 4.587304e-01 5.663482e+04 4.184688e-01 1.408057e-02 9.520457e-17 1.535994e-14 2.656440e-19 9.121917e-35 1.040299e-17 2.349747e-17 2.017881e-26 8.366312e-19 4.158720e-19 1.218168e-19 7.133779e-21 1.548660e-39 1.485244e-57 0.000000e+00 3.658747e+18 5.132881e+14 5.178854e+02 1.463514e+19 2.296049e-12 4.343292e-06 3.320050e-15 1.387855e-07 5.321688e+04 7.534088e+06 2.922221e+03 5.536165e+08 1.751704e-16 9.903904e-02 2.514130e-06 1.294293e-21 5.787170e-22 0.000000e+00 6.230754e-14 3.962762e-10 1.166712e-09 0.000000e+00 7.734759e-29 5.209915e-28 1.106379e-36 1.498956e-63 0.000000e+00 0.000000e+00 6.885153e-09 0.000000e+00 0.000000e+00 0.000000e+00 0.000000e+00 0.000000e+00 0.000000e+00 0.000000e+00 0.000000e+00 0.000000e+00 0.000000e+00 0.000000e+00 0.000000e+00 0.000000e+00 0.000000e+00 0.000000e+00 0.000000e+00 0.000000e+00 0.000000e+00 0.000000e+00 0.000000e+00 0.000000e+00 0.000000e+00 0.000000e+00 0.000000e+00 0.000000e+00 3.903782e-56 3.179252e-31 3.611944e-30 6.807303e-12 2.707280e-22 0.000000e+00
5.000000 4.000000 6.000000 298.873459 6.058171e+04 2.449678e+06 1.148092e-02 1.550431e+09 4.988881e+05 3.603535e+02 1.073919e+04 1.586220e+17 4.072656e-09 4.028831e-08 7.793560e-12 4.466781e+04 1.423412e+03 1.825959e-02 4.916482e-07 1.586880e-19 1.303774e+02 4.578678e+00 3.840764e-03 4.098182e-18 8.176332e+11 3.208824e+12 9.927312e+08 1.986908e+00 3.189845e+08 2.361574e-10 3.437132e-39 1.168125e-05 6.150761e-08 3.098221e+00 1.231362e+00 1.198333e+06 1.333779e-13 1.405654e+02 6.283994e-01 2.332070e+04 1.794793e-01 1.164226e-02 1.556725e-16 4.461362e-13 1.807842e-20 4.406750e-34 4.437069e-19 1.411116e-18 2.966349e-27 1.725402e-20 1.451547e-20 4.286842e-21 1.286698e-21 3.035575e-38 2.142324e-57 0.000000e+00 2.936234e+18 4.118582e+14 2.578129e+04 1.174513e+19 3.176595e-12 1.581585e-07 1.056234e-14 1.804453e-07 3.739979e+04 5.560707e+06 1.859880e+03 3.169094e+08 1.044098e-15 4.828177e-02 1.288542e-05 8.657421e-23 3.508003e-23 0.000000e+00 5.703752e-11 1.334160e-08 7.236395e-09 0.000000e+00 6.866835e-30 4.622293e-29 2.326933e-36 3.721399e-65 0.000000e+00 0.000000e+00 6.847192e-09 0.000000e+00 0.000000e+00 0.000000e+00 0.000000e+00 0.000000e+00 0.000000e+00 0.000000e+00 0.000000e+00 0.000000e+00 0.000000e+00 0.000000e+00 0.000000e+00 0.000000e+00 0.000000e+00 0.000000e+00 0.000000e+00 0.000000e+00 0.000000e+00 0.000000e+00 0.000000e+00 0.000000e+00 0.000000e+00 0.000000e+00 0.000000e+00 0.000000e+00 6.458932e-55 1.101642e-30 1.360622e-29 7.216149e-12 3.728343e-22 0.000000e+00
7.000000 6.000000 8.000000 291.267160 4.715235e+04 1.552047e+07 5.307480e-01 2.146597e+09 7.681179e+05 2.544459e+03 1.959291e+04 1.021447e+17 1.378844e-09 9.440376e-08 1.723226e-11 3.780138e+04 1.228532e+03 6.321443e-02 7.748163e-06 2.242318e-17 8.855813e+01 5.116146e+00 1.562800e-02 2.452563e-17 7.395437e+11 2.561708e+12 7.868950e+08 6.265857e+00 2.305153e+08 9.807760e-10 9.873155e-39 3.170427e-05 1.713341e-07 2.402573e+00 8.518386e-01 8.695652e+05 1.065808e-12 2.536438e+02 9.486011e-01 1.110041e+04 8.981803e-02 9.650987e-03 2.286990e-16 2.507326e-12 0.000000e+00 8.411589e-35 0.000000e+00 0.000000e+00 0.000000e+00 0.000000e+00 0.000000e+00 0.000000e+00 0.000000e+00 7.459134e-39 6.947980e-58 0.000000e+00 2.345018e+18 3.288426e+14 2.915936e+05 9.380279e+18 6.866402e-12 9.786282e-09 2.965728e-14 2.251586e-07 2.735598e+04 4.192326e+06 1.087703e+03 1.166325e+08 5.851896e-15 2.187393e-02 2.223440e-05 1.139618e-23 0.000000e+00 0.000000e+00 3.852823e-09 1.050406e-07 1.589744e-08 0.000000e+00 0.000000e+00 0.000000e+00 1.980599e-36 6.154275e-70 0.000000e+00 0.000000e+00 6.834044e-09 0.000000e+00 0.000000e+00 0.000000e+00 0.000000e+00 0.000000e+00 0.000000e+00 0.000000e+00 0.000000e+00 0.000000e+00 0.000000e+00 0.000000e+00 0.000000e+00 0.000000e+00 0.000000e+00 0.000000e+00 0.000000e+00 0.000000e+00 0.000000e+00 0.000000e+00 0.000000e+00 0.000000e+00 0.000000e+00 0.000000e+00 0.000000e+00 0.000000e+00 1.274606e-53 4.025088e-30 5.233036e-29 8.535362e-12 6.186882e-22 0.000000e+00
9.000000 8.000000 10.000000 283.331313 3.645232e+04 4.747099e+07 5.943381e+00 2.454338e+09 1.008136e+06 9.070736e+03 2.965423e+04 6.262636e+16 6.104837e-10 1.217237e-07 2.291733e-11 3.299804e+04 1.067698e+03 1.282085e-01 3.817721e-05 6.353400e-16 5.687384e+01 4.938828e+00 3.555391e-02 9.305369e-17 6.882573e+11 2.034737e+12 5.644356e+08 1.027087e+01 1.536152e+08 2.446103e-09 1.481150e-38 6.101847e-05 2.900452e-07 1.955760e+00 6.039151e-01 6.293529e+05 5.364118e-12 4.762864e+02 1.522107e+00 6.375520e+03 7.331714e-02 8.031666e-03 2.745269e-16 5.818393e-12 0.000000e+00 0.000000e+00 0.000000e+00 0.000000e+00 0.000000e+00 0.000000e+00 0.000000e+00 0.000000e+00 0.000000e+00 1.356261e-36 3.878261e-56 0.000000e+00 1.863646e+18 2.612420e+14 1.375267e+06 7.454775e+18 4.948086e-11 1.316422e-09 6.322128e-14 2.447939e-07 2.058057e+04 3.177791e+06 5.910464e+02 4.732149e+07 2.335243e-14 9.357885e-03 2.224854e-05 2.818856e-24 0.000000e+00 0.000000e+00 8.499266e-08 3.519774e-07 1.779117e-08 0.000000e+00 0.000000e+00 0.000000e+00 0.000000e+00 0.000000e+00 0.000000e+00 0.000000e+00 6.946343e-09 0.000000e+00 0.000000e+00 0.000000e+00 0.000000e+00 0.000000e+00 0.000000e+00 0.000000e+00 0.000000e+00 0.000000e+00 0.000000e+00 0.000000e+00 0.000000e+00 0.000000e+00 0.000000e+00 0.000000e+00 0.000000e+00 0.000000e+00 0.000000e+00 0.000000e+00 0.000000e+00 0.000000e+00 0.000000e+00 0.000000e+00 0.000000e+00 0.000000e+00 2.894616e-52 6.468151e-30 8.785317e-29 7.839546e-12 1.057477e-21 0.000000e+00
11.000000 10.000000 12.000000 275.023094 2.796965e+04 1.007649e+08 3.613126e+01 2.453096e+09 1.206550e+06 2.347216e+04 4.028879e+04 3.623030e+16 4.176832e-10 1.134762e-07 2.462561e-11 3.081202e+04 9.531113e+02 2.112991e-01 1.148059e-04 9.724132e-15 3.471665e+01 4.485294e+00 6.113158e-02 2.715846e-16 6.650009e+11 1.606984e+12 3.788422e+08 1.175390e+01 9.617538e+07 7.557635e-09 1.517449e-38 1.017596e-04 3.939442e-07 1.666884e+00 4.354318e-01 4.532821e+05 2.013598e-11 8.809964e+02 2.429974e+00 4.208782e+03 8.334671e-02 6.810122e-03 2.881696e-16 8.411277e-12 0.000000e+00 1.494621e-34 0.000000e+00 0.000000e+00 0.000000e+00 0.000000e+00 0.000000e+00 0.000000e+00 0.000000e+00 7.659855e-36 2.111543e-55 0.000000e+00 1.473157e+18 2.063884e+14 4.451870e+06 5.892800e+18 3.850774e-10 3.447070e-10 1.172106e-13 2.485112e-07 1.597847e+04 2.441654e+06 3.120851e+02 2.343439e+07 8.370303e-14 4.041710e-03 1.791476e-05 1.256467e-24 0.000000e+00 0.000000e+00 1.208599e-06 8.307719e-07 1.581532e-08 0.000000e+00 0.000000e+00 0.000000e+00 9.559276e-37 0.000000e+00 0.000000e+00 0.000000e+00 7.184526e-09 0.000000e+00 0.000000e+00 0.000000e+00 0.000000e+00 0.000000e+00 0.000000e+00 0.000000e+00 0.000000e+00 0.000000e+00 0.000000e+00 0.000000e+00 0.000000e+00 0.000000e+00 0.000000e+00 0.000000e+00 0.000000e+00 0.000000e+00 0.000000e+00 0.000000e+00 0.000000e+00 0.000000e+00 0.000000e+00 0.000000e+00 0.000000e+00 0.000000e+00 9.231406e-51 7.630043e-30 1.124031e-28 6.805582e-12 2.130070e-21 0.000000e+00
13.000000 12.000000 14.000000 266.436128 2.128540e+04 1.993107e+08 3.901228e+02 1.545040e+09 1.210699e+06 7.625304e+04 4.744091e+04 1.839702e+16 8.197667e-10 2.329346e-07 1.024389e-10 5.151142e+04 1.224067e+03 7.277542e-01 8.721602e-04 7.764848e-13 2.198062e+01 4.931823e+00 1.849717e-01 3.775104e-16 9.905453e+11 1.256098e+12 2.650391e+08 1.840218e+01 3.737039e+07 2.957251e-07 1.679841e-38 3.038599e-04 7.651646e-07 1.553035e+00 3.067631e-01 2.795485e+05 1.267481e-10 2.987277e+03 7.616430e+00 5.959682e+03 1.710966e-01 7.555378e-03 3.144457e-16 1.849834e-11 6.119905e-19 6.254128e-34 1.573668e-17 2.633518e-16 1.995870e-23 4.656494e-20 1.177237e-19 6.732041e-20 6.676574e-18 3.042967e-34 6.498930e-54 0.000000e+00 1.157222e+18 1.616827e+14 1.804914e+07 4.629057e+18 5.709978e-09 1.828328e-10 1.617799e-13 2.599874e-07 1.533477e+04 2.723822e+06 1.433166e+02 1.564860e+07 5.925085e-13 2.348462e-03 2.585728e-05 2.470886e-24 1.144663e-20 0.000000e+00 4.423261e-05 3.022973e-06 1.528681e-07 1.515709e-16 4.315763e-27 2.913807e-26 7.755166e-36 8.494385e-69 0.000000e+00 0.000000e+00 7.290170e-09 0.000000e+00 0.000000e+00 0.000000e+00 0.000000e+00 0.000000e+00 0.000000e+00 0.000000e+00 0.000000e+00 0.000000e+00 0.000000e+00 0.000000e+00 0.000000e+00 0.000000e+00 0.000000e+00 0.000000e+00 0.000000e+00 0.000000e+00 0.000000e+00 0.000000e+00 0.000000e+00 0.000000e+00 0.000000e+00 0.000000e+00 0.000000e+00 0.000000e+00 1.522376e-48 2.561193e-28 3.618865e-27 2.486424e-11 1.615634e-20 0.000000e+00
15.000000 14.000000 16.000000 256.852048 1.604681e+04 3.498139e+08 5.219060e+03 7.144397e+08 8.992588e+05 2.536164e+05 1.383955e+05 7.983952e+15 5.401066e-09 1.227279e-06 1.560144e-09 1.482123e+05 2.347274e+03 4.342946e+00 1.068677e-02 1.360685e-10 1.507955e+01 6.050658e+00 7.555755e-01 2.003520e-16 2.050873e+12 9.674140e+11 1.569714e+08 4.161986e+01 7.936689e+06 8.080114e-05 1.094219e-38 9.096509e-04 1.176600e-06 1.372615e+00 1.759974e-01 1.997716e+05 7.227449e-10 1.003116e+04 2.544658e+01 7.145971e+03 3.632768e-01 1.249386e-02 3.477911e-16 5.413579e-11 0.000000e+00 4.661215e-33 0.000000e+00 0.000000e+00 0.000000e+00 0.000000e+00 0.000000e+00 0.000000e+00 0.000000e+00 5.831974e-34 5.749452e-54 0.000000e+00 9.049572e+17 1.252214e+14 8.194868e+07 3.620006e+18 1.049324e-07 2.880346e-10 1.144095e-13 1.597014e-07 1.178909e+04 3.568983e+06 4.552767e+01 1.182052e+07 4.610163e-12 2.150037e-03 4.548905e-05 1.462302e-23 0.000000e+00 0.000000e+00 3.757903e-03 9.866622e-06 1.134005e-05 0.000000e+00 0.000000e+00 0.000000e+00 6.718632e-35 7.675925e-63 0.000000e+00 0.000000e+00 6.051037e-09 0.000000e+00 0.000000e+00 0.000000e+00 0.000000e+00 0.000000e+00 0.000000e+00 0.000000e+00 0.000000e+00 0.000000e+00 0.000000e+00 0.000000e+00 0.000000e+00 0.000000e+00 0.000000e+00 0.000000e+00 0.000000e+00 0.000000e+00 0.000000e+00 0.000000e+00 0.000000e+00 0.000000e+00 0.000000e+00 0.000000e+00 0.000000e+00 0.000000e+00 8.141098e-46 7.921146e-25 1.353060e-24 3.392677e-10 2.817051e-19 0.000000e+00
17.000000 16.000000 18.000000 244.824243 1.195229e+04 1.248111e+08 5.244374e+05 2.140689e+08 2.006464e+06 3.854595e+07 6.448220e+07 2.534524e+15 1.124528e-07 7.906565e-06 3.534855e-08 4.016927e+05 3.774466e+03 5.540540e+01 5.621770e-02 1.419356e-08 2.093718e+01 1.906912e+01 1.729676e+01 6.926979e-16 4.074285e+12 7.415278e+11 3.313460e+07 1.926180e+03 6.271995e+05 3.154425e-02 7.689299e-39 8.468122e-03 5.849941e-06 1.073111e+01 1.137808e+00 2.934130e+05 8.034580e-09 1.586406e+04 1.396716e+02 2.142287e+04 2.834118e+00 1.958287e-02 8.710431e-16 5.544665e-11 4.230269e-20 0.000000e+00 5.497623e-18 5.417175e-17 2.683868e-23 6.693088e-21 1.036616e-20 1.449480e-20 1.214328e-19 1.309534e-33 3.138662e-52 0.000000e+00 7.071549e+17 9.546320e+13 1.242706e+10 2.828790e+18 1.422144e-05 3.553379e-09 8.263545e-13 1.117048e-06 3.871865e+04 2.073560e+06 7.578080e+00 9.024397e+06 1.235491e-10 3.963273e-02 9.214618e-05 4.421277e-21 8.319847e-21 0.000000e+00 5.537469e+00 4.627922e-03 4.780697e-04 0.000000e+00 1.628190e-27 1.100759e-26 0.000000e+00 0.000000e+00 0.000000e+00 0.000000e+00 5.692473e-08 0.000000e+00 0.000000e+00 0.000000e+00 0.000000e+00 0.000000e+00 0.000000e+00 0.000000e+00 0.000000e+00 0.000000e+00 0.000000e+00 0.000000e+00 0.000000e+00 0.000000e+00 0.000000e+00 0.000000e+00 0.000000e+00 0.000000e+00 0.000000e+00 0.000000e+00 0.000000e+00 0.000000e+00 0.000000e+00 0.000000e+00 0.000000e+00 0.000000e+00 7.133072e-43 1.137162e-20 5.939041e-22 1.325013e-08 7.079301e-18 0.000000e+00
19.000000 18.000000 20.000000 229.203111 8.750145e+03 2.152857e+07 6.192769e+07 9.445420e+05 5.571693e+05 3.548768e+08 5.299027e+09 4.748269e+14 5.323255e-05 3.037226e-05 6.964934e-08 9.937121e+05 2.436169e+03 1.431736e+03 7.081857e-01 4.113964e-06 9.513994e-02 3.169673e+00 1.108551e+02 6.195758e-23 1.482227e+13 5.757856e+11 2.898536e+06 3.335235e+02 8.280435e+04 6.307617e-01 7.393558e-42 2.770930e-02 1.974286e-06 1.729840e+01 8.546804e-01 1.508917e+05 1.305856e-08 2.374795e+02 1.139494e-01 1.234945e+02 9.013481e-02 2.565587e-02 1.649711e-16 3.402778e-10 1.566450e-22 0.000000e+00 6.424741e-18 1.777321e-17 1.168567e-23 5.346508e-24 3.030173e-23 1.296782e-22 7.250345e-23 4.426760e-33 2.388130e-54 0.000000e+00 5.529713e+17 7.417431e+13 5.579723e+12 2.212069e+18 2.210366e-03 9.887257e-10 2.338631e-16 8.799119e-09 1.297907e+02 9.428218e+01 1.855688e-03 1.978442e+04 1.068933e-09 3.402774e-03 6.583022e-07 4.228889e-18 3.385822e-24 0.000000e+00 1.201625e+03 6.644060e-03 4.630842e-03 2.406314e-17 7.108626e-28 4.810954e-27 0.000000e+00 0.000000e+00 0.000000e+00 0.000000e+00 6.034594e-08 0.000000e+00 0.000000e+00 0.000000e+00 0.000000e+00 0.000000e+00 0.000000e+00 0.000000e+00 0.000000e+00 0.000000e+00 0.000000e+00 0.000000e+00 0.000000e+00 0.000000e+00 0.000000e+00 0.000000e+00 0.000000e+00 0.000000e+00 0.000000e+00 0.000000e+00 0.000000e+00 0.000000e+00 0.000000e+00 0.000000e+00 0.000000e+00 0.000000e+00 7.221859e-40 5.798359e-17 6.260322e-21 1.627610e-10 4.409343e-18 0.000000e+00
21.000000 20.000000 22.000000 211.209981 6.250259e+03 4.292469e+07 2.513282e+08 2.778808e+05 1.862589e+05 1.713375e+08 1.379858e+09 5.224146e+13 1.264988e-02 5.211061e-04 3.102651e-06 1.838712e+06 4.276272e+03 1.286973e+03 5.762986e-01 2.896620e-06 2.383162e-02 1.751482e+00 3.109215e+01 6.560034e-24 2.814324e+13 4.454332e+11 3.970184e+05 5.188201e+00 1.908035e+04 5.767056e-02 5.089627e-45 4.260323e-03 1.619425e-07 1.693698e+00 6.854072e-02 1.015243e+05 2.176655e-09 1.222071e+01 1.827624e-02 1.655953e+01 8.157006e-03 2.877059e-02 2.301359e-17 5.758919e-11 0.000000e+00 0.000000e+00 0.000000e+00 0.000000e+00 0.000000e+00 2.476717e-27 0.000000e+00 0.000000e+00 0.000000e+00 0.000000e+00 0.000000e+00 0.000000e+00 4.286219e+17 5.741306e+13 1.261142e+13 1.714700e+18 1.166275e-02 4.506565e-08 1.953286e-16 1.315123e-09 8.134856e+00 1.435667e+01 1.429818e-03 5.093505e+03 3.425618e-10 1.940838e-04 4.207831e-07 4.352609e-17 0.000000e+00 0.000000e+00 5.024704e+02 9.004313e-04 7.238463e-03 1.040591e-17 0.000000e+00 0.000000e+00 0.000000e+00 0.000000e+00 0.000000e+00 0.000000e+00 6.778452e-09 0.000000e+00 0.000000e+00 0.000000e+00 0.000000e+00 0.000000e+00 0.000000e+00 0.000000e+00 0.000000e+00 0.000000e+00 0.000000e+00 0.000000e+00 0.000000e+00 0.000000e+00 0.000000e+00 0.000000e+00 0.000000e+00 0.000000e+00 0.000000e+00 0.000000e+00 0.000000e+00 0.000000e+00 0.000000e+00 0.000000e+00 0.000000e+00 0.000000e+00 1.995520e-37 1.195747e-15 3.830669e-18 1.907699e-10 1.262184e-17 0.000000e+00
23.000000 22.000000 24.000000 197.594118 4.351548e+03 1.129043e+08 7.339312e+08 2.072014e+05 1.253911e+05 6.541274e+07 2.184131e+08 7.644555e+12 1.081811e-01 4.087505e-04 7.292012e-06 2.504696e+06 5.439920e+03 6.003288e+02 4.112385e-01 9.040841e-07 7.688750e-03 1.325161e+00 8.515282e+00 6.339374e-24 3.563580e+13 3.310683e+11 1.275123e+05 1.126581e-01 5.015993e+03 8.511100e-03 1.209720e-47 4.934068e-04 1.889029e-08 2.593593e-01 8.743458e-03 6.971777e+04 5.397689e-10 1.398932e+00 1.912284e-02 5.316455e+00 2.610787e-03 2.831696e-02 7.190228e-18 1.124271e-11 0.000000e+00 0.000000e+00 0.000000e+00 0.000000e+00 0.000000e+00 0.000000e+00 0.000000e+00 0.000000e+00 0.000000e+00 0.000000e+00 0.000000e+00 0.000000e+00 3.189631e+17 4.269575e+13 1.671571e+13 1.276068e+18 4.594289e-02 2.143534e-07 3.493247e-16 4.824767e-10 2.079462e+00 6.580865e+00 3.024481e-03 2.818602e+03 7.323137e-11 2.347400e-05 4.163616e-07 1.722124e-17 0.000000e+00 0.000000e+00 8.124678e+01 2.845470e-04 8.209617e-03 9.787528e-18 0.000000e+00 0.000000e+00 0.000000e+00 0.000000e+00 0.000000e+00 0.000000e+00 1.243810e-09 0.000000e+00 0.000000e+00 0.000000e+00 0.000000e+00 0.000000e+00 0.000000e+00 0.000000e+00 0.000000e+00 0.000000e+00 0.000000e+00 0.000000e+00 0.000000e+00 0.000000e+00 0.000000e+00 0.000000e+00 0.000000e+00 0.000000e+00 0.000000e+00 0.000000e+00 0.000000e+00 0.000000e+00 0.000000e+00 0.000000e+00 0.000000e+00 0.000000e+00 1.893858e-36 3.864009e-15 1.759763e-17 1.039433e-10 3.226923e-18 0.000000e+00
25.000000 24.000000 26.000000 190.114346 2.973446e+03 2.145778e+08 1.111804e+09 2.755714e+05 1.311352e+05 3.633633e+07 6.841026e+07 2.394647e+12 3.037560e-01 2.019464e-04 7.274622e-06 2.378438e+06 5.178116e+03 2.877648e+02 2.711545e-01 2.579627e-07 3.838897e-03 1.058130e+00 3.389960e+00 1.693390e-23 3.694990e+13 2.348671e+11 8.453671e+04 1.009688e-02 1.345697e+03 3.339116e-03 5.886785e-49 1.114770e-04 4.771278e-09 8.942618e-02 2.620905e-03 4.660970e+04 2.960817e-10 4.287608e-01 2.515240e-02 2.808953e+00 1.623512e-03 2.536042e-02 4.996631e-18 4.436064e-12 0.000000e+00 0.000000e+00 0.000000e+00 0.000000e+00 0.000000e+00 0.000000e+00 0.000000e+00 0.000000e+00 0.000000e+00 0.000000e+00 0.000000e+00 0.000000e+00 2.265132e+17 3.030741e+13 1.768391e+13 9.062523e+17 9.893234e-02 3.652746e-07 7.615338e-16 3.649912e-10 1.400225e+00 5.967639e+00 4.349753e-03 2.268166e+03 2.880573e-11 7.699346e-06 2.701835e-07 6.583783e-18 0.000000e+00 0.000000e+00 1.792945e+01 1.827385e-04 7.988482e-03 1.657015e-17 0.000000e+00 0.000000e+00 0.000000e+00 0.000000e+00 0.000000e+00 0.000000e+00 5.536450e-10 0.000000e+00 0.000000e+00 0.000000e+00 0.000000e+00 0.000000e+00 0.000000e+00 0.000000e+00 0.000000e+00 0.000000e+00 0.000000e+00 0.000000e+00 0.000000e+00 0.000000e+00 0.000000e+00 0.000000e+00 0.000000e+00 0.000000e+00 0.000000e+00 0.000000e+00 0.000000e+00 0.000000e+00 0.000000e+00 0.000000e+00 0.000000e+00 0.000000e+00 9.167037e-37 2.779025e-15 1.402341e-17 6.456142e-11 7.331384e-19 0.000000e+00
27.000000 26.000000 28.000000 184.753839 2.005816e+03 3.490322e+08 1.253798e+09 4.412766e+05 1.565413e+05 2.408319e+07 3.029475e+07 9.929680e+11 6.795427e-01 1.074288e-04 6.456313e-06 1.823252e+06 4.416329e+03 1.436057e+02 1.596239e-01 6.738267e-08 2.278711e-03 8.264242e-01 1.543346e+00 7.119056e-23 3.496947e+13 1.628682e+11 6.689807e+04 2.270204e-03 3.643612e+02 1.838830e-03 1.203477e-49 4.562339e-05 1.669674e-09 4.119047e-02 1.079682e-03 3.077716e+04 3.181082e-10 3.209255e-01 3.119849e-02 1.735928e+00 1.267634e-03 2.166036e-02 4.458205e-18 2.225746e-12 3.647751e-24 0.000000e+00 3.165327e-19 1.453946e-18 3.603581e-22 1.557778e-30 1.675771e-26 2.135365e-25 1.551637e-25 3.052909e-35 2.164970e-56 0.000000e+00 1.572245e+17 2.103056e+13 1.693116e+13 6.290740e+17 1.618739e-01 5.073308e-07 1.953117e-15 3.443709e-10 1.279847e+00 6.667023e+00 5.150235e-03 2.014368e+03 2.003804e-11 3.583591e-06 1.466869e-07 3.225504e-18 2.924925e-26 0.000000e+00 4.719731e+00 1.410426e-04 7.239754e-03 2.488898e-17 2.257886e-28 1.523234e-27 0.000000e+00 0.000000e+00 0.000000e+00 0.000000e+00 3.419243e-10 0.000000e+00 0.000000e+00 0.000000e+00 0.000000e+00 0.000000e+00 0.000000e+00 0.000000e+00 0.000000e+00 0.000000e+00 0.000000e+00 0.000000e+00 0.000000e+00 0.000000e+00 0.000000e+00 0.000000e+00 0.000000e+00 0.000000e+00 0.000000e+00 0.000000e+00 0.000000e+00 0.000000e+00 0.000000e+00 0.000000e+00 0.000000e+00 0.000000e+00 1.726971e-37 1.236047e-15 8.547224e-18 4.907135e-11 2.011023e-19 0.000000e+00
29.000000 28.000000 30.000000 179.936546 1.339013e+03 5.633594e+08 1.315445e+09 7.603005e+05 1.974354e+05 1.609462e+07 1.382030e+07 4.205330e+11 1.228983e+00 4.594396e-05 4.485264e-06 1.249507e+06 3.529706e+03 6.554888e+01 8.411806e-02 1.430836e-08 1.340016e-03 6.279589e-01 6.663073e-01 3.827181e-22 3.142949e+13 1.115285e+11 5.583470e+04 6.021423e-04 1.022875e+02 1.081066e-03 3.418555e-50 2.277750e-05 6.150984e-10 2.008211e-02 4.719150e-04 2.022510e+04 5.231813e-10 3.581443e-01 3.966387e-02 1.109738e+00 1.098741e-03 1.794549e-02 3.869184e-18 1.136038e-12 9.424699e-24 0.000000e+00 7.042469e-19 3.541549e-18 1.871390e-21 1.566268e-30 2.308509e-26 4.527987e-25 3.530813e-25 0.000000e+00 0.000000e+00 0.000000e+00 1.077601e+17 1.441190e+13 1.533284e+13 4.311907e+17 2.479469e-01 5.638029e-07 5.629957e-15 3.500091e-10 1.323237e+00 7.920674e+00 5.963724e-03 1.864617e+03 1.688201e-11 1.748124e-06 7.068968e-08 1.354079e-18 9.049174e-26 0.000000e+00 1.127164e+00 1.148926e-04 6.301449e-03 2.673738e-17 8.097697e-28 5.443361e-27 0.000000e+00 0.000000e+00 0.000000e+00 0.000000e+00 2.243217e-10 0.000000e+00 0.000000e+00 0.000000e+00 0.000000e+00 0.000000e+00 0.000000e+00 0.000000e+00 0.000000e+00 0.000000e+00 0.000000e+00 0.000000e+00 0.000000e+00 0.000000e+00 0.000000e+00 0.000000e+00 0.000000e+00 0.000000e+00 0.000000e+00 0.000000e+00 0.000000e+00 0.000000e+00 0.000000e+00 0.000000e+00 0.000000e+00 0.000000e+00 1.173067e-38 3.262472e-16 3.100375e-18 3.352928e-11 4.737755e-20 0.000000e+00
31.000000 30.000000 32.000000 175.172228 8.845028e+02 8.898050e+08 1.309770e+09 1.312017e+06 2.465791e+05 1.062362e+07 6.227692e+06 1.719482e+11 1.768097e+00 1.530596e-05 2.423094e-06 7.873721e+05 2.687924e+03 2.789970e+01 3.978600e-02 2.516167e-09 7.522423e-04 4.443113e-01 2.603423e-01 2.126957e-21 2.760149e+13 7.560164e+10 4.647686e+04 1.544639e-04 3.233843e+01 6.257998e-04 9.850326e-51 1.239904e-05 2.244394e-10 9.829168e-03 2.062958e-04 1.321964e+04 1.203615e-09 4.588473e-01 4.702819e-02 6.890559e-01 9.598490e-04 1.460790e-02 2.902837e-18 5.701230e-13 1.046417e-23 0.000000e+00 6.632417e-19 3.616683e-18 4.459905e-21 6.058592e-31 1.229915e-26 3.799093e-25 3.370086e-25 0.000000e+00 0.000000e+00 0.000000e+00 7.311210e+16 9.777876e+12 1.354023e+13 2.925753e+17 3.622896e-01 5.051466e-07 1.634754e-14 3.542354e-10 1.404483e+00 9.238702e+00 6.687599e-03 1.691128e+03 1.548397e-11 8.299541e-07 3.047073e-08 4.577994e-19 1.182260e-25 0.000000e+00 2.443924e-01 9.259307e-05 5.394388e-03 2.431745e-17 1.226000e-27 8.197715e-27 0.000000e+00 0.000000e+00 0.000000e+00 0.000000e+00 1.475175e-10 0.000000e+00 0.000000e+00 0.000000e+00 0.000000e+00 0.000000e+00 0.000000e+00 0.000000e+00 0.000000e+00 0.000000e+00 0.000000e+00 0.000000e+00 0.000000e+00 0.000000e+00 0.000000e+00 0.000000e+00 0.000000e+00 0.000000e+00 0.000000e+00 0.000000e+00 0.000000e+00 0.000000e+00 0.000000e+00 0.000000e+00 0.000000e+00 0.000000e+00 2.928598e-40 5.114539e-17 6.594663e-19 1.850121e-11 8.744034e-21 0.000000e+00
33.000000 32.000000 34.000000 171.647553 5.785295e+02 1.309569e+09 1.144246e+09 2.247074e+06 2.955459e+05 7.095138e+06 2.850140e+06 8.642168e+10 2.193292e+00 4.550915e-06 1.140627e-06 4.516473e+05 1.940290e+03 1.155743e+01 1.651041e-02 3.690753e-10 4.184506e-04 2.760360e-01 9.120239e-02 1.203155e-20 2.354328e+13 5.041540e+10 3.627242e+04 4.746552e-05 1.546234e+01 3.333868e-04 4.933265e-51 7.325813e-06 9.176459e-11 4.965587e-03 9.556889e-05 8.540944e+03 3.177317e-09 5.832761e-01 4.895903e-02 4.212100e-01 8.314417e-04 1.155103e-02 2.248031e-18 3.105460e-13 1.438100e-23 0.000000e+00 7.558641e-19 4.125466e-18 8.473680e-21 2.898047e-31 8.262398e-27 3.756801e-25 3.729770e-25 0.000000e+00 0.000000e+00 0.000000e+00 4.879750e+16 6.527074e+12 1.159712e+13 1.952952e+17 4.724248e-01 4.224066e-07 4.698506e-14 3.623238e-10 1.459644e+00 1.066420e+01 6.787097e-03 1.428054e+03 1.510237e-11 3.754404e-07 1.118623e-08 1.598043e-19 1.634647e-25 0.000000e+00 5.013195e-02 6.933340e-05 4.513181e-03 1.974286e-17 2.100954e-27 1.393511e-26 0.000000e+00 0.000000e+00 0.000000e+00 0.000000e+00 1.038792e-10 0.000000e+00 0.000000e+00 0.000000e+00 0.000000e+00 0.000000e+00 0.000000e+00 0.000000e+00 0.000000e+00 0.000000e+00 0.000000e+00 0.000000e+00 0.000000e+00 0.000000e+00 0.000000e+00 0.000000e+00 0.000000e+00 0.000000e+00 0.000000e+00 0.000000e+00 0.000000e+00 0.000000e+00 0.000000e+00 0.000000e+00 0.000000e+00 0.000000e+00 3.582997e-42 5.434402e-18 1.028580e-19 8.775122e-12 1.523113e-21 0.000000e+00
35.000000 34.000000 36.000000 169.723753 3.759484e+02 1.761623e+09 8.632172e+08 3.798502e+06 3.364094e+05 4.908166e+06 1.376258e+06 5.584324e+10 2.554250e+00 1.364592e-06 5.166796e-07 2.370831e+05 1.339549e+03 4.814749e+00 6.096383e-03 4.707740e-11 2.375629e-04 1.495684e-01 2.914235e-02 6.766773e-20 1.966567e+13 3.309992e+10 2.565529e+04 1.898516e-05 1.253613e+01 1.580882e-04 5.246081e-51 4.663964e-06 4.421870e-11 2.623826e-03 4.809548e-05 5.451746e+03 8.066518e-09 6.739561e-01 4.206542e-02 2.564393e-01 7.027108e-04 8.893642e-03 2.125497e-18 1.921003e-13 2.457133e-23 0.000000e+00 1.054967e-18 5.207734e-18 1.257742e-20 1.848414e-31 7.623072e-27 4.607502e-25 4.764665e-25 1.926038e-35 2.888152e-55 0.000000e+00 3.206554e+16 4.290539e+12 9.717966e+12 1.283480e+17 5.418813e-01 3.703335e-07 1.321556e-13 3.759410e-10 1.411307e+00 1.216054e+01 6.094637e-03 1.105995e+03 1.532876e-11 1.566224e-07 3.498878e-09 6.713812e-20 2.280367e-25 0.000000e+00 1.020858e-02 4.606840e-05 3.719595e-03 1.465359e-17 4.035061e-27 2.643262e-26 0.000000e+00 0.000000e+00 0.000000e+00 0.000000e+00 8.032359e-11 0.000000e+00 0.000000e+00 0.000000e+00 0.000000e+00 0.000000e+00 0.000000e+00 0.000000e+00 0.000000e+00 0.000000e+00 0.000000e+00 0.000000e+00 0.000000e+00 0.000000e+00 0.000000e+00 0.000000e+00 0.000000e+00 0.000000e+00 0.000000e+00 0.000000e+00 0.000000e+00 0.000000e+00 0.000000e+00 0.000000e+00 0.000000e+00 0.000000e+00 2.843094e-44 4.497603e-19 1.440958e-20 3.738633e-12 2.846002e-22 0.000000e+00
37.000000 36.000000 38.000000 169.203745 2.436124e+02 2.276005e+09 5.945025e+08 6.349419e+06 3.661398e+05 3.375914e+06 6.475510e+05 3.521102e+10 2.850184e+00 3.893310e-07 2.197276e-07 1.175060e+05 8.956426e+02 1.951999e+00 2.043400e-03 5.177810e-12 1.337259e-04 7.247056e-02 8.345805e-03 3.963693e-19 1.610030e+13 2.149215e+10 1.687526e+04 9.695809e-06 1.310584e+01 6.421349e-05 1.027551e-50 2.948849e-06 2.380107e-11 1.399062e-03 2.529146e-05 3.453382e+03 1.919825e-08 6.921902e-01 3.030323e-02 1.543735e-01 5.856681e-04 6.667063e-03 2.505318e-18 1.295888e-13 1.554674e-23 0.000000e+00 5.369754e-19 2.267646e-18 6.394210e-21 4.606390e-32 2.698436e-27 2.046955e-25 2.120169e-25 3.689604e-37 1.257267e-56 0.000000e+00 2.083882e+16 2.789898e+12 7.975390e+12 8.342444e+16 5.756574e-01 3.308802e-07 3.809335e-13 3.976492e-10 1.269644e+00 1.368285e+01 5.115801e-03 7.951688e+02 1.472316e-11 5.877846e-08 9.576180e-10 3.126789e-20 9.991303e-26 0.000000e+00 1.928320e-03 2.712996e-05 3.024350e-03 9.914892e-18 2.688815e-27 1.728189e-26 0.000000e+00 0.000000e+00 0.000000e+00 0.000000e+00 6.539582e-11 0.000000e+00 0.000000e+00 0.000000e+00 0.000000e+00 0.000000e+00 0.000000e+00 0.000000e+00 0.000000e+00 0.000000e+00 0.000000e+00 0.000000e+00 0.000000e+00 0.000000e+00 0.000000e+00 0.000000e+00 0.000000e+00 0.000000e+00 0.000000e+00 0.000000e+00 0.000000e+00 0.000000e+00 0.000000e+00 0.000000e+00 0.000000e+00 0.000000e+00 1.750622e-46 3.123792e-20 1.747171e-21 1.396334e-12 5.481744e-23 0.000000e+00
39.000000 38.000000 40.000000 169.847219 1.579621e+02 2.845895e+09 3.826771e+08 1.044834e+07 3.817990e+05 2.313744e+06 2.986789e+05 2.174061e+10 3.082668e+00 1.074775e-07 8.901318e-08 5.625228e+04 5.872512e+02 7.805969e-01 6.399622e-04 5.132852e-13 7.499940e-05 3.213890e-02 2.196119e-03 2.332271e-18 1.302887e+13 1.386732e+10 1.045985e+04 5.769697e-06 1.449430e+01 2.208714e-05 3.172125e-50 1.821430e-06 1.391531e-11 7.505726e-04 1.377655e-05 2.179308e+03 4.207051e-08 6.245063e-01 1.819323e-02 9.162517e-02 4.784637e-04 4.897078e-03 3.424760e-18 9.420081e-14 1.678461e-23 0.000000e+00 4.628319e-19 1.614532e-18 4.625456e-21 2.082209e-32 1.703851e-27 1.532197e-25 1.527547e-25 2.500194e-38 2.034267e-57 0.000000e+00 1.345841e+16 1.803197e+12 6.465944e+12 5.388885e+16 5.768062e-01 2.975770e-07 1.100866e-12 4.248240e-10 1.039981e+00 1.510542e+01 4.071481e-03 5.357959e+02 1.295725e-11 1.978543e-08 2.380713e-10 1.577327e-20 6.474915e-26 0.000000e+00 3.462076e-04 1.387410e-05 2.447644e-03 6.494110e-18 2.937634e-27 1.834667e-26 0.000000e+00 0.000000e+00 0.000000e+00 0.000000e+00 5.535375e-11 0.000000e+00 0.000000e+00 0.000000e+00 0.000000e+00 0.000000e+00 0.000000e+00 0.000000e+00 0.000000e+00 0.000000e+00 0.000000e+00 0.000000e+00 0.000000e+00 0.000000e+00 0.000000e+00 0.000000e+00 0.000000e+00 0.000000e+00 0.000000e+00 0.000000e+00 0.000000e+00 0.000000e+00 0.000000e+00 0.000000e+00 0.000000e+00 0.000000e+00 9.480162e-49 1.923256e-21 1.900860e-22 4.515214e-13 1.058031e-23 0.000000e+00
41.000000 40.000000 42.000000 170.487193 1.026338e+02 3.474331e+09 2.390074e+08 1.678701e+07 3.858565e+05 1.579918e+06 1.372734e+05 1.325516e+10 3.231120e+00 2.916367e-08 3.477807e-08 2.682090e+04 3.825493e+02 3.130342e-01 1.958271e-04 4.905347e-14 4.185457e-05 1.372441e-02 5.619451e-04 1.280017e-17 1.047024e+13 8.964918e+09 6.250610e+03 2.991005e-06 1.604288e+01 6.535464e-06 8.655596e-50 1.112690e-06 8.107998e-12 4.023185e-04 7.495532e-06 1.381280e+03 8.780554e-08 5.020808e-01 9.326122e-03 5.326818e-02 3.806359e-04 3.550595e-03 4.795410e-18 6.795752e-14 1.518851e-23 0.000000e+00 3.331328e-19 9.508660e-19 2.635927e-21 8.586615e-33 9.428724e-28 9.523960e-26 8.969417e-26 4.530620e-36 7.661464e-55 0.000000e+00 8.709552e+15 1.168039e+12 5.203324e+12 3.488209e+16 5.588767e-01 2.636738e-07 3.017148e-12 4.392819e-10 7.569528e-01 1.610108e+01 3.160154e-03 3.499980e+02 1.049547e-11 6.051459e-09 5.756278e-11 7.871928e-21 3.286178e-26 0.000000e+00 6.193887e-05 6.074801e-06 1.982046e-03 4.200871e-18 2.630420e-27 1.575600e-26 0.000000e+00 0.000000e+00 0.000000e+00 0.000000e+00 4.661422e-11 0.000000e+00 0.000000e+00 0.000000e+00 0.000000e+00 0.000000e+00 0.000000e+00 0.000000e+00 0.000000e+00 0.000000e+00 0.000000e+00 0.000000e+00 0.000000e+00 0.000000e+00 0.000000e+00 0.000000e+00 0.000000e+00 0.000000e+00 0.000000e+00 0.000000e+00 0.000000e+00 0.000000e+00 0.000000e+00 0.000000e+00 0.000000e+00 0.000000e+00 5.162816e-51 1.125555e-22 1.919959e-23 1.249344e-13 1.943498e-24 0.000000e+00
43.000000 42.000000 44.000000 171.353646 6.681565e+01 4.209747e+09 1.462441e+08 2.664149e+07 3.787467e+05 1.067520e+06 6.164903e+04 7.960013e+09 3.285076e+00 7.677695e-09 1.297109e-08 1.282856e+04 2.479609e+02 1.247572e-01 5.856399e-05 4.422548e-15 2.316078e-05 5.631938e-03 1.383400e-04 6.732429e-17 8.367492e+12 5.798155e+09 3.670406e+03 1.431815e-06 1.766761e+01 1.636619e-06 2.289298e-49 6.520417e-07 4.720523e-12 2.136377e-04 4.067132e-06 8.771645e+02 1.725356e-07 3.892972e-01 4.387539e-03 3.030336e-02 2.943128e-04 2.551619e-03 6.681684e-18 4.945708e-14 1.239034e-23 0.000000e+00 2.154067e-19 5.033514e-19 1.303033e-21 3.496179e-33 4.852994e-28 5.265301e-26 4.612085e-26 1.116438e-36 3.997425e-55 0.000000e+00 5.639754e+15 7.571981e+11 4.162490e+12 2.259376e+16 5.304491e-01 2.269814e-07 7.965849e-12 4.456782e-10 4.908391e-01 1.685317e+01 2.415221e-03 2.210054e+02 7.409413e-12 1.690327e-09 1.333476e-11 3.832821e-21 1.411601e-26 0.000000e+00 1.080839e-05 2.269890e-06 1.609250e-03 2.702975e-18 2.098636e-27 1.184533e-26 0.000000e+00 0.000000e+00 0.000000e+00 0.000000e+00 3.908775e-11 0.000000e+00 0.000000e+00 0.000000e+00 0.000000e+00 0.000000e+00 0.000000e+00 0.000000e+00 0.000000e+00 0.000000e+00 0.000000e+00 0.000000e+00 0.000000e+00 0.000000e+00 0.000000e+00 0.000000e+00 0.000000e+00 0.000000e+00 0.000000e+00 0.000000e+00 0.000000e+00 0.000000e+00 0.000000e+00 0.000000e+00 0.000000e+00 0.000000e+00 2.983041e-53 6.184646e-24 1.766772e-24 2.922320e-14 3.332523e-25 0.000000e+00
45.000000 44.000000 46.000000 173.704011 4.367429e+01 5.197326e+09 8.668316e+07 4.270908e+07 3.588847e+05 6.961951e+05 2.536256e+04 4.695731e+09 3.233769e+00 1.888397e-09 4.480841e-09 6.229251e+03 1.592835e+02 4.812026e-02 1.671725e-05 3.507722e-16 1.262105e-05 2.149628e-03 3.112303e-05 3.721288e-16 6.577949e+12 3.732254e+09 2.132635e+03 8.110638e-07 1.893912e+01 3.281761e-07 9.826649e-49 3.470057e-07 2.913497e-12 1.120375e-04 2.261248e-06 5.551032e+02 3.016792e-07 3.194750e-01 2.054424e-03 1.682558e-02 2.254456e-04 1.813237e-03 9.251249e-18 3.950494e-14 3.872772e-24 0.000000e+00 5.257666e-20 1.008523e-19 3.634431e-22 5.956889e-34 9.534723e-29 1.076741e-26 8.691240e-27 2.281576e-37 1.644470e-55 0.000000e+00 3.635383e+15 4.886994e+11 3.274250e+12 1.456868e+16 4.924980e-01 1.871026e-07 2.136829e-11 4.705537e-10 2.886788e-01 1.791472e+01 1.823466e-03 1.314084e+02 4.193202e-12 4.310835e-10 2.787290e-12 1.869558e-21 2.079347e-27 0.000000e+00 1.704155e-06 7.133324e-07 1.295974e-03 1.728161e-18 6.288834e-28 3.267924e-27 0.000000e+00 0.000000e+00 0.000000e+00 0.000000e+00 3.371476e-11 0.000000e+00 0.000000e+00 0.000000e+00 0.000000e+00 0.000000e+00 0.000000e+00 0.000000e+00 0.000000e+00 0.000000e+00 0.000000e+00 0.000000e+00 0.000000e+00 0.000000e+00 0.000000e+00 0.000000e+00 0.000000e+00 0.000000e+00 0.000000e+00 0.000000e+00 0.000000e+00 0.000000e+00 0.000000e+00 0.000000e+00 0.000000e+00 0.000000e+00 1.981700e-55 3.000404e-25 1.403166e-25 5.747261e-15 5.519231e-26 0.000000e+00
47.000000 46.000000 48.000000 177.098748 2.876176e+01 6.471489e+09 5.034962e+07 6.861227e+07 3.276525e+05 4.485142e+05 1.005581e+04 2.731367e+09 3.132965e+00 4.650519e-10 1.504390e-09 3.082496e+03 1.020526e+02 1.845946e-02 4.684300e-06 2.593959e-17 6.854928e-06 7.780503e-04 6.627253e-06 1.936095e-15 5.153492e+12 2.405652e+09 1.231262e+03 5.051313e-07 1.992248e+01 5.725817e-08 5.544942e-48 1.774666e-07 1.908123e-12 5.936598e-05 1.300051e-06 3.518023e+02 4.939588e-07 2.968733e-01 9.737164e-04 9.225434e-03 1.678683e-04 1.293732e-03 1.180027e-17 3.475753e-14 0.000000e+00 0.000000e+00 0.000000e+00 0.000000e+00 0.000000e+00 0.000000e+00 0.000000e+00 0.000000e+00 0.000000e+00 0.000000e+00 0.000000e+00 0.000000e+00 2.347290e+15 3.159699e+11 2.565832e+12 9.410310e+15 4.486044e-01 1.512262e-07 5.340825e-11 5.128925e-10 1.590147e-01 1.914362e+01 1.352719e-03 7.432664e+01 2.046898e-12 1.064649e-10 5.398742e-13 9.409525e-22 0.000000e+00 0.000000e+00 2.590049e-07 2.002274e-07 1.050782e-03 1.106400e-18 0.000000e+00 0.000000e+00 0.000000e+00 0.000000e+00 0.000000e+00 0.000000e+00 2.999688e-11 0.000000e+00 0.000000e+00 0.000000e+00 0.000000e+00 0.000000e+00 0.000000e+00 0.000000e+00 0.000000e+00 0.000000e+00 0.000000e+00 0.000000e+00 0.000000e+00 0.000000e+00 0.000000e+00 0.000000e+00 0.000000e+00 0.000000e+00 0.000000e+00 0.000000e+00 0.000000e+00 0.000000e+00 0.000000e+00 0.000000e+00 0.000000e+00 0.000000e+00 1.548637e-57 1.346652e-26 1.050593e-26 9.982138e-16 9.063680e-27 0.000000e+00
49.000000 48.000000 50.000000 179.941209 1.909255e+01 8.193474e+09 2.992164e+07 1.097012e+08 2.905908e+05 2.881325e+05 3.984368e+03 1.581264e+09 3.050538e+00 1.226155e-10 5.154427e-10 1.576171e+03 6.576986e+01 7.206742e-03 1.353635e-06 1.983740e-18 3.694024e-06 2.805657e-04 1.422057e-06 8.243052e-15 4.061053e+12 1.567522e+09 7.088219e+02 2.630481e-07 2.062579e+01 9.596563e-09 2.074690e-47 9.082473e-08 1.204890e-12 3.158212e-05 7.387827e-07 2.253115e+02 1.908309e-06 3.313973e-01 4.568152e-04 5.018187e-03 1.173782e-04 9.401612e-04 1.246604e-17 2.997192e-14 0.000000e+00 0.000000e+00 0.000000e+00 0.000000e+00 0.000000e+00 0.000000e+00 0.000000e+00 0.000000e+00 0.000000e+00 0.000000e+00 0.000000e+00 0.000000e+00 1.532863e+15 2.066155e+11 2.021516e+12 6.148051e+15 4.122314e-01 1.216418e-07 1.106817e-10 5.496674e-10 8.322740e-02 2.015998e+01 1.011788e-03 4.142294e+01 9.160971e-13 2.725478e-11 1.060481e-13 4.523620e-22 0.000000e+00 0.000000e+00 4.074324e-08 5.366006e-08 8.671767e-04 7.164036e-19 0.000000e+00 0.000000e+00 0.000000e+00 0.000000e+00 0.000000e+00 0.000000e+00 2.607634e-11 0.000000e+00 0.000000e+00 0.000000e+00 0.000000e+00 0.000000e+00 0.000000e+00 0.000000e+00 0.000000e+00 0.000000e+00 0.000000e+00 0.000000e+00 0.000000e+00 0.000000e+00 0.000000e+00 0.000000e+00 0.000000e+00 0.000000e+00 0.000000e+00 0.000000e+00 0.000000e+00 0.000000e+00 0.000000e+00 0.000000e+00 0.000000e+00 0.000000e+00 1.450401e-59 6.254111e-28 8.186785e-28 1.624265e-16 1.471454e-27 0.000000e+00
51.000000 50.000000 52.000000 181.440731 1.273797e+01 1.173378e+10 2.044730e+07 1.668718e+08 2.285361e+05 1.590436e+05 1.217473e+03 9.148303e+08 3.161585e+00 3.210965e-11 1.767603e-10 8.422220e+02 4.242767e+01 2.768161e-03 4.182433e-07 1.616058e-19 1.687020e-06 9.272167e-05 2.808890e-07 2.821193e-14 3.209320e+12 1.033767e+09 4.059726e+02 9.930735e-08 2.068458e+01 1.383502e-09 2.929241e-47 3.891139e-08 6.133701e-13 1.499260e-05 3.627216e-07 1.459768e+02 2.830355e-05 4.461515e-01 2.200544e-04 2.470320e-03 7.588383e-05 6.973943e-04 1.014233e-17 2.240361e-14 0.000000e+00 0.000000e+00 0.000000e+00 0.000000e+00 0.000000e+00 0.000000e+00 0.000000e+00 0.000000e+00 0.000000e+00 0.000000e+00 0.000000e+00 0.000000e+00 1.013707e+15 1.367931e+11 1.595603e+12 4.067896e+15 4.281218e-01 8.872615e-08 1.953233e-10 5.565922e-10 3.843119e-02 1.952748e+01 8.488104e-04 2.081444e+01 2.995732e-13 7.777852e-12 2.333014e-14 1.657880e-22 0.000000e+00 0.000000e+00 5.666465e-09 1.300339e-08 7.268373e-04 4.697031e-19 0.000000e+00 0.000000e+00 0.000000e+00 0.000000e+00 0.000000e+00 0.000000e+00 3.883752e-11 0.000000e+00 0.000000e+00 0.000000e+00 0.000000e+00 0.000000e+00 0.000000e+00 0.000000e+00 0.000000e+00 0.000000e+00 0.000000e+00 0.000000e+00 0.000000e+00 0.000000e+00 0.000000e+00 0.000000e+00 0.000000e+00 0.000000e+00 0.000000e+00 0.000000e+00 0.000000e+00 0.000000e+00 0.000000e+00 0.000000e+00 0.000000e+00 0.000000e+00 1.656048e-61 3.169931e-29 6.512270e-29 2.499061e-17 2.271816e-28 0.000000e+00
53.000000 52.000000 54.000000 182.190369 8.520741e+00 2.014330e+10 1.732896e+07 2.346707e+08 1.458549e+05 7.026451e+04 2.464260e+02 5.117978e+08 3.611410e+00 8.151477e-12 6.054994e-11 4.516481e+02 2.679739e+01 1.068376e-03 1.396071e-07 1.413279e-20 5.835745e-07 2.475640e-05 4.621020e-08 1.997362e-12 2.606330e+12 6.853005e+08 2.367651e+02 3.047249e-08 2.029207e+01 1.582903e-10 1.994671e-47 1.409003e-08 2.798217e-13 6.809186e-06 1.672444e-07 9.458913e+01 4.380636e-04 7.144246e-01 1.293718e-04 1.163590e-03 5.282293e-05 5.384983e-04 1.604826e-16 1.631723e-14 0.000000e+00 0.000000e+00 0.000000e+00 0.000000e+00 0.000000e+00 0.000000e+00 0.000000e+00 0.000000e+00 0.000000e+00 0.000000e+00 0.000000e+00 0.000000e+00 6.748342e+14 9.115955e+10 1.291007e+12 2.709917e+15 5.471518e-01 5.535996e-08 7.930887e-09 9.960635e-10 1.645145e-02 1.625519e+01 8.213271e-04 8.360831e+00 7.020214e-14 2.710466e-12 5.931146e-15 5.019361e-23 0.000000e+00 0.000000e+00 6.458945e-10 3.028781e-09 6.428900e-04 3.092551e-19 0.000000e+00 0.000000e+00 0.000000e+00 0.000000e+00 0.000000e+00 0.000000e+00 1.057212e-08 0.000000e+00 0.000000e+00 0.000000e+00 0.000000e+00 0.000000e+00 0.000000e+00 0.000000e+00 0.000000e+00 0.000000e+00 0.000000e+00 0.000000e+00 0.000000e+00 0.000000e+00 0.000000e+00 0.000000e+00 0.000000e+00 0.000000e+00 0.000000e+00 0.000000e+00 0.000000e+00 0.000000e+00 0.000000e+00 0.000000e+00 0.000000e+00 0.000000e+00 1.899946e-63 1.714224e-30 5.091198e-30 3.396924e-18 3.069629e-29 0.000000e+00
55.000000 54.000000 56.000000 183.014988 5.710886e+00 3.758451e+10 1.659128e+07 2.789235e+08 7.196435e+04 2.445149e+04 3.207174e+01 2.741332e+08 4.135789e+00 1.961248e-12 2.117999e-11 2.422595e+02 1.618186e+01 4.179178e-04 4.585173e-08 1.229494e-21 1.502147e-07 4.890482e-06 6.056615e-09 3.507964e-10 2.151168e+12 4.538973e+08 1.423852e+02 9.528613e-09 1.731984e+01 1.537526e-11 2.122718e-47 9.885822e-09 1.703440e-13 4.088348e-06 9.174117e-08 6.080802e+01 4.828809e-03 1.144653e+00 1.188937e-04 6.376914e-04 5.042515e-05 4.324150e-04 7.016936e-15 1.360153e-14 0.000000e+00 0.000000e+00 0.000000e+00 0.000000e+00 0.000000e+00 0.000000e+00 0.000000e+00 0.000000e+00 0.000000e+00 0.000000e+00 0.000000e+00 0.000000e+00 4.498463e+14 6.082540e+10 1.055424e+12 1.808092e+15 7.914266e-01 2.695797e-08 9.546942e-07 1.014370e-07 7.783913e-03 1.013960e+01 8.150468e-04 2.443118e+00 2.943254e-14 1.015155e-12 1.555420e-15 1.869975e-23 0.000000e+00 0.000000e+00 5.893830e-11 7.835224e-10 5.946162e-04 2.031334e-19 0.000000e+00 0.000000e+00 0.000000e+00 0.000000e+00 0.000000e+00 0.000000e+00 3.314441e-06 0.000000e+00 0.000000e+00 0.000000e+00 0.000000e+00 0.000000e+00 0.000000e+00 0.000000e+00 0.000000e+00 0.000000e+00 0.000000e+00 0.000000e+00 0.000000e+00 0.000000e+00 0.000000e+00 0.000000e+00 0.000000e+00 0.000000e+00 0.000000e+00 0.000000e+00 0.000000e+00 0.000000e+00 0.000000e+00 0.000000e+00 0.000000e+00 0.000000e+00 2.181554e-65 1.147157e-31 4.122421e-31 4.437626e-19 4.097280e-30 0.000000e+00
57.000000 56.000000 58.000000 183.971161 3.835996e+00 6.316894e+10 1.498560e+07 2.815021e+08 3.219650e+04 8.042914e+03 3.555619e+00 1.405790e+08 4.206804e+00 4.927157e-13 8.532579e-12 1.298884e+02 9.390351e+00 1.619502e-04 1.356448e-08 9.570388e-23 3.508571e-08 8.406232e-07 7.031172e-10 2.965200e-09 1.795580e+12 2.999699e+08 8.706129e+01 3.391559e-09 1.183431e+01 1.457573e-12 7.718832e-47 2.458729e-08 1.502194e-13 3.454603e-06 5.948917e-08 3.868848e+01 2.620160e-02 1.665810e+00 1.451388e-04 4.047751e-04 5.675863e-05 3.611616e-04 1.945424e-14 1.276624e-14 0.000000e+00 0.000000e+00 0.000000e+00 0.000000e+00 0.000000e+00 0.000000e+00 0.000000e+00 0.000000e+00 0.000000e+00 0.000000e+00 0.000000e+00 0.000000e+00 3.002327e+14 4.063612e+10 8.653028e+11 1.208182e+15 1.085614e+00 1.100565e-08 6.529004e-06 1.150031e-06 4.343098e-03 4.938377e+00 7.020969e-04 6.071490e-01 4.717704e-14 3.308677e-13 3.502671e-16 9.946944e-24 0.000000e+00 0.000000e+00 4.984717e-12 2.385941e-10 5.697549e-04 1.328254e-19 0.000000e+00 0.000000e+00 0.000000e+00 0.000000e+00 0.000000e+00 0.000000e+00 5.507707e-05 0.000000e+00 0.000000e+00 0.000000e+00 0.000000e+00 0.000000e+00 0.000000e+00 0.000000e+00 0.000000e+00 0.000000e+00 0.000000e+00 0.000000e+00 0.000000e+00 0.000000e+00 0.000000e+00 0.000000e+00 0.000000e+00 0.000000e+00 0.000000e+00 0.000000e+00 0.000000e+00 0.000000e+00 0.000000e+00 0.000000e+00 0.000000e+00 0.000000e+00 2.505090e-67 1.171105e-32 4.313876e-32 6.188072e-20 6.484370e-31 0.000000e+00
59.000000 58.000000 60.000000 184.613559 2.582151e+00 9.317988e+10 1.239991e+07 2.533592e+08 1.421789e+04 2.701223e+03 3.937141e-01 6.927059e+07 3.808055e+00 1.362245e-13 4.095095e-12 6.972408e+01 5.327778e+00 6.190199e-05 3.739017e-09 6.863107e-24 8.165358e-09 1.404179e-07 7.881525e-11 1.838449e-08 1.514557e+12 1.979009e+08 5.635713e+01 1.317263e-09 6.678689e+00 1.496249e-13 4.169364e-46 1.051228e-07 1.948412e-13 4.328137e-06 3.908135e-08 2.439714e+01 1.124683e-01 2.202181e+00 2.063357e-04 2.615173e-04 6.199980e-05 3.125908e-04 5.094461e-14 1.248709e-14 0.000000e+00 0.000000e+00 0.000000e+00 0.000000e+00 0.000000e+00 0.000000e+00 0.000000e+00 0.000000e+00 0.000000e+00 0.000000e+00 0.000000e+00 0.000000e+00 2.010844e+14 2.724712e+10 7.100892e+11 8.104427e+14 1.376611e+00 4.078124e-09 3.680815e-05 8.690700e-06 2.760533e-03 2.109506e+00 5.329189e-04 1.442632e-01 1.446139e-13 9.488848e-14 6.891229e-17 7.899917e-24 0.000000e+00 0.000000e+00 4.256709e-13 8.341550e-11 5.580472e-04 8.638124e-20 0.000000e+00 0.000000e+00 0.000000e+00 0.000000e+00 0.000000e+00 0.000000e+00 6.741812e-04 0.000000e+00 0.000000e+00 0.000000e+00 0.000000e+00 0.000000e+00 0.000000e+00 0.000000e+00 0.000000e+00 0.000000e+00 0.000000e+00 0.000000e+00 0.000000e+00 0.000000e+00 0.000000e+00 0.000000e+00 0.000000e+00 0.000000e+00 0.000000e+00 0.000000e+00 0.000000e+00 0.000000e+00 0.000000e+00 0.000000e+00 0.000000e+00 0.000000e+00 2.880051e-69 1.922474e-33 6.446053e-33 1.027504e-20 1.660488e-31 0.000000e+00
61.000000 60.000000 62.000000 184.093829 1.739051e+00 1.250936e+11 9.749204e+06 2.119304e+08 6.288626e+03 9.368602e+02 4.641761e-02 3.293559e+07 3.188414e+00 3.913442e-14 2.114977e-12 3.761359e+01 2.992716e+00 2.363324e-05 1.014200e-09 4.908157e-25 1.927455e-09 2.379855e-08 8.973401e-12 6.182672e-08 1.291750e+12 1.303467e+08 4.434730e+01 5.262977e-10 3.466374e+00 1.956974e-14 1.002390e-45 3.209703e-07 2.402721e-13 5.532518e-06 2.311517e-08 1.529892e+01 3.764088e-01 2.691625e+00 3.182324e-04 1.581855e-04 5.938158e-05 2.770732e-04 8.704678e-14 1.098750e-14 0.000000e+00 0.000000e+00 0.000000e+00 0.000000e+00 0.000000e+00 0.000000e+00 0.000000e+00 0.000000e+00 0.000000e+00 0.000000e+00 0.000000e+00 0.000000e+00 1.355417e+14 1.838707e+10 5.829250e+11 5.473648e+14 1.687663e+00 1.437301e-09 1.217401e-04 3.363890e-05 2.139751e-03 8.483713e-01 3.838575e-04 3.449041e-02 3.428912e-13 2.638311e-14 1.317536e-17 6.087405e-24 0.000000e+00 0.000000e+00 3.843778e-14 3.655963e-11 5.476685e-04 5.574415e-20 0.000000e+00 0.000000e+00 0.000000e+00 0.000000e+00 0.000000e+00 0.000000e+00 4.414047e-03 0.000000e+00 0.000000e+00 0.000000e+00 0.000000e+00 0.000000e+00 0.000000e+00 0.000000e+00 0.000000e+00 0.000000e+00 0.000000e+00 0.000000e+00 0.000000e+00 0.000000e+00 0.000000e+00 0.000000e+00 0.000000e+00 0.000000e+00 0.000000e+00 0.000000e+00 0.000000e+00 0.000000e+00 0.000000e+00 0.000000e+00 0.000000e+00 0.000000e+00 3.320291e-71 4.077012e-34 1.150362e-33 2.304852e-21 6.017846e-32 0.000000e+00
63.000000 62.000000 64.000000 182.326770 1.168568e+00 1.579826e+11 7.352305e+06 1.690075e+08 2.741341e+03 3.296682e+02 5.768727e-03 1.512149e+07 2.536013e+00 1.073621e-14 1.060858e-12 2.040924e+01 1.665798e+00 8.991242e-06 2.736730e-10 3.548743e-26 4.571064e-10 4.022735e-09 1.030435e-12 2.290346e-07 1.108627e+12 8.514066e+07 6.524040e+01 2.956563e-10 1.801090e+00 4.988378e-15 1.771990e-45 1.176558e-06 3.853261e-13 9.926252e-06 1.208399e-08 9.506223e+00 1.053894e+00 3.048282e+00 5.230334e-04 8.827865e-05 4.974169e-05 2.452669e-04 1.841113e-13 9.374042e-15 0.000000e+00 0.000000e+00 0.000000e+00 0.000000e+00 0.000000e+00 0.000000e+00 0.000000e+00 0.000000e+00 0.000000e+00 0.000000e+00 0.000000e+00 0.000000e+00 9.172875e+13 1.245806e+10 4.750478e+11 3.713706e+14 2.080149e+00 4.897284e-10 4.642047e-04 1.396260e-04 3.130201e-03 3.317293e-01 2.754903e-04 8.229290e-03 1.029815e-12 7.634103e-15 2.571002e-18 6.186458e-24 0.000000e+00 0.000000e+00 3.606481e-15 3.079903e-11 5.225140e-04 3.531388e-20 0.000000e+00 0.000000e+00 0.000000e+00 0.000000e+00 0.000000e+00 0.000000e+00 3.131800e-02 0.000000e+00 0.000000e+00 0.000000e+00 0.000000e+00 0.000000e+00 0.000000e+00 0.000000e+00 0.000000e+00 0.000000e+00 0.000000e+00 0.000000e+00 0.000000e+00 0.000000e+00 0.000000e+00 0.000000e+00 0.000000e+00 0.000000e+00 0.000000e+00 0.000000e+00 0.000000e+00 0.000000e+00 0.000000e+00 0.000000e+00 0.000000e+00 0.000000e+00 3.851249e-73 8.779446e-35 1.976667e-34 9.722270e-22 2.929406e-32 0.000000e+00
65.000000 64.000000 66.000000 181.250000 7.835393e-01 1.911457e+11 5.072894e+06 1.301165e+08 1.140176e+03 1.130397e+02 6.895573e-04 6.647648e+06 1.934118e+00 2.849870e-15 5.394730e-13 1.105485e+01 9.061813e-01 3.313620e-06 7.000148e-11 2.336255e-27 1.066015e-10 6.241287e-10 1.096649e-13 7.427474e-07 9.471509e+11 5.418214e+07 1.662389e+02 2.945034e-10 9.219744e-01 2.220084e-15 3.806708e-45 3.801854e-06 6.322482e-13 1.736480e-05 6.592087e-09 5.747008e+00 2.155356e+00 3.152389e+00 8.185687e-04 5.011062e-05 4.277507e-05 2.086474e-04 3.541393e-13 9.012459e-15 0.000000e+00 0.000000e+00 0.000000e+00 0.000000e+00 0.000000e+00 0.000000e+00 0.000000e+00 0.000000e+00 0.000000e+00 0.000000e+00 0.000000e+00 0.000000e+00 6.167126e+13 8.393126e+09 3.778158e+11 2.504878e+14 2.638510e+00 1.602487e-10 1.561659e-03 4.926763e-04 7.959938e-03 1.345218e-01 2.011282e-04 1.836849e-03 2.840809e-12 2.422625e-15 4.836105e-19 6.422295e-24 0.000000e+00 0.000000e+00 3.153871e-16 4.310158e-11 4.655436e-04 2.140982e-20 0.000000e+00 0.000000e+00 0.000000e+00 0.000000e+00 0.000000e+00 0.000000e+00 1.891794e-01 0.000000e+00 0.000000e+00 0.000000e+00 0.000000e+00 0.000000e+00 0.000000e+00 0.000000e+00 0.000000e+00 0.000000e+00 0.000000e+00 0.000000e+00 0.000000e+00 0.000000e+00 0.000000e+00 0.000000e+00 0.000000e+00 0.000000e+00 0.000000e+00 0.000000e+00 0.000000e+00 0.000000e+00 0.000000e+00 0.000000e+00 0.000000e+00 0.000000e+00 4.496547e-75 1.991108e-35 3.449901e-35 7.648549e-22 1.543370e-32 0.000000e+00
67.000000 66.000000 68.000000 181.250000 5.252410e-01 2.235384e+11 3.187638e+06 9.807371e+07 4.536809e+02 3.770555e+01 7.718733e-05 2.786489e+06 1.429988e+00 7.419308e-16 2.793620e-13 5.984012e+00 4.789110e-01 1.175682e-06 1.687646e-11 1.366860e-28 2.453584e-11 8.812989e-11 1.057762e-14 1.708831e-06 8.069161e+11 3.317406e+07 3.690926e+02 3.190827e-10 4.753640e-01 8.374423e-16 9.207956e-45 8.403813e-06 7.854780e-13 2.143924e-05 3.835956e-09 3.332009e+00 3.201107e+00 2.965869e+00 1.083719e-03 2.918352e-05 3.842473e-05 1.672933e-04 4.858897e-13 8.262319e-15 0.000000e+00 0.000000e+00 0.000000e+00 0.000000e+00 0.000000e+00 0.000000e+00 0.000000e+00 0.000000e+00 0.000000e+00 0.000000e+00 0.000000e+00 0.000000e+00 4.116897e+13 5.622122e+09 2.915616e+11 1.679129e+14 3.631381e+00 5.118974e-11 3.676707e-03 1.191918e-03 1.774394e-02 7.002904e-02 1.575496e-04 3.854591e-04 5.589961e-12 9.174909e-16 9.065667e-20 5.044279e-24 0.000000e+00 0.000000e+00 2.520827e-17 4.992822e-11 3.816074e-04 1.209779e-20 0.000000e+00 0.000000e+00 0.000000e+00 0.000000e+00 0.000000e+00 0.000000e+00 7.779833e-01 0.000000e+00 0.000000e+00 0.000000e+00 0.000000e+00 0.000000e+00 0.000000e+00 0.000000e+00 0.000000e+00 0.000000e+00 0.000000e+00 0.000000e+00 0.000000e+00 0.000000e+00 0.000000e+00 0.000000e+00 0.000000e+00 0.000000e+00 0.000000e+00 0.000000e+00 0.000000e+00 0.000000e+00 0.000000e+00 0.000000e+00 0.000000e+00 0.000000e+00 5.387209e-77 4.748084e-36 6.192187e-36 5.811453e-22 6.648434e-33 0.000000e+00
69.000000 68.000000 70.000000 181.250000 3.520921e-01 2.522403e+11 1.860011e+06 7.312740e+07 1.753134e+02 1.250366e+01 8.455857e-06 1.117893e+06 1.037073e+00 1.847645e-16 1.392136e-13 3.269015e+00 2.465108e-01 4.060829e-07 3.943750e-12 7.499413e-30 5.692240e-12 1.176496e-11 9.583922e-16 2.839792e-06 6.887897e+11 1.934909e+07 6.092403e+02 2.633945e-10 2.613663e-01 2.312028e-16 1.745046e-44 1.318006e-05 6.929770e-13 1.876057e-05 2.128421e-09 1.833969e+00 3.670805e+00 2.548459e+00 1.140019e-03 1.620222e-05 3.223848e-05 1.266832e-04 4.883462e-13 6.270289e-15 0.000000e+00 0.000000e+00 0.000000e+00 0.000000e+00 0.000000e+00 0.000000e+00 0.000000e+00 0.000000e+00 0.000000e+00 0.000000e+00 0.000000e+00 0.000000e+00 2.744950e+13 3.765620e+09 2.181873e+11 1.125595e+14 5.468933e+00 1.645083e-11 6.127846e-03 2.017043e-03 2.918408e-02 5.635815e-02 1.331178e-04 7.970474e-05 8.286296e-12 3.715824e-16 1.777122e-20 2.860210e-24 0.000000e+00 0.000000e+00 1.942971e-18 4.134953e-11 2.906968e-04 6.190619e-21 0.000000e+00 0.000000e+00 0.000000e+00 0.000000e+00 0.000000e+00 0.000000e+00 2.186013e+00 0.000000e+00 0.000000e+00 0.000000e+00 0.000000e+00 0.000000e+00 0.000000e+00 0.000000e+00 0.000000e+00 0.000000e+00 0.000000e+00 0.000000e+00 0.000000e+00 0.000000e+00 0.000000e+00 0.000000e+00 0.000000e+00 0.000000e+00 0.000000e+00 0.000000e+00 0.000000e+00 0.000000e+00 0.000000e+00 0.000000e+00 0.000000e+00 0.000000e+00 7.289950e-79 1.074368e-36 1.036442e-36 3.296429e-22 2.075552e-33 0.000000e+00
71.000000 70.000000 72.000000 181.250000 2.360228e-01 2.733191e+11 9.972241e+05 5.387112e+07 6.558990e+01 4.108423e+00 9.103336e-07 4.276944e+05 7.406425e-01 4.440582e-17 6.777346e-14 1.806210e+00 1.229592e-01 1.358754e-07 8.896935e-13 3.848398e-31 1.341307e-12 1.473562e-12 8.155590e-17 3.610404e-06 5.879194e+11 1.056067e+07 7.561992e+02 1.622890e-10 1.475400e-01 4.689093e-17 2.814764e-44 1.537459e-05 4.534787e-13 1.213912e-05 1.106824e-09 9.405431e-01 3.422244e+00 2.020826e+00 9.798502e-04 8.428425e-06 2.477318e-05 9.139469e-05 3.805124e-13 4.046786e-15 0.000000e+00 0.000000e+00 0.000000e+00 0.000000e+00 3.143323e-23 0.000000e+00 0.000000e+00 0.000000e+00 0.000000e+00 0.000000e+00 0.000000e+00 0.000000e+00 1.827441e+13 2.521847e+09 1.572397e+11 7.545361e+13 8.524896e+00 5.358904e-12 7.613835e-03 2.527794e-03 3.610383e-02 5.501253e-02 1.122873e-04 1.634310e-05 9.889377e-12 1.330042e-16 3.381195e-21 1.233616e-24 0.000000e+00 0.000000e+00 1.437892e-19 2.478973e-11 2.092858e-04 2.763922e-21 0.000000e+00 0.000000e+00 0.000000e+00 0.000000e+00 0.000000e+00 0.000000e+00 4.398240e+00 0.000000e+00 0.000000e+00 0.000000e+00 0.000000e+00 0.000000e+00 0.000000e+00 0.000000e+00 0.000000e+00 0.000000e+00 0.000000e+00 0.000000e+00 0.000000e+00 0.000000e+00 0.000000e+00 0.000000e+00 0.000000e+00 0.000000e+00 0.000000e+00 0.000000e+00 0.000000e+00 0.000000e+00 0.000000e+00 0.000000e+00 0.000000e+00 0.000000e+00 1.362251e-80 2.353552e-37 1.653097e-37 1.405302e-22 4.848091e-34 0.000000e+00
73.000000 72.000000 74.000000 181.250000 1.582164e-01 2.834788e+11 4.873974e+05 3.905991e+07 2.379011e+01 1.329072e+00 9.556295e-08 1.554835e+05 5.221734e-01 1.042710e-17 3.278645e-14 1.009069e+00 5.918929e-02 4.386542e-08 1.930973e-13 1.835112e-32 3.252910e-13 1.726791e-13 6.504792e-18 3.692208e-06 5.005407e+11 5.311802e+06 7.345486e+02 7.672625e-11 8.011735e-02 7.210824e-18 4.109731e-44 1.396457e-05 2.316815e-13 6.105362e-06 5.315133e-10 4.421623e-01 2.732709e+00 1.505748e+00 7.181469e-04 4.048115e-06 1.719218e-05 6.366792e-05 2.419653e-13 2.370753e-15 0.000000e+00 0.000000e+00 0.000000e+00 0.000000e+00 3.531896e-23 0.000000e+00 0.000000e+00 0.000000e+00 0.000000e+00 0.000000e+00 0.000000e+00 0.000000e+00 1.214370e+13 1.688591e+09 1.084890e+11 5.057987e+13 1.302292e+01 1.773373e-12 7.399534e-03 2.468725e-03 3.502169e-02 4.972948e-02 8.787140e-05 3.346451e-06 9.986118e-12 3.896339e-17 5.785759e-22 4.284203e-25 0.000000e+00 0.000000e+00 1.011726e-20 1.115158e-11 1.452728e-04 1.046626e-21 0.000000e+00 0.000000e+00 0.000000e+00 0.000000e+00 0.000000e+00 0.000000e+00 6.626661e+00 0.000000e+00 0.000000e+00 0.000000e+00 0.000000e+00 0.000000e+00 0.000000e+00 0.000000e+00 0.000000e+00 0.000000e+00 0.000000e+00 0.000000e+00 0.000000e+00 0.000000e+00 0.000000e+00 0.000000e+00 0.000000e+00 0.000000e+00 0.000000e+00 0.000000e+00 0.000000e+00 0.000000e+00 0.000000e+00 0.000000e+00 0.000000e+00 0.000000e+00 4.097618e-82 5.175394e-38 2.596689e-38 4.725280e-23 8.950000e-35 0.000000e+00
75.000000 74.000000 76.000000 181.250000 1.060594e-01 2.811862e+11 2.163013e+05 2.782277e+07 8.488717e+00 4.211887e-01 9.697380e-09 5.358779e+04 3.641040e-01 2.420947e-18 1.598486e-14 5.685767e-01 2.745200e-02 1.364191e-08 4.026889e-14 8.107485e-34 8.369268e-14 1.917553e-14 4.906544e-19 3.169162e-06 4.239995e+11 2.439543e+06 5.802014e+02 2.873530e-11 4.019532e-02 8.694053e-19 5.605894e-44 1.027155e-05 9.822207e-14 2.533287e-06 2.338067e-10 1.886696e-01 1.963118e+00 1.075065e+00 4.716249e-04 1.780780e-06 1.069711e-05 4.334121e-05 1.309410e-13 1.357966e-15 0.000000e+00 0.000000e+00 0.000000e+00 0.000000e+00 2.169882e-23 0.000000e+00 0.000000e+00 0.000000e+00 0.000000e+00 0.000000e+00 0.000000e+00 0.000000e+00 8.051995e+12 1.130383e+09 7.137757e+10 3.390593e+13 1.898735e+01 5.972958e-13 5.856210e-03 1.959425e-03 2.768972e-02 3.843483e-02 6.162165e-05 6.956927e-07 8.752354e-12 9.272041e-18 8.578850e-23 1.276807e-25 0.000000e+00 0.000000e+00 6.722952e-22 3.897739e-12 9.881096e-05 3.321848e-22 0.000000e+00 0.000000e+00 0.000000e+00 0.000000e+00 0.000000e+00 0.000000e+00 7.777129e+00 0.000000e+00 0.000000e+00 0.000000e+00 0.000000e+00 0.000000e+00 0.000000e+00 0.000000e+00 0.000000e+00 0.000000e+00 0.000000e+00 0.000000e+00 0.000000e+00 0.000000e+00 0.000000e+00 0.000000e+00 0.000000e+00 0.000000e+00 0.000000e+00 0.000000e+00 0.000000e+00 0.000000e+00 0.000000e+00 0.000000e+00 0.000000e+00 0.000000e+00 1.781488e-83 1.177815e-38 4.132974e-39 1.313230e-23 1.383020e-35 0.000000e+00
77.000000 76.000000 78.000000 181.250000 7.109629e-02 2.671978e+11 8.719161e+04 1.950042e+07 3.090699e+00 1.304576e-01 9.463479e-10 1.750708e+04 2.515283e-01 5.620210e-19 7.930004e-15 3.219733e-01 1.228877e-02 4.094190e-09 8.084174e-15 3.328096e-35 2.405669e-14 2.095770e-15 3.604782e-20 2.371521e-06 3.566157e+11 1.020877e+06 3.853426e+02 8.787811e-12 1.843863e-02 8.489219e-20 7.147304e-44 6.329249e-06 3.728939e-14 9.342813e-07 9.425020e-11 7.289938e-02 1.324193e+00 7.475195e-01 2.917336e-04 7.178317e-07 5.968753e-06 2.905969e-05 6.311199e-14 8.018794e-16 0.000000e+00 0.000000e+00 0.000000e+00 0.000000e+00 9.165794e-24 0.000000e+00 0.000000e+00 0.000000e+00 0.000000e+00 0.000000e+00 0.000000e+00 0.000000e+00 5.325218e+12 7.564549e+08 4.468892e+10 2.272859e+13 2.634706e+01 2.057515e-13 3.905390e-03 1.308969e-03 1.845536e-02 2.539242e-02 3.857012e-05 1.521116e-07 6.746686e-12 1.825971e-18 1.098155e-23 3.523902e-26 0.000000e+00 0.000000e+00 4.215092e-23 1.092781e-12 6.653780e-05 8.875320e-23 0.000000e+00 0.000000e+00 0.000000e+00 0.000000e+00 0.000000e+00 0.000000e+00 7.369240e+00 0.000000e+00 0.000000e+00 0.000000e+00 0.000000e+00 0.000000e+00 0.000000e+00 0.000000e+00 0.000000e+00 0.000000e+00 0.000000e+00 0.000000e+00 0.000000e+00 0.000000e+00 0.000000e+00 0.000000e+00 0.000000e+00 0.000000e+00 0.000000e+00 0.000000e+00 0.000000e+00 0.000000e+00 0.000000e+00 0.000000e+00 0.000000e+00 0.000000e+00 9.603188e-85 2.828630e-39 6.799698e-40 3.136369e-24 1.896712e-36 0.000000e+00
79.000000 78.000000 80.000000 181.250000 4.765896e-02 2.441283e+11 3.204528e+04 1.349493e+07 1.226012e+00 3.946072e-02 8.859783e-11 5.432299e+03 1.724525e-01 1.316087e-19 4.023051e-15 1.825817e-01 5.339166e-03 1.192437e-09 1.570993e-15 1.281809e-36 8.149273e-15 2.419274e-16 2.735954e-21 4.323070e-06 2.973775e+11 3.907231e+05 2.214789e+02 2.256609e-12 7.783415e-03 6.920187e-21 8.187577e-44 3.364958e-06 1.375091e-14 3.315742e-07 3.510118e-11 2.560325e-02 8.668651e-01 5.118410e-01 1.770620e-04 2.673395e-07 3.009328e-06 1.926310e-05 3.167570e-14 4.944202e-16 0.000000e+00 0.000000e+00 0.000000e+00 0.000000e+00 3.005570e-24 0.000000e+00 0.000000e+00 0.000000e+00 0.000000e+00 0.000000e+00 0.000000e+00 0.000000e+00 3.511406e+12 5.059887e+08 2.661090e+10 1.523598e+13 3.510404e+01 7.323048e-14 2.259612e-03 7.581918e-04 1.067499e-02 1.461630e-02 2.179530e-05 3.722214e-08 4.630769e-12 3.060551e-19 1.232417e-24 9.751408e-27 0.000000e+00 0.000000e+00 2.504125e-24 2.529799e-13 4.459985e-05 2.027118e-23 0.000000e+00 0.000000e+00 0.000000e+00 0.000000e+00 0.000000e+00 0.000000e+00 5.826617e+00 0.000000e+00 0.000000e+00 0.000000e+00 0.000000e+00 0.000000e+00 0.000000e+00 0.000000e+00 0.000000e+00 0.000000e+00 0.000000e+00 0.000000e+00 0.000000e+00 0.000000e+00 0.000000e+00 0.000000e+00 0.000000e+00 0.000000e+00 0.000000e+00 0.000000e+00 0.000000e+00 0.000000e+00 0.000000e+00 0.000000e+00 0.000000e+00 0.000000e+00 6.045999e-86 7.235609e-40 1.168949e-40 6.639677e-25 2.445744e-37 0.000000e+00
81.000000 80.000000 82.000000 181.250000 3.194789e-02 2.154403e+11 1.079643e+04 9.252330e+06 5.787360e-01 1.164415e-02 7.947524e-12 1.606711e+03 1.175517e-01 3.124593e-20 2.089604e-15 1.033440e-01 2.273829e-03 3.403827e-10 2.983688e-16 4.713519e-38 3.299460e-15 3.253188e-17 2.349964e-22 1.540683e-03 2.456070e+11 1.378034e+05 1.128876e+02 4.990456e-13 3.059509e-03 4.842759e-22 8.065013e-44 1.583093e-06 5.202370e-15 1.193389e-07 1.224517e-11 8.235328e-03 5.626861e-01 3.474262e-01 1.080742e-04 9.327787e-08 1.389848e-06 1.262963e-05 2.786332e-14 3.134318e-16 0.000000e+00 0.000000e+00 0.000000e+00 0.000000e+00 8.011885e-25 0.000000e+00 0.000000e+00 0.000000e+00 0.000000e+00 0.000000e+00 0.000000e+00 0.000000e+00 2.307587e+12 3.382314e+08 1.507409e+10 1.021335e+13 4.542786e+01 2.751965e-14 1.162915e-03 3.904975e-04 5.493451e-03 7.490094e-03 1.130339e-05 1.108517e-08 2.872282e-12 4.508150e-20 1.242887e-25 2.849626e-27 0.000000e+00 0.000000e+00 1.421404e-25 4.964938e-14 2.983207e-05 4.040091e-24 0.000000e+00 0.000000e+00 0.000000e+00 0.000000e+00 0.000000e+00 0.000000e+00 3.959992e+00 0.000000e+00 0.000000e+00 0.000000e+00 0.000000e+00 0.000000e+00 0.000000e+00 0.000000e+00 0.000000e+00 0.000000e+00 0.000000e+00 0.000000e+00 0.000000e+00 0.000000e+00 0.000000e+00 0.000000e+00 0.000000e+00 0.000000e+00 0.000000e+00 0.000000e+00 0.000000e+00 0.000000e+00 0.000000e+00 0.000000e+00 0.000000e+00 0.000000e+00 4.381493e-87 1.976464e-40 2.106112e-41 1.276366e-25 3.116095e-38 0.000000e+00
83.000000 82.000000 84.000000 181.250000 2.141608e-02 1.844656e+11 3.352316e+03 6.299285e+06 3.468087e-01 3.345405e-03 6.856942e-13 4.550741e+02 7.978583e-02 7.532913e-21 1.109827e-15 5.818926e-02 9.630381e-04 9.661454e-11 5.616019e-17 1.698292e-39 1.539223e-15 5.519503e-18 2.506493e-23 1.235577e-01 2.007283e+11 4.520818e+04 5.207984e+01 9.729122e-14 1.132169e-03 2.986477e-23 6.865792e-44 6.732452e-07 2.032955e-15 4.374167e-08 4.068915e-12 2.448315e-03 3.661636e-01 2.346543e-01 6.699581e-05 3.101056e-08 5.982774e-07 8.174096e-06 5.013930e-14 2.001376e-16 0.000000e+00 0.000000e+00 0.000000e+00 0.000000e+00 1.801598e-25 0.000000e+00 0.000000e+00 0.000000e+00 0.000000e+00 0.000000e+00 0.000000e+00 0.000000e+00 1.510790e+12 2.258792e+08 8.125077e+09 6.846459e+12 5.756918e+01 1.142637e-14 5.437393e-04 1.826810e-04 2.568745e-03 3.485473e-03 5.462657e-06 4.266440e-09 1.635072e-12 6.038169e-21 1.158641e-26 8.827194e-28 0.000000e+00 0.000000e+00 7.801551e-27 8.471287e-15 1.993262e-05 7.179527e-25 0.000000e+00 0.000000e+00 0.000000e+00 0.000000e+00 0.000000e+00 0.000000e+00 2.374331e+00 0.000000e+00 0.000000e+00 0.000000e+00 0.000000e+00 0.000000e+00 0.000000e+00 0.000000e+00 0.000000e+00 0.000000e+00 0.000000e+00 0.000000e+00 0.000000e+00 0.000000e+00 0.000000e+00 0.000000e+00 0.000000e+00 0.000000e+00 0.000000e+00 0.000000e+00 0.000000e+00 0.000000e+00 0.000000e+00 0.000000e+00 0.000000e+00 0.000000e+00 3.637512e-88 5.763378e-41 3.968492e-42 2.270112e-26 4.046915e-39 0.000000e+00
85.000000 84.000000 86.000000 181.250000 1.435614e-02 1.538332e+11 9.631166e+02 4.264022e+06 2.592756e-01 9.330668e-04 5.935238e-14 1.240649e+02 5.398463e-02 1.842806e-21 6.013666e-16 3.244937e-02 4.129143e-04 2.775757e-11 1.065548e-17 6.195413e-41 7.853213e-16 1.183307e-18 3.410878e-24 3.291726e+00 1.621732e+11 1.393348e+04 2.212005e+01 1.711727e-14 3.973564e-04 1.666218e-24 5.257892e-44 2.634327e-07 8.032605e-16 1.593748e-08 1.308917e-12 6.792458e-04 2.397968e-01 1.580279e-01 4.224727e-05 9.986276e-09 2.442585e-07 5.206059e-06 1.355046e-13 1.268406e-16 0.000000e+00 0.000000e+00 0.000000e+00 0.000000e+00 3.524376e-26 0.000000e+00 0.000000e+00 0.000000e+00 0.000000e+00 0.000000e+00 0.000000e+00 0.000000e+00 9.851330e+11 1.506419e+08 4.165804e+09 4.589481e+12 7.159435e+01 5.643402e-15 2.351712e-04 7.904278e-05 1.111219e-03 1.498579e-03 2.487059e-06 2.076608e-09 8.663585e-13 7.610420e-22 1.026509e-27 2.829836e-28 0.000000e+00 0.000000e+00 4.200475e-28 1.293871e-15 1.330909e-05 1.160987e-25 0.000000e+00 0.000000e+00 0.000000e+00 0.000000e+00 0.000000e+00 0.000000e+00 1.284247e+00 0.000000e+00 0.000000e+00 0.000000e+00 0.000000e+00 0.000000e+00 0.000000e+00 0.000000e+00 0.000000e+00 0.000000e+00 0.000000e+00 0.000000e+00 0.000000e+00 0.000000e+00 0.000000e+00 0.000000e+00 0.000000e+00 0.000000e+00 0.000000e+00 0.000000e+00 0.000000e+00 0.000000e+00 0.000000e+00 0.000000e+00 0.000000e+00 0.000000e+00 3.452838e-89 1.793673e-41 7.785817e-43 3.791510e-27 5.405507e-40 0.000000e+00
87.000000 86.000000 88.000000 181.250000 9.623549e-03 1.253199e+11 2.562552e+02 2.870850e+06 2.234995e-01 2.513950e-04 6.684265e-15 3.272964e+01 3.644257e-02 4.566112e-22 3.316298e-16 1.779293e-02 1.819404e-04 8.193909e-12 2.066273e-18 2.357553e-42 4.217490e-16 3.008415e-19 5.614303e-25 4.024155e+01 1.293789e+11 4.074097e+03 8.772340e+00 2.795696e-15 1.328384e-04 8.654247e-26 3.774416e-44 9.626114e-08 3.149183e-16 5.647567e-09 4.126739e-13 1.775325e-04 1.580609e-01 1.062393e-01 2.705935e-05 3.154708e-09 9.593573e-08 3.253133e-06 4.814655e-13 7.912350e-17 0.000000e+00 0.000000e+00 0.000000e+00 0.000000e+00 6.155324e-27 0.000000e+00 0.000000e+00 0.000000e+00 0.000000e+00 0.000000e+00 0.000000e+00 0.000000e+00 6.397105e+11 1.002674e+08 2.026700e+09 3.076530e+12 8.713292e+01 3.519067e-15 9.555754e-05 3.212800e-05 4.516487e-04 6.042890e-04 1.074027e-06 1.177022e-09 4.324412e-13 9.287994e-23 8.834685e-29 9.193298e-29 0.000000e+00 0.000000e+00 2.241794e-29 1.854757e-16 8.881867e-06 1.739600e-26 0.000000e+00 0.000000e+00 0.000000e+00 0.000000e+00 0.000000e+00 0.000000e+00 6.387374e-01 0.000000e+00 0.000000e+00 0.000000e+00 0.000000e+00 0.000000e+00 0.000000e+00 0.000000e+00 0.000000e+00 0.000000e+00 0.000000e+00 0.000000e+00 0.000000e+00 0.000000e+00 0.000000e+00 0.000000e+00 0.000000e+00 0.000000e+00 0.000000e+00 0.000000e+00 0.000000e+00 0.000000e+00 0.000000e+00 0.000000e+00 0.000000e+00 0.000000e+00 3.755027e-90 5.967173e-42 1.582688e-43 6.019413e-28 7.387112e-41 0.000000e+00
89.000000 88.000000 90.000000 181.250000 6.451085e-03 9.995064e+10 6.268580e+01 1.922140e+06 2.063645e-01 6.464534e-05 1.766157e-15 8.398940e+00 2.455582e-02 1.143277e-22 1.856914e-16 9.457404e-03 8.218821e-05 2.479176e-12 4.078505e-19 9.361248e-44 2.334011e-16 8.403833e-20 1.030889e-25 2.960235e+02 1.018075e+11 1.140540e+03 3.286134e+00 4.422262e-16 4.243445e-05 4.320712e-27 2.615230e-44 3.327130e-08 1.217576e-16 1.928936e-09 1.284521e-13 4.411412e-05 1.047344e-01 7.134677e-02 1.755927e-05 9.854564e-10 3.662763e-08 1.991417e-06 1.651515e-12 4.840689e-17 0.000000e+00 0.000000e+00 0.000000e+00 0.000000e+00 9.814762e-28 0.000000e+00 0.000000e+00 0.000000e+00 0.000000e+00 0.000000e+00 0.000000e+00 0.000000e+00 4.137468e+11 6.654898e+07 9.265411e+08 2.062332e+12 1.034444e+02 2.710888e-15 3.697403e-05 1.243488e-05 1.748130e-04 2.315200e-04 4.424932e-07 7.195111e-10 2.054826e-13 1.107810e-23 7.426680e-30 3.002958e-29 0.000000e+00 0.000000e+00 1.172027e-30 2.736577e-17 5.924823e-06 2.453221e-27 0.000000e+00 0.000000e+00 0.000000e+00 0.000000e+00 0.000000e+00 0.000000e+00 2.970131e-01 0.000000e+00 0.000000e+00 0.000000e+00 0.000000e+00 0.000000e+00 0.000000e+00 0.000000e+00 0.000000e+00 0.000000e+00 0.000000e+00 0.000000e+00 0.000000e+00 0.000000e+00 0.000000e+00 0.000000e+00 0.000000e+00 0.000000e+00 0.000000e+00 0.000000e+00 0.000000e+00 0.000000e+00 0.000000e+00 0.000000e+00 0.000000e+00 0.000000e+00 4.711412e-91 2.130341e-42 3.317957e-44 9.177716e-29 1.024852e-41 0.000000e+00
91.000000 90.000000 92.000000 181.250000 4.324440e-03 7.816865e+10 1.362999e+01 1.278859e+06 1.959372e-01 1.527626e-05 9.151750e-16 2.106871e+00 1.652091e-02 2.884701e-23 1.053386e-16 4.705355e-03 3.628325e-05 7.328238e-13 7.793297e-20 3.575025e-45 1.316783e-16 2.360142e-20 1.924848e-26 1.623344e+03 7.893943e+10 3.082405e+02 1.173686e+00 7.260916e-17 1.300914e-05 2.139390e-28 1.779903e-44 1.100132e-08 4.658046e-17 6.355560e-10 3.969542e-14 1.051052e-05 6.966857e-02 4.788210e-02 1.151193e-05 3.064012e-10 1.373196e-08 1.195423e-06 4.797385e-12 2.905187e-17 0.000000e+00 0.000000e+00 0.000000e+00 0.000000e+00 1.458266e-28 0.000000e+00 0.000000e+00 0.000000e+00 0.000000e+00 0.000000e+00 0.000000e+00 0.000000e+00 2.666589e+11 4.398885e+07 3.841233e+08 1.382470e+12 1.200028e+02 2.384408e-15 1.378576e-05 4.638032e-06 6.520246e-05 8.523496e-05 1.755073e-07 4.543203e-10 9.386946e-14 1.245037e-24 5.900160e-31 9.883025e-30 0.000000e+00 0.000000e+00 5.557791e-32 4.800175e-18 3.951012e-06 3.299130e-28 0.000000e+00 0.000000e+00 0.000000e+00 0.000000e+00 0.000000e+00 0.000000e+00 1.310398e-01 0.000000e+00 0.000000e+00 0.000000e+00 0.000000e+00 0.000000e+00 0.000000e+00 0.000000e+00 0.000000e+00 0.000000e+00 0.000000e+00 0.000000e+00 0.000000e+00 0.000000e+00 0.000000e+00 0.000000e+00 0.000000e+00 0.000000e+00 0.000000e+00 0.000000e+00 0.000000e+00 0.000000e+00 0.000000e+00 0.000000e+00 0.000000e+00 0.000000e+00 6.900579e-92 8.211596e-43 7.141374e-45 1.355806e-29 1.437865e-42 0.000000e+00
93.000000 92.000000 94.000000 181.250000 2.898860e-03 5.999543e+10 2.280260e+00 8.442828e+05 1.885575e-01 2.861935e-06 5.603942e-16 5.189968e-01 1.110085e-02 7.311165e-24 6.041016e-17 1.957377e-03 1.302500e-05 1.760646e-13 1.195789e-20 9.685115e-47 7.530045e-17 5.467745e-21 3.028283e-27 9.139285e+03 6.024686e+10 8.101122e+01 4.026767e-01 1.358520e-17 3.852012e-06 1.057840e-29 1.201140e-44 3.516358e-09 1.777664e-17 2.032208e-10 1.227233e-14 2.419729e-06 4.646964e-02 3.212074e-02 7.605136e-06 9.567532e-11 5.124512e-09 7.067718e-07 1.233627e-11 1.717504e-17 0.000000e+00 0.000000e+00 0.000000e+00 0.000000e+00 2.058609e-29 0.000000e+00 0.000000e+00 0.000000e+00 0.000000e+00 0.000000e+00 0.000000e+00 0.000000e+00 1.714227e+11 2.890406e+07 1.248670e+08 9.267288e+11 1.370402e+02 2.249216e-15 5.006570e-06 1.686361e-06 2.368889e-05 3.046025e-05 6.792501e-08 2.915503e-10 4.165062e-14 1.111208e-25 3.822470e-32 3.301965e-30 0.000000e+00 0.000000e+00 1.794182e-33 1.097190e-18 2.634329e-06 4.277249e-29 0.000000e+00 0.000000e+00 0.000000e+00 0.000000e+00 0.000000e+00 0.000000e+00 5.559577e-02 0.000000e+00 0.000000e+00 0.000000e+00 0.000000e+00 0.000000e+00 0.000000e+00 0.000000e+00 0.000000e+00 0.000000e+00 0.000000e+00 0.000000e+00 0.000000e+00 0.000000e+00 0.000000e+00 0.000000e+00 0.000000e+00 0.000000e+00 0.000000e+00 0.000000e+00 0.000000e+00 0.000000e+00 0.000000e+00 0.000000e+00 0.000000e+00 0.000000e+00 1.198692e-92 3.444918e-43 1.571289e-45 1.955961e-30 2.042341e-43 0.000000e+00
95.000000 94.000000 96.000000 181.250000 1.943233e-03 4.516987e+10 3.661783e-02 5.516543e+05 1.841068e-01 5.203502e-08 3.599905e-16 1.261878e-01 7.452119e-03 1.854327e-24 3.495751e-17 3.068715e-04 3.202448e-07 2.895352e-15 1.236065e-22 6.601311e-49 4.350260e-17 9.689490e-23 9.001630e-29 1.189563e+06 4.517644e+10 2.085904e+01 1.336472e-01 3.109045e-18 1.113456e-06 4.659797e-31 8.074690e-45 1.098038e-09 6.844137e-18 6.363327e-11 3.844952e-15 5.422303e-07 3.105461e-02 2.154146e-02 5.052300e-06 3.047019e-11 1.944762e-09 4.153229e-07 5.179528e-11 1.009250e-17 0.000000e+00 0.000000e+00 0.000000e+00 5.514063e-26 2.840930e-30 0.000000e+00 0.000000e+00 0.000000e+00 0.000000e+00 0.000000e+00 0.000000e+00 0.000000e+00 1.101206e+11 1.882696e+07 3.904145e+06 6.212274e+11 1.559271e+02 2.219154e-15 1.805354e-06 7.333899e-07 8.479684e-06 1.067995e-05 2.614052e-08 1.901048e-10 1.817120e-14 7.632360e-28 5.630250e-34 1.133534e-30 6.418556e-44 0.000000e+00 1.076450e-35 3.090802e-19 1.756567e-06 5.393954e-30 4.536310e-33 4.643976e-33 0.000000e+00 0.000000e+00 0.000000e+00 0.000000e+00 2.299642e-02 0.000000e+00 0.000000e+00 0.000000e+00 0.000000e+00 0.000000e+00 0.000000e+00 0.000000e+00 0.000000e+00 0.000000e+00 0.000000e+00 0.000000e+00 0.000000e+00 0.000000e+00 0.000000e+00 0.000000e+00 0.000000e+00 0.000000e+00 0.000000e+00 0.000000e+00 0.000000e+00 0.000000e+00 0.000000e+00 0.000000e+00 0.000000e+00 0.000000e+00 2.520965e-93 1.589178e-43 3.520827e-46 2.777726e-31 2.953820e-44 0.000000e+00
97.000000 96.000000 98.000000 181.250000 1.302634e-03 3.322041e+10 3.007260e-05 3.551979e+05 1.932361e-01 3.214100e-11 2.678810e-16 3.078381e-02 4.995756e-03 4.695721e-25 2.041648e-17 1.968153e-06 3.477053e-10 2.089163e-18 5.536146e-26 4.442864e-51 2.540171e-17 2.369896e-25 1.845939e-30 5.579352e+07 3.310959e+10 5.363263e+00 4.381301e-02 9.310010e-19 3.270581e-07 2.053626e-32 5.419162e-45 3.423113e-10 2.731157e-18 1.993877e-11 1.310221e-15 1.200727e-07 2.078080e-02 1.444378e-02 3.370745e-06 1.063186e-11 7.987472e-10 2.466263e-07 3.760723e-12 5.993028e-18 0.000000e+00 0.000000e+00 0.000000e+00 3.179741e-29 3.686388e-31 0.000000e+00 0.000000e+00 0.000000e+00 0.000000e+00 0.000000e+00 0.000000e+00 0.000000e+00 7.093786e+10 1.210417e+07 4.105793e+03 4.164361e+11 1.880915e+02 2.406085e-15 1.039920e-06 3.803055e-06 3.071479e-06 3.769447e-06 1.082172e-08 1.332838e-10 8.011802e-15 8.668193e-31 6.346313e-36 4.123137e-31 2.128826e-47 0.000000e+00 6.281758e-38 1.090421e-19 1.171835e-06 6.679672e-31 1.870809e-36 2.552621e-36 0.000000e+00 0.000000e+00 0.000000e+00 0.000000e+00 9.522814e-03 0.000000e+00 0.000000e+00 0.000000e+00 0.000000e+00 0.000000e+00 0.000000e+00 0.000000e+00 0.000000e+00 0.000000e+00 0.000000e+00 0.000000e+00 0.000000e+00 0.000000e+00 0.000000e+00 0.000000e+00 0.000000e+00 0.000000e+00 0.000000e+00 0.000000e+00 0.000000e+00 0.000000e+00 0.000000e+00 0.000000e+00 0.000000e+00 0.000000e+00 6.601326e-94 8.174638e-44 8.036584e-47 3.949650e-32 4.438391e-45 0.000000e+00
99.000000 98.000000 100.000000 181.250000 8.732130e-04 2.367390e+10 9.331367e-07 2.236770e+05 2.382639e-01 1.976077e-12 2.671780e-16 8.668159e-03 3.348892e-03 1.205642e-25 1.205161e-17 2.138654e-07 6.045973e-11 2.390985e-19 3.726991e-27 3.010215e-53 1.499033e-17 1.000844e-26 3.962691e-32 6.673034e+07 2.354096e+10 1.585362e+00 1.633493e-02 4.061790e-19 1.151375e-07 9.673242e-34 3.634277e-45 1.234339e-10 1.324365e-18 7.250813e-12 6.129446e-16 3.014865e-08 1.391945e-02 9.683366e-03 2.256706e-06 4.866946e-12 4.176227e-10 1.522744e-07 1.225052e-12 3.700284e-18 0.000000e+00 0.000000e+00 0.000000e+00 1.325425e-32 5.165667e-32 0.000000e+00 0.000000e+00 0.000000e+00 0.000000e+00 0.000000e+00 0.000000e+00 0.000000e+00 4.617727e+10 7.627791e+06 4.267990e+02 2.791552e+11 2.630096e+02 3.141519e-15 5.536135e-07 2.633563e-06 1.311111e-06 1.547051e-06 6.088004e-09 1.099046e-10 4.177754e-15 1.082859e-32 7.323790e-38 1.880720e-31 1.028687e-50 0.000000e+00 3.687163e-40 5.365448e-20 7.827986e-07 9.030145e-32 7.798787e-40 1.064010e-39 0.000000e+00 0.000000e+00 0.000000e+00 0.000000e+00 4.587898e-03 0.000000e+00 0.000000e+00 0.000000e+00 0.000000e+00 0.000000e+00 0.000000e+00 0.000000e+00 0.000000e+00 0.000000e+00 0.000000e+00 0.000000e+00 0.000000e+00 0.000000e+00 0.000000e+00 0.000000e+00 0.000000e+00 0.000000e+00 0.000000e+00 0.000000e+00 0.000000e+00 0.000000e+00 0.000000e+00 0.000000e+00 0.000000e+00 0.000000e+00 2.236535e-94 4.769940e-44 1.887608e-47 6.440167e-33 8.047396e-46 0.000000e+00
