# z		 z0		 z1		 T		 P		1		2		3		4		5		6		7		8		9		10		11		12		13		14		15		16		17		18		19		20		21		22		23		24		25		26		27		28		29		30		31		32		33		34		35		36		37		38		39		40		41		42		43		44		45		46		47		48		49		50		51		52		53		54		55		56		57		58		59		60		61		62		63		64		65		66		67		68		69		70		71		72		73		74		75		76		77		78		79		80		81		82		83		84		85		86		87		88		89		90		91		92		93		94		95		96		97		98		99		100		101		102		103		104		105		106		107		108		109		110		111		
#  km		 km		 km		 K		 Pa		
1.000000 0.000000 2.000000 313.656183 9.830478e+04 1.827170e+02 1.077742e-09 7.000329e+08 1.812405e+05 2.834999e-01 2.472839e+03 4.540092e+17 1.241070e-08 6.235331e-09 3.788893e-12 5.952546e+04 1.695764e+03 3.419163e-05 1.846367e-12 2.460505e-28 2.346571e+02 2.823552e+00 1.278231e-05 6.836512e-20 1.106398e+12 5.815858e+12 1.299675e+09 2.923038e-02 4.639555e+08 2.734666e-12 7.885574e-40 8.213654e-06 8.897139e-09 6.527738e+00 3.126313e+00 2.616140e+06 1.135356e-14 5.303647e+01 3.812719e-01 1.358527e+05 7.411789e-01 1.719576e-02 4.619756e-17 2.236975e-17 9.751681e-20 0.000000e+00 5.604964e-18 9.653349e-18 2.658574e-27 8.827478e-19 2.728108e-19 7.972110e-20 1.070489e-21 0.000000e+00 0.000000e+00 0.000000e+00 4.540092e+18 7.271618e+14 1.895714e+00 1.816038e+19 1.267593e-12 1.693984e-05 1.020958e-15 1.200144e-07 8.465434e+04 1.020963e+07 4.287218e+03 5.457532e+08 1.054574e-16 1.676620e-01 2.517493e-07 4.795273e-21 2.068503e-22 0.000000e+00 1.349113e-17 2.358212e-12 1.060333e-10 3.500384e-22 2.292191e-29 1.544276e-28 0.000000e+00 0.000000e+00 0.000000e+00 0.000000e+00 6.719809e-09 0.000000e+00 0.000000e+00 0.000000e+00 0.000000e+00 0.000000e+00 0.000000e+00 0.000000e+00 0.000000e+00 0.000000e+00 0.000000e+00 0.000000e+00 0.000000e+00 0.000000e+00 0.000000e+00 0.000000e+00 0.000000e+00 0.000000e+00 0.000000e+00 0.000000e+00 0.000000e+00 0.000000e+00 0.000000e+00 0.000000e+00 0.000000e+00 0.000000e+00 2.103861e-57 5.449654e-31 5.693977e-30 1.030374e-11 1.906671e-22 0.000000e+00
3.000000 2.000000 4.000000 306.467837 7.745870e+04 6.577192e+04 7.973032e-06 1.016996e+09 2.660393e+05 8.809870e+00 4.208802e+03 2.409819e+17 8.278970e-09 1.154973e-08 3.032128e-12 4.852409e+04 1.457959e+03 8.919133e-04 9.508832e-10 7.319087e-24 1.636195e+02 2.987845e+00 2.554434e-04 4.698732e-19 9.219729e+11 4.689351e+12 1.152185e+09 2.341073e-01 4.082528e+08 2.580989e-11 8.182635e-40 4.235182e-06 8.531697e-09 4.794559e+00 2.107338e+00 2.012454e+06 1.479171e-14 8.573252e+01 4.712285e-01 5.830228e+04 4.342858e-01 1.419841e-02 7.960322e-17 1.152883e-14 1.594549e-19 5.923218e-35 6.102243e-18 1.305525e-17 9.762516e-27 4.735042e-19 2.433745e-19 7.127504e-20 3.911841e-21 0.000000e+00 0.000000e+00 0.000000e+00 3.661212e+18 5.863482e+14 3.608512e+02 1.464500e+19 2.055206e-12 4.882130e-06 3.211792e-15 1.328323e-07 5.717504e+04 7.394947e+06 2.935612e+03 5.232105e+08 1.719598e-16 8.755987e-02 1.742805e-06 1.439044e-21 2.767146e-22 0.000000e+00 2.602127e-14 2.964444e-10 9.317017e-10 0.000000e+00 4.325430e-29 2.913205e-28 0.000000e+00 0.000000e+00 0.000000e+00 0.000000e+00 6.972000e-09 0.000000e+00 0.000000e+00 0.000000e+00 0.000000e+00 0.000000e+00 0.000000e+00 0.000000e+00 0.000000e+00 0.000000e+00 0.000000e+00 0.000000e+00 0.000000e+00 0.000000e+00 0.000000e+00 0.000000e+00 0.000000e+00 0.000000e+00 0.000000e+00 0.000000e+00 0.000000e+00 0.000000e+00 0.000000e+00 0.000000e+00 0.000000e+00 0.000000e+00 2.509732e-56 2.490369e-31 2.838019e-30 6.423568e-12 1.937140e-22 0.000000e+00
5.000000 4.000000 6.000000 299.104935 6.067672e+04 2.321235e+06 8.724515e-03 1.606985e+09 4.438367e+05 2.900306e+02 8.241233e+03 1.615685e+17 3.848929e-09 3.112346e-08 6.311264e-12 4.013134e+04 1.252368e+03 1.466670e-02 3.663345e-07 9.070999e-20 1.146469e+02 3.582036e+00 2.269958e-03 3.579543e-18 7.949727e+11 3.762917e+12 9.838936e+08 1.351583e+00 3.269644e+08 2.249398e-10 3.186804e-39 1.201598e-05 6.480311e-08 3.545364e+00 1.416117e+00 1.498661e+06 1.074070e-13 1.410388e+02 6.299656e-01 2.343098e+04 1.826273e-01 1.174074e-02 1.291223e-16 4.189768e-13 0.000000e+00 2.073468e-33 0.000000e+00 0.000000e+00 0.000000e+00 0.000000e+00 0.000000e+00 0.000000e+00 0.000000e+00 0.000000e+00 0.000000e+00 0.000000e+00 2.938562e+18 4.705528e+14 2.148815e+04 1.175445e+19 2.840557e-12 1.638857e-07 1.017744e-14 1.712989e-07 3.971405e+04 5.431819e+06 1.865822e+03 2.986976e+08 1.039538e-15 4.259826e-02 9.897789e-06 9.246120e-23 0.000000e+00 0.000000e+00 3.529211e-11 1.180375e-08 6.274870e-09 0.000000e+00 0.000000e+00 0.000000e+00 1.087333e-35 1.355273e-63 0.000000e+00 0.000000e+00 6.883653e-09 0.000000e+00 0.000000e+00 0.000000e+00 0.000000e+00 0.000000e+00 0.000000e+00 0.000000e+00 0.000000e+00 0.000000e+00 0.000000e+00 0.000000e+00 0.000000e+00 0.000000e+00 0.000000e+00 0.000000e+00 0.000000e+00 0.000000e+00 0.000000e+00 0.000000e+00 0.000000e+00 0.000000e+00 0.000000e+00 0.000000e+00 0.000000e+00 0.000000e+00 4.148822e-55 6.900507e-31 8.494729e-30 5.914184e-12 2.658661e-22 0.000000e+00
7.000000 6.000000 8.000000 291.521561 4.723674e+04 7.857600e+06 1.082645e-01 2.144870e+09 6.475411e+05 1.084699e+03 1.387177e+04 1.043739e+17 1.270889e-09 5.810247e-08 1.022299e-11 3.396280e+04 1.078353e+03 2.807361e-02 1.743804e-06 2.139344e-18 8.031565e+01 3.786326e+00 6.115980e-03 1.832784e-17 7.118717e+11 3.004590e+12 7.660998e+08 2.940879e+00 2.377902e+08 5.299458e-10 5.054800e-39 1.867934e-05 9.908557e-08 2.679892e+00 9.639167e-01 1.098354e+06 4.088969e-13 2.398020e+02 8.939255e-01 1.124454e+04 8.196296e-02 9.733435e-03 1.777636e-16 1.278273e-12 0.000000e+00 0.000000e+00 0.000000e+00 0.000000e+00 0.000000e+00 0.000000e+00 0.000000e+00 0.000000e+00 0.000000e+00 0.000000e+00 0.000000e+00 0.000000e+00 2.347163e+18 3.757748e+14 1.178010e+05 9.388867e+18 4.190512e-12 1.759906e-08 2.536917e-14 1.975506e-07 2.832342e+04 4.062350e+06 1.073623e+03 1.568916e+08 3.309759e-15 1.893370e-02 1.000739e-05 1.210612e-23 0.000000e+00 0.000000e+00 6.945589e-10 4.393080e-08 8.564280e-09 0.000000e+00 0.000000e+00 0.000000e+00 0.000000e+00 0.000000e+00 0.000000e+00 0.000000e+00 6.757793e-09 0.000000e+00 0.000000e+00 0.000000e+00 0.000000e+00 0.000000e+00 0.000000e+00 0.000000e+00 0.000000e+00 0.000000e+00 0.000000e+00 0.000000e+00 0.000000e+00 0.000000e+00 0.000000e+00 0.000000e+00 0.000000e+00 0.000000e+00 0.000000e+00 0.000000e+00 0.000000e+00 0.000000e+00 0.000000e+00 0.000000e+00 0.000000e+00 0.000000e+00 8.180710e-54 1.408598e-30 1.844865e-29 5.757638e-12 4.368087e-22 0.000000e+00
9.000000 8.000000 10.000000 283.619284 3.652685e+04 2.736978e+07 1.624035e+00 2.409670e+09 8.276906e+05 4.360643e+03 2.018940e+04 6.426255e+16 5.379711e-10 8.448920e-08 1.596766e-11 2.964292e+04 9.353561e+02 6.580838e-02 1.144005e-05 9.283466e-17 5.355025e+01 3.553458e+00 1.568324e-02 6.411599e-17 6.605522e+11 2.386948e+12 5.495404e+08 5.432124e+00 1.607745e+08 1.449731e-09 8.308541e-39 4.002035e-05 1.924017e-07 2.149862e+00 6.809541e-01 8.035644e+05 2.153859e-12 4.355456e+02 1.378039e+00 6.551989e+03 5.960209e-02 8.100477e-03 2.056394e-16 3.461636e-12 0.000000e+00 0.000000e+00 0.000000e+00 0.000000e+00 0.000000e+00 0.000000e+00 0.000000e+00 0.000000e+00 0.000000e+00 0.000000e+00 0.000000e+00 0.000000e+00 1.865559e+18 2.985794e+14 6.432213e+05 7.462431e+18 1.664128e-11 1.959189e-09 5.076121e-14 2.061493e-07 2.098593e+04 3.079937e+06 5.798362e+02 6.123501e+07 1.456804e-14 8.022992e-03 1.130005e-05 2.858753e-24 0.000000e+00 0.000000e+00 1.983751e-08 1.678652e-07 1.119363e-08 0.000000e+00 0.000000e+00 0.000000e+00 0.000000e+00 0.000000e+00 0.000000e+00 0.000000e+00 6.842061e-09 0.000000e+00 0.000000e+00 0.000000e+00 0.000000e+00 0.000000e+00 0.000000e+00 0.000000e+00 0.000000e+00 0.000000e+00 0.000000e+00 0.000000e+00 0.000000e+00 0.000000e+00 0.000000e+00 0.000000e+00 0.000000e+00 0.000000e+00 0.000000e+00 0.000000e+00 0.000000e+00 0.000000e+00 0.000000e+00 0.000000e+00 0.000000e+00 0.000000e+00 1.855333e-52 3.129015e-30 4.317569e-29 5.724511e-12 7.999930e-22 0.000000e+00
11.000000 10.000000 12.000000 275.335563 2.803542e+04 7.872188e+07 1.846005e+01 2.452668e+09 1.024891e+06 1.554092e+04 2.896560e+04 3.734039e+16 3.631121e-10 9.574765e-08 2.108902e-11 2.766706e+04 8.350509e+02 1.443132e-01 6.129099e-05 3.350950e-15 3.266428e+01 3.337462e+00 3.553953e-02 2.023396e-16 6.465429e+11 1.885685e+12 3.773305e+08 8.211324e+00 1.024799e+08 5.532225e-09 1.161575e-38 8.910988e-05 3.549284e-07 1.868227e+00 5.010089e-01 5.840336e+05 1.244492e-11 8.356621e+02 2.270832e+00 4.386602e+03 7.708462e-02 6.868346e-03 2.213804e-16 6.774815e-12 0.000000e+00 1.192719e-33 0.000000e+00 0.000000e+00 0.000000e+00 0.000000e+00 0.000000e+00 0.000000e+00 0.000000e+00 0.000000e+00 0.000000e+00 0.000000e+00 1.474945e+18 2.359434e+14 2.924662e+06 5.899952e+18 1.988587e-10 3.802604e-10 9.997002e-14 2.193702e-07 1.648018e+04 2.400913e+06 3.109518e+02 2.461466e+07 6.919771e-14 3.515121e-03 1.213227e-05 1.258508e-24 0.000000e+00 0.000000e+00 5.136467e-07 5.629734e-07 1.289395e-08 0.000000e+00 0.000000e+00 0.000000e+00 8.016926e-36 0.000000e+00 0.000000e+00 0.000000e+00 7.218513e-09 0.000000e+00 0.000000e+00 0.000000e+00 0.000000e+00 0.000000e+00 0.000000e+00 0.000000e+00 0.000000e+00 0.000000e+00 0.000000e+00 0.000000e+00 0.000000e+00 0.000000e+00 0.000000e+00 0.000000e+00 0.000000e+00 0.000000e+00 0.000000e+00 0.000000e+00 0.000000e+00 0.000000e+00 0.000000e+00 0.000000e+00 0.000000e+00 0.000000e+00 5.906481e-51 5.542669e-30 8.211324e-29 5.918117e-12 1.766094e-21 0.000000e+00
13.000000 12.000000 14.000000 266.790009 2.134203e+04 1.765517e+08 2.719601e+02 1.527468e+09 1.071648e+06 6.041812e+04 3.721044e+04 1.919116e+16 7.681352e-10 2.075385e-07 9.238832e-11 4.615383e+04 1.068907e+03 5.676409e-01 6.066685e-04 3.963105e-13 2.054658e+01 3.809179e+00 1.278219e-01 2.984276e-16 1.010005e+12 1.474775e+12 2.755468e+08 1.651743e+01 4.144263e+07 2.194964e-07 1.565389e-38 3.273617e-04 8.478548e-07 1.851845e+00 3.758215e-01 3.647158e+05 1.054271e-10 3.213304e+03 8.052867e+00 6.953870e+03 1.888191e-01 7.612621e-03 2.499969e-16 1.722042e-11 0.000000e+00 0.000000e+00 0.000000e+00 0.000000e+00 0.000000e+00 0.000000e+00 0.000000e+00 0.000000e+00 0.000000e+00 0.000000e+00 0.000000e+00 0.000000e+00 1.158761e+18 1.848888e+14 1.414034e+07 4.635215e+18 3.974736e-09 1.892280e-10 1.481220e-13 2.523931e-07 1.664393e+04 2.818544e+06 1.501291e+02 1.594197e+07 5.924952e-13 2.132199e-03 2.111850e-05 2.892583e-24 0.000000e+00 0.000000e+00 2.565122e-05 2.570628e-06 1.239663e-07 0.000000e+00 0.000000e+00 0.000000e+00 0.000000e+00 0.000000e+00 0.000000e+00 0.000000e+00 7.795708e-09 0.000000e+00 0.000000e+00 0.000000e+00 0.000000e+00 0.000000e+00 0.000000e+00 0.000000e+00 0.000000e+00 0.000000e+00 0.000000e+00 0.000000e+00 0.000000e+00 0.000000e+00 0.000000e+00 0.000000e+00 0.000000e+00 0.000000e+00 0.000000e+00 0.000000e+00 0.000000e+00 0.000000e+00 0.000000e+00 0.000000e+00 0.000000e+00 0.000000e+00 9.721210e-49 2.018814e-28 2.859114e-27 2.401625e-11 1.379077e-20 0.000000e+00
15.000000 14.000000 16.000000 257.315851 1.609678e+04 3.194015e+08 3.950757e+03 7.008447e+08 8.253887e+05 2.155920e+05 1.041039e+05 8.471098e+15 4.843449e-09 1.041134e-06 1.347774e-09 1.325679e+05 2.040779e+03 3.499237e+00 7.920187e-03 7.736365e-11 1.426193e+01 4.816537e+00 5.495498e-01 1.689460e-16 2.144000e+12 1.136999e+12 1.678646e+08 4.002985e+01 9.172408e+06 5.802643e-05 1.094423e-38 1.045001e-03 1.389053e-06 1.642443e+00 2.161293e-01 2.468654e+05 6.619989e-10 1.208481e+04 3.018875e+01 9.204253e+03 4.162853e-01 1.256939e-02 2.868714e-16 5.346722e-11 0.000000e+00 1.058980e-33 0.000000e+00 0.000000e+00 0.000000e+00 0.000000e+00 0.000000e+00 0.000000e+00 0.000000e+00 0.000000e+00 0.000000e+00 0.000000e+00 9.061377e+17 1.432928e+14 6.747811e+07 3.624734e+18 7.930971e-08 2.751726e-10 1.126563e-13 1.712487e-07 1.357919e+04 3.828970e+06 5.057303e+01 1.242547e+07 4.796946e-12 2.037425e-03 4.061787e-05 1.691903e-23 0.000000e+00 0.000000e+00 2.309619e-03 9.353622e-06 8.916019e-06 0.000000e+00 0.000000e+00 0.000000e+00 1.207371e-35 0.000000e+00 0.000000e+00 0.000000e+00 6.481313e-09 0.000000e+00 0.000000e+00 0.000000e+00 0.000000e+00 0.000000e+00 0.000000e+00 0.000000e+00 0.000000e+00 0.000000e+00 0.000000e+00 0.000000e+00 0.000000e+00 0.000000e+00 0.000000e+00 0.000000e+00 0.000000e+00 0.000000e+00 0.000000e+00 0.000000e+00 0.000000e+00 0.000000e+00 0.000000e+00 0.000000e+00 0.000000e+00 0.000000e+00 5.188517e-46 5.580216e-25 9.667408e-25 3.101856e-10 2.289192e-19 0.000000e+00
17.000000 16.000000 18.000000 245.468575 1.199752e+04 1.399728e+08 4.545760e+05 2.354143e+08 1.751170e+06 3.166197e+07 4.689566e+07 2.776574e+15 9.338489e-08 6.592069e-06 2.834366e-08 3.590963e+05 3.292417e+03 3.793921e+01 4.219531e-02 7.594037e-09 1.926188e+01 1.444914e+01 1.044108e+01 5.823237e-16 4.226528e+12 8.722553e+11 4.303301e+07 1.742448e+03 8.560892e+05 2.224596e-02 6.766379e-39 7.344389e-03 5.313624e-06 9.193187e+00 9.761659e-01 3.132571e+05 5.658223e-09 2.155453e+04 1.566023e+02 2.586007e+04 2.479512e+00 1.968528e-02 6.911751e-16 5.523689e-11 0.000000e+00 0.000000e+00 0.000000e+00 0.000000e+00 0.000000e+00 0.000000e+00 0.000000e+00 0.000000e+00 0.000000e+00 0.000000e+00 0.000000e+00 0.000000e+00 7.079667e+17 1.094895e+14 1.012322e+10 2.832042e+18 1.231996e-05 2.879466e-09 7.187722e-13 9.764041e-07 3.791748e+04 2.562496e+06 9.722165e+00 9.729947e+06 9.369843e-11 2.667674e-02 8.050240e-05 2.971362e-21 0.000000e+00 0.000000e+00 3.244369e+00 3.686516e-03 3.768103e-04 0.000000e+00 0.000000e+00 0.000000e+00 0.000000e+00 0.000000e+00 0.000000e+00 0.000000e+00 4.250178e-08 0.000000e+00 0.000000e+00 0.000000e+00 0.000000e+00 0.000000e+00 0.000000e+00 0.000000e+00 0.000000e+00 0.000000e+00 0.000000e+00 0.000000e+00 0.000000e+00 0.000000e+00 0.000000e+00 0.000000e+00 0.000000e+00 0.000000e+00 0.000000e+00 0.000000e+00 0.000000e+00 0.000000e+00 0.000000e+00 0.000000e+00 0.000000e+00 0.000000e+00 4.536939e-43 7.822891e-21 3.779808e-22 1.044430e-08 5.220365e-18 0.000000e+00
19.000000 18.000000 20.000000 230.061897 8.792031e+03 2.078207e+07 5.317720e+07 1.103860e+06 6.097414e+05 3.684861e+08 5.645870e+09 5.456005e+14 3.757579e-05 2.968864e-05 6.521944e-08 8.891906e+05 2.057944e+03 1.246965e+03 6.201392e-01 3.123340e-06 9.612289e-02 2.903380e+00 1.047696e+02 9.200838e-23 1.397084e+13 6.766636e+11 3.870031e+06 5.234025e+02 1.067482e+05 8.544077e-01 1.000024e-41 3.176849e-02 2.340203e-06 2.026791e+01 1.017234e+00 1.554943e+05 1.352447e-08 2.951267e+02 1.348998e-01 1.413650e+02 1.135820e-01 2.579385e-02 1.683211e-16 3.487975e-10 0.000000e+00 0.000000e+00 0.000000e+00 0.000000e+00 0.000000e+00 0.000000e+00 0.000000e+00 0.000000e+00 0.000000e+00 0.000000e+00 0.000000e+00 0.000000e+00 5.535440e+17 8.499078e+13 5.019107e+12 2.214361e+18 1.899496e-03 9.465233e-10 2.698585e-16 1.069006e-08 1.939960e+02 1.192456e+02 2.514234e-03 2.250973e+04 1.048005e-09 4.418898e-03 7.476615e-07 3.653235e-18 0.000000e+00 0.000000e+00 1.074514e+03 8.910665e-03 4.067627e-03 0.000000e+00 0.000000e+00 0.000000e+00 0.000000e+00 0.000000e+00 0.000000e+00 0.000000e+00 6.256797e-08 0.000000e+00 0.000000e+00 0.000000e+00 0.000000e+00 0.000000e+00 0.000000e+00 0.000000e+00 0.000000e+00 0.000000e+00 0.000000e+00 0.000000e+00 0.000000e+00 0.000000e+00 0.000000e+00 0.000000e+00 0.000000e+00 0.000000e+00 0.000000e+00 0.000000e+00 0.000000e+00 0.000000e+00 0.000000e+00 0.000000e+00 0.000000e+00 0.000000e+00 4.584956e-40 4.397168e-17 5.405293e-21 1.766895e-10 4.867555e-18 0.000000e+00
21.000000 20.000000 22.000000 212.009465 6.289042e+03 4.031674e+07 2.220971e+08 3.040276e+05 1.988760e+05 1.825612e+08 1.549559e+09 6.057857e+13 9.558544e-03 5.155528e-04 2.864996e-06 1.664187e+06 3.647678e+03 1.168077e+03 5.129559e-01 2.334338e-06 2.336100e-02 1.584836e+00 2.995056e+01 7.251319e-24 2.707281e+13 5.241453e+11 5.197290e+05 8.183254e+00 2.415025e+04 7.895975e-02 6.794740e-45 5.047059e-03 1.927002e-07 1.994146e+00 8.161198e-02 1.038660e+05 2.240689e-09 1.421469e+01 1.946271e-02 1.846661e+01 9.451156e-03 2.897478e-02 2.295248e-17 6.135163e-11 0.000000e+00 0.000000e+00 0.000000e+00 0.000000e+00 0.000000e+00 0.000000e+00 0.000000e+00 0.000000e+00 0.000000e+00 0.000000e+00 0.000000e+00 0.000000e+00 4.296553e+17 6.586757e+13 1.195929e+13 1.718833e+18 1.029668e-02 4.023245e-08 1.869157e-16 1.502278e-09 1.125563e+01 1.637758e+01 1.583901e-03 5.484743e+03 3.467365e-10 2.433466e-04 4.197867e-07 4.152608e-17 0.000000e+00 0.000000e+00 4.821482e+02 1.180791e-03 6.410216e-03 0.000000e+00 0.000000e+00 0.000000e+00 0.000000e+00 0.000000e+00 0.000000e+00 0.000000e+00 7.017925e-09 0.000000e+00 0.000000e+00 0.000000e+00 0.000000e+00 0.000000e+00 0.000000e+00 0.000000e+00 0.000000e+00 0.000000e+00 0.000000e+00 0.000000e+00 0.000000e+00 0.000000e+00 0.000000e+00 0.000000e+00 0.000000e+00 0.000000e+00 0.000000e+00 0.000000e+00 0.000000e+00 0.000000e+00 0.000000e+00 0.000000e+00 0.000000e+00 0.000000e+00 1.549357e-37 1.049929e-15 3.277535e-18 2.447650e-10 1.394443e-17 0.000000e+00
23.000000 22.000000 24.000000 198.159704 4.383719e+03 1.050005e+08 6.587385e+08 2.151451e+05 1.288119e+05 7.008830e+07 2.489698e+08 8.635816e+12 8.896751e-02 4.479567e-04 7.418687e-06 2.297137e+06 4.734154e+03 5.639386e+02 3.647785e-01 7.539841e-07 7.454386e-03 1.183405e+00 8.216526e+00 6.240590e-24 3.469718e+13 3.903921e+11 1.566300e+05 1.695446e-01 6.341592e+03 1.111651e-02 1.449218e-47 5.878445e-04 2.204658e-08 2.946379e-01 1.007954e-02 7.131067e+04 5.389664e-10 1.548285e+00 1.874472e-02 5.729813e+00 2.852401e-03 2.855678e-02 6.722506e-18 1.174707e-11 0.000000e+00 0.000000e+00 0.000000e+00 0.000000e+00 0.000000e+00 0.000000e+00 0.000000e+00 0.000000e+00 0.000000e+00 0.000000e+00 0.000000e+00 0.000000e+00 3.204045e+17 4.908449e+13 1.615404e+13 1.281833e+18 4.106157e-02 2.065704e-07 3.194117e-16 5.201751e-10 2.651737e+00 7.043562e+00 3.301691e-03 2.913442e+03 7.455273e-11 2.807898e-05 4.252840e-07 1.772637e-17 0.000000e+00 0.000000e+00 8.156799e+01 3.513621e-04 7.293051e-03 0.000000e+00 0.000000e+00 0.000000e+00 0.000000e+00 0.000000e+00 0.000000e+00 0.000000e+00 1.243407e-09 0.000000e+00 0.000000e+00 0.000000e+00 0.000000e+00 0.000000e+00 0.000000e+00 0.000000e+00 0.000000e+00 0.000000e+00 0.000000e+00 0.000000e+00 0.000000e+00 0.000000e+00 0.000000e+00 0.000000e+00 0.000000e+00 0.000000e+00 0.000000e+00 0.000000e+00 0.000000e+00 0.000000e+00 0.000000e+00 0.000000e+00 0.000000e+00 0.000000e+00 1.940596e-36 3.903919e-15 1.831145e-17 1.354908e-10 3.832407e-18 0.000000e+00
25.000000 24.000000 26.000000 190.451174 2.997679e+03 2.021076e+08 1.026599e+09 2.796635e+05 1.327626e+05 3.834362e+07 7.596025e+07 2.602507e+12 2.580428e-01 2.229964e-04 7.568272e-06 2.219664e+06 4.554979e+03 2.701665e+02 2.423302e-01 2.172464e-07 3.658959e-03 9.463367e-01 3.239271e+00 1.607639e-23 3.622496e+13 2.774679e+11 9.981163e+04 1.361589e-02 1.702952e+03 4.157005e-03 6.048064e-49 1.274828e-04 5.391166e-09 9.856063e-02 2.921335e-03 4.770970e+04 2.812101e-10 4.440039e-01 2.449162e-02 2.973378e+00 1.728550e-03 2.560210e-02 4.491787e-18 4.495801e-12 0.000000e+00 0.000000e+00 0.000000e+00 0.000000e+00 0.000000e+00 0.000000e+00 0.000000e+00 0.000000e+00 0.000000e+00 0.000000e+00 0.000000e+00 0.000000e+00 2.279558e+17 3.490591e+13 1.725291e+13 9.120222e+17 9.068934e-02 3.616264e-07 6.939246e-16 3.824138e-10 1.699733e+00 6.196378e+00 4.829349e-03 2.314814e+03 2.818943e-11 8.754462e-06 2.816517e-07 6.697768e-18 0.000000e+00 0.000000e+00 1.781024e+01 2.172924e-04 7.110937e-03 0.000000e+00 0.000000e+00 0.000000e+00 0.000000e+00 0.000000e+00 0.000000e+00 0.000000e+00 5.339982e-10 0.000000e+00 0.000000e+00 0.000000e+00 0.000000e+00 0.000000e+00 0.000000e+00 0.000000e+00 0.000000e+00 0.000000e+00 0.000000e+00 0.000000e+00 0.000000e+00 0.000000e+00 0.000000e+00 0.000000e+00 0.000000e+00 0.000000e+00 0.000000e+00 0.000000e+00 0.000000e+00 0.000000e+00 0.000000e+00 0.000000e+00 0.000000e+00 0.000000e+00 1.039907e-36 2.954246e-15 1.529983e-17 8.194858e-11 8.673252e-19 0.000000e+00
27.000000 26.000000 28.000000 184.931919 2.023238e+03 3.308145e+08 1.177752e+09 4.423803e+05 1.575525e+05 2.520199e+07 3.320137e+07 1.037105e+12 5.836507e-01 1.185200e-04 6.764250e-06 1.722331e+06 3.907064e+03 1.348696e+02 1.440384e-01 5.744454e-08 2.152309e-03 7.430161e-01 1.473490e+00 6.637365e-23 3.440905e+13 1.926720e+11 7.759083e+04 2.827348e-03 4.620503e+02 2.240000e-03 1.086762e-49 5.079618e-05 1.840096e-09 4.474804e-02 1.180520e-03 3.152793e+04 2.895241e-10 3.191049e-01 3.027526e-02 1.820218e+00 1.332025e-03 2.186839e-02 3.897182e-18 2.198242e-12 1.265183e-24 0.000000e+00 1.081794e-19 4.804332e-19 0.000000e+00 6.877293e-31 6.316683e-27 7.663116e-26 5.487730e-26 1.248864e-35 8.438203e-57 0.000000e+00 1.584379e+17 2.425350e+13 1.660183e+13 6.339268e+17 1.505411e-01 5.030039e-07 1.779535e-15 3.550894e-10 1.513199e+00 6.802566e+00 5.778922e-03 2.049649e+03 1.914024e-11 3.970764e-06 1.552306e-07 3.218250e-18 9.921059e-27 0.000000e+00 4.676107e+00 1.645981e-04 6.448914e-03 0.000000e+00 7.384942e-29 4.982435e-28 0.000000e+00 0.000000e+00 0.000000e+00 0.000000e+00 3.229121e-10 0.000000e+00 0.000000e+00 0.000000e+00 0.000000e+00 0.000000e+00 0.000000e+00 0.000000e+00 0.000000e+00 0.000000e+00 0.000000e+00 0.000000e+00 0.000000e+00 0.000000e+00 0.000000e+00 0.000000e+00 0.000000e+00 0.000000e+00 0.000000e+00 0.000000e+00 0.000000e+00 0.000000e+00 0.000000e+00 0.000000e+00 0.000000e+00 0.000000e+00 2.073257e-37 1.351542e-15 9.485372e-18 6.110189e-11 2.341786e-19 0.000000e+00
29.000000 28.000000 30.000000 180.116375 1.351230e+03 5.319765e+08 1.235621e+09 7.594116e+05 1.982917e+05 1.690928e+07 1.526570e+07 4.388969e+11 1.066902e+00 5.167252e-05 4.773896e-06 1.186816e+06 3.133028e+03 6.211092e+01 7.638678e-02 1.239256e-08 1.272117e-03 5.658502e-01 6.411461e-01 3.557005e-22 3.098346e+13 1.319936e+11 6.407175e+04 7.382529e-04 1.294856e+02 1.308459e-03 3.071693e-50 2.535911e-05 6.798713e-10 2.183759e-02 5.164658e-04 2.071844e+04 4.560105e-10 3.490013e-01 3.825861e-02 1.164372e+00 1.148267e-03 1.810349e-02 3.418090e-18 1.119418e-12 0.000000e+00 0.000000e+00 0.000000e+00 0.000000e+00 0.000000e+00 0.000000e+00 0.000000e+00 0.000000e+00 0.000000e+00 0.000000e+00 0.000000e+00 0.000000e+00 1.086352e+17 1.662683e+13 1.507561e+13 4.346906e+17 2.304429e-01 5.582500e-07 5.145804e-15 3.596280e-10 1.542878e+00 8.047145e+00 6.671793e-03 1.893124e+03 1.613079e-11 1.922719e-06 7.529965e-08 1.374702e-18 0.000000e+00 0.000000e+00 1.132315e+00 1.326825e-04 5.611865e-03 0.000000e+00 0.000000e+00 0.000000e+00 0.000000e+00 0.000000e+00 0.000000e+00 0.000000e+00 2.119523e-10 0.000000e+00 0.000000e+00 0.000000e+00 0.000000e+00 0.000000e+00 0.000000e+00 0.000000e+00 0.000000e+00 0.000000e+00 0.000000e+00 0.000000e+00 0.000000e+00 0.000000e+00 0.000000e+00 0.000000e+00 0.000000e+00 0.000000e+00 0.000000e+00 0.000000e+00 0.000000e+00 0.000000e+00 0.000000e+00 0.000000e+00 0.000000e+00 0.000000e+00 1.490985e-38 3.672163e-16 3.555959e-18 4.181160e-11 5.602559e-20 0.000000e+00
31.000000 30.000000 32.000000 175.319255 8.928960e+02 8.393112e+08 1.233555e+09 1.308086e+06 2.476391e+05 1.119184e+07 6.920243e+06 1.783449e+11 1.546430e+00 1.743576e-05 2.605940e-06 7.513344e+05 2.393399e+03 2.653977e+01 3.630798e-02 2.200834e-09 7.168531e-04 4.022442e-01 2.519132e-01 1.981015e-21 2.725397e+13 8.952323e+10 5.296148e+04 1.866195e-04 4.029188e+01 7.548244e-04 8.739714e-51 1.383379e-05 2.480639e-10 1.069033e-02 2.256269e-04 1.354489e+04 1.006296e-09 4.434596e-01 4.534849e-02 7.240588e-01 9.998683e-04 1.472663e-02 2.612221e-18 5.590537e-13 0.000000e+00 0.000000e+00 0.000000e+00 0.000000e+00 0.000000e+00 0.000000e+00 0.000000e+00 0.000000e+00 0.000000e+00 0.000000e+00 0.000000e+00 0.000000e+00 7.374440e+16 1.128617e+13 1.334290e+13 2.951039e+17 3.373122e-01 4.954647e-07 1.503596e-14 3.631877e-10 1.620989e+00 9.363096e+00 7.482056e-03 1.717949e+03 1.484991e-11 9.048824e-07 3.262832e-08 4.688193e-19 0.000000e+00 0.000000e+00 2.475563e-01 1.061850e-04 4.803862e-03 0.000000e+00 0.000000e+00 0.000000e+00 0.000000e+00 0.000000e+00 0.000000e+00 0.000000e+00 1.392082e-10 0.000000e+00 0.000000e+00 0.000000e+00 0.000000e+00 0.000000e+00 0.000000e+00 0.000000e+00 0.000000e+00 0.000000e+00 0.000000e+00 0.000000e+00 0.000000e+00 0.000000e+00 0.000000e+00 0.000000e+00 0.000000e+00 0.000000e+00 0.000000e+00 0.000000e+00 0.000000e+00 0.000000e+00 0.000000e+00 0.000000e+00 0.000000e+00 0.000000e+00 3.883786e-40 5.885307e-17 7.735033e-19 2.307627e-11 1.045302e-20 0.000000e+00
33.000000 32.000000 34.000000 171.734594 5.841222e+02 1.239302e+09 1.085356e+09 2.238018e+06 2.971671e+05 7.464399e+06 3.162334e+06 8.840920e+10 1.922380e+00 5.181097e-06 1.227862e-06 4.331591e+05 1.732514e+03 1.096335e+01 1.511502e-02 3.234481e-10 3.985340e-04 2.514505e-01 8.832202e-02 1.128834e-20 2.327561e+13 5.973088e+10 4.133180e+04 5.640366e-05 1.852458e+01 4.024444e-04 4.241248e-51 8.154509e-06 1.007871e-10 5.384063e-03 1.040188e-04 8.753620e+03 2.609509e-09 5.651594e-01 4.759221e-02 4.428775e-01 8.647297e-04 1.163542e-02 2.042178e-18 3.017871e-13 0.000000e+00 0.000000e+00 0.000000e+00 0.000000e+00 0.000000e+00 0.000000e+00 0.000000e+00 0.000000e+00 0.000000e+00 0.000000e+00 0.000000e+00 0.000000e+00 4.924464e+16 7.537440e+12 1.144735e+13 1.970831e+17 4.425073e-01 4.067239e-07 4.366411e-14 3.709491e-10 1.680247e+00 1.078730e+01 7.630441e-03 1.454231e+03 1.450623e-11 4.067680e-07 1.202858e-08 1.624789e-19 0.000000e+00 0.000000e+00 5.069693e-02 7.954652e-05 4.018541e-03 0.000000e+00 0.000000e+00 0.000000e+00 0.000000e+00 0.000000e+00 0.000000e+00 0.000000e+00 9.748391e-11 0.000000e+00 0.000000e+00 0.000000e+00 0.000000e+00 0.000000e+00 0.000000e+00 0.000000e+00 0.000000e+00 0.000000e+00 0.000000e+00 0.000000e+00 0.000000e+00 0.000000e+00 0.000000e+00 0.000000e+00 0.000000e+00 0.000000e+00 0.000000e+00 0.000000e+00 0.000000e+00 0.000000e+00 0.000000e+00 0.000000e+00 0.000000e+00 0.000000e+00 4.857803e-42 6.325840e-18 1.210931e-19 1.092940e-11 1.817603e-21 0.000000e+00
35.000000 34.000000 36.000000 169.760451 3.796448e+02 1.675196e+09 8.253251e+08 3.781431e+06 3.387587e+05 5.147999e+06 1.519346e+06 5.729946e+10 2.237991e+00 1.543272e-06 5.544921e-07 2.285265e+05 1.198880e+03 4.548961e+00 5.597340e-03 4.126478e-11 2.256812e-04 1.370114e-01 2.820691e-02 6.412178e-20 1.946307e+13 3.923458e+10 2.935959e+04 2.229516e-05 1.456324e+01 1.916945e-04 4.374028e-51 5.168319e-06 4.820441e-11 2.833821e-03 5.205042e-05 5.589169e+03 6.639604e-09 6.590531e-01 4.142757e-02 2.697115e-01 7.304133e-04 8.949752e-03 1.921218e-18 1.850388e-13 0.000000e+00 0.000000e+00 0.000000e+00 0.000000e+00 0.000000e+00 0.000000e+00 0.000000e+00 0.000000e+00 0.000000e+00 0.000000e+00 0.000000e+00 0.000000e+00 3.237413e+16 4.956683e+12 9.606097e+12 1.295819e+17 5.111792e-01 3.500460e-07 1.243125e-13 3.848708e-10 1.630184e+00 1.228693e+01 6.894455e-03 1.129213e+03 1.475657e-11 1.695974e-07 3.777723e-09 6.741981e-20 0.000000e+00 0.000000e+00 1.027313e-02 5.317357e-05 3.311333e-03 0.000000e+00 0.000000e+00 0.000000e+00 0.000000e+00 0.000000e+00 0.000000e+00 0.000000e+00 7.491426e-11 0.000000e+00 0.000000e+00 0.000000e+00 0.000000e+00 0.000000e+00 0.000000e+00 0.000000e+00 0.000000e+00 0.000000e+00 0.000000e+00 0.000000e+00 0.000000e+00 0.000000e+00 0.000000e+00 0.000000e+00 0.000000e+00 0.000000e+00 0.000000e+00 0.000000e+00 0.000000e+00 0.000000e+00 0.000000e+00 0.000000e+00 0.000000e+00 0.000000e+00 3.885924e-44 5.254131e-19 1.688099e-20 4.658281e-12 3.369322e-22 0.000000e+00
37.000000 36.000000 38.000000 169.199062 2.460303e+02 2.176740e+09 5.732669e+08 6.317200e+06 3.691766e+05 3.525350e+06 7.093931e+05 3.622213e+10 2.495236e+00 4.361439e-07 2.347391e-07 1.137884e+05 8.029827e+02 1.834779e+00 1.880573e-03 4.531893e-12 1.264970e-04 6.670619e-02 8.062645e-03 3.795258e-19 1.594868e+13 2.548452e+10 1.943767e+04 1.130043e-05 1.511551e+01 7.838734e-05 8.329863e-51 3.247110e-06 2.571838e-11 1.503747e-03 2.719103e-05 3.541291e+03 1.598036e-08 6.847873e-01 3.029490e-02 1.623676e-01 6.085190e-04 6.700172e-03 2.246227e-18 1.237948e-13 0.000000e+00 0.000000e+00 0.000000e+00 0.000000e+00 0.000000e+00 0.000000e+00 0.000000e+00 0.000000e+00 0.000000e+00 0.000000e+00 0.000000e+00 0.000000e+00 2.104650e+16 3.223922e+12 7.892667e+12 8.425476e+16 5.472572e-01 3.081313e-07 3.628107e-13 4.073517e-10 1.476727e+00 1.381131e+01 5.827745e-03 8.138441e+02 1.423699e-11 6.379242e-08 1.037768e-09 3.092815e-20 0.000000e+00 0.000000e+00 1.926228e-03 3.161522e-05 2.691631e-03 0.000000e+00 0.000000e+00 0.000000e+00 0.000000e+00 0.000000e+00 0.000000e+00 0.000000e+00 6.056510e-11 0.000000e+00 0.000000e+00 0.000000e+00 0.000000e+00 0.000000e+00 0.000000e+00 0.000000e+00 0.000000e+00 0.000000e+00 0.000000e+00 0.000000e+00 0.000000e+00 0.000000e+00 0.000000e+00 0.000000e+00 0.000000e+00 0.000000e+00 0.000000e+00 0.000000e+00 0.000000e+00 0.000000e+00 0.000000e+00 0.000000e+00 0.000000e+00 0.000000e+00 2.390517e-46 3.640031e-20 2.030402e-21 1.744243e-12 6.419762e-23 0.000000e+00
39.000000 38.000000 40.000000 169.828843 1.595162e+02 2.738407e+09 3.717458e+08 1.039513e+07 3.853253e+05 2.403630e+06 3.239505e+05 2.241031e+10 2.697521e+00 1.190657e-07 9.458730e-08 5.467406e+04 5.270203e+02 7.293966e-01 5.894374e-04 4.473619e-13 7.058683e-05 2.965937e-02 2.112789e-03 2.262489e-18 1.291321e+13 1.644354e+10 1.212843e+04 6.753156e-06 1.674217e+01 2.712714e-05 2.561145e-50 1.988923e-06 1.493000e-11 8.025259e-04 1.472387e-05 2.234685e+03 3.548229e-08 6.244801e-01 1.843165e-02 9.635800e-02 4.971113e-04 4.910884e-03 3.075603e-18 8.957292e-14 0.000000e+00 0.000000e+00 0.000000e+00 0.000000e+00 0.000000e+00 0.000000e+00 0.000000e+00 0.000000e+00 0.000000e+00 0.000000e+00 0.000000e+00 0.000000e+00 1.359249e+16 2.083540e+12 6.403660e+12 5.442490e+16 5.523099e-01 2.741268e-07 1.063186e-12 4.362461e-10 1.220235e+00 1.524684e+01 4.668426e-03 5.490490e+02 1.261861e-11 2.153577e-08 2.583575e-10 1.539176e-20 0.000000e+00 0.000000e+00 3.423258e-04 1.634366e-05 2.177072e-03 0.000000e+00 0.000000e+00 0.000000e+00 0.000000e+00 0.000000e+00 0.000000e+00 0.000000e+00 5.096252e-11 0.000000e+00 0.000000e+00 0.000000e+00 0.000000e+00 0.000000e+00 0.000000e+00 0.000000e+00 0.000000e+00 0.000000e+00 0.000000e+00 0.000000e+00 0.000000e+00 0.000000e+00 0.000000e+00 0.000000e+00 0.000000e+00 0.000000e+00 0.000000e+00 0.000000e+00 0.000000e+00 0.000000e+00 0.000000e+00 0.000000e+00 0.000000e+00 0.000000e+00 1.286618e-48 2.223774e-21 2.186750e-22 5.661153e-13 1.226176e-23 0.000000e+00
41.000000 40.000000 42.000000 170.470983 1.036400e+02 3.361706e+09 2.335568e+08 1.670546e+07 3.896401e+05 1.633497e+06 1.474365e+05 1.368810e+10 2.828591e+00 3.198449e-08 3.679156e-08 2.614167e+04 3.435371e+02 2.909426e-01 1.803404e-04 4.254204e-14 3.920635e-05 1.267688e-02 5.378853e-04 1.256973e-17 1.038362e+13 1.063012e+10 7.285091e+03 3.539158e-06 1.858728e+01 8.061068e-06 7.112334e-50 1.204930e-06 8.660045e-12 4.281858e-04 7.975554e-06 1.416327e+03 7.487373e-08 5.056585e-01 9.534784e-03 5.599191e-02 3.954738e-04 3.550522e-03 4.332235e-18 6.450318e-14 0.000000e+00 0.000000e+00 0.000000e+00 0.000000e+00 0.000000e+00 0.000000e+00 0.000000e+00 0.000000e+00 0.000000e+00 0.000000e+00 0.000000e+00 0.000000e+00 8.795952e+15 1.349450e+12 5.157153e+12 3.522742e+16 5.384202e-01 2.411784e-07 2.951090e-12 4.523996e-10 8.952031e-01 1.625848e+01 3.642980e-03 3.587370e+02 1.034786e-11 6.596863e-09 6.246978e-11 7.607466e-21 0.000000e+00 0.000000e+00 6.061418e-05 7.224154e-06 1.762114e-03 0.000000e+00 0.000000e+00 0.000000e+00 0.000000e+00 0.000000e+00 0.000000e+00 0.000000e+00 4.273791e-11 0.000000e+00 0.000000e+00 0.000000e+00 0.000000e+00 0.000000e+00 0.000000e+00 0.000000e+00 0.000000e+00 0.000000e+00 0.000000e+00 0.000000e+00 0.000000e+00 0.000000e+00 0.000000e+00 0.000000e+00 0.000000e+00 0.000000e+00 0.000000e+00 0.000000e+00 0.000000e+00 0.000000e+00 0.000000e+00 0.000000e+00 0.000000e+00 0.000000e+00 6.958536e-51 1.289183e-22 2.189142e-23 1.572297e-13 2.235062e-24 0.000000e+00
43.000000 42.000000 44.000000 171.315032 6.746619e+01 4.087347e+09 1.436289e+08 2.648989e+07 3.826195e+05 1.100209e+06 6.582494e+04 8.234978e+09 2.878449e+00 8.369406e-09 1.369696e-08 1.253130e+04 2.228017e+02 1.155708e-01 5.397498e-05 3.831467e-15 2.161380e-05 5.211087e-03 1.321204e-04 6.641784e-17 8.304519e+12 6.875737e+09 4.293683e+03 1.693611e-06 2.052411e+01 2.029895e-06 1.885830e-49 7.026139e-07 5.011064e-12 2.265211e-04 4.307345e-06 8.995441e+02 1.485359e-07 3.928472e-01 4.501903e-03 3.182848e-02 3.053894e-04 2.542220e-03 6.063009e-18 4.676353e-14 0.000000e+00 0.000000e+00 0.000000e+00 0.000000e+00 0.000000e+00 0.000000e+00 0.000000e+00 0.000000e+00 0.000000e+00 0.000000e+00 0.000000e+00 0.000000e+00 5.696082e+15 8.747682e+11 4.129170e+12 2.281888e+16 5.134837e-01 2.067546e-07 7.842168e-12 4.586309e-10 5.836595e-01 1.699977e+01 2.795543e-03 2.267310e+02 7.455186e-12 1.843997e-09 1.450412e-11 3.672551e-21 0.000000e+00 0.000000e+00 1.051849e-05 2.721147e-06 1.430306e-03 0.000000e+00 0.000000e+00 0.000000e+00 0.000000e+00 0.000000e+00 0.000000e+00 0.000000e+00 3.566993e-11 0.000000e+00 0.000000e+00 0.000000e+00 0.000000e+00 0.000000e+00 0.000000e+00 0.000000e+00 0.000000e+00 0.000000e+00 0.000000e+00 0.000000e+00 0.000000e+00 0.000000e+00 0.000000e+00 0.000000e+00 0.000000e+00 0.000000e+00 0.000000e+00 0.000000e+00 0.000000e+00 0.000000e+00 0.000000e+00 0.000000e+00 0.000000e+00 0.000000e+00 4.004415e-53 7.048514e-24 2.007169e-24 3.693362e-14 3.808846e-25 0.000000e+00
45.000000 44.000000 46.000000 173.634045 4.409423e+01 5.055731e+09 8.546617e+07 4.242153e+07 3.628223e+05 7.162393e+05 2.700728e+04 4.866525e+09 2.835920e+00 2.050909e-09 4.728641e-09 6.094752e+03 1.431888e+02 4.447204e-02 1.542014e-05 3.040758e-16 1.174831e-05 1.993822e-03 2.971024e-05 3.676679e-16 6.532821e+12 4.426270e+09 2.503591e+03 9.542176e-07 2.204441e+01 4.097375e-07 8.056903e-49 3.726871e-07 3.070639e-12 1.183920e-04 2.383334e-06 5.693811e+02 2.616517e-07 3.221734e-01 2.108802e-03 1.766292e-02 2.333710e-04 1.798336e-03 8.427349e-18 3.726681e-14 0.000000e+00 0.000000e+00 0.000000e+00 0.000000e+00 0.000000e+00 0.000000e+00 0.000000e+00 0.000000e+00 0.000000e+00 0.000000e+00 0.000000e+00 0.000000e+00 3.671920e+15 5.645550e+11 3.250536e+12 1.471469e+16 4.784199e-01 1.700426e-07 2.111177e-11 4.825710e-10 3.447525e-01 1.804610e+01 2.116793e-03 1.350323e+02 4.314779e-12 4.702074e-10 3.041002e-12 1.777081e-21 0.000000e+00 0.000000e+00 1.654067e-06 8.614417e-07 1.151564e-03 0.000000e+00 0.000000e+00 0.000000e+00 0.000000e+00 0.000000e+00 0.000000e+00 0.000000e+00 3.061690e-11 0.000000e+00 0.000000e+00 0.000000e+00 0.000000e+00 0.000000e+00 0.000000e+00 0.000000e+00 0.000000e+00 0.000000e+00 0.000000e+00 0.000000e+00 0.000000e+00 0.000000e+00 0.000000e+00 0.000000e+00 0.000000e+00 0.000000e+00 0.000000e+00 0.000000e+00 0.000000e+00 0.000000e+00 0.000000e+00 0.000000e+00 0.000000e+00 0.000000e+00 2.656668e-55 3.415487e-25 1.592464e-25 7.297939e-15 6.273559e-26 0.000000e+00
47.000000 46.000000 48.000000 177.021020 2.903307e+01 6.306602e+09 4.975851e+07 6.812120e+07 3.314239e+05 4.605426e+05 1.066839e+04 2.835298e+09 2.749708e+00 5.023248e-10 1.584200e-09 3.018907e+03 9.176308e+01 1.701141e-02 4.317512e-06 2.243166e-17 6.366700e-06 7.221270e-04 6.311718e-06 1.922640e-15 5.120400e+12 2.852674e+09 1.450482e+03 5.956706e-07 2.321942e+01 7.169578e-08 4.600183e-48 1.895438e-07 1.999868e-12 6.247443e-05 1.364306e-06 3.608772e+02 4.173048e-07 2.994686e-01 9.991543e-04 9.668537e-03 1.732604e-04 1.275830e-03 1.080861e-17 3.286425e-14 0.000000e+00 0.000000e+00 0.000000e+00 0.000000e+00 0.000000e+00 0.000000e+00 0.000000e+00 0.000000e+00 0.000000e+00 0.000000e+00 0.000000e+00 0.000000e+00 2.370552e+15 3.649261e+11 2.548584e+12 9.503249e+15 4.368860e-01 1.371863e-07 5.308847e-11 5.241339e-10 1.904668e-01 1.927530e+01 1.573549e-03 7.641309e+01 2.138587e-12 1.158331e-10 5.892655e-13 8.885669e-22 0.000000e+00 0.000000e+00 2.502086e-07 2.428350e-07 9.332784e-04 0.000000e+00 0.000000e+00 0.000000e+00 0.000000e+00 0.000000e+00 0.000000e+00 0.000000e+00 2.713166e-11 0.000000e+00 0.000000e+00 0.000000e+00 0.000000e+00 0.000000e+00 0.000000e+00 0.000000e+00 0.000000e+00 0.000000e+00 0.000000e+00 0.000000e+00 0.000000e+00 0.000000e+00 0.000000e+00 0.000000e+00 0.000000e+00 0.000000e+00 0.000000e+00 0.000000e+00 0.000000e+00 0.000000e+00 0.000000e+00 0.000000e+00 0.000000e+00 0.000000e+00 2.075471e-57 1.528123e-26 1.187483e-26 1.271167e-15 1.024643e-26 0.000000e+00
49.000000 48.000000 50.000000 179.887397 1.926713e+01 7.974662e+09 2.950817e+07 1.088917e+08 2.941724e+05 2.960237e+05 4.228893e+03 1.643729e+09 2.675648e+00 1.316299e-10 5.407502e-10 1.543999e+03 5.914257e+01 6.627994e-03 1.244050e-06 1.706648e-18 3.433560e-06 2.602839e-04 1.350836e-06 8.262275e-15 4.035892e+12 1.858088e+09 8.365197e+02 3.138361e-07 2.405362e+01 1.204196e-08 1.784608e-47 9.681971e-08 1.264202e-12 3.318548e-05 7.749914e-07 2.310907e+02 1.296999e-06 3.355360e-01 4.684926e-04 5.255953e-03 1.208090e-04 9.209960e-04 1.154307e-17 2.853930e-14 0.000000e+00 0.000000e+00 0.000000e+00 0.000000e+00 0.000000e+00 0.000000e+00 0.000000e+00 0.000000e+00 0.000000e+00 0.000000e+00 0.000000e+00 0.000000e+00 1.547403e+15 2.385069e+11 2.008535e+12 6.206125e+15 4.009101e-01 1.103230e-07 1.110825e-10 5.602382e-10 1.000023e-01 2.030610e+01 1.174942e-03 4.258148e+01 9.713797e-13 2.949304e-11 1.152632e-13 4.278360e-22 0.000000e+00 0.000000e+00 3.924303e-08 6.524532e-08 7.697497e-04 0.000000e+00 0.000000e+00 0.000000e+00 0.000000e+00 0.000000e+00 0.000000e+00 0.000000e+00 2.359125e-11 0.000000e+00 0.000000e+00 0.000000e+00 0.000000e+00 0.000000e+00 0.000000e+00 0.000000e+00 0.000000e+00 0.000000e+00 0.000000e+00 0.000000e+00 0.000000e+00 0.000000e+00 0.000000e+00 0.000000e+00 0.000000e+00 0.000000e+00 0.000000e+00 0.000000e+00 0.000000e+00 0.000000e+00 0.000000e+00 0.000000e+00 0.000000e+00 0.000000e+00 1.943183e-59 7.047531e-28 9.183777e-28 2.070711e-16 1.657927e-27 0.000000e+00
51.000000 50.000000 52.000000 181.413729 1.285325e+01 1.129366e+10 1.992298e+07 1.661194e+08 2.333953e+05 1.656824e+05 1.324646e+03 9.525703e+08 2.758724e+00 3.447444e-11 1.849035e-10 8.250204e+02 3.818564e+01 2.546568e-03 3.822527e-07 1.382356e-19 1.591307e-06 8.675604e-05 2.686202e-07 2.855471e-14 3.190830e+12 1.225158e+09 4.786496e+02 1.199266e-07 2.415639e+01 1.759805e-09 2.656655e-47 4.202821e-08 6.495240e-13 1.583743e-05 3.828930e-07 1.497381e+02 1.917574e-05 4.552611e-01 2.238738e-04 2.600251e-03 7.753302e-05 6.785384e-04 9.563429e-18 2.154292e-14 0.000000e+00 0.000000e+00 0.000000e+00 0.000000e+00 0.000000e+00 0.000000e+00 0.000000e+00 0.000000e+00 0.000000e+00 0.000000e+00 0.000000e+00 0.000000e+00 1.023078e+15 1.578608e+11 1.586244e+12 4.105323e+15 4.115832e-01 8.115338e-08 1.974555e-10 5.641711e-10 4.646510e-02 1.977422e+01 9.750584e-04 2.158692e+01 3.280597e-13 8.307525e-12 2.508165e-14 1.591783e-22 0.000000e+00 0.000000e+00 5.525242e-09 1.590390e-08 6.449850e-04 0.000000e+00 0.000000e+00 0.000000e+00 0.000000e+00 0.000000e+00 0.000000e+00 0.000000e+00 3.371147e-11 0.000000e+00 0.000000e+00 0.000000e+00 0.000000e+00 0.000000e+00 0.000000e+00 0.000000e+00 0.000000e+00 0.000000e+00 0.000000e+00 0.000000e+00 0.000000e+00 0.000000e+00 0.000000e+00 0.000000e+00 0.000000e+00 0.000000e+00 0.000000e+00 0.000000e+00 0.000000e+00 0.000000e+00 0.000000e+00 0.000000e+00 0.000000e+00 0.000000e+00 2.218169e-61 3.538562e-29 7.259576e-29 3.192399e-17 2.561948e-28 0.000000e+00
53.000000 52.000000 54.000000 182.168625 8.597897e+00 1.911618e+10 1.662185e+07 2.360247e+08 1.519475e+05 7.506675e+04 2.806672e+02 5.341341e+08 3.133973e+00 8.781887e-12 6.303538e-11 4.424267e+02 2.417841e+01 9.813219e-04 1.269988e-07 1.201685e-20 5.654762e-07 2.368346e-05 4.492131e-08 2.089930e-12 2.593332e+12 8.122186e+08 2.780370e+02 3.690388e-08 2.384617e+01 2.052833e-10 1.874877e-47 1.531516e-08 2.954880e-13 7.165482e-06 1.758309e-07 9.707564e+01 3.358581e-04 7.389411e-01 1.279177e-04 1.220776e-03 5.260555e-05 5.198209e-04 1.571283e-16 1.570148e-14 0.000000e+00 0.000000e+00 0.000000e+00 0.000000e+00 0.000000e+00 0.000000e+00 0.000000e+00 0.000000e+00 0.000000e+00 0.000000e+00 0.000000e+00 0.000000e+00 6.810616e+14 1.051941e+11 1.284801e+12 2.734782e+15 5.178479e-01 5.159883e-08 8.212233e-09 9.924164e-10 1.985799e-02 1.673864e+01 9.318015e-04 8.869608e+00 7.874247e-14 2.846156e-12 6.290583e-15 4.847309e-23 0.000000e+00 0.000000e+00 6.443592e-10 3.702637e-09 5.704742e-04 0.000000e+00 0.000000e+00 0.000000e+00 0.000000e+00 0.000000e+00 0.000000e+00 0.000000e+00 9.102865e-09 0.000000e+00 0.000000e+00 0.000000e+00 0.000000e+00 0.000000e+00 0.000000e+00 0.000000e+00 0.000000e+00 0.000000e+00 0.000000e+00 0.000000e+00 0.000000e+00 0.000000e+00 0.000000e+00 0.000000e+00 0.000000e+00 0.000000e+00 0.000000e+00 0.000000e+00 0.000000e+00 0.000000e+00 0.000000e+00 0.000000e+00 0.000000e+00 0.000000e+00 2.544386e-63 1.876253e-30 5.622951e-30 4.335231e-18 3.458102e-29 0.000000e+00
55.000000 54.000000 56.000000 182.987336 5.762680e+00 3.578550e+10 1.591115e+07 2.849294e+08 7.597593e+04 2.648505e+04 3.754779e+01 2.867711e+08 3.609806e+00 2.103177e-12 2.171025e-11 2.373525e+02 1.464164e+01 3.832618e-04 4.195114e-08 1.049227e-21 1.477693e-07 4.754690e-06 5.958162e-09 4.043512e-10 2.142408e+12 5.380461e+08 1.667128e+02 1.144440e-08 2.065763e+01 2.010371e-11 1.971245e-47 1.046332e-08 1.828503e-13 4.383781e-06 9.479577e-08 6.245437e+01 4.161037e-03 1.206715e+00 1.144773e-04 6.588231e-04 4.889583e-05 4.138432e-04 7.436811e-15 1.299139e-14 0.000000e+00 0.000000e+00 0.000000e+00 0.000000e+00 0.000000e+00 0.000000e+00 0.000000e+00 0.000000e+00 0.000000e+00 0.000000e+00 0.000000e+00 0.000000e+00 4.540224e+14 7.019286e+10 1.051796e+12 1.824766e+15 7.489159e-01 2.558344e-08 1.073717e-06 1.098400e-07 9.257366e-03 1.067788e+01 9.284541e-04 2.637181e+00 3.221162e-14 1.067551e-12 1.653371e-15 1.840293e-23 0.000000e+00 0.000000e+00 5.954809e-11 9.452028e-10 5.277418e-04 0.000000e+00 0.000000e+00 0.000000e+00 0.000000e+00 0.000000e+00 0.000000e+00 0.000000e+00 3.087034e-06 0.000000e+00 0.000000e+00 0.000000e+00 0.000000e+00 0.000000e+00 0.000000e+00 0.000000e+00 0.000000e+00 0.000000e+00 0.000000e+00 0.000000e+00 0.000000e+00 0.000000e+00 0.000000e+00 0.000000e+00 0.000000e+00 0.000000e+00 0.000000e+00 0.000000e+00 0.000000e+00 0.000000e+00 0.000000e+00 0.000000e+00 0.000000e+00 0.000000e+00 2.921706e-65 1.202434e-31 4.425805e-31 5.609698e-19 4.615387e-30 0.000000e+00
57.000000 56.000000 58.000000 183.943119 3.870704e+00 6.084847e+10 1.449426e+07 2.915708e+08 3.413768e+04 8.743701e+03 4.208227e+00 1.473536e+08 3.707028e+00 5.220394e-13 8.543885e-12 1.272894e+02 8.508524e+00 1.485855e-04 1.250369e-08 8.228504e-23 3.463709e-08 8.218749e-07 6.955792e-10 3.479383e-09 1.789839e+12 3.556354e+08 1.019790e+02 4.043689e-09 1.437211e+01 1.910394e-12 6.936269e-47 2.499766e-08 1.721670e-13 3.961152e-06 6.108744e-08 3.976738e+01 2.289965e-02 1.791338e+00 1.391451e-04 4.158914e-04 5.467432e-05 3.427340e-04 2.049207e-14 1.212664e-14 0.000000e+00 0.000000e+00 0.000000e+00 0.000000e+00 0.000000e+00 0.000000e+00 0.000000e+00 0.000000e+00 0.000000e+00 0.000000e+00 0.000000e+00 0.000000e+00 3.030170e+14 4.689365e+10 8.634952e+11 1.219299e+15 1.036179e+00 1.056727e-08 7.382284e-06 1.271641e-06 5.121033e-03 5.281809e+00 8.080741e-04 6.597206e-01 4.923701e-14 3.514161e-13 3.761965e-16 1.043018e-23 0.000000e+00 0.000000e+00 5.058883e-12 2.857246e-10 5.061178e-04 0.000000e+00 0.000000e+00 0.000000e+00 0.000000e+00 0.000000e+00 0.000000e+00 0.000000e+00 5.202931e-05 0.000000e+00 0.000000e+00 0.000000e+00 0.000000e+00 0.000000e+00 0.000000e+00 0.000000e+00 0.000000e+00 0.000000e+00 0.000000e+00 0.000000e+00 0.000000e+00 0.000000e+00 0.000000e+00 0.000000e+00 0.000000e+00 0.000000e+00 0.000000e+00 0.000000e+00 0.000000e+00 0.000000e+00 0.000000e+00 0.000000e+00 0.000000e+00 0.000000e+00 3.354595e-67 1.156213e-32 4.422230e-32 7.678593e-20 7.431497e-31 0.000000e+00
59.000000 58.000000 60.000000 184.603157 2.605229e+00 9.062120e+10 1.208720e+07 2.652994e+08 1.512659e+04 2.943065e+03 4.686805e-01 7.272861e+07 3.378551e+00 1.430601e-13 4.027804e-12 6.834709e+01 4.828345e+00 5.679834e-05 3.459075e-09 5.922770e-24 8.072346e-09 1.377306e-07 7.824328e-11 2.175968e-08 1.510580e+12 2.346379e+08 6.595644e+01 1.568123e-09 8.231871e+00 1.961085e-13 3.712292e-46 1.045360e-07 2.445003e-13 5.430985e-06 4.016665e-08 2.509271e+01 1.002699e-01 2.412742e+00 1.997711e-04 2.688228e-04 5.977539e-05 2.944994e-04 5.307948e-14 1.186992e-14 0.000000e+00 0.000000e+00 0.000000e+00 0.000000e+00 0.000000e+00 0.000000e+00 0.000000e+00 0.000000e+00 0.000000e+00 0.000000e+00 0.000000e+00 0.000000e+00 2.029102e+14 3.143676e+10 7.093143e+11 8.177320e+14 1.324309e+00 3.947040e-09 4.156258e-05 9.699522e-06 3.241156e-03 2.277172e+00 6.178049e-04 1.572998e-01 1.465714e-13 1.014430e-13 7.453379e-17 9.043990e-24 0.000000e+00 0.000000e+00 4.328817e-13 9.952675e-11 4.967456e-04 0.000000e+00 0.000000e+00 0.000000e+00 0.000000e+00 0.000000e+00 0.000000e+00 0.000000e+00 6.416603e-04 0.000000e+00 0.000000e+00 0.000000e+00 0.000000e+00 0.000000e+00 0.000000e+00 0.000000e+00 0.000000e+00 0.000000e+00 0.000000e+00 0.000000e+00 0.000000e+00 0.000000e+00 0.000000e+00 0.000000e+00 0.000000e+00 0.000000e+00 0.000000e+00 0.000000e+00 0.000000e+00 0.000000e+00 0.000000e+00 0.000000e+00 0.000000e+00 0.000000e+00 3.856102e-69 1.805807e-33 6.358670e-33 1.242909e-20 2.024634e-31 0.000000e+00
61.000000 60.000000 62.000000 184.132879 1.754607e+00 1.224609e+11 9.556212e+06 2.239124e+08 6.721660e+03 1.023485e+03 5.552024e-02 3.462893e+07 2.840674e+00 4.122467e-14 2.073630e-12 3.688174e+01 2.711299e+00 2.167068e-05 9.386647e-10 4.231133e-25 1.909024e-09 2.341286e-08 8.932616e-12 7.365352e-08 1.288943e+12 1.545632e+08 5.150757e+01 6.268713e-10 4.314471e+00 2.548408e-14 9.082852e-46 3.160025e-07 3.155324e-13 7.240761e-06 2.389113e-08 1.574281e+01 3.438548e-01 3.004055e+00 3.148329e-04 1.632069e-04 5.748828e-05 2.599232e-04 8.991311e-14 1.051637e-14 0.000000e+00 0.000000e+00 0.000000e+00 0.000000e+00 0.000000e+00 0.000000e+00 0.000000e+00 0.000000e+00 0.000000e+00 1.983541e-39 2.869144e-52 0.000000e+00 1.367390e+14 2.120934e+10 5.827933e+11 5.521440e+14 1.632811e+00 1.399708e-09 1.372145e-04 3.768512e-05 2.492413e-03 9.219926e-01 4.468445e-04 3.772013e-02 3.423558e-13 2.826477e-14 1.427853e-17 7.274262e-24 0.000000e+00 0.000000e+00 3.911173e-14 4.324554e-11 4.896604e-04 0.000000e+00 0.000000e+00 0.000000e+00 0.000000e+00 0.000000e+00 0.000000e+00 0.000000e+00 4.220944e-03 0.000000e+00 0.000000e+00 0.000000e+00 0.000000e+00 0.000000e+00 0.000000e+00 0.000000e+00 0.000000e+00 0.000000e+00 0.000000e+00 0.000000e+00 0.000000e+00 0.000000e+00 0.000000e+00 0.000000e+00 0.000000e+00 0.000000e+00 0.000000e+00 0.000000e+00 0.000000e+00 0.000000e+00 0.000000e+00 0.000000e+00 0.000000e+00 0.000000e+00 4.444280e-71 3.758210e-34 1.124133e-33 2.716014e-21 7.760939e-32 0.000000e+00
63.000000 62.000000 64.000000 182.368550 1.179112e+00 1.553177e+11 7.258045e+06 1.799943e+08 2.953008e+03 3.620937e+02 6.967692e-03 1.592127e+07 2.265643e+00 1.144538e-14 1.044810e-12 2.002416e+01 1.509312e+00 8.249255e-06 2.538022e-10 3.067920e-26 4.545685e-10 3.991142e-09 1.033696e-12 2.722780e-07 1.107047e+12 1.010236e+08 7.407764e+01 3.451981e-10 2.263622e+00 6.383611e-15 1.586255e-45 1.145309e-06 5.135912e-13 1.319747e-05 1.248776e-08 9.790754e+00 1.009190e+00 3.467744e+00 5.394337e-04 9.110505e-05 4.803390e-05 2.301965e-04 1.878112e-13 9.061505e-15 1.544943e-22 0.000000e+00 2.979774e-19 2.508985e-19 2.883775e-22 1.754889e-38 1.563704e-31 2.235450e-28 1.111565e-28 8.197605e-38 3.713505e-50 0.000000e+00 9.254637e+13 1.437115e+10 4.755599e+11 3.746358e+14 2.023059e+00 4.801460e-10 5.186715e-04 1.554825e-04 3.554847e-03 3.628989e-01 3.219791e-04 9.068756e-03 1.012932e-12 8.201949e-15 2.800580e-18 7.492157e-24 4.329554e-31 0.000000e+00 3.692650e-15 3.559130e-11 4.708609e-04 0.000000e+00 1.210488e-26 2.034756e-26 0.000000e+00 0.000000e+00 0.000000e+00 0.000000e+00 2.981102e-02 0.000000e+00 0.000000e+00 0.000000e+00 0.000000e+00 0.000000e+00 0.000000e+00 0.000000e+00 0.000000e+00 0.000000e+00 0.000000e+00 0.000000e+00 0.000000e+00 0.000000e+00 0.000000e+00 0.000000e+00 0.000000e+00 0.000000e+00 0.000000e+00 0.000000e+00 0.000000e+00 0.000000e+00 0.000000e+00 0.000000e+00 0.000000e+00 0.000000e+00 5.148782e-73 8.088746e-35 1.947854e-34 1.114091e-21 3.895722e-32 0.000000e+00
65.000000 64.000000 66.000000 181.259995 7.906219e-01 1.883945e+11 5.045480e+06 1.396061e+08 1.239921e+03 1.250646e+02 8.451415e-04 7.010976e+06 1.731063e+00 3.087487e-15 5.352881e-13 1.085681e+01 8.216464e-01 3.045260e-06 6.514706e-11 2.033680e-27 1.066580e-10 6.268212e-10 1.113485e-13 8.940311e-07 9.463316e+11 6.436462e+07 1.877949e+02 3.392341e-10 1.170981e+00 2.851679e-15 3.362979e-45 3.724828e-06 8.501536e-13 2.337879e-05 6.786132e-09 5.927554e+00 2.156338e+00 3.650172e+00 8.790535e-04 5.162044e-05 4.102192e-05 1.967226e-04 3.630846e-13 8.847993e-15 4.614300e-22 0.000000e+00 7.078327e-19 4.995374e-19 4.587774e-22 1.708143e-38 1.102776e-31 2.300072e-28 1.109921e-28 2.679224e-37 3.498501e-49 0.000000e+00 6.223449e+13 9.683686e+09 3.787607e+11 2.527381e+14 2.573236e+00 1.582865e-10 1.756626e-03 5.530819e-04 8.983924e-03 1.483175e-01 2.356313e-04 2.045714e-03 2.804654e-12 2.602357e-15 5.302782e-19 7.842549e-24 2.118834e-31 0.000000e+00 3.264548e-16 4.968591e-11 4.235906e-04 0.000000e+00 2.563934e-26 4.055925e-26 0.000000e+00 0.000000e+00 0.000000e+00 0.000000e+00 1.817155e-01 0.000000e+00 0.000000e+00 0.000000e+00 0.000000e+00 0.000000e+00 0.000000e+00 0.000000e+00 0.000000e+00 0.000000e+00 0.000000e+00 0.000000e+00 0.000000e+00 0.000000e+00 0.000000e+00 0.000000e+00 0.000000e+00 0.000000e+00 0.000000e+00 0.000000e+00 0.000000e+00 0.000000e+00 0.000000e+00 0.000000e+00 0.000000e+00 0.000000e+00 5.993167e-75 1.847919e-35 3.453908e-35 8.747174e-22 2.093992e-32 0.000000e+00
67.000000 66.000000 68.000000 181.259995 5.299883e-01 2.207523e+11 3.188868e+06 1.059690e+08 4.980030e+02 4.200504e+01 9.594351e-05 2.943383e+06 1.281363e+00 8.196711e-16 2.805846e-13 5.882349e+00 4.346266e-01 1.081990e-06 1.574158e-11 1.195466e-28 2.470732e-11 8.949970e-11 1.086309e-14 2.091261e-06 8.064156e+11 3.946951e+07 4.202668e+02 3.703547e-10 6.081389e-01 1.093245e-15 8.240336e-45 8.316198e-06 1.066371e-12 2.914704e-05 3.955875e-09 3.442845e+00 3.301972e+00 3.485464e+00 1.198066e-03 3.011682e-05 3.678017e-05 1.587383e-04 5.028222e-13 8.234132e-15 8.329814e-22 0.000000e+00 9.861626e-19 5.600740e-19 3.112130e-22 1.385007e-38 4.737481e-32 1.392804e-28 6.695773e-29 4.135872e-37 1.097054e-48 0.000000e+00 4.154644e+13 6.486627e+09 2.926897e+11 1.694212e+14 3.540983e+00 5.090258e-11 4.181276e-03 1.353896e-03 2.019317e-02 7.822440e-02 1.845077e-04 4.332672e-04 5.558860e-12 9.825687e-16 9.962510e-20 6.214279e-24 5.557968e-32 0.000000e+00 2.633451e-17 5.816526e-11 3.503090e-04 0.000000e+00 3.011264e-26 4.552818e-26 0.000000e+00 0.000000e+00 0.000000e+00 0.000000e+00 7.570396e-01 0.000000e+00 0.000000e+00 0.000000e+00 0.000000e+00 0.000000e+00 0.000000e+00 0.000000e+00 0.000000e+00 0.000000e+00 0.000000e+00 0.000000e+00 0.000000e+00 0.000000e+00 0.000000e+00 0.000000e+00 0.000000e+00 0.000000e+00 0.000000e+00 0.000000e+00 0.000000e+00 0.000000e+00 0.000000e+00 0.000000e+00 0.000000e+00 0.000000e+00 7.084807e-77 4.479690e-36 6.354419e-36 6.767579e-22 9.210841e-33 0.000000e+00
69.000000 68.000000 70.000000 181.259995 3.552747e-01 2.495322e+11 1.871662e+06 7.954772e+07 1.942910e+02 1.402742e+01 1.066179e-05 1.182872e+06 9.301494e-01 2.079293e-16 1.413589e-13 3.217267e+00 2.240250e-01 3.744187e-07 3.688049e-12 6.593384e-30 5.771775e-12 1.208964e-11 9.960306e-16 3.530370e-06 6.884842e+11 2.307385e+07 7.007828e+02 3.091548e-10 3.365013e-01 3.074880e-16 1.579386e-44 1.317740e-05 9.470802e-13 2.568008e-05 2.200174e-09 1.899793e+00 3.867488e+00 3.028091e+00 1.282783e-03 1.676037e-05 3.081174e-05 1.209546e-04 5.100531e-13 6.302223e-15 7.525583e-22 0.000000e+00 6.669871e-19 2.762046e-19 0.000000e+00 4.972476e-39 1.064580e-32 4.197266e-29 1.943480e-29 3.186149e-37 1.259434e-48 0.000000e+00 2.770252e+13 4.344678e+09 2.193782e+11 1.135707e+14 5.329917e+00 1.646295e-11 7.043344e-03 2.316733e-03 3.354983e-02 6.410551e-02 1.559141e-04 9.041970e-05 8.297081e-12 3.992578e-16 1.958502e-20 3.544280e-24 6.422795e-33 0.000000e+00 2.049514e-18 4.878089e-11 2.686480e-04 0.000000e+00 1.522176e-26 2.228845e-26 0.000000e+00 0.000000e+00 0.000000e+00 0.000000e+00 2.153783e+00 0.000000e+00 0.000000e+00 0.000000e+00 0.000000e+00 0.000000e+00 0.000000e+00 0.000000e+00 0.000000e+00 0.000000e+00 0.000000e+00 0.000000e+00 0.000000e+00 0.000000e+00 0.000000e+00 0.000000e+00 0.000000e+00 0.000000e+00 0.000000e+00 0.000000e+00 0.000000e+00 0.000000e+00 0.000000e+00 0.000000e+00 0.000000e+00 0.000000e+00 9.155112e-79 1.028434e-36 1.088116e-36 3.916467e-22 2.925094e-33 0.000000e+00
71.000000 70.000000 72.000000 181.259995 2.381561e-01 2.708462e+11 1.009525e+06 5.895980e+07 7.336283e+01 4.639961e+00 1.163742e-06 4.534249e+05 6.648295e-01 5.075234e-17 6.938994e-14 1.780253e+00 1.119548e-01 1.255764e-07 8.345086e-13 3.404040e-31 1.369547e-12 1.532448e-12 8.578967e-17 4.550607e-06 5.877539e+11 1.263229e+07 8.781862e+02 1.926100e-10 1.912862e-01 6.347966e-17 2.569156e-44 1.551880e-05 6.208521e-13 1.664890e-05 1.147609e-09 9.775600e-01 3.654051e+00 2.417938e+00 1.111502e-03 8.745356e-06 2.365772e-05 8.769109e-05 4.007251e-13 4.072542e-15 8.646442e-22 0.000000e+00 5.526448e-19 1.792735e-19 0.000000e+00 1.823742e-39 3.215436e-33 1.593473e-29 7.620222e-30 8.999634e-38 4.111458e-49 0.000000e+00 1.844398e+13 2.909656e+09 1.583861e+11 7.613140e+13 8.311716e+00 5.393355e-12 8.835633e-03 2.932120e-03 4.189926e-02 6.351934e-02 1.318095e-04 1.870106e-05 9.958309e-12 1.440692e-16 3.746115e-21 1.529999e-24 9.810833e-34 0.000000e+00 1.531757e-19 2.960294e-11 1.942257e-04 0.000000e+00 1.017493e-26 1.456364e-26 0.000000e+00 0.000000e+00 0.000000e+00 0.000000e+00 4.382797e+00 0.000000e+00 0.000000e+00 0.000000e+00 0.000000e+00 0.000000e+00 0.000000e+00 0.000000e+00 0.000000e+00 0.000000e+00 0.000000e+00 0.000000e+00 0.000000e+00 0.000000e+00 0.000000e+00 0.000000e+00 0.000000e+00 0.000000e+00 0.000000e+00 0.000000e+00 0.000000e+00 0.000000e+00 0.000000e+00 0.000000e+00 0.000000e+00 0.000000e+00 1.545211e-80 2.275202e-37 1.766647e-37 1.698955e-22 6.908433e-34 0.000000e+00
73.000000 72.000000 74.000000 181.259995 1.596464e-01 2.813970e+11 4.964487e+05 4.296862e+07 2.682815e+01 1.509886e+00 1.236855e-07 1.651849e+05 4.690977e-01 1.205887e-17 3.375248e-14 9.963580e-01 5.402151e-02 4.065652e-08 1.817473e-13 1.634571e-32 3.342937e-13 1.816472e-13 6.923136e-18 4.707149e-06 5.004966e+11 6.377169e+06 8.603799e+02 9.201162e-11 1.046490e-01 9.919156e-18 3.773243e-44 1.421739e-05 3.150523e-13 8.319079e-06 5.530700e-10 4.613963e-01 2.937770e+00 1.808076e+00 8.146133e-04 4.215410e-06 1.641972e-05 6.129383e-05 2.566598e-13 2.372081e-15 1.688015e-22 0.000000e+00 7.450613e-20 7.370952e-21 0.000000e+00 1.083613e-40 1.773280e-34 1.011288e-30 2.588697e-31 0.000000e+00 0.000000e+00 0.000000e+00 1.225730e+13 1.948272e+09 1.095025e+11 5.103423e+13 1.271419e+01 1.792960e-12 8.660072e-03 2.888445e-03 4.098809e-02 5.804819e-02 1.035521e-04 3.857971e-06 1.010524e-11 4.262278e-17 6.458022e-22 5.272805e-25 9.582661e-36 0.000000e+00 1.088151e-20 1.346898e-11 1.351183e-04 0.000000e+00 3.640335e-28 5.152556e-28 0.000000e+00 0.000000e+00 0.000000e+00 0.000000e+00 6.671349e+00 0.000000e+00 0.000000e+00 0.000000e+00 0.000000e+00 0.000000e+00 0.000000e+00 0.000000e+00 0.000000e+00 0.000000e+00 0.000000e+00 0.000000e+00 0.000000e+00 0.000000e+00 0.000000e+00 0.000000e+00 0.000000e+00 0.000000e+00 0.000000e+00 0.000000e+00 0.000000e+00 0.000000e+00 0.000000e+00 0.000000e+00 0.000000e+00 0.000000e+00 4.181415e-82 5.028542e-38 2.809299e-38 5.793837e-23 1.279245e-34 0.000000e+00
75.000000 74.000000 76.000000 181.259995 1.070181e-01 2.795945e+11 2.216652e+05 3.072700e+07 9.635737e+00 4.808253e-01 1.268290e-08 5.705725e+04 3.273561e-01 2.823175e-18 1.650767e-14 5.625658e-01 2.512795e-02 1.268641e-08 3.805116e-14 7.278688e-34 8.647420e-14 2.038093e-14 5.278967e-19 4.076609e-06 4.240642e+11 2.940539e+06 6.847114e+02 3.478861e-11 5.287180e-02 1.212707e-18 5.172005e-44 1.053740e-05 1.307902e-13 3.381083e-06 2.442194e-10 1.977264e-01 2.113655e+00 1.292592e+00 5.315130e-04 1.861472e-06 1.022508e-05 4.181267e-05 1.397349e-13 1.344366e-15 1.603725e-22 0.000000e+00 4.662488e-20 6.397731e-21 0.000000e+00 2.351050e-41 5.267351e-35 3.057027e-31 1.250895e-31 5.830778e-39 2.016448e-50 0.000000e+00 8.128055e+12 1.304224e+09 7.220203e+10 3.421051e+13 1.856702e+01 6.058327e-13 6.904710e-03 2.309790e-03 3.264715e-02 4.524531e-02 7.294611e-05 8.066972e-07 8.898478e-12 1.024697e-17 9.657708e-23 1.537384e-25 2.025528e-36 0.000000e+00 7.296746e-22 4.757200e-12 9.199556e-05 0.000000e+00 3.692079e-28 5.149054e-28 0.000000e+00 0.000000e+00 0.000000e+00 0.000000e+00 7.901358e+00 0.000000e+00 0.000000e+00 0.000000e+00 0.000000e+00 0.000000e+00 0.000000e+00 0.000000e+00 0.000000e+00 0.000000e+00 0.000000e+00 0.000000e+00 0.000000e+00 0.000000e+00 0.000000e+00 0.000000e+00 0.000000e+00 0.000000e+00 0.000000e+00 0.000000e+00 0.000000e+00 0.000000e+00 0.000000e+00 0.000000e+00 0.000000e+00 0.000000e+00 1.729344e-83 1.145846e-38 4.505403e-39 1.628209e-23 1.962250e-35 0.000000e+00
77.000000 76.000000 78.000000 181.259995 7.173888e-02 2.661109e+11 8.987856e+04 2.159603e+07 3.524013e+00 1.495146e-01 1.248328e-09 1.868167e+04 2.263213e-01 6.590201e-19 8.201900e-15 3.192683e-01 1.128728e-02 3.822288e-09 7.673158e-15 3.014625e-35 2.494777e-14 2.247202e-15 3.915815e-20 3.070592e-06 3.567715e+11 1.235456e+06 4.577006e+02 1.073027e-11 2.439852e-02 1.198289e-19 6.656848e-44 6.535944e-06 4.767555e-14 1.197734e-06 9.881129e-11 7.672878e-02 1.422451e+00 8.988895e-01 3.254174e-04 7.531249e-07 5.711786e-06 2.807003e-05 6.752269e-14 7.851971e-16 1.753413e-22 0.000000e+00 3.195510e-20 2.838110e-21 0.000000e+00 6.201110e-42 2.048646e-35 1.038440e-31 4.026368e-32 3.489892e-39 8.510711e-51 0.000000e+00 5.376088e+12 8.727914e+08 4.530767e+10 2.293275e+13 2.579942e+01 2.090366e-13 4.633891e-03 1.552927e-03 2.189771e-02 3.009764e-02 4.585601e-05 1.770472e-07 6.890510e-12 2.038419e-18 1.247318e-23 4.070744e-26 2.323569e-37 0.000000e+00 4.614674e-23 1.346471e-12 6.197177e-05 0.000000e+00 1.648478e-28 2.282465e-28 0.000000e+00 0.000000e+00 0.000000e+00 0.000000e+00 7.546885e+00 0.000000e+00 0.000000e+00 0.000000e+00 0.000000e+00 0.000000e+00 0.000000e+00 0.000000e+00 0.000000e+00 0.000000e+00 0.000000e+00 0.000000e+00 0.000000e+00 0.000000e+00 0.000000e+00 0.000000e+00 0.000000e+00 0.000000e+00 0.000000e+00 0.000000e+00 0.000000e+00 0.000000e+00 0.000000e+00 0.000000e+00 0.000000e+00 0.000000e+00 9.169747e-85 2.747933e-39 7.443925e-40 3.922693e-24 2.636847e-36 0.000000e+00
79.000000 78.000000 80.000000 181.259995 4.808970e-02 2.434892e+11 3.321477e+04 1.497387e+07 1.400567e+00 4.537123e-02 1.176994e-10 5.808953e+03 1.552899e-01 1.548763e-19 4.163331e-15 1.814542e-01 4.924527e-03 1.118392e-09 1.498882e-15 1.173049e-36 8.463751e-15 2.612250e-16 2.996322e-21 4.023125e-06 2.976028e+11 4.746319e+05 2.645101e+02 2.776414e-12 1.034865e-02 9.867005e-21 7.785673e-44 3.494271e-06 1.659661e-14 4.014677e-07 3.691846e-11 2.705800e-02 9.270436e-01 6.153142e-01 1.954404e-04 2.813800e-07 2.882298e-06 1.862205e-05 3.318114e-14 4.804571e-16 2.010604e-22 0.000000e+00 2.184746e-20 1.186009e-21 0.000000e+00 1.711619e-42 9.480870e-36 3.610394e-32 1.298794e-32 1.108956e-39 1.719499e-51 0.000000e+00 3.545383e+12 5.838062e+08 2.704136e+10 1.537283e+13 3.440691e+01 7.436723e-14 2.695445e-03 9.043395e-04 1.273375e-02 1.742234e-02 2.600934e-05 4.338181e-08 4.749152e-12 3.450811e-19 1.412544e-24 1.062670e-26 2.835946e-38 0.000000e+00 2.765339e-24 3.143888e-13 4.154419e-05 0.000000e+00 6.918867e-29 9.533113e-29 0.000000e+00 0.000000e+00 0.000000e+00 0.000000e+00 6.007862e+00 0.000000e+00 0.000000e+00 0.000000e+00 0.000000e+00 0.000000e+00 0.000000e+00 0.000000e+00 0.000000e+00 0.000000e+00 0.000000e+00 0.000000e+00 0.000000e+00 0.000000e+00 0.000000e+00 0.000000e+00 0.000000e+00 0.000000e+00 0.000000e+00 0.000000e+00 0.000000e+00 0.000000e+00 0.000000e+00 0.000000e+00 0.000000e+00 0.000000e+00 5.722824e-86 7.005885e-40 1.282505e-40 8.361754e-25 3.285831e-37 0.000000e+00
81.000000 80.000000 82.000000 181.259995 3.223666e-02 2.151528e+11 1.124771e+04 1.028000e+07 6.605454e-01 1.342581e-02 1.062249e-11 1.721417e+03 1.059312e-01 3.685832e-20 2.162600e-15 1.029385e-01 2.108254e-03 3.210649e-10 2.864658e-16 4.366816e-38 3.425741e-15 3.531186e-17 2.590735e-22 1.227211e-03 2.458801e+11 1.679633e+05 1.354375e+02 6.181422e-13 4.083264e-03 6.964042e-22 7.875056e-44 1.651564e-06 5.922315e-15 1.363688e-07 1.291148e-11 8.735324e-03 5.987102e-01 4.175225e-01 1.183342e-04 9.841707e-08 1.331505e-06 1.221718e-05 2.703057e-14 3.034215e-16 2.403003e-22 0.000000e+00 1.481073e-20 4.742692e-22 0.000000e+00 4.814102e-43 4.998314e-36 1.275746e-32 4.304695e-33 2.993790e-40 3.138178e-52 0.000000e+00 2.330244e+12 3.902498e+08 1.535317e+10 1.030510e+13 4.455054e+01 2.783008e-14 1.393332e-03 4.678330e-04 6.581765e-03 8.968970e-03 1.353008e-05 1.290284e-08 2.956250e-12 5.134887e-20 1.438024e-25 2.927411e-27 4.067610e-39 0.000000e+00 1.584238e-25 6.217992e-14 2.778896e-05 0.000000e+00 2.774889e-29 3.810787e-29 0.000000e+00 0.000000e+00 0.000000e+00 0.000000e+00 4.106519e+00 0.000000e+00 0.000000e+00 0.000000e+00 0.000000e+00 0.000000e+00 0.000000e+00 0.000000e+00 0.000000e+00 0.000000e+00 0.000000e+00 0.000000e+00 0.000000e+00 0.000000e+00 0.000000e+00 0.000000e+00 0.000000e+00 0.000000e+00 0.000000e+00 0.000000e+00 0.000000e+00 0.000000e+00 0.000000e+00 0.000000e+00 0.000000e+00 0.000000e+00 4.108252e-87 1.904432e-40 2.313253e-41 1.616309e-25 4.005369e-38 0.000000e+00
83.000000 82.000000 84.000000 181.259995 2.160964e-02 1.844266e+11 3.509088e+03 7.005669e+06 3.947368e-01 3.867220e-03 9.213904e-13 4.883851e+02 7.194882e-02 8.901351e-21 1.148402e-15 5.809691e-02 8.990337e-04 9.179684e-11 5.434782e-17 1.597638e-39 1.596435e-15 6.020882e-18 2.780050e-23 1.031955e-01 2.010298e+11 5.526309e+04 6.271839e+01 1.212365e-13 1.515626e-03 4.325748e-23 6.851604e-44 7.050282e-07 2.218216e-15 4.794418e-08 4.297618e-12 2.605328e-03 3.878182e-01 2.819215e-01 7.299103e-05 3.277082e-08 5.728572e-07 7.912364e-06 4.603275e-14 1.934948e-16 2.981835e-22 0.000000e+00 9.919591e-21 1.817398e-22 0.000000e+00 1.336096e-43 2.858348e-36 4.555718e-33 1.510137e-33 7.168780e-41 1.029832e-51 0.000000e+00 1.525860e+12 2.606190e+08 8.294506e+09 6.907960e+12 5.648065e+01 1.142480e-14 6.537904e-04 2.196414e-04 3.088573e-03 4.188979e-03 6.555077e-06 4.951094e-09 1.687837e-12 6.953427e-21 1.354558e-26 8.687990e-28 7.299138e-40 0.000000e+00 8.787291e-27 1.068531e-14 1.856755e-05 0.000000e+00 1.065433e-29 1.459931e-29 0.000000e+00 0.000000e+00 0.000000e+00 0.000000e+00 2.473742e+00 0.000000e+00 0.000000e+00 0.000000e+00 0.000000e+00 0.000000e+00 0.000000e+00 0.000000e+00 0.000000e+00 0.000000e+00 0.000000e+00 0.000000e+00 0.000000e+00 0.000000e+00 0.000000e+00 0.000000e+00 0.000000e+00 0.000000e+00 0.000000e+00 0.000000e+00 0.000000e+00 0.000000e+00 0.000000e+00 0.000000e+00 0.000000e+00 0.000000e+00 3.369002e-88 5.517574e-41 4.361351e-42 2.887630e-26 4.971121e-39 0.000000e+00
85.000000 84.000000 86.000000 181.259995 1.448589e-02 1.539520e+11 1.012705e+03 4.745584e+06 2.943083e-01 1.081284e-03 8.004926e-14 1.333356e+02 4.871357e-02 2.180514e-21 6.220993e-16 3.248332e-02 3.889622e-04 2.662407e-11 1.041673e-17 5.943500e-41 8.136289e-16 1.300086e-18 3.812419e-24 2.869679e+00 1.624865e+11 1.707363e+04 2.672001e+01 2.145075e-14 5.333153e-04 2.428457e-24 5.320732e-44 2.767082e-07 8.562569e-16 1.708124e-08 1.383840e-12 7.247794e-04 2.530480e-01 1.898229e-01 4.590306e-05 1.056123e-08 2.335957e-07 5.043113e-06 1.199628e-13 1.226279e-16 3.819834e-22 0.000000e+00 6.524418e-21 6.660937e-23 0.000000e+00 3.572398e-44 1.707827e-36 1.630229e-33 5.936772e-34 1.540744e-41 7.122373e-51 0.000000e+00 9.951227e+11 1.738109e+08 4.262525e+09 4.630705e+12 7.027962e+01 5.523817e-15 2.835562e-04 9.530033e-05 1.339807e-03 1.806211e-03 2.990805e-06 2.403149e-09 8.964366e-13 8.873902e-22 1.214739e-27 2.720096e-28 1.604441e-40 0.000000e+00 4.790917e-28 1.643763e-15 1.239760e-05 0.000000e+00 3.910089e-30 5.349893e-30 0.000000e+00 0.000000e+00 0.000000e+00 0.000000e+00 1.343066e+00 0.000000e+00 0.000000e+00 0.000000e+00 0.000000e+00 0.000000e+00 0.000000e+00 0.000000e+00 0.000000e+00 0.000000e+00 0.000000e+00 0.000000e+00 0.000000e+00 0.000000e+00 0.000000e+00 0.000000e+00 0.000000e+00 0.000000e+00 0.000000e+00 0.000000e+00 0.000000e+00 0.000000e+00 0.000000e+00 0.000000e+00 0.000000e+00 0.000000e+00 3.146807e-89 1.702805e-41 8.559600e-43 4.840512e-27 6.395473e-40 0.000000e+00
87.000000 86.000000 88.000000 181.259995 9.710530e-03 1.255255e+11 2.706495e+02 3.196842e+06 2.533112e-01 2.920827e-04 8.981854e-15 3.521579e+01 3.290391e-02 5.408948e-22 3.429551e-16 1.787329e-02 1.733824e-04 7.954373e-12 2.045960e-18 2.318511e-42 4.365668e-16 3.341556e-19 6.345660e-25 3.612150e+01 1.296897e+11 5.001877e+03 1.062258e+01 3.524601e-15 1.786993e-04 1.268621e-25 3.849358e-44 1.013530e-07 3.321307e-16 5.994852e-09 4.365100e-13 1.898569e-04 1.663465e-01 1.275976e-01 2.935809e-05 3.336796e-09 9.159308e-08 3.153890e-06 4.211399e-13 7.653630e-17 4.992782e-22 0.000000e+00 4.155584e-21 2.310668e-23 0.000000e+00 9.052773e-45 1.037086e-36 5.750396e-34 2.821970e-34 2.974274e-42 2.121404e-50 0.000000e+00 6.463068e+11 1.156894e+08 2.078899e+09 3.104165e+12 8.560501e+01 3.355166e-15 1.154595e-04 3.881750e-05 5.456983e-04 7.299074e-04 1.294052e-06 1.360116e-09 4.482916e-13 1.098763e-22 1.060662e-28 8.740575e-29 3.944153e-41 0.000000e+00 2.595935e-29 2.376901e-16 8.273599e-06 0.000000e+00 1.357608e-30 1.855659e-30 0.000000e+00 0.000000e+00 0.000000e+00 0.000000e+00 6.699697e-01 0.000000e+00 0.000000e+00 0.000000e+00 0.000000e+00 0.000000e+00 0.000000e+00 0.000000e+00 0.000000e+00 0.000000e+00 0.000000e+00 0.000000e+00 0.000000e+00 0.000000e+00 0.000000e+00 0.000000e+00 0.000000e+00 0.000000e+00 0.000000e+00 0.000000e+00 0.000000e+00 0.000000e+00 0.000000e+00 0.000000e+00 0.000000e+00 0.000000e+00 3.351198e-90 5.603869e-42 1.740423e-43 7.707669e-28 8.516510e-41 0.000000e+00
89.000000 88.000000 90.000000 181.259995 6.509397e-03 1.001905e+11 6.653682e+01 2.141322e+06 2.337709e-01 7.535425e-05 2.345207e-15 9.044872e+00 2.218318e-02 1.355624e-22 1.919704e-16 9.554640e-03 7.945969e-05 2.442744e-12 4.102404e-19 9.492139e-44 2.414350e-16 9.473204e-20 1.182718e-25 2.707800e+02 1.021017e+11 1.402317e+03 3.987031e+00 5.619698e-16 5.720065e-05 6.374083e-27 2.677745e-44 3.509423e-08 1.278334e-16 2.040718e-09 1.359000e-13 4.725905e-05 1.100179e-01 8.568278e-02 1.903438e-05 1.041939e-09 3.489653e-08 1.932245e-06 1.466614e-12 4.685737e-17 6.506691e-22 0.000000e+00 2.481795e-21 7.370196e-24 0.000000e+00 2.134089e-45 6.221614e-37 1.931624e-34 1.667166e-34 5.081337e-43 3.403831e-50 0.000000e+00 4.180831e+11 7.678556e+07 9.534405e+08 2.080859e+12 1.017338e+02 2.531640e-15 4.474133e-05 1.504636e-05 2.115299e-04 2.800756e-04 5.340291e-07 8.311613e-10 2.133185e-13 1.332704e-23 9.068759e-30 2.841562e-29 9.762800e-42 0.000000e+00 1.382573e-30 3.552714e-17 5.519097e-06 0.000000e+00 4.332860e-31 5.918431e-31 0.000000e+00 0.000000e+00 0.000000e+00 0.000000e+00 3.122325e-01 0.000000e+00 0.000000e+00 0.000000e+00 0.000000e+00 0.000000e+00 0.000000e+00 0.000000e+00 0.000000e+00 0.000000e+00 0.000000e+00 0.000000e+00 0.000000e+00 0.000000e+00 0.000000e+00 0.000000e+00 0.000000e+00 0.000000e+00 0.000000e+00 0.000000e+00 0.000000e+00 0.000000e+00 0.000000e+00 0.000000e+00 0.000000e+00 0.000000e+00 4.093515e-91 1.973364e-42 3.649438e-44 1.177997e-28 1.163150e-41 0.000000e+00
91.000000 90.000000 92.000000 181.259995 4.363533e-03 7.840676e+10 1.457744e+01 1.425157e+06 2.219345e-01 1.791513e-05 1.210179e-15 2.270331e+00 1.493142e-02 3.423519e-23 1.088669e-16 4.813408e-03 3.575888e-05 7.363882e-13 8.002488e-20 3.769654e-45 1.361369e-16 2.714039e-20 2.252687e-26 1.499181e+03 7.920491e+10 3.793820e+02 1.426254e+00 9.338825e-17 1.756630e-05 3.182593e-28 1.825890e-44 1.161886e-08 4.880239e-17 6.718318e-10 4.199454e-14 1.127432e-05 7.309073e-02 5.749992e-02 1.247147e-05 3.236347e-10 1.304694e-08 1.160747e-06 4.360881e-12 2.814122e-17 8.134692e-22 0.000000e+00 1.293319e-21 2.019436e-24 0.000000e+00 4.540660e-46 3.548075e-37 5.737554e-35 1.131434e-34 7.363889e-44 3.489852e-50 0.000000e+00 2.694976e+11 5.075599e+07 3.976395e+08 1.394891e+12 1.181231e+02 2.201035e-15 1.669789e-05 5.617388e-06 7.897301e-05 1.032119e-04 2.120706e-07 5.249055e-10 9.754780e-14 1.529647e-24 7.357184e-31 9.330483e-30 2.177737e-42 0.000000e+00 6.724725e-32 6.343284e-18 3.680476e-06 0.000000e+00 1.187680e-31 1.621569e-31 0.000000e+00 0.000000e+00 0.000000e+00 0.000000e+00 1.379727e-01 0.000000e+00 0.000000e+00 0.000000e+00 0.000000e+00 0.000000e+00 0.000000e+00 0.000000e+00 0.000000e+00 0.000000e+00 0.000000e+00 0.000000e+00 0.000000e+00 0.000000e+00 0.000000e+00 0.000000e+00 0.000000e+00 0.000000e+00 0.000000e+00 0.000000e+00 0.000000e+00 0.000000e+00 0.000000e+00 0.000000e+00 0.000000e+00 0.000000e+00 5.799527e-92 7.479089e-43 7.856799e-45 1.743563e-29 1.617635e-42 0.000000e+00
93.000000 92.000000 94.000000 181.259995 2.925067e-03 6.021005e+10 2.489961e+00 9.411070e+05 2.135733e-01 3.422290e-06 7.411223e-16 5.595003e-01 1.003654e-02 8.684150e-24 6.241689e-17 2.081098e-03 1.330868e-05 1.835100e-13 1.275089e-20 1.087903e-46 7.781690e-17 6.523475e-21 3.669678e-27 8.135322e+03 6.047553e+10 9.977569e+01 4.899634e-01 1.776154e-17 5.208751e-06 1.591775e-29 1.233224e-44 3.716796e-09 1.859939e-17 2.148127e-10 1.297921e-14 2.597837e-06 4.871223e-02 3.857124e-02 8.235302e-06 1.008749e-10 4.850348e-09 6.866607e-07 1.119048e-11 1.664584e-17 9.280657e-22 0.000000e+00 4.892071e-22 4.008684e-25 0.000000e+00 8.344535e-47 1.834362e-37 1.250815e-35 7.803199e-35 8.167564e-45 2.735440e-50 0.000000e+00 1.732750e+11 3.335131e+07 1.317831e+08 9.350552e+11 1.349844e+02 2.065017e-15 6.067332e-06 2.043221e-06 2.870673e-05 3.690325e-05 8.213780e-08 3.369587e-10 4.330993e-14 1.417183e-25 4.933898e-32 3.112642e-30 3.635025e-43 0.000000e+00 2.281581e-33 1.472877e-18 2.453970e-06 0.000000e+00 2.358237e-32 3.218787e-32 0.000000e+00 0.000000e+00 0.000000e+00 0.000000e+00 5.859649e-02 0.000000e+00 0.000000e+00 0.000000e+00 0.000000e+00 0.000000e+00 0.000000e+00 0.000000e+00 0.000000e+00 0.000000e+00 0.000000e+00 0.000000e+00 0.000000e+00 0.000000e+00 0.000000e+00 0.000000e+00 0.000000e+00 0.000000e+00 0.000000e+00 0.000000e+00 0.000000e+00 0.000000e+00 0.000000e+00 0.000000e+00 0.000000e+00 0.000000e+00 9.685848e-93 3.075974e-43 1.729275e-45 2.519172e-30 2.286714e-43 0.000000e+00
95.000000 94.000000 96.000000 181.259995 1.960802e-03 4.535063e+10 7.017842e-02 6.150427e+05 2.084794e-01 1.100114e-07 4.762161e-16 1.360765e-01 6.739624e-03 2.204412e-24 3.611102e-17 4.559747e-04 6.317603e-07 5.829121e-15 2.548909e-22 7.675247e-49 4.494041e-17 2.126900e-22 1.413345e-28 6.135816e+05 4.536527e+10 2.570009e+01 1.628007e-01 4.128108e-18 1.507263e-06 7.110349e-31 8.293442e-45 1.161139e-09 7.151908e-18 6.726738e-11 4.063531e-15 5.824412e-07 3.253665e-02 2.586685e-02 5.469119e-06 3.202932e-11 1.830576e-09 4.036562e-07 5.249078e-11 9.785157e-18 9.256601e-22 0.000000e+00 2.862582e-23 9.232830e-26 0.000000e+00 8.294423e-48 8.171954e-38 4.284261e-37 5.487077e-35 4.502888e-46 1.509970e-49 0.000000e+00 1.113275e+11 2.172442e+07 7.283575e+06 6.268095e+11 1.536231e+02 2.032115e-15 2.179582e-06 8.096274e-07 1.027742e-05 1.294022e-05 3.161500e-08 2.197451e-10 1.890032e-14 1.763251e-27 8.907385e-34 1.067063e-30 6.889267e-44 0.000000e+00 1.460375e-35 4.180626e-19 1.636319e-06 0.000000e+00 6.021490e-33 8.195554e-33 0.000000e+00 0.000000e+00 0.000000e+00 0.000000e+00 2.425034e-02 0.000000e+00 0.000000e+00 0.000000e+00 0.000000e+00 0.000000e+00 0.000000e+00 0.000000e+00 0.000000e+00 0.000000e+00 0.000000e+00 0.000000e+00 0.000000e+00 0.000000e+00 0.000000e+00 0.000000e+00 0.000000e+00 0.000000e+00 0.000000e+00 0.000000e+00 0.000000e+00 0.000000e+00 0.000000e+00 0.000000e+00 0.000000e+00 0.000000e+00 1.951133e-93 1.388662e-43 3.876516e-46 3.581814e-31 3.298271e-44 0.000000e+00
97.000000 96.000000 98.000000 181.259995 1.314411e-03 3.336569e+10 5.398334e-05 3.960767e+05 2.184749e-01 6.044039e-11 3.537185e-16 3.320792e-02 4.518350e-03 5.586748e-25 2.108595e-17 2.853142e-06 4.884189e-10 3.005020e-18 8.204488e-26 5.164120e-51 2.623492e-17 4.830681e-25 2.899230e-30 5.301447e+07 3.326054e+10 6.608868e+00 5.342312e-02 1.245120e-18 4.430515e-07 3.130364e-32 5.566822e-45 3.620205e-10 2.849950e-18 2.107625e-11 1.381783e-15 1.290068e-07 2.176616e-02 1.734377e-02 3.648042e-06 1.111877e-11 7.470467e-10 2.397429e-07 4.927803e-12 5.811590e-18 6.396297e-22 0.000000e+00 1.316041e-25 5.678495e-29 0.000000e+00 2.870097e-50 2.735278e-38 1.148437e-39 3.686824e-35 1.930033e-49 7.603036e-51 0.000000e+00 7.172486e+10 1.396763e+07 6.810591e+03 4.201780e+11 1.850916e+02 2.197555e-15 1.222187e-06 4.259481e-06 3.721906e-06 4.565832e-06 1.307079e-08 1.538933e-10 8.332347e-15 1.901439e-30 1.004300e-35 3.874652e-31 4.325691e-47 0.000000e+00 8.519393e-38 1.470662e-19 1.091623e-06 0.000000e+00 3.341559e-36 4.559407e-36 0.000000e+00 0.000000e+00 0.000000e+00 0.000000e+00 1.004305e-02 0.000000e+00 0.000000e+00 0.000000e+00 0.000000e+00 0.000000e+00 0.000000e+00 0.000000e+00 0.000000e+00 0.000000e+00 0.000000e+00 0.000000e+00 0.000000e+00 0.000000e+00 0.000000e+00 0.000000e+00 0.000000e+00 0.000000e+00 0.000000e+00 0.000000e+00 0.000000e+00 0.000000e+00 0.000000e+00 0.000000e+00 0.000000e+00 0.000000e+00 4.905431e-94 6.999930e-44 8.852607e-47 5.097585e-32 4.947053e-45 0.000000e+00
99.000000 98.000000 100.000000 181.259995 8.811071e-04 2.378382e+10 1.052560e-06 2.494546e+05 2.700956e-01 2.418746e-12 3.548090e-16 9.357552e-03 3.028865e-03 1.435622e-25 1.244522e-17 2.272191e-07 5.845319e-11 2.362974e-19 3.787029e-27 3.497855e-53 1.548015e-17 1.171742e-26 6.165512e-32 6.491024e+07 2.365459e+10 1.953534e+00 1.994168e-02 5.466653e-19 1.562253e-07 1.473016e-33 3.733515e-45 1.305316e-10 1.379982e-18 7.662719e-12 6.474506e-16 3.239204e-08 1.457757e-02 1.162749e-02 2.442176e-06 5.094105e-12 3.906214e-10 1.480317e-07 1.150266e-12 3.588428e-18 4.288582e-22 0.000000e+00 1.665153e-27 3.047951e-32 0.000000e+00 3.204030e-51 1.055834e-38 8.606264e-42 2.471450e-35 6.757450e-53 4.751364e-54 0.000000e+00 4.669231e+10 8.802707e+06 4.607346e+02 2.816633e+11 2.595631e+02 2.875442e-15 6.512400e-07 3.011763e-06 1.588252e-06 1.873760e-06 7.369832e-09 1.272893e-10 4.343654e-15 1.387631e-32 1.154598e-37 1.764360e-31 2.713466e-50 0.000000e+00 4.998918e-40 7.272300e-20 7.292177e-07 0.000000e+00 1.793737e-39 2.447252e-39 0.000000e+00 0.000000e+00 0.000000e+00 0.000000e+00 4.837722e-03 0.000000e+00 0.000000e+00 0.000000e+00 0.000000e+00 0.000000e+00 0.000000e+00 0.000000e+00 0.000000e+00 0.000000e+00 0.000000e+00 0.000000e+00 0.000000e+00 0.000000e+00 0.000000e+00 0.000000e+00 0.000000e+00 0.000000e+00 0.000000e+00 0.000000e+00 0.000000e+00 0.000000e+00 0.000000e+00 0.000000e+00 0.000000e+00 0.000000e+00 1.618052e-94 4.030890e-44 2.080539e-47 8.318716e-33 8.957628e-46 0.000000e+00
