# z		 z0		 z1		 T		 P		1		2		3		4		5		6		7		8		9		10		11		12		13		14		15		16		17		18		19		20		21		22		23		24		25		26		27		28		29		30		31		32		33		34		35		36		37		38		39		40		41		42		43		44		45		46		47		48		49		50		51		52		53		54		55		56		57		58		59		60		61		62		63		64		65		66		67		68		69		70		71		72		73		74		75		76		77		78		79		80		81		82		83		84		85		86		87		88		89		90		91		92		93		94		95		96		97		98		99		100		101		102		103		104		105		106		107		108		109		110		111		
#  km		 km		 km		 K		 Pa		
1.000000 0.000000 2.000000 305.219677 9.393071e+04 5.501886e+03 6.040826e-07 6.941394e+08 7.636639e+05 7.332869e+00 4.425899e+04 4.457989e+17 1.671957e-08 8.225248e-07 1.572429e-10 3.116989e+06 6.495278e+03 2.446217e-03 3.332361e-09 3.039744e-22 9.974527e+02 4.658447e+01 4.684607e-03 2.707785e-19 1.777620e+12 9.763566e+11 2.024339e+09 5.167072e+00 3.493547e+08 2.611154e-06 3.161872e-40 2.812484e-06 3.543105e-09 1.856816e+00 7.521821e-01 3.194863e+05 6.488132e-14 9.025061e+01 6.374743e-01 7.582716e+04 5.025675e-01 1.809232e-02 2.380760e-16 8.319260e-16 0.000000e+00 0.000000e+00 0.000000e+00 0.000000e+00 0.000000e+00 0.000000e+00 0.000000e+00 0.000000e+00 0.000000e+00 0.000000e+00 0.000000e+00 0.000000e+00 4.457989e+18 2.547730e+14 5.471737e+01 1.783197e+19 7.494209e-11 5.487146e-06 1.413043e-15 1.525268e-07 3.058650e+04 1.397930e+07 4.133646e+03 1.369007e+09 5.031411e-17 6.250642e-01 1.390803e-05 1.620275e-21 0.000000e+00 0.000000e+00 1.362386e-13 2.567999e-11 2.619581e-07 0.000000e+00 0.000000e+00 0.000000e+00 0.000000e+00 0.000000e+00 0.000000e+00 0.000000e+00 4.851391e-09 0.000000e+00 0.000000e+00 0.000000e+00 0.000000e+00 0.000000e+00 0.000000e+00 0.000000e+00 0.000000e+00 0.000000e+00 0.000000e+00 0.000000e+00 0.000000e+00 0.000000e+00 0.000000e+00 0.000000e+00 0.000000e+00 0.000000e+00 0.000000e+00 0.000000e+00 0.000000e+00 0.000000e+00 0.000000e+00 0.000000e+00 0.000000e+00 0.000000e+00 5.378362e-50 8.446243e-27 9.280897e-26 1.021664e-09 1.090287e-18 0.000000e+00
3.000000 2.000000 4.000000 297.224403 7.347404e+04 7.992132e+05 3.552072e-03 5.027479e+08 5.719168e+05 4.227735e+02 4.768376e+04 1.072585e+17 9.031300e-09 8.228492e-06 2.376206e-09 2.534209e+06 5.633375e+03 8.694534e-02 1.476251e-06 5.972107e-18 7.059485e+02 2.573419e+01 9.464178e-02 5.257595e-19 1.561512e+12 7.835611e+11 1.286825e+09 5.017166e+01 2.597159e+08 2.897207e-05 1.866514e-39 1.032143e-05 2.731995e-08 1.522388e+00 5.499205e-01 2.490463e+05 2.662830e-13 1.871650e+02 8.706014e-01 5.621577e+04 3.160056e-01 1.490222e-02 3.747189e-16 2.857111e-13 0.000000e+00 0.000000e+00 0.000000e+00 0.000000e+00 0.000000e+00 0.000000e+00 0.000000e+00 0.000000e+00 0.000000e+00 0.000000e+00 0.000000e+00 0.000000e+00 3.580892e+18 2.045077e+14 6.659140e+03 1.432364e+19 1.235492e-10 3.906634e-07 2.498295e-15 8.532968e-08 2.104572e+04 1.038505e+07 2.147980e+03 1.034227e+09 1.289206e-15 2.519628e-01 8.964177e-05 2.647781e-22 0.000000e+00 0.000000e+00 8.056117e-10 2.064939e-09 1.739094e-06 0.000000e+00 0.000000e+00 0.000000e+00 2.156440e-37 0.000000e+00 0.000000e+00 0.000000e+00 5.479466e-09 0.000000e+00 0.000000e+00 0.000000e+00 0.000000e+00 0.000000e+00 0.000000e+00 0.000000e+00 0.000000e+00 0.000000e+00 0.000000e+00 0.000000e+00 0.000000e+00 0.000000e+00 0.000000e+00 0.000000e+00 0.000000e+00 0.000000e+00 0.000000e+00 0.000000e+00 0.000000e+00 0.000000e+00 0.000000e+00 0.000000e+00 0.000000e+00 0.000000e+00 6.737115e-49 4.269073e-25 4.569327e-24 1.989764e-09 1.162018e-18 0.000000e+00
5.000000 4.000000 6.000000 288.828844 5.706030e+04 5.480838e+06 3.725053e-01 5.940596e+08 7.527964e+05 3.923744e+03 3.609764e+05 6.101596e+16 2.492111e-09 2.686502e-05 1.022596e-08 2.093885e+06 4.912839e+03 3.918639e-01 3.694652e-05 5.122045e-15 4.648281e+02 2.494785e+01 7.074284e-01 2.161975e-18 1.449885e+12 6.254419e+11 9.586218e+08 2.619008e+02 1.728155e+08 3.227084e-04 5.535209e-39 3.887914e-05 9.988046e-08 1.338269e+00 4.188111e-01 1.885706e+05 2.235187e-12 4.875108e+02 1.780083e+00 3.242890e+04 1.546870e-01 1.229302e-02 4.894977e-16 2.064464e-12 0.000000e+00 1.033733e-34 0.000000e+00 0.000000e+00 0.000000e+00 0.000000e+00 0.000000e+00 0.000000e+00 0.000000e+00 0.000000e+00 0.000000e+00 0.000000e+00 2.861764e+18 1.632362e+14 1.228487e+05 1.144715e+19 1.608516e-10 1.707642e-08 5.663526e-15 8.791606e-08 1.538838e+04 7.932269e+06 1.189220e+03 5.253335e+08 1.220836e-14 1.093708e-01 2.033734e-04 3.547862e-23 0.000000e+00 0.000000e+00 5.440439e-07 2.650824e-08 8.729617e-06 0.000000e+00 0.000000e+00 0.000000e+00 1.394938e-36 0.000000e+00 0.000000e+00 0.000000e+00 6.170812e-09 0.000000e+00 0.000000e+00 0.000000e+00 0.000000e+00 0.000000e+00 0.000000e+00 0.000000e+00 0.000000e+00 0.000000e+00 0.000000e+00 0.000000e+00 0.000000e+00 0.000000e+00 0.000000e+00 0.000000e+00 0.000000e+00 0.000000e+00 0.000000e+00 0.000000e+00 0.000000e+00 0.000000e+00 0.000000e+00 0.000000e+00 0.000000e+00 0.000000e+00 1.163449e-47 5.287710e-24 6.202143e-23 3.940319e-09 1.708101e-18 0.000000e+00
7.000000 6.000000 8.000000 279.879749 4.397504e+04 4.335516e+07 2.256459e+02 6.120116e+08 9.113701e+05 1.407247e+05 6.887620e+06 3.174652e+16 4.235866e-09 5.133152e-05 2.706820e-08 1.773195e+06 4.371871e+03 2.421000e+00 1.527354e-03 9.578878e-12 2.182802e+02 2.299332e+01 5.529375e+00 6.844233e-18 1.420370e+12 4.966284e+11 6.167032e+08 1.222501e+03 1.006485e+08 4.065618e-03 2.046730e-38 2.536904e-04 4.822182e-07 1.246290e+00 2.956810e-01 1.403535e+05 4.462498e-11 1.465703e+03 4.522907e+00 1.813400e+04 1.353423e-01 1.017156e-02 5.396380e-16 1.377997e-11 0.000000e+00 0.000000e+00 0.000000e+00 0.000000e+00 0.000000e+00 0.000000e+00 0.000000e+00 0.000000e+00 0.000000e+00 0.000000e+00 0.000000e+00 0.000000e+00 2.276011e+18 1.295607e+14 1.118630e+07 9.104135e+18 1.485940e-09 3.221557e-09 1.119863e-14 8.215166e-08 1.124851e+04 6.042908e+06 6.173404e+02 1.171282e+08 2.039730e-13 4.629999e-02 6.100264e-04 3.662978e-23 0.000000e+00 0.000000e+00 2.161680e-03 1.668029e-06 4.086913e-05 0.000000e+00 0.000000e+00 0.000000e+00 0.000000e+00 0.000000e+00 0.000000e+00 0.000000e+00 6.351636e-09 0.000000e+00 0.000000e+00 0.000000e+00 0.000000e+00 0.000000e+00 0.000000e+00 0.000000e+00 0.000000e+00 0.000000e+00 0.000000e+00 0.000000e+00 0.000000e+00 0.000000e+00 0.000000e+00 0.000000e+00 0.000000e+00 0.000000e+00 0.000000e+00 0.000000e+00 0.000000e+00 0.000000e+00 0.000000e+00 0.000000e+00 0.000000e+00 0.000000e+00 2.389050e-46 3.324847e-23 3.989466e-22 6.632556e-09 3.064183e-18 0.000000e+00
9.000000 8.000000 10.000000 270.454673 3.359435e+04 1.102725e+08 9.576165e+04 4.484867e+08 2.448405e+06 1.356422e+07 1.470045e+08 1.307274e+16 1.811847e-08 4.834510e-05 4.318014e-08 1.548310e+06 3.800214e+03 1.452658e+01 2.237213e-02 6.137348e-09 7.587120e+01 4.579080e+01 4.560961e+01 8.015390e-17 1.441023e+12 3.918315e+11 2.311244e+08 5.303128e+03 4.845150e+07 5.613195e-02 5.719676e-38 2.069016e-03 2.252116e-06 3.028138e+00 4.818520e-01 1.040104e+05 1.418170e-09 4.384197e+03 3.061685e+01 1.847869e+04 5.153151e-01 8.445337e-03 1.184247e-15 2.948279e-11 0.000000e+00 9.183892e-34 0.000000e+00 0.000000e+00 0.000000e+00 0.000000e+00 0.000000e+00 0.000000e+00 0.000000e+00 0.000000e+00 0.000000e+00 0.000000e+00 1.799330e+18 1.021155e+14 1.748075e+09 7.197401e+18 7.710000e-07 4.288710e-09 1.139510e-13 4.341305e-07 2.160750e+04 3.915580e+06 5.180798e+02 3.848119e+07 5.018883e-12 3.732329e-02 2.455149e-03 3.009364e-22 0.000000e+00 0.000000e+00 2.366037e+00 4.723797e-04 1.615030e-04 0.000000e+00 0.000000e+00 0.000000e+00 6.143083e-36 0.000000e+00 0.000000e+00 0.000000e+00 1.506331e-08 0.000000e+00 0.000000e+00 0.000000e+00 0.000000e+00 0.000000e+00 0.000000e+00 0.000000e+00 0.000000e+00 0.000000e+00 0.000000e+00 0.000000e+00 0.000000e+00 0.000000e+00 0.000000e+00 0.000000e+00 0.000000e+00 0.000000e+00 0.000000e+00 0.000000e+00 0.000000e+00 0.000000e+00 0.000000e+00 0.000000e+00 0.000000e+00 0.000000e+00 5.642439e-45 4.494735e-22 1.110528e-21 1.133162e-08 5.611865e-18 0.000000e+00
11.000000 10.000000 12.000000 260.054595 2.540908e+04 2.182076e+07 5.588372e+06 9.913379e+06 2.525396e+06 2.733131e+08 3.630420e+09 3.962219e+15 9.968290e-08 1.825177e-05 2.939720e-08 1.447640e+06 1.768645e+03 6.768635e+02 4.234002e-01 1.412345e-06 1.991420e+00 1.960338e+01 4.435696e+02 1.032945e-19 1.733601e+12 3.074328e+11 1.571494e+07 2.112059e+04 1.957769e+07 1.267316e+00 3.214234e-39 1.957132e-02 7.625168e-06 2.547691e+01 2.610458e+00 7.439132e+04 1.780329e-08 2.911676e+02 2.016833e+00 5.774299e+02 5.102920e+00 7.155990e-03 8.142969e-16 1.581201e-10 0.000000e+00 0.000000e+00 0.000000e+00 0.000000e+00 0.000000e+00 0.000000e+00 0.000000e+00 0.000000e+00 0.000000e+00 0.000000e+00 0.000000e+00 0.000000e+00 1.415347e+18 8.012027e+13 1.956530e+11 5.661460e+18 6.237920e-05 2.052865e-09 5.384000e-15 2.469632e-07 1.219919e+04 8.029171e+03 2.096084e+01 5.766375e+05 1.663051e-10 1.708726e-01 4.322698e-03 2.857328e-20 0.000000e+00 0.000000e+00 6.585039e+02 2.829775e-02 5.310348e-04 0.000000e+00 0.000000e+00 0.000000e+00 0.000000e+00 0.000000e+00 0.000000e+00 0.000000e+00 1.185120e-07 0.000000e+00 0.000000e+00 0.000000e+00 0.000000e+00 0.000000e+00 0.000000e+00 0.000000e+00 0.000000e+00 0.000000e+00 0.000000e+00 0.000000e+00 0.000000e+00 0.000000e+00 0.000000e+00 0.000000e+00 0.000000e+00 0.000000e+00 0.000000e+00 0.000000e+00 0.000000e+00 0.000000e+00 0.000000e+00 0.000000e+00 0.000000e+00 0.000000e+00 1.882891e-43 1.793665e-19 7.147610e-22 5.445077e-09 7.965439e-18 0.000000e+00
13.000000 12.000000 14.000000 247.190856 1.897861e+04 2.939434e+07 6.711857e+07 8.027517e+05 8.564653e+05 2.280445e+08 2.827848e+09 7.202025e+14 6.280184e-06 2.889075e-06 6.813674e-09 2.424155e+06 2.931157e+03 1.128709e+03 7.888316e-01 4.892679e-06 1.651687e-01 1.019116e+01 2.485755e+02 2.777184e-23 5.151466e+12 2.409682e+11 2.283128e+06 1.308223e+03 6.108900e+06 3.085089e-01 1.057512e-41 1.011527e-02 1.162568e-06 5.824612e+00 3.616045e-01 4.942466e+04 7.579968e-09 1.279588e+01 1.150731e-01 5.349633e+01 1.396522e-01 8.052405e-03 1.732156e-16 2.111293e-10 0.000000e+00 0.000000e+00 0.000000e+00 0.000000e+00 0.000000e+00 0.000000e+00 0.000000e+00 0.000000e+00 0.000000e+00 0.000000e+00 0.000000e+00 0.000000e+00 1.112164e+18 6.280292e+13 1.969628e+12 4.448730e+18 1.015428e-03 3.135659e-10 5.020621e-17 2.926789e-09 2.142045e+02 1.277464e+02 2.194586e-01 5.266210e+04 2.899634e-10 4.932427e-03 9.618687e-05 2.128242e-19 0.000000e+00 0.000000e+00 1.063218e+03 4.761320e-03 2.364842e-03 0.000000e+00 0.000000e+00 0.000000e+00 0.000000e+00 0.000000e+00 0.000000e+00 0.000000e+00 2.376212e-08 0.000000e+00 0.000000e+00 0.000000e+00 0.000000e+00 0.000000e+00 0.000000e+00 0.000000e+00 0.000000e+00 0.000000e+00 0.000000e+00 0.000000e+00 0.000000e+00 0.000000e+00 0.000000e+00 0.000000e+00 0.000000e+00 0.000000e+00 0.000000e+00 0.000000e+00 0.000000e+00 0.000000e+00 0.000000e+00 0.000000e+00 0.000000e+00 0.000000e+00 3.168194e-41 1.057213e-17 4.007691e-23 2.057768e-10 1.053253e-18 0.000000e+00
15.000000 14.000000 16.000000 230.816215 1.392515e+04 5.361040e+07 4.426668e+08 1.711448e+05 2.340149e+05 1.327340e+08 1.029027e+09 8.040873e+13 3.502221e-04 1.122042e-05 6.261429e-08 6.348084e+06 8.855435e+03 2.068414e+03 1.670987e+00 1.770636e-05 5.258328e-02 7.832801e+00 1.118859e+02 1.027681e-24 1.737247e+13 1.890243e+11 2.545241e+05 2.000668e+01 1.784932e+06 2.841682e-02 5.183185e-45 1.335647e-03 7.612563e-08 5.822709e-01 2.587266e-02 3.439277e+04 9.066778e-10 9.283171e-01 1.438472e-02 7.937367e+00 5.633783e-03 1.348879e-02 3.152447e-17 6.017440e-11 0.000000e+00 0.000000e+00 0.000000e+00 0.000000e+00 0.000000e+00 0.000000e+00 0.000000e+00 0.000000e+00 0.000000e+00 0.000000e+00 0.000000e+00 0.000000e+00 8.739036e+17 4.927992e+13 8.175306e+12 3.495725e+18 8.969014e-03 1.605476e-09 3.245570e-17 2.755214e-10 6.126912e+00 1.285996e+01 6.096695e-03 1.077056e+04 9.131629e-11 2.530337e-04 4.015350e-06 4.493063e-19 0.000000e+00 0.000000e+00 1.067529e+03 5.304054e-04 7.586344e-03 0.000000e+00 0.000000e+00 0.000000e+00 0.000000e+00 0.000000e+00 0.000000e+00 0.000000e+00 2.469019e-09 0.000000e+00 0.000000e+00 0.000000e+00 0.000000e+00 0.000000e+00 0.000000e+00 0.000000e+00 0.000000e+00 0.000000e+00 0.000000e+00 0.000000e+00 0.000000e+00 0.000000e+00 0.000000e+00 0.000000e+00 0.000000e+00 0.000000e+00 0.000000e+00 0.000000e+00 0.000000e+00 0.000000e+00 0.000000e+00 0.000000e+00 0.000000e+00 0.000000e+00 5.449693e-39 1.750465e-16 2.432324e-21 5.825772e-12 1.940567e-19 0.000000e+00
17.000000 16.000000 18.000000 213.846555 9.973120e+03 1.198030e+08 1.625674e+09 9.779740e+04 1.219925e+05 6.473380e+07 2.471699e+08 1.157330e+13 5.550079e-03 2.409510e-05 3.363721e-07 1.189901e+07 1.830919e+04 2.006568e+03 2.462545e+00 2.249313e-05 2.336292e-02 7.289814e+00 4.700540e+01 3.515450e-25 3.452127e+13 1.458844e+11 6.141309e+04 2.176306e-01 4.781383e+05 3.894269e-03 7.122619e-48 1.274338e-04 7.167776e-09 8.563669e-02 3.029091e-03 2.423827e+04 1.479262e-10 2.072631e-01 7.665749e-03 1.959390e+00 9.109888e-04 2.092747e-02 1.085523e-17 1.651366e-11 1.286433e-24 0.000000e+00 1.525178e-19 1.150743e-18 0.000000e+00 0.000000e+00 1.082029e-26 1.251216e-25 1.535035e-25 0.000000e+00 0.000000e+00 0.000000e+00 6.755309e+17 3.805555e+13 1.684470e+13 2.702294e+18 4.551873e-02 9.918918e-09 4.108377e-17 8.212749e-11 7.966088e-01 4.492468e+00 1.857727e-03 4.723442e+03 1.713496e-11 3.090351e-05 1.089003e-06 3.134950e-19 2.622405e-26 0.000000e+00 4.364886e+02 1.284630e-04 1.421537e-02 0.000000e+00 3.914971e-29 2.658304e-28 0.000000e+00 0.000000e+00 0.000000e+00 0.000000e+00 4.314309e-10 0.000000e+00 0.000000e+00 0.000000e+00 0.000000e+00 0.000000e+00 0.000000e+00 0.000000e+00 0.000000e+00 0.000000e+00 0.000000e+00 0.000000e+00 0.000000e+00 0.000000e+00 0.000000e+00 0.000000e+00 0.000000e+00 0.000000e+00 0.000000e+00 0.000000e+00 0.000000e+00 0.000000e+00 0.000000e+00 0.000000e+00 0.000000e+00 0.000000e+00 1.673617e-37 1.062940e-15 6.067607e-20 2.196641e-12 7.357411e-20 0.000000e+00
19.000000 18.000000 20.000000 201.265463 6.973223e+03 1.889723e+08 2.593051e+09 1.068677e+05 1.044827e+05 4.668452e+07 1.201546e+08 3.657560e+12 1.415889e-01 1.609454e-04 3.917316e-06 1.308255e+07 2.469112e+04 1.801913e+03 2.541720e+00 1.787504e-05 1.600326e-02 6.594784e+00 2.745756e+01 3.446950e-25 4.855326e+13 1.081897e+11 3.550791e+04 7.688849e-03 1.162007e+05 1.636853e-03 2.856848e-49 3.096959e-05 1.738043e-09 3.000497e-02 9.146968e-04 1.661714e+04 6.853722e-11 1.037460e-01 5.436651e-03 8.606540e-01 3.539142e-04 2.663475e-02 8.063554e-18 8.868820e-12 3.830301e-25 0.000000e+00 5.454334e-20 4.160542e-19 0.000000e+00 1.214157e-31 1.999543e-27 2.530384e-26 2.764474e-26 7.790772e-36 2.299238e-58 0.000000e+00 5.018348e+17 2.824646e+13 2.395301e+13 2.007559e+18 1.054401e-01 1.399060e-07 5.368613e-17 5.102345e-11 3.564502e-01 3.448005e+00 1.679817e-03 3.199953e+03 7.616273e-12 1.198261e-05 7.804541e-07 1.260702e-18 5.656044e-27 0.000000e+00 2.242917e+02 7.211047e-05 1.934367e-02 0.000000e+00 2.061106e-29 1.398496e-28 0.000000e+00 0.000000e+00 0.000000e+00 0.000000e+00 2.004130e-10 0.000000e+00 0.000000e+00 0.000000e+00 0.000000e+00 0.000000e+00 0.000000e+00 0.000000e+00 0.000000e+00 0.000000e+00 0.000000e+00 0.000000e+00 0.000000e+00 0.000000e+00 0.000000e+00 0.000000e+00 0.000000e+00 0.000000e+00 0.000000e+00 0.000000e+00 0.000000e+00 0.000000e+00 0.000000e+00 0.000000e+00 0.000000e+00 0.000000e+00 2.062927e-36 4.042403e-15 5.878477e-18 9.350815e-12 1.569619e-19 0.000000e+00
21.000000 20.000000 22.000000 193.404172 4.792654e+03 2.662843e+08 2.865079e+09 1.514306e+05 1.089473e+05 3.694466e+07 7.039157e+07 1.681208e+12 6.299229e-01 2.327010e-04 8.504684e-06 1.022760e+07 2.593554e+04 1.362906e+03 1.950940e+00 8.939329e-06 1.190883e-02 5.447178e+00 1.612058e+01 7.040457e-25 5.507833e+13 7.724649e+10 2.724232e+04 1.598767e-03 2.728618e+04 9.919302e-04 6.649564e-50 1.361925e-05 6.382930e-10 1.425195e-02 3.922606e-04 1.109671e+04 6.179367e-11 6.752805e-02 4.562531e-03 4.836367e-01 2.073735e-04 2.867023e-02 7.953696e-18 5.739736e-12 3.911444e-24 0.000000e+00 5.560280e-19 3.822227e-18 0.000000e+00 7.011548e-31 1.699811e-26 2.171462e-25 2.041483e-25 0.000000e+00 0.000000e+00 0.000000e+00 3.589071e+17 2.018812e+13 2.729891e+13 1.435867e+18 1.725353e-01 3.978221e-07 8.981017e-17 4.244652e-11 2.669474e-01 3.596035e+00 1.639787e-03 2.528732e+03 5.892785e-12 6.629389e-06 5.060630e-07 1.486034e-18 4.434774e-26 0.000000e+00 1.040604e+02 5.410795e-05 2.145303e-02 0.000000e+00 2.810083e-28 1.903858e-27 0.000000e+00 0.000000e+00 0.000000e+00 0.000000e+00 1.329280e-10 0.000000e+00 0.000000e+00 0.000000e+00 0.000000e+00 0.000000e+00 0.000000e+00 0.000000e+00 0.000000e+00 0.000000e+00 0.000000e+00 0.000000e+00 0.000000e+00 0.000000e+00 0.000000e+00 0.000000e+00 0.000000e+00 0.000000e+00 0.000000e+00 0.000000e+00 0.000000e+00 0.000000e+00 0.000000e+00 0.000000e+00 0.000000e+00 0.000000e+00 6.282771e-36 7.487997e-15 2.140850e-17 1.343846e-11 1.062820e-19 0.000000e+00
23.000000 22.000000 24.000000 187.563754 3.252578e+03 3.873733e+08 2.873422e+09 2.432413e+05 1.257888e+05 2.791797e+07 3.841000e+07 8.624102e+11 1.641819e+00 1.815717e-04 1.007709e-05 6.878457e+06 2.352972e+04 8.318328e+02 1.227222e+00 2.981893e-06 8.278724e-03 4.227056e+00 8.421218e+00 2.284329e-24 5.527902e+13 5.396686e+10 2.278217e+04 5.158719e-04 6.421670e+03 6.342131e-04 2.621835e-50 6.806370e-06 2.601621e-10 7.224756e-03 1.822447e-04 7.323767e+03 7.492510e-11 5.237792e-02 4.715808e-03 3.012713e-01 1.516878e-04 2.778149e-02 8.077822e-18 3.656527e-12 0.000000e+00 0.000000e+00 0.000000e+00 0.000000e+00 0.000000e+00 0.000000e+00 0.000000e+00 0.000000e+00 0.000000e+00 0.000000e+00 0.000000e+00 0.000000e+00 2.511434e+17 1.411995e+13 2.746627e+13 1.004807e+18 2.573345e-01 6.936642e-07 1.854855e-16 4.043306e-11 2.510972e-01 4.242272e+00 1.678633e-03 2.161074e+03 5.052603e-12 3.773858e-06 2.796831e-07 1.100176e-18 0.000000e+00 0.000000e+00 3.688030e+01 4.464590e-05 2.115100e-02 0.000000e+00 0.000000e+00 0.000000e+00 0.000000e+00 0.000000e+00 0.000000e+00 0.000000e+00 9.504816e-11 0.000000e+00 0.000000e+00 0.000000e+00 0.000000e+00 0.000000e+00 0.000000e+00 0.000000e+00 0.000000e+00 0.000000e+00 0.000000e+00 0.000000e+00 0.000000e+00 0.000000e+00 0.000000e+00 0.000000e+00 0.000000e+00 0.000000e+00 0.000000e+00 0.000000e+00 0.000000e+00 0.000000e+00 0.000000e+00 0.000000e+00 0.000000e+00 0.000000e+00 3.463669e-36 5.807949e-15 2.297144e-17 1.366623e-11 4.503497e-20 0.000000e+00
25.000000 24.000000 26.000000 182.937560 2.183777e+03 5.856803e+08 2.756528e+09 4.274096e+05 1.561890e+05 2.032529e+07 1.978214e+07 4.815290e+11 3.608196e+00 1.091141e-04 9.306174e-06 4.281488e+06 1.934259e+04 4.301078e+02 6.681226e-01 7.284736e-07 5.412819e-03 3.139203e+00 3.950453e+00 1.060162e-23 5.135030e+13 3.709160e+10 1.967951e+04 1.985698e-04 1.529291e+03 4.068638e-04 1.488528e-50 3.640361e-06 1.125133e-10 3.775363e-03 8.829115e-05 4.795359e+03 1.219287e-10 5.124875e-02 5.656469e-03 1.992724e-01 1.285991e-04 2.508929e-02 7.946442e-18 2.300109e-12 0.000000e+00 0.000000e+00 0.000000e+00 0.000000e+00 0.000000e+00 0.000000e+00 0.000000e+00 0.000000e+00 0.000000e+00 0.000000e+00 0.000000e+00 0.000000e+00 1.728681e+17 9.716600e+12 2.555299e+13 6.916865e+17 3.685715e-01 1.039794e-06 4.622596e-16 4.257572e-11 2.693511e-01 5.411789e+00 1.770772e-03 1.944681e+03 4.540760e-12 2.102168e-06 1.347258e-07 6.997231e-19 0.000000e+00 0.000000e+00 1.050694e+01 3.831215e-05 1.935929e-02 0.000000e+00 0.000000e+00 0.000000e+00 0.000000e+00 0.000000e+00 0.000000e+00 0.000000e+00 7.060092e-11 0.000000e+00 0.000000e+00 0.000000e+00 0.000000e+00 0.000000e+00 0.000000e+00 0.000000e+00 0.000000e+00 0.000000e+00 0.000000e+00 0.000000e+00 0.000000e+00 0.000000e+00 0.000000e+00 0.000000e+00 0.000000e+00 0.000000e+00 0.000000e+00 0.000000e+00 0.000000e+00 0.000000e+00 0.000000e+00 0.000000e+00 0.000000e+00 0.000000e+00 6.291711e-37 2.554043e-15 1.464389e-17 1.259141e-11 1.598169e-20 0.000000e+00
27.000000 26.000000 28.000000 178.982926 1.453044e+03 9.120909e+08 2.633119e+09 7.730254e+05 1.994589e+05 1.413681e+07 9.547007e+06 2.491875e+11 6.302175e+00 4.744932e-05 6.360607e-06 2.545326e+06 1.488816e+04 1.955465e+02 3.272583e-01 1.405770e-07 3.267952e-03 2.241190e+00 1.661797e+00 5.868771e-23 4.564035e+13 2.518752e+10 1.716654e+04 7.175887e-05 3.621017e+02 2.559441e-04 7.701535e-51 2.021338e-06 4.675209e-11 1.948473e-03 4.188660e-05 3.121699e+03 2.706186e-10 6.216172e-02 7.093813e-03 1.309215e-01 1.160011e-04 2.169286e-02 6.222906e-18 1.352434e-12 0.000000e+00 0.000000e+00 0.000000e+00 0.000000e+00 0.000000e+00 0.000000e+00 0.000000e+00 0.000000e+00 0.000000e+00 0.000000e+00 0.000000e+00 0.000000e+00 1.175539e+17 6.607205e+12 2.273530e+13 4.704041e+17 5.246304e-01 1.257305e-06 1.278761e-15 4.599702e-11 3.064444e-01 6.897663e+00 1.922193e-03 1.786529e+03 4.200180e-12 1.117109e-06 5.894089e-08 3.302938e-19 0.000000e+00 0.000000e+00 2.507288e+00 3.309029e-05 1.699050e-02 0.000000e+00 0.000000e+00 0.000000e+00 0.000000e+00 0.000000e+00 0.000000e+00 0.000000e+00 5.107820e-11 0.000000e+00 0.000000e+00 0.000000e+00 0.000000e+00 0.000000e+00 0.000000e+00 0.000000e+00 0.000000e+00 0.000000e+00 0.000000e+00 0.000000e+00 0.000000e+00 0.000000e+00 0.000000e+00 0.000000e+00 0.000000e+00 0.000000e+00 0.000000e+00 0.000000e+00 0.000000e+00 0.000000e+00 0.000000e+00 0.000000e+00 0.000000e+00 0.000000e+00 3.594547e-38 6.205532e-16 5.005029e-18 9.271366e-12 4.134347e-21 0.000000e+00
29.000000 28.000000 30.000000 174.752023 9.580663e+02 1.413590e+09 2.428468e+09 1.386746e+06 2.515360e+05 9.478723e+06 4.347381e+06 1.218187e+11 8.728617e+00 1.539934e-05 3.315600e-06 1.448472e+06 1.091269e+04 8.206299e+01 1.447776e-01 2.234574e-08 1.844964e-03 1.489837e+00 6.253496e-01 3.423633e-22 3.938545e+13 1.698530e+10 1.456806e+04 2.358657e-05 8.757886e+01 1.510889e-04 3.557874e-51 1.163041e-06 1.884623e-11 9.937337e-04 1.950646e-05 2.030247e+03 7.420475e-10 8.279185e-02 8.477437e-03 8.311267e-02 1.060557e-04 1.814670e-02 3.792468e-18 7.542252e-13 0.000000e+00 0.000000e+00 0.000000e+00 0.000000e+00 0.000000e+00 0.000000e+00 0.000000e+00 0.000000e+00 0.000000e+00 0.000000e+00 0.000000e+00 0.000000e+00 7.937731e+16 4.462371e+12 1.963428e+13 3.176709e+17 7.222453e-01 1.235817e-06 3.652445e-15 4.919178e-11 3.503682e-01 8.484851e+00 2.065819e-03 1.606471e+03 3.970478e-12 5.595596e-07 2.334610e-08 1.206150e-19 0.000000e+00 0.000000e+00 5.258185e-01 2.752630e-05 1.451270e-02 0.000000e+00 0.000000e+00 0.000000e+00 0.000000e+00 0.000000e+00 0.000000e+00 0.000000e+00 3.624528e-11 0.000000e+00 0.000000e+00 0.000000e+00 0.000000e+00 0.000000e+00 0.000000e+00 0.000000e+00 0.000000e+00 0.000000e+00 0.000000e+00 0.000000e+00 0.000000e+00 0.000000e+00 0.000000e+00 0.000000e+00 0.000000e+00 0.000000e+00 0.000000e+00 0.000000e+00 0.000000e+00 0.000000e+00 0.000000e+00 0.000000e+00 0.000000e+00 0.000000e+00 7.410184e-40 8.861994e-17 9.663032e-19 5.285135e-12 8.012632e-22 0.000000e+00
31.000000 30.000000 32.000000 171.359710 6.259808e+02 2.006004e+09 1.963001e+09 2.430359e+06 3.007745e+05 6.562030e+06 2.090403e+06 7.386542e+10 1.081544e+01 4.797019e-06 1.591322e-06 7.628688e+05 7.657444e+03 3.454202e+01 5.705219e-02 3.090950e-09 1.049263e-03 8.684767e-01 2.146120e-01 1.917882e-21 3.344353e+13 1.130139e+10 1.113063e+04 8.981956e-06 2.199923e+01 7.992654e-05 2.798056e-51 7.266951e-07 8.579982e-12 5.248967e-04 9.666703e-06 1.307085e+03 1.979336e-09 1.054652e-01 8.500796e-03 5.165535e-02 9.344068e-05 1.481368e-02 2.451157e-18 4.600336e-13 0.000000e+00 0.000000e+00 0.000000e+00 0.000000e+00 0.000000e+00 0.000000e+00 0.000000e+00 0.000000e+00 0.000000e+00 0.000000e+00 0.000000e+00 0.000000e+00 5.288301e+16 2.974491e+12 1.668237e+13 2.116684e+17 8.842943e-01 1.173916e-06 1.003738e-14 5.231603e-11 3.697715e-01 1.013905e+01 1.979819e-03 1.329469e+03 3.905713e-12 2.566755e-07 7.977802e-09 4.839890e-20 0.000000e+00 0.000000e+00 1.096235e-01 2.032150e-05 1.223062e-02 0.000000e+00 0.000000e+00 0.000000e+00 0.000000e+00 0.000000e+00 0.000000e+00 0.000000e+00 2.758590e-11 0.000000e+00 0.000000e+00 0.000000e+00 0.000000e+00 0.000000e+00 0.000000e+00 0.000000e+00 0.000000e+00 0.000000e+00 0.000000e+00 0.000000e+00 0.000000e+00 0.000000e+00 0.000000e+00 0.000000e+00 0.000000e+00 0.000000e+00 0.000000e+00 0.000000e+00 0.000000e+00 0.000000e+00 0.000000e+00 0.000000e+00 0.000000e+00 0.000000e+00 7.893140e-42 8.870777e-18 1.528475e-19 2.573608e-12 1.532112e-22 0.000000e+00
33.000000 32.000000 34.000000 169.488900 4.064085e+02 2.655172e+09 1.413844e+09 4.162765e+06 3.406757e+05 4.597339e+06 1.019795e+06 4.705193e+10 1.262858e+01 1.457105e-06 7.230659e-07 3.744024e+05 5.174185e+03 1.434368e+01 2.016981e-02 3.696666e-10 5.973182e-04 4.473215e-01 6.633035e-02 1.066562e-20 2.782714e+13 7.407645e+09 7.686046e+03 4.195071e-06 7.127950e+00 3.667518e-05 3.902084e-51 4.687377e-07 4.400831e-12 2.823358e-04 5.038278e-06 8.317054e+02 4.812977e-09 1.207503e-01 7.098998e-03 3.150586e-02 7.968500e-05 1.174117e-02 1.914649e-18 3.054750e-13 0.000000e+00 0.000000e+00 0.000000e+00 0.000000e+00 0.000000e+00 0.000000e+00 0.000000e+00 0.000000e+00 0.000000e+00 0.000000e+00 0.000000e+00 0.000000e+00 3.470659e+16 1.953857e+12 1.388756e+13 1.389394e+17 9.785071e-01 1.118598e-06 2.728543e-14 5.575220e-11 3.569731e-01 1.178812e+01 1.723429e-03 1.011231e+03 3.721430e-12 1.053435e-07 2.354410e-09 2.199865e-20 0.000000e+00 0.000000e+00 2.194077e-02 1.316883e-05 1.014050e-02 0.000000e+00 0.000000e+00 0.000000e+00 0.000000e+00 0.000000e+00 0.000000e+00 0.000000e+00 2.224273e-11 0.000000e+00 0.000000e+00 0.000000e+00 0.000000e+00 0.000000e+00 0.000000e+00 0.000000e+00 0.000000e+00 0.000000e+00 0.000000e+00 0.000000e+00 0.000000e+00 0.000000e+00 0.000000e+00 0.000000e+00 0.000000e+00 0.000000e+00 0.000000e+00 0.000000e+00 0.000000e+00 0.000000e+00 0.000000e+00 0.000000e+00 0.000000e+00 0.000000e+00 5.668390e-44 7.080010e-19 2.119630e-20 1.092564e-12 3.035465e-23 0.000000e+00
35.000000 34.000000 36.000000 168.911339 2.630927e+02 3.358552e+09 9.364042e+08 6.994363e+06 3.673953e+05 3.226648e+06 4.926456e+05 2.918962e+10 1.421456e+01 4.290660e-07 3.123112e-07 1.742626e+05 3.409351e+03 5.858513e+00 6.543194e-03 3.900655e-11 3.392516e-04 2.073618e-01 1.854320e-02 5.980426e-20 2.286050e+13 4.804614e+09 4.904711e+03 2.441888e-06 4.000074e+00 1.440164e-05 9.425067e-51 2.999002e-07 2.510325e-12 1.530638e-04 2.738389e-06 5.249103e+02 1.059835e-08 1.217069e-01 4.911233e-03 1.889806e-02 6.611426e-05 9.096898e-03 1.875651e-18 2.205481e-13 0.000000e+00 0.000000e+00 0.000000e+00 0.000000e+00 0.000000e+00 0.000000e+00 0.000000e+00 0.000000e+00 0.000000e+00 0.000000e+00 0.000000e+00 0.000000e+00 2.253970e+16 1.270536e+12 1.141319e+13 9.025134e+16 1.007845e+00 1.064922e-06 7.478244e-14 6.010595e-11 3.150179e-01 1.339421e+01 1.398991e-03 7.121958e+02 3.231432e-12 3.860190e-08 6.147980e-10 1.116016e-20 0.000000e+00 0.000000e+00 4.160445e-03 7.489684e-06 8.342882e-03 0.000000e+00 0.000000e+00 0.000000e+00 0.000000e+00 0.000000e+00 0.000000e+00 0.000000e+00 1.880488e-11 0.000000e+00 0.000000e+00 0.000000e+00 0.000000e+00 0.000000e+00 0.000000e+00 0.000000e+00 0.000000e+00 0.000000e+00 0.000000e+00 0.000000e+00 0.000000e+00 0.000000e+00 0.000000e+00 0.000000e+00 0.000000e+00 0.000000e+00 0.000000e+00 0.000000e+00 0.000000e+00 0.000000e+00 0.000000e+00 0.000000e+00 0.000000e+00 0.000000e+00 3.202680e-46 4.859041e-20 2.615599e-21 4.034962e-13 6.153863e-24 0.000000e+00
37.000000 36.000000 38.000000 169.558091 1.704109e+02 4.121993e+09 5.878561e+08 1.147911e+07 3.801447e+05 2.240597e+06 2.323187e+05 1.768730e+10 1.537024e+01 1.208845e-07 1.274326e-07 7.906606e+04 2.210970e+03 2.360314e+00 2.010936e-03 3.789065e-12 1.910096e-04 8.958916e-02 4.836164e-03 3.311995e-19 1.852190e+13 3.095214e+09 2.954358e+03 1.499038e-06 3.541602e+00 4.800158e-06 2.854518e-50 1.871129e-07 1.504352e-12 8.291538e-05 1.516095e-06 3.298200e+02 2.171459e-08 1.071542e-01 2.841852e-03 1.110423e-02 5.370843e-05 6.898305e-03 2.130527e-18 1.654698e-13 0.000000e+00 0.000000e+00 0.000000e+00 0.000000e+00 0.000000e+00 0.000000e+00 0.000000e+00 0.000000e+00 0.000000e+00 0.000000e+00 0.000000e+00 0.000000e+00 1.454000e+16 8.209554e+11 9.249557e+12 5.823483e+16 9.879137e-01 9.881818e-07 2.036408e-13 6.443196e-11 2.513571e-01 1.475681e+01 1.087871e-03 4.743362e+02 2.487032e-12 1.272354e-08 1.492180e-10 5.872313e-21 0.000000e+00 0.000000e+00 7.553613e-04 3.686508e-06 6.809362e-03 0.000000e+00 0.000000e+00 0.000000e+00 0.000000e+00 0.000000e+00 0.000000e+00 0.000000e+00 1.619566e-11 0.000000e+00 0.000000e+00 0.000000e+00 0.000000e+00 0.000000e+00 0.000000e+00 0.000000e+00 0.000000e+00 0.000000e+00 0.000000e+00 0.000000e+00 0.000000e+00 0.000000e+00 0.000000e+00 0.000000e+00 0.000000e+00 0.000000e+00 0.000000e+00 0.000000e+00 0.000000e+00 0.000000e+00 0.000000e+00 0.000000e+00 0.000000e+00 0.000000e+00 1.618929e-48 3.034028e-21 2.871163e-22 1.273665e-13 1.212641e-24 0.000000e+00
39.000000 38.000000 40.000000 170.319368 1.106306e+02 4.974815e+09 3.637747e+08 1.830568e+07 3.812362e+05 1.538148e+06 1.079663e+05 1.054104e+10 1.603670e+01 3.294207e-08 4.970742e-08 3.579487e+04 1.427934e+03 9.506919e-01 6.090039e-04 3.572475e-13 1.060266e-04 3.760212e-02 1.231179e-03 1.697486e-18 1.492906e+13 1.996833e+09 1.736134e+03 7.629859e-07 3.709282e+00 1.384837e-06 6.643213e-50 1.143858e-07 8.769263e-13 4.448093e-05 8.264097e-07 2.078888e+02 4.307004e-08 8.528325e-02 1.421802e-03 6.367954e-03 4.242519e-05 5.179919e-03 2.545768e-18 1.209198e-13 0.000000e+00 0.000000e+00 0.000000e+00 0.000000e+00 0.000000e+00 0.000000e+00 0.000000e+00 0.000000e+00 0.000000e+00 0.000000e+00 0.000000e+00 0.000000e+00 9.394206e+15 5.314593e+11 7.456477e+12 3.763700e+16 9.492343e-01 8.816933e-07 5.259826e-13 6.618957e-11 1.788723e-01 1.559775e+01 8.341447e-04 3.073931e+02 1.705906e-12 3.847605e-09 3.565688e-11 2.951958e-21 0.000000e+00 0.000000e+00 1.361733e-04 1.567578e-06 5.565361e-03 0.000000e+00 0.000000e+00 0.000000e+00 0.000000e+00 0.000000e+00 0.000000e+00 0.000000e+00 1.365963e-11 0.000000e+00 0.000000e+00 0.000000e+00 0.000000e+00 0.000000e+00 0.000000e+00 0.000000e+00 0.000000e+00 0.000000e+00 0.000000e+00 0.000000e+00 0.000000e+00 0.000000e+00 0.000000e+00 0.000000e+00 0.000000e+00 0.000000e+00 0.000000e+00 0.000000e+00 0.000000e+00 0.000000e+00 0.000000e+00 0.000000e+00 0.000000e+00 0.000000e+00 7.982955e-51 1.793816e-22 2.882078e-23 3.408790e-14 2.186891e-25 0.000000e+00
41.000000 40.000000 42.000000 171.080601 7.196555e+01 6.095995e+09 2.227824e+08 2.911600e+07 3.725662e+05 1.025221e+06 4.687421e+04 6.187621e+09 1.615583e+01 8.352556e-09 1.804768e-08 1.645278e+04 9.203060e+02 3.760915e-01 1.800152e-04 3.107913e-14 5.779325e-05 1.511149e-02 2.965123e-04 8.836168e-18 1.192713e+13 1.290519e+09 1.009391e+03 3.859219e-07 4.028066e+00 3.259179e-07 1.726993e-49 6.507783e-08 5.171265e-13 2.352414e-05 4.511263e-07 1.314407e+02 8.296623e-08 6.831898e-02 6.748169e-04 3.571995e-03 3.338185e-05 3.862209e-03 3.220602e-18 9.025605e-14 0.000000e+00 0.000000e+00 0.000000e+00 0.000000e+00 0.000000e+00 0.000000e+00 0.000000e+00 0.000000e+00 0.000000e+00 0.000000e+00 0.000000e+00 0.000000e+00 6.081511e+15 3.448074e+11 5.957248e+12 2.437406e+16 9.052331e-01 7.464684e-07 1.367053e-12 6.819292e-11 1.138225e-01 1.640369e+01 6.408048e-04 1.919943e+02 9.779276e-13 1.062821e-09 8.097894e-12 1.424296e-21 0.000000e+00 0.000000e+00 2.297712e-05 5.638038e-07 4.539678e-03 0.000000e+00 0.000000e+00 0.000000e+00 0.000000e+00 0.000000e+00 0.000000e+00 0.000000e+00 1.153756e-11 0.000000e+00 0.000000e+00 0.000000e+00 0.000000e+00 0.000000e+00 0.000000e+00 0.000000e+00 0.000000e+00 0.000000e+00 0.000000e+00 0.000000e+00 0.000000e+00 0.000000e+00 0.000000e+00 0.000000e+00 0.000000e+00 0.000000e+00 0.000000e+00 0.000000e+00 0.000000e+00 0.000000e+00 0.000000e+00 0.000000e+00 0.000000e+00 0.000000e+00 4.052166e-53 9.563897e-24 2.504972e-24 7.541922e-15 3.637875e-26 0.000000e+00
43.000000 42.000000 44.000000 173.178718 4.698570e+01 7.632583e+09 1.336100e+08 4.649644e+07 3.499270e+05 6.587502e+05 1.854940e+04 3.545803e+09 1.582521e+01 1.978270e-09 6.099602e-09 7.623041e+03 5.884629e+02 1.448443e-01 5.114231e-05 2.396274e-15 3.081447e-05 5.630556e-03 6.512444e-05 4.747585e-17 9.437498e+12 8.303115e+08 5.787681e+02 2.352745e-07 4.368908e+00 6.084525e-08 7.678610e-49 3.377179e-08 3.284290e-13 1.238362e-05 2.547449e-07 8.272444e+01 2.241516e-07 6.193173e-02 3.246858e-04 1.959792e-03 2.634442e-05 2.869286e-03 4.146346e-18 7.465939e-14 0.000000e+00 0.000000e+00 0.000000e+00 0.000000e+00 0.000000e+00 0.000000e+00 0.000000e+00 0.000000e+00 0.000000e+00 0.000000e+00 0.000000e+00 0.000000e+00 3.920718e+15 2.228333e+11 4.713061e+12 1.572081e+16 8.531643e-01 6.015710e-07 3.591226e-12 7.364145e-11 6.534834e-02 1.743854e+01 4.879584e-04 1.123862e+02 4.626725e-13 2.707627e-10 1.665308e-12 7.002120e-22 0.000000e+00 0.000000e+00 3.513474e-06 1.706994e-07 3.698143e-03 0.000000e+00 0.000000e+00 0.000000e+00 0.000000e+00 0.000000e+00 0.000000e+00 0.000000e+00 1.011080e-11 0.000000e+00 0.000000e+00 0.000000e+00 0.000000e+00 0.000000e+00 0.000000e+00 0.000000e+00 0.000000e+00 0.000000e+00 0.000000e+00 0.000000e+00 0.000000e+00 0.000000e+00 0.000000e+00 0.000000e+00 0.000000e+00 0.000000e+00 0.000000e+00 0.000000e+00 0.000000e+00 0.000000e+00 0.000000e+00 0.000000e+00 0.000000e+00 0.000000e+00 2.202729e-55 4.420679e-25 1.887451e-25 1.375543e-15 5.804981e-27 0.000000e+00
45.000000 44.000000 46.000000 176.533402 3.089432e+01 9.592487e+09 7.873982e+07 7.392343e+07 3.167863e+05 4.158917e+05 7.083224e+03 1.999301e+09 1.513521e+01 4.726172e-10 2.008707e-09 3.627753e+03 3.746817e+02 5.578962e-02 1.442629e-05 1.777760e-16 1.633292e-05 2.016366e-03 1.383961e-05 2.338972e-16 7.378231e+12 5.340103e+08 3.258049e+02 1.428667e-07 4.613578e+00 9.987307e-09 3.866482e-48 1.732001e-08 2.188749e-13 6.661810e-06 1.487366e-07 5.204025e+01 2.318339e-06 6.863030e-02 1.581669e-04 1.074932e-03 2.073238e-05 2.133486e-03 4.898009e-18 6.580506e-14 0.000000e+00 0.000000e+00 0.000000e+00 0.000000e+00 0.000000e+00 0.000000e+00 0.000000e+00 0.000000e+00 0.000000e+00 0.000000e+00 0.000000e+00 0.000000e+00 2.527692e+15 1.440061e+11 3.683265e+12 1.014041e+16 7.871941e-01 4.717828e-07 8.564724e-12 8.152455e-11 3.484052e-02 1.845637e+01 3.666914e-04 6.312173e+01 2.028919e-13 6.799851e-11 3.257266e-13 3.507087e-22 0.000000e+00 0.000000e+00 5.268950e-07 4.612581e-08 3.002534e-03 0.000000e+00 0.000000e+00 0.000000e+00 0.000000e+00 0.000000e+00 0.000000e+00 0.000000e+00 9.111549e-12 0.000000e+00 0.000000e+00 0.000000e+00 0.000000e+00 0.000000e+00 0.000000e+00 0.000000e+00 0.000000e+00 0.000000e+00 0.000000e+00 0.000000e+00 0.000000e+00 0.000000e+00 0.000000e+00 0.000000e+00 0.000000e+00 0.000000e+00 0.000000e+00 0.000000e+00 0.000000e+00 0.000000e+00 0.000000e+00 0.000000e+00 0.000000e+00 0.000000e+00 1.423265e-57 1.934742e-26 1.361274e-26 2.221320e-16 9.315115e-28 0.000000e+00
47.000000 46.000000 48.000000 179.576104 2.047741e+01 1.228189e+10 4.795046e+07 1.169779e+08 2.791391e+05 2.611898e+05 2.709912e+03 1.117434e+09 1.452622e+01 1.226098e-10 6.803973e-10 1.789524e+03 2.394683e+02 2.194467e-02 4.236248e-06 1.398725e-17 8.555983e-06 7.263907e-04 3.011823e-06 9.219371e-16 5.779871e+12 3.467062e+08 1.840944e+02 6.789904e-08 4.805174e+00 1.607827e-09 1.151492e-47 8.969790e-09 1.377224e-13 3.604463e-06 8.524876e-08 3.301381e+01 3.427932e-05 9.594080e-02 7.611867e-05 5.900374e-04 1.559742e-05 1.613631e-03 4.708042e-18 5.546627e-14 0.000000e+00 0.000000e+00 0.000000e+00 0.000000e+00 0.000000e+00 0.000000e+00 0.000000e+00 0.000000e+00 0.000000e+00 0.000000e+00 0.000000e+00 0.000000e+00 1.646049e+15 9.398290e+10 2.883204e+12 6.607398e+15 7.379781e-01 3.674031e-07 1.652154e-11 8.829596e-11 1.775962e-02 1.918209e+01 2.802864e-04 3.518710e+01 8.513724e-14 1.817005e-11 6.636548e-14 1.639642e-22 0.000000e+00 0.000000e+00 8.281203e-08 1.208979e-08 2.469943e-03 0.000000e+00 0.000000e+00 0.000000e+00 0.000000e+00 0.000000e+00 0.000000e+00 0.000000e+00 7.963021e-12 0.000000e+00 0.000000e+00 0.000000e+00 0.000000e+00 0.000000e+00 0.000000e+00 0.000000e+00 0.000000e+00 0.000000e+00 0.000000e+00 0.000000e+00 0.000000e+00 0.000000e+00 0.000000e+00 0.000000e+00 0.000000e+00 0.000000e+00 0.000000e+00 0.000000e+00 0.000000e+00 0.000000e+00 0.000000e+00 0.000000e+00 0.000000e+00 0.000000e+00 1.107894e-59 8.894909e-28 1.042303e-27 3.398122e-17 1.468820e-28 0.000000e+00
49.000000 48.000000 50.000000 181.301716 1.365228e+01 1.891511e+10 3.565965e+07 1.773352e+08 2.145317e+05 1.334850e+05 7.162458e+02 6.201722e+08 1.518993e+01 3.052329e-11 2.261000e-10 9.232170e+02 1.525365e+02 8.490407e-03 1.356578e-06 1.191565e-18 3.578380e-06 2.339105e-04 5.882998e-07 4.778769e-15 4.548664e+12 2.279318e+08 1.083833e+02 2.368017e-08 4.865779e+00 2.143339e-10 1.239415e-47 3.694525e-09 6.956442e-14 1.739573e-06 4.227040e-08 2.117259e+01 3.650567e-04 1.555628e-01 4.039530e-05 2.942024e-04 1.156056e-05 1.246963e-03 5.303825e-18 4.050355e-14 0.000000e+00 0.000000e+00 0.000000e+00 0.000000e+00 0.000000e+00 0.000000e+00 0.000000e+00 0.000000e+00 0.000000e+00 0.000000e+00 0.000000e+00 0.000000e+00 1.086243e+15 6.212426e+10 2.264536e+12 4.363221e+15 8.316012e-01 2.511510e-07 4.414350e-11 9.566828e-11 8.211687e-03 1.827259e+01 2.537246e-04 1.728942e+01 2.400348e-14 5.774120e-12 1.592266e-14 5.599692e-23 0.000000e+00 0.000000e+00 1.084980e-08 2.944545e-09 2.067321e-03 0.000000e+00 0.000000e+00 0.000000e+00 0.000000e+00 0.000000e+00 0.000000e+00 0.000000e+00 4.883894e-11 0.000000e+00 0.000000e+00 0.000000e+00 0.000000e+00 0.000000e+00 0.000000e+00 0.000000e+00 0.000000e+00 0.000000e+00 0.000000e+00 0.000000e+00 0.000000e+00 0.000000e+00 0.000000e+00 0.000000e+00 0.000000e+00 0.000000e+00 0.000000e+00 0.000000e+00 0.000000e+00 0.000000e+00 0.000000e+00 0.000000e+00 0.000000e+00 0.000000e+00 1.043657e-61 4.274568e-29 7.826848e-29 4.828372e-18 2.096410e-29 0.000000e+00
51.000000 50.000000 52.000000 182.120229 9.128673e+00 3.504739e+10 3.246862e+07 2.229484e+08 1.171990e+05 4.708758e+04 9.936756e+01 3.417289e+08 1.727707e+01 6.664542e-12 7.269582e-11 4.985499e+02 9.437832e+01 3.309965e-03 4.560165e-07 1.074279e-19 1.004144e-06 5.252686e-05 8.681886e-08 6.151597e-13 3.565825e+12 1.508971e+08 6.476605e+01 7.336528e-09 4.382241e+00 2.186900e-11 7.077952e-48 1.382289e-09 3.428162e-14 8.533291e-07 2.106055e-08 1.364785e+01 2.512075e-03 2.460892e-01 3.249180e-05 1.483397e-04 1.057997e-05 9.773394e-04 1.511301e-16 2.945930e-14 0.000000e+00 0.000000e+00 0.000000e+00 0.000000e+00 0.000000e+00 0.000000e+00 0.000000e+00 0.000000e+00 0.000000e+00 0.000000e+00 0.000000e+00 0.000000e+00 7.225199e+14 4.136655e+10 1.765185e+12 2.904380e+15 1.141437e+00 1.292752e-07 3.512136e-09 3.678677e-10 3.689460e-03 1.304309e+01 2.660453e-04 5.838061e+00 5.286293e-15 2.233727e-12 4.444295e-15 1.689592e-23 0.000000e+00 0.000000e+00 1.014743e-09 6.933625e-10 1.747220e-03 0.000000e+00 0.000000e+00 0.000000e+00 0.000000e+00 0.000000e+00 0.000000e+00 0.000000e+00 1.730578e-08 0.000000e+00 0.000000e+00 0.000000e+00 0.000000e+00 0.000000e+00 0.000000e+00 0.000000e+00 0.000000e+00 0.000000e+00 0.000000e+00 0.000000e+00 0.000000e+00 0.000000e+00 0.000000e+00 0.000000e+00 0.000000e+00 0.000000e+00 0.000000e+00 0.000000e+00 0.000000e+00 0.000000e+00 0.000000e+00 0.000000e+00 0.000000e+00 0.000000e+00 1.200437e-63 2.396432e-30 5.596290e-30 6.730204e-19 2.942948e-30 0.000000e+00
53.000000 52.000000 54.000000 182.907633 6.115307e+00 6.190939e+10 2.934934e+07 2.378263e+08 5.375348e+04 1.497366e+04 1.062560e+01 1.804235e+08 1.849022e+01 1.471727e-12 2.553811e-11 2.691214e+02 5.599887e+01 1.297757e-03 1.408179e-07 8.845463e-21 2.407096e-07 9.464290e-06 1.056746e-08 6.141141e-11 2.849668e+12 9.983251e+07 3.833153e+01 2.383347e-09 3.302444e+00 1.962792e-12 9.486753e-48 1.287185e-09 2.193623e-14 5.281988e-07 1.291934e-08 8.722096e+00 1.340081e-02 3.704565e-01 3.937086e-05 8.970086e-05 1.195317e-05 7.971346e-04 4.266058e-15 2.539499e-14 0.000000e+00 0.000000e+00 0.000000e+00 0.000000e+00 0.000000e+00 0.000000e+00 0.000000e+00 0.000000e+00 0.000000e+00 0.000000e+00 0.000000e+00 0.000000e+00 4.814620e+14 2.759080e+10 1.393756e+12 1.937271e+15 1.558958e+00 5.575789e-08 2.585263e-07 3.570484e-08 1.890250e-03 7.076355e+00 2.510776e-04 1.553513e+00 2.996852e-15 8.011864e-13 1.112816e-15 6.529658e-24 0.000000e+00 0.000000e+00 8.422549e-11 1.871260e-10 1.547804e-03 0.000000e+00 0.000000e+00 0.000000e+00 0.000000e+00 0.000000e+00 0.000000e+00 0.000000e+00 3.209824e-06 0.000000e+00 0.000000e+00 0.000000e+00 0.000000e+00 0.000000e+00 0.000000e+00 0.000000e+00 0.000000e+00 0.000000e+00 0.000000e+00 0.000000e+00 0.000000e+00 0.000000e+00 0.000000e+00 0.000000e+00 0.000000e+00 0.000000e+00 0.000000e+00 0.000000e+00 0.000000e+00 0.000000e+00 0.000000e+00 0.000000e+00 0.000000e+00 0.000000e+00 1.382116e-65 1.769594e-31 4.511199e-31 9.147980e-20 4.107211e-31 0.000000e+00
55.000000 54.000000 56.000000 183.862280 4.105846e+00 9.530841e+10 2.406465e+07 2.205508e+08 2.330000e+04 4.787515e+03 1.081429e+00 9.131048e+07 1.753301e+01 3.513098e-13 1.052832e-11 1.448682e+02 3.223389e+01 5.001335e-04 3.956056e-08 6.509834e-22 5.596472e-08 1.565372e-06 1.177185e-09 4.952728e-10 2.311424e+12 6.586797e+07 2.258981e+01 8.467414e-10 1.987049e+00 1.744673e-13 4.153043e-47 3.962393e-09 1.658917e-14 3.795009e-07 8.606436e-09 5.514047e+00 5.254366e-02 5.002423e-01 5.941650e-05 5.826703e-05 1.378556e-05 6.727199e-04 1.297032e-14 2.379044e-14 0.000000e+00 0.000000e+00 0.000000e+00 0.000000e+00 0.000000e+00 0.000000e+00 0.000000e+00 0.000000e+00 0.000000e+00 0.000000e+00 0.000000e+00 0.000000e+00 3.211694e+14 1.842299e+10 1.107982e+12 1.293939e+15 1.940271e+00 2.129751e-08 1.780153e-06 3.645158e-07 1.074701e-03 3.162817e+00 2.001471e-04 3.712668e-01 6.313450e-15 2.417712e-13 2.311410e-16 3.031721e-24 0.000000e+00 0.000000e+00 6.867446e-12 5.635757e-11 1.417699e-03 0.000000e+00 0.000000e+00 0.000000e+00 0.000000e+00 0.000000e+00 0.000000e+00 0.000000e+00 4.989194e-05 0.000000e+00 0.000000e+00 0.000000e+00 0.000000e+00 0.000000e+00 0.000000e+00 0.000000e+00 0.000000e+00 0.000000e+00 0.000000e+00 0.000000e+00 0.000000e+00 0.000000e+00 0.000000e+00 0.000000e+00 0.000000e+00 0.000000e+00 0.000000e+00 0.000000e+00 0.000000e+00 0.000000e+00 0.000000e+00 0.000000e+00 0.000000e+00 0.000000e+00 1.590651e-67 2.040613e-32 4.925801e-32 1.331631e-20 6.444513e-32 0.000000e+00
57.000000 56.000000 58.000000 184.614394 2.762640e+00 1.310955e+11 1.829346e+07 1.859964e+08 9.927552e+03 1.574998e+03 1.140338e-01 4.442279e+07 1.513028e+01 9.043294e-14 4.960103e-12 7.787368e+01 1.823213e+01 1.906314e-04 1.064523e-08 4.558882e-23 1.305294e-08 2.532159e-07 1.276729e-10 3.044462e-09 1.901298e+12 4.333241e+07 1.425243e+01 3.103769e-10 1.017510e+00 1.694260e-14 2.181995e-46 1.856721e-08 1.513482e-14 3.377882e-07 5.539115e-09 3.454851e+00 1.634076e-01 6.117658e-01 9.949511e-05 3.711172e-05 1.465982e-05 5.805254e-04 3.745741e-14 2.192684e-14 0.000000e+00 0.000000e+00 0.000000e+00 0.000000e+00 0.000000e+00 0.000000e+00 0.000000e+00 0.000000e+00 0.000000e+00 0.000000e+00 0.000000e+00 0.000000e+00 2.148676e+14 1.233880e+10 8.850550e+11 8.670871e+14 2.258260e+00 7.569727e-09 1.034544e-05 2.641120e-06 6.770078e-04 1.279479e+00 1.431210e-04 8.551198e-02 2.234139e-14 6.569318e-14 4.301019e-17 1.732894e-24 0.000000e+00 0.000000e+00 5.763127e-13 1.914826e-11 1.315915e-03 0.000000e+00 0.000000e+00 0.000000e+00 0.000000e+00 0.000000e+00 0.000000e+00 0.000000e+00 5.902982e-04 0.000000e+00 0.000000e+00 0.000000e+00 0.000000e+00 0.000000e+00 0.000000e+00 0.000000e+00 0.000000e+00 0.000000e+00 0.000000e+00 0.000000e+00 0.000000e+00 0.000000e+00 0.000000e+00 0.000000e+00 0.000000e+00 0.000000e+00 0.000000e+00 0.000000e+00 0.000000e+00 0.000000e+00 0.000000e+00 0.000000e+00 0.000000e+00 0.000000e+00 1.831464e-69 3.472014e-33 7.167611e-33 2.259209e-21 1.322030e-32 0.000000e+00
59.000000 58.000000 60.000000 184.367829 1.860459e+00 1.675572e+11 1.346077e+07 1.475679e+08 4.190803e+03 5.333756e+02 1.291710e-02 2.085951e+07 1.228865e+01 2.308598e-14 2.358277e-12 4.199190e+01 1.021967e+01 7.274888e-05 2.868665e-09 3.271448e-24 3.062753e-09 4.141259e-08 1.406299e-11 1.062576e-08 1.586596e+12 2.841837e+07 1.157881e+01 1.155342e-10 4.971461e-01 2.205284e-15 4.585865e-46 6.213793e-08 1.481980e-14 3.539534e-07 3.100507e-09 2.153042e+00 4.037811e-01 6.853582e-01 1.576235e-04 2.163125e-05 1.333075e-05 5.027167e-04 7.190978e-14 1.731471e-14 0.000000e+00 0.000000e+00 0.000000e+00 0.000000e+00 0.000000e+00 0.000000e+00 0.000000e+00 0.000000e+00 0.000000e+00 0.000000e+00 0.000000e+00 0.000000e+00 1.445886e+14 8.311717e+09 7.094905e+11 5.847080e+14 2.590906e+00 2.583564e-09 3.663663e-05 1.054222e-05 5.408288e-04 4.916618e-01 9.878837e-05 1.973659e-02 6.021661e-14 1.773591e-14 8.001992e-18 1.082298e-24 0.000000e+00 0.000000e+00 5.153729e-14 8.576357e-12 1.207718e-03 0.000000e+00 0.000000e+00 0.000000e+00 0.000000e+00 0.000000e+00 0.000000e+00 0.000000e+00 3.951310e-03 0.000000e+00 0.000000e+00 0.000000e+00 0.000000e+00 0.000000e+00 0.000000e+00 0.000000e+00 0.000000e+00 0.000000e+00 0.000000e+00 0.000000e+00 0.000000e+00 0.000000e+00 0.000000e+00 0.000000e+00 0.000000e+00 0.000000e+00 0.000000e+00 0.000000e+00 0.000000e+00 0.000000e+00 0.000000e+00 0.000000e+00 0.000000e+00 0.000000e+00 2.114413e-71 6.675779e-34 1.099488e-33 5.034829e-22 3.478477e-33 0.000000e+00
61.000000 60.000000 62.000000 182.548592 1.250568e+00 2.055476e+11 9.489227e+06 1.127552e+08 1.722157e+03 1.811687e+02 1.503332e-03 9.494875e+06 9.608266e+00 5.593476e-15 1.091786e-12 2.281365e+01 5.681010e+00 2.756202e-05 7.636871e-10 2.318503e-25 7.142914e-10 6.561124e-09 1.521130e-12 4.054323e-08 1.339574e+12 1.849710e+07 1.928715e+01 7.076815e-11 2.429724e-01 6.017847e-16 8.867342e-46 2.409266e-07 2.187086e-14 5.801268e-07 1.626913e-09 1.331418e+00 8.043075e-01 7.061361e-01 2.286786e-04 1.207635e-05 1.127892e-05 4.261897e-04 1.645694e-13 1.334993e-14 0.000000e+00 0.000000e+00 0.000000e+00 0.000000e+00 0.000000e+00 0.000000e+00 0.000000e+00 0.000000e+00 0.000000e+00 0.000000e+00 0.000000e+00 0.000000e+00 9.789601e+13 5.634970e+09 5.669941e+11 3.969472e+14 3.027507e+00 8.522987e-10 1.471874e-04 4.526155e-05 9.133446e-04 1.844247e-01 6.830258e-05 4.431723e-03 1.963342e-13 4.972729e-15 1.491317e-18 1.024028e-24 0.000000e+00 0.000000e+00 4.635881e-15 8.134273e-12 1.066673e-03 0.000000e+00 0.000000e+00 0.000000e+00 0.000000e+00 0.000000e+00 0.000000e+00 0.000000e+00 2.867752e-02 0.000000e+00 0.000000e+00 0.000000e+00 0.000000e+00 0.000000e+00 0.000000e+00 0.000000e+00 0.000000e+00 0.000000e+00 0.000000e+00 0.000000e+00 0.000000e+00 0.000000e+00 0.000000e+00 0.000000e+00 0.000000e+00 0.000000e+00 0.000000e+00 0.000000e+00 0.000000e+00 0.000000e+00 0.000000e+00 0.000000e+00 0.000000e+00 0.000000e+00 2.476453e-73 1.284847e-34 1.604856e-34 2.191562e-22 1.340768e-33 0.000000e+00
63.000000 62.000000 64.000000 181.240005 8.387243e-01 2.446091e+11 6.155152e+06 8.354514e+07 6.728504e+02 5.950942e+01 1.643095e-04 4.136550e+06 7.255898e+00 1.319335e-15 5.184384e-13 1.236343e+01 3.079422e+00 1.007568e-05 1.916900e-10 1.467913e-26 1.620069e-10 9.404287e-10 1.496850e-13 1.226784e-07 1.131735e+12 1.170878e+07 4.935813e+01 7.531473e-11 1.162240e-01 2.521318e-16 2.127408e-45 7.342959e-07 3.421946e-14 9.397783e-07 9.191910e-10 7.993152e-01 1.253061e+00 6.669415e-01 3.032904e-04 6.987686e-06 1.012810e-05 3.434917e-04 3.051178e-13 1.151687e-14 0.000000e+00 0.000000e+00 0.000000e+00 0.000000e+00 0.000000e+00 0.000000e+00 0.000000e+00 0.000000e+00 0.000000e+00 0.000000e+00 0.000000e+00 0.000000e+00 6.590357e+13 3.802681e+09 4.435508e+11 2.681447e+14 3.726045e+00 2.694180e-10 4.711736e-04 1.505107e-04 2.361088e-03 7.023928e-02 4.877990e-05 9.207970e-04 5.207568e-13 1.565375e-15 2.673782e-19 1.018968e-24 0.000000e+00 0.000000e+00 3.801049e-16 1.120499e-11 8.816873e-04 0.000000e+00 0.000000e+00 0.000000e+00 0.000000e+00 0.000000e+00 0.000000e+00 0.000000e+00 1.618044e-01 0.000000e+00 0.000000e+00 0.000000e+00 0.000000e+00 0.000000e+00 0.000000e+00 0.000000e+00 0.000000e+00 0.000000e+00 0.000000e+00 0.000000e+00 0.000000e+00 0.000000e+00 0.000000e+00 0.000000e+00 0.000000e+00 0.000000e+00 0.000000e+00 0.000000e+00 0.000000e+00 0.000000e+00 0.000000e+00 0.000000e+00 0.000000e+00 0.000000e+00 2.935637e-75 2.637465e-35 2.417850e-35 1.625459e-22 6.092546e-34 0.000000e+00
65.000000 64.000000 66.000000 181.240005 5.622606e-01 2.813612e+11 3.685725e+06 6.051092e+07 2.518655e+02 1.905476e+01 1.692944e-05 1.714956e+06 5.318728e+00 3.025559e-16 2.458378e-13 6.682600e+00 1.615665e+00 3.546465e-06 4.571349e-11 8.404782e-28 3.602901e-11 1.239428e-10 1.346044e-14 2.566262e-07 9.542566e+11 7.093967e+06 1.033329e+02 7.685976e-11 5.717804e-02 8.512032e-17 4.725386e-45 1.511231e-06 4.031940e-14 1.099209e-06 5.287933e-10 4.579437e-01 1.543097e+00 5.785257e-01 3.450593e-04 4.022599e-06 9.111635e-06 2.609012e-04 3.946763e-13 9.503340e-15 0.000000e+00 0.000000e+00 0.000000e+00 0.000000e+00 0.000000e+00 0.000000e+00 0.000000e+00 0.000000e+00 0.000000e+00 0.000000e+00 0.000000e+00 0.000000e+00 4.398461e+13 2.547316e+09 3.364400e+11 1.797577e+14 5.068752e+00 8.332571e-11 1.031120e-03 3.365941e-04 4.956222e-03 3.102632e-02 3.798807e-05 1.819338e-04 9.731049e-13 5.964733e-16 4.928400e-20 7.651150e-25 0.000000e+00 0.000000e+00 2.889148e-17 1.200485e-11 6.786724e-04 0.000000e+00 0.000000e+00 0.000000e+00 0.000000e+00 0.000000e+00 0.000000e+00 0.000000e+00 6.080015e-01 0.000000e+00 0.000000e+00 0.000000e+00 0.000000e+00 0.000000e+00 0.000000e+00 0.000000e+00 0.000000e+00 0.000000e+00 0.000000e+00 0.000000e+00 0.000000e+00 0.000000e+00 0.000000e+00 0.000000e+00 0.000000e+00 0.000000e+00 0.000000e+00 0.000000e+00 0.000000e+00 0.000000e+00 0.000000e+00 0.000000e+00 0.000000e+00 0.000000e+00 3.631583e-77 5.541300e-36 3.641254e-36 1.080822e-22 2.294410e-34 0.000000e+00
67.000000 66.000000 68.000000 181.240005 3.769261e-01 3.126168e+11 2.054927e+06 4.338271e+07 9.157317e+01 6.062728e+00 1.708047e-06 6.798863e+05 3.830302e+00 6.746486e-17 1.142589e-13 3.642802e+00 8.230827e-01 1.211692e-06 1.054482e-11 4.501822e-29 8.014018e-12 1.540064e-11 1.136536e-15 3.899246e-07 8.075717e+11 4.075757e+06 1.596262e+02 5.886338e-11 3.017452e-02 2.090013e-17 8.368011e-45 2.213104e-06 3.465469e-14 9.359559e-07 2.889518e-10 2.479462e-01 1.560752e+00 4.672793e-01 3.290055e-04 2.199097e-06 7.648645e-06 1.891490e-04 3.752333e-13 6.854481e-15 0.000000e+00 0.000000e+00 0.000000e+00 0.000000e+00 0.000000e+00 0.000000e+00 0.000000e+00 0.000000e+00 0.000000e+00 0.000000e+00 0.000000e+00 0.000000e+00 2.931838e+13 1.706256e+09 2.474725e+11 1.205052e+14 7.567142e+00 2.595057e-11 1.604902e-03 5.303394e-04 7.632926e-03 1.920244e-02 3.180179e-05 3.549796e-05 1.379271e-12 2.344045e-16 9.462985e-21 4.262379e-25 0.000000e+00 0.000000e+00 2.113057e-18 9.144081e-12 4.948671e-04 0.000000e+00 0.000000e+00 0.000000e+00 0.000000e+00 0.000000e+00 0.000000e+00 0.000000e+00 1.570048e+00 0.000000e+00 0.000000e+00 0.000000e+00 0.000000e+00 0.000000e+00 0.000000e+00 0.000000e+00 0.000000e+00 0.000000e+00 0.000000e+00 0.000000e+00 0.000000e+00 0.000000e+00 0.000000e+00 0.000000e+00 0.000000e+00 0.000000e+00 0.000000e+00 0.000000e+00 0.000000e+00 0.000000e+00 0.000000e+00 0.000000e+00 0.000000e+00 0.000000e+00 5.229369e-79 1.145408e-36 5.286409e-37 5.402560e-23 6.519500e-35 0.000000e+00
69.000000 68.000000 70.000000 181.240005 2.526819e-01 3.336589e+11 1.054534e+06 3.082757e+07 3.236107e+01 1.916301e+00 1.700789e-07 2.567891e+05 2.718251e+00 1.485439e-17 5.297375e-14 2.006213e+00 4.050100e-01 3.997801e-07 2.341957e-12 2.243510e-30 1.795631e-12 1.796551e-12 9.017682e-17 4.587374e-07 6.841849e+11 2.181809e+06 1.865362e+02 3.378182e-11 1.629747e-02 3.803487e-18 1.284936e-44 2.428475e-06 2.298059e-14 6.128228e-07 1.474160e-10 1.245288e-01 1.347449e+00 3.558401e-01 2.699856e-04 1.122199e-06 5.867285e-06 1.323765e-04 2.786752e-13 4.435755e-15 0.000000e+00 0.000000e+00 0.000000e+00 0.000000e+00 0.000000e+00 0.000000e+00 0.000000e+00 0.000000e+00 0.000000e+00 0.000000e+00 0.000000e+00 0.000000e+00 1.951150e+13 1.142792e+09 1.752597e+11 8.078372e+13 1.163574e+01 8.220666e-12 1.877621e-03 6.247843e-04 8.897579e-03 1.533954e-02 2.627231e-05 6.907720e-06 1.588669e-12 7.955174e-17 1.739286e-21 1.879390e-25 0.000000e+00 0.000000e+00 1.482899e-19 5.072751e-12 3.471124e-04 0.000000e+00 0.000000e+00 0.000000e+00 0.000000e+00 0.000000e+00 0.000000e+00 0.000000e+00 2.928008e+00 0.000000e+00 0.000000e+00 0.000000e+00 0.000000e+00 0.000000e+00 0.000000e+00 0.000000e+00 0.000000e+00 0.000000e+00 0.000000e+00 0.000000e+00 0.000000e+00 0.000000e+00 0.000000e+00 0.000000e+00 0.000000e+00 0.000000e+00 0.000000e+00 0.000000e+00 0.000000e+00 0.000000e+00 0.000000e+00 0.000000e+00 0.000000e+00 0.000000e+00 1.053931e-80 2.387075e-37 7.617253e-38 2.077334e-23 1.454106e-35 0.000000e+00
71.000000 70.000000 72.000000 181.240005 1.693917e-01 3.409538e+11 4.941980e+05 2.169862e+07 1.118144e+01 5.999190e-01 1.668773e-08 9.209562e+04 1.904910e+00 3.276326e-18 2.487885e-14 1.115630e+00 1.917160e-01 1.268663e-07 4.989806e-13 1.033101e-31 4.094775e-13 1.971062e-13 6.733758e-18 4.407459e-07 5.786012e+11 1.073204e+06 1.719320e+02 1.498100e-11 8.462115e-03 5.322089e-19 1.783327e-44 2.091338e-06 1.259986e-14 3.301931e-07 6.928003e-11 5.715962e-02 1.035429e+00 2.592901e-01 1.976925e-04 5.274399e-07 4.053979e-06 9.048142e-05 1.702184e-13 2.720735e-15 0.000000e+00 0.000000e+00 0.000000e+00 0.000000e+00 0.000000e+00 0.000000e+00 0.000000e+00 0.000000e+00 0.000000e+00 0.000000e+00 0.000000e+00 0.000000e+00 1.296009e+13 7.653183e+08 1.188215e+11 5.415547e+13 1.746748e+01 2.662739e-12 1.732460e-03 5.787990e-04 8.196617e-03 1.236819e-02 1.998212e-05 1.355473e-06 1.556071e-12 2.194531e-17 2.844861e-22 7.066654e-26 0.000000e+00 0.000000e+00 9.920317e-21 2.128071e-12 2.377308e-04 0.000000e+00 0.000000e+00 0.000000e+00 0.000000e+00 0.000000e+00 0.000000e+00 0.000000e+00 4.123772e+00 0.000000e+00 0.000000e+00 0.000000e+00 0.000000e+00 0.000000e+00 0.000000e+00 0.000000e+00 0.000000e+00 0.000000e+00 0.000000e+00 0.000000e+00 0.000000e+00 0.000000e+00 0.000000e+00 0.000000e+00 0.000000e+00 0.000000e+00 0.000000e+00 0.000000e+00 0.000000e+00 0.000000e+00 0.000000e+00 0.000000e+00 0.000000e+00 0.000000e+00 3.328375e-82 5.170936e-38 1.123147e-38 6.451109e-24 2.708516e-36 0.000000e+00
73.000000 72.000000 74.000000 181.240005 1.135562e-01 3.334084e+11 2.108233e+05 1.512427e+07 3.848001e+00 1.853797e-01 1.605306e-09 3.131233e+04 1.320496e+00 7.312515e-19 1.195491e-14 6.248762e-01 8.715183e-02 3.865783e-08 1.018360e-13 4.381297e-33 9.723169e-14 2.067828e-14 4.790653e-19 3.611826e-07 4.870902e+11 4.816059e+05 1.298743e+02 5.303258e-12 4.080344e-03 5.930794e-20 2.205320e-44 1.469961e-06 6.152310e-15 1.574556e-07 2.981847e-11 2.379348e-02 7.368736e-01 1.832771e-01 1.341997e-04 2.270161e-07 2.508637e-06 6.092171e-05 8.932004e-14 1.665047e-15 0.000000e+00 0.000000e+00 0.000000e+00 0.000000e+00 0.000000e+00 0.000000e+00 0.000000e+00 0.000000e+00 0.000000e+00 0.000000e+00 0.000000e+00 0.000000e+00 8.588927e+12 5.124525e+08 7.683939e+10 3.630451e+13 2.502441e+01 8.848502e-13 1.312131e-03 4.394153e-04 6.202872e-03 8.913256e-03 1.360224e-05 2.735285e-07 1.325465e-12 4.917966e-18 4.013833e-23 2.446065e-26 0.000000e+00 0.000000e+00 6.293969e-22 6.992844e-13 1.607258e-04 0.000000e+00 0.000000e+00 0.000000e+00 0.000000e+00 0.000000e+00 0.000000e+00 0.000000e+00 4.562646e+00 0.000000e+00 0.000000e+00 0.000000e+00 0.000000e+00 0.000000e+00 0.000000e+00 0.000000e+00 0.000000e+00 0.000000e+00 0.000000e+00 0.000000e+00 0.000000e+00 0.000000e+00 0.000000e+00 0.000000e+00 0.000000e+00 0.000000e+00 0.000000e+00 0.000000e+00 0.000000e+00 0.000000e+00 0.000000e+00 0.000000e+00 0.000000e+00 0.000000e+00 1.502928e-83 1.190492e-38 1.730603e-39 1.689791e-24 4.484341e-37 0.000000e+00
75.000000 74.000000 76.000000 181.240005 7.612530e-02 3.126696e+11 8.196635e+04 1.044867e+07 1.373107e+00 5.637540e-02 1.505558e-10 1.009857e+04 9.070817e-01 1.661669e-19 5.905218e-15 3.513780e-01 3.808556e-02 1.132251e-08 1.992900e-14 1.713816e-34 2.515199e-14 2.160738e-15 3.352620e-20 2.686804e-07 4.073083e+11 1.971386e+05 8.310860e+01 1.544835e-12 1.813466e-03 5.433643e-21 2.349435e-44 8.722144e-07 2.847223e-15 7.060001e-08 1.178598e-11 8.979408e-03 5.019184e-01 1.270118e-01 8.735007e-05 8.973513e-08 1.394682e-06 4.059715e-05 4.352845e-14 1.042490e-15 0.000000e+00 0.000000e+00 0.000000e+00 0.000000e+00 0.000000e+00 0.000000e+00 0.000000e+00 0.000000e+00 0.000000e+00 0.000000e+00 0.000000e+00 0.000000e+00 5.677033e+12 3.430651e+08 4.731832e+10 2.433767e+13 3.419931e+01 3.030145e-13 8.437431e-04 2.829730e-04 3.986902e-03 5.612471e-03 8.288128e-06 5.897618e-08 9.949262e-13 9.136371e-19 4.883242e-24 8.291852e-27 0.000000e+00 0.000000e+00 3.779090e-23 1.858185e-13 1.079722e-04 0.000000e+00 0.000000e+00 0.000000e+00 0.000000e+00 0.000000e+00 0.000000e+00 0.000000e+00 4.110989e+00 0.000000e+00 0.000000e+00 0.000000e+00 0.000000e+00 0.000000e+00 0.000000e+00 0.000000e+00 0.000000e+00 0.000000e+00 0.000000e+00 0.000000e+00 0.000000e+00 0.000000e+00 0.000000e+00 0.000000e+00 0.000000e+00 0.000000e+00 0.000000e+00 0.000000e+00 0.000000e+00 0.000000e+00 0.000000e+00 0.000000e+00 0.000000e+00 0.000000e+00 8.594600e-85 2.948722e-39 2.815750e-40 3.865059e-25 6.965281e-38 0.000000e+00
77.000000 76.000000 78.000000 181.240005 5.103253e-02 2.823201e+11 2.916717e+04 7.165977e+06 5.452026e-01 1.682725e-02 1.369184e-11 3.097446e+03 6.186066e-01 3.854719e-20 3.000295e-15 1.977206e-01 1.605804e-02 3.199240e-09 3.752747e-15 6.222002e-36 7.561028e-15 2.420868e-16 2.454710e-21 5.225659e-05 3.378040e+11 7.398912e+04 4.634335e+01 3.806434e-13 7.475307e-04 4.211540e-22 2.148750e-44 4.497715e-07 1.287211e-15 3.061811e-08 4.320881e-12 3.088389e-03 3.349701e-01 8.693301e-02 5.586774e-05 3.290770e-08 7.038985e-07 2.681299e-05 2.816774e-14 6.667139e-16 0.000000e+00 0.000000e+00 0.000000e+00 0.000000e+00 0.000000e+00 0.000000e+00 0.000000e+00 0.000000e+00 0.000000e+00 0.000000e+00 0.000000e+00 0.000000e+00 3.740988e+12 2.295992e+08 2.774123e+10 1.631536e+13 4.500664e+01 1.079769e-13 4.740489e-04 1.591365e-04 2.239553e-03 3.119585e-03 4.579930e-06 1.452398e-08 6.671530e-13 1.445002e-19 5.201522e-25 2.831338e-27 0.000000e+00 0.000000e+00 2.148954e-24 4.108904e-14 7.231371e-05 0.000000e+00 0.000000e+00 0.000000e+00 0.000000e+00 0.000000e+00 0.000000e+00 0.000000e+00 3.116731e+00 0.000000e+00 0.000000e+00 0.000000e+00 0.000000e+00 0.000000e+00 0.000000e+00 0.000000e+00 0.000000e+00 0.000000e+00 0.000000e+00 0.000000e+00 0.000000e+00 0.000000e+00 0.000000e+00 0.000000e+00 0.000000e+00 0.000000e+00 0.000000e+00 0.000000e+00 0.000000e+00 0.000000e+00 0.000000e+00 0.000000e+00 0.000000e+00 0.000000e+00 5.908172e-86 7.895830e-40 4.847074e-41 7.931012e-26 1.053164e-38 0.000000e+00
79.000000 78.000000 80.000000 181.240005 3.421098e-02 2.465880e+11 9.551476e+03 4.886102e+06 2.637395e-01 4.916002e-03 1.202123e-12 9.071992e+02 4.195932e-01 9.128955e-21 1.565003e-15 1.109904e-01 6.572226e-03 8.773792e-10 6.838704e-16 2.118785e-37 2.768027e-15 3.203419e-17 2.061232e-22 6.121249e-03 2.775687e+11 2.567417e+04 2.305902e+01 8.130458e-14 2.887086e-04 2.833911e-23 1.738699e-44 2.065840e-07 5.686670e-16 1.281780e-08 1.491178e-12 9.761566e-04 2.220858e-01 5.904469e-02 3.563286e-05 1.136606e-08 3.274520e-07 1.753335e-05 4.119291e-14 4.299612e-16 0.000000e+00 0.000000e+00 0.000000e+00 0.000000e+00 0.000000e+00 0.000000e+00 0.000000e+00 0.000000e+00 0.000000e+00 0.000000e+00 0.000000e+00 0.000000e+00 2.456755e+12 1.535940e+08 1.548989e+10 1.093743e+13 5.763973e+01 4.099265e-14 2.384231e-04 8.008980e-05 1.126353e-03 1.558002e-03 2.332904e-06 4.452370e-09 4.059077e-13 2.000661e-20 4.954339e-26 9.713683e-28 0.000000e+00 0.000000e+00 1.160774e-25 7.755552e-15 4.835845e-05 0.000000e+00 0.000000e+00 0.000000e+00 0.000000e+00 0.000000e+00 0.000000e+00 0.000000e+00 2.046928e+00 0.000000e+00 0.000000e+00 0.000000e+00 0.000000e+00 0.000000e+00 0.000000e+00 0.000000e+00 0.000000e+00 0.000000e+00 0.000000e+00 0.000000e+00 0.000000e+00 0.000000e+00 0.000000e+00 0.000000e+00 0.000000e+00 0.000000e+00 0.000000e+00 0.000000e+00 0.000000e+00 0.000000e+00 0.000000e+00 0.000000e+00 0.000000e+00 0.000000e+00 4.810529e-87 2.288686e-40 8.798096e-42 1.490925e-26 1.576090e-39 0.000000e+00
81.000000 80.000000 82.000000 181.240005 2.293422e-02 2.092768e+11 2.893277e+03 3.315671e+06 1.638806e-01 1.401320e-03 1.021944e-13 2.549622e+02 2.835107e-01 2.203488e-21 8.356124e-16 6.194032e-02 2.633318e-03 2.355271e-10 1.215562e-16 6.868431e-39 1.216197e-15 5.328495e-18 2.150885e-23 3.457931e-01 2.257583e+11 8.317187e+03 1.044080e+01 1.538975e-14 1.054027e-04 1.695800e-24 1.294823e-44 8.626160e-08 2.433006e-16 5.120050e-09 4.925843e-13 2.862482e-04 1.472377e-01 3.991200e-02 2.283672e-05 3.761160e-09 1.428327e-07 1.132118e-05 1.047485e-13 2.761715e-16 0.000000e+00 0.000000e+00 0.000000e+00 0.000000e+00 0.000000e+00 0.000000e+00 0.000000e+00 0.000000e+00 0.000000e+00 0.000000e+00 0.000000e+00 0.000000e+00 1.607267e+12 1.026826e+08 8.240372e+09 7.332187e+12 7.230481e+01 1.744012e-14 1.095591e-04 3.681997e-05 5.176332e-04 7.117196e-04 1.110889e-06 1.782986e-09 2.275427e-13 2.492133e-21 4.311623e-27 3.308725e-28 0.000000e+00 0.000000e+00 5.986148e-27 1.278869e-15 3.231030e-05 0.000000e+00 0.000000e+00 0.000000e+00 0.000000e+00 0.000000e+00 0.000000e+00 0.000000e+00 1.194170e+00 0.000000e+00 0.000000e+00 0.000000e+00 0.000000e+00 0.000000e+00 0.000000e+00 0.000000e+00 0.000000e+00 0.000000e+00 0.000000e+00 0.000000e+00 0.000000e+00 0.000000e+00 0.000000e+00 0.000000e+00 0.000000e+00 0.000000e+00 0.000000e+00 0.000000e+00 0.000000e+00 0.000000e+00 0.000000e+00 0.000000e+00 0.000000e+00 0.000000e+00 4.625587e-88 7.187697e-41 1.674186e-42 2.610373e-27 2.339832e-40 0.000000e+00
83.000000 82.000000 84.000000 181.240005 1.537454e-02 1.732361e+11 8.135073e+02 2.240522e+06 1.260113e-01 3.882917e-04 8.855341e-15 6.911963e+01 1.910588e-01 5.407982e-22 4.553013e-16 3.419729e-02 1.043934e-03 6.254674e-11 2.127996e-17 2.159401e-40 6.049005e-16 1.085960e-18 2.790854e-24 7.077455e+00 1.815851e+11 2.540619e+03 4.372047e+00 2.635736e-15 3.658807e-05 9.239049e-26 9.170685e-45 3.330313e-08 1.004350e-16 1.938753e-09 1.581146e-13 7.863389e-05 9.782948e-02 2.689865e-02 1.475440e-05 1.211280e-09 5.935492e-08 7.194350e-06 3.961625e-13 1.751845e-16 0.000000e+00 0.000000e+00 0.000000e+00 0.000000e+00 0.000000e+00 0.000000e+00 0.000000e+00 0.000000e+00 0.000000e+00 0.000000e+00 0.000000e+00 0.000000e+00 1.047230e+12 6.858147e+07 4.174304e+09 4.915322e+12 8.890073e+01 8.967736e-15 4.679665e-05 1.573305e-05 2.211469e-04 3.021981e-04 4.992792e-07 8.947957e-10 1.191133e-13 2.867002e-22 3.496305e-28 1.111944e-28 0.000000e+00 0.000000e+00 2.966692e-28 1.887587e-16 2.157410e-05 0.000000e+00 0.000000e+00 0.000000e+00 0.000000e+00 0.000000e+00 0.000000e+00 0.000000e+00 6.322282e-01 0.000000e+00 0.000000e+00 0.000000e+00 0.000000e+00 0.000000e+00 0.000000e+00 0.000000e+00 0.000000e+00 0.000000e+00 0.000000e+00 0.000000e+00 0.000000e+00 0.000000e+00 0.000000e+00 0.000000e+00 0.000000e+00 0.000000e+00 0.000000e+00 0.000000e+00 0.000000e+00 0.000000e+00 0.000000e+00 0.000000e+00 0.000000e+00 0.000000e+00 5.265468e-89 2.451038e-41 3.319264e-43 4.313769e-28 3.438106e-41 0.000000e+00
85.000000 84.000000 86.000000 181.240005 1.030671e-02 1.402945e+11 2.122007e+02 1.507948e+06 1.100239e-01 1.039042e-04 1.060314e-15 1.817088e+01 1.285277e-01 1.346213e-22 2.524582e-16 1.851994e-02 4.136498e-04 1.659866e-11 3.701757e-18 6.707291e-42 3.226570e-16 2.514050e-19 4.200847e-25 7.245801e+01 1.443069e+11 7.388432e+02 1.715678e+00 4.176846e-16 1.211813e-05 4.694150e-27 6.316880e-45 1.205643e-08 4.014908e-17 6.965364e-10 4.984023e-14 2.042732e-05 6.515936e-02 1.809421e-02 9.616067e-06 3.840555e-10 2.379637e-08 4.486916e-06 1.504482e-12 1.091939e-16 0.000000e+00 0.000000e+00 0.000000e+00 0.000000e+00 0.000000e+00 0.000000e+00 0.000000e+00 0.000000e+00 0.000000e+00 0.000000e+00 0.000000e+00 0.000000e+00 6.794604e+11 4.574248e+07 2.006013e+09 3.295109e+12 1.068122e+02 5.834446e-15 1.885542e-05 6.341339e-06 8.913078e-05 1.209521e-04 2.130978e-07 5.145575e-10 5.888494e-14 3.116482e-23 2.684667e-29 3.692333e-29 0.000000e+00 0.000000e+00 1.418382e-29 2.579868e-17 1.439775e-05 0.000000e+00 0.000000e+00 0.000000e+00 0.000000e+00 0.000000e+00 0.000000e+00 0.000000e+00 3.093356e-01 0.000000e+00 0.000000e+00 0.000000e+00 0.000000e+00 0.000000e+00 0.000000e+00 0.000000e+00 0.000000e+00 0.000000e+00 0.000000e+00 0.000000e+00 0.000000e+00 0.000000e+00 0.000000e+00 0.000000e+00 0.000000e+00 0.000000e+00 0.000000e+00 0.000000e+00 0.000000e+00 0.000000e+00 0.000000e+00 0.000000e+00 0.000000e+00 0.000000e+00 7.138696e-90 9.107283e-42 6.817939e-44 6.803474e-29 4.997616e-42 0.000000e+00
87.000000 86.000000 88.000000 181.240005 6.909372e-03 1.114260e+11 5.070402e+01 1.010740e+06 1.017971e-01 2.637895e-05 3.091910e-16 4.655958e+00 8.635924e-02 3.390487e-23 1.420989e-16 9.660801e-03 1.636150e-04 4.396035e-12 6.379291e-19 2.059142e-43 1.787489e-16 6.159723e-20 6.788966e-26 4.758193e+02 1.132276e+11 2.063728e+02 6.376971e-01 6.308597e-17 3.841022e-06 2.278755e-28 4.288986e-45 4.142217e-09 1.566809e-17 2.387716e-10 1.551857e-14 5.063156e-06 4.348640e-02 1.215699e-02 6.316643e-06 1.207956e-10 9.299932e-09 2.742678e-06 4.523149e-12 6.673376e-17 0.000000e+00 0.000000e+00 0.000000e+00 0.000000e+00 0.000000e+00 0.000000e+00 0.000000e+00 0.000000e+00 0.000000e+00 0.000000e+00 0.000000e+00 0.000000e+00 4.390063e+11 3.044896e+07 9.006978e+08 2.208963e+12 1.251161e+02 4.613853e-15 7.257490e-06 2.441710e-06 3.431836e-05 4.619085e-05 8.687701e-08 3.154996e-10 2.775897e-14 3.231784e-24 1.963331e-30 1.219010e-29 0.000000e+00 0.000000e+00 6.436684e-31 3.477707e-18 9.604143e-06 0.000000e+00 0.000000e+00 0.000000e+00 0.000000e+00 0.000000e+00 0.000000e+00 0.000000e+00 1.420830e-01 0.000000e+00 0.000000e+00 0.000000e+00 0.000000e+00 0.000000e+00 0.000000e+00 0.000000e+00 0.000000e+00 0.000000e+00 0.000000e+00 0.000000e+00 0.000000e+00 0.000000e+00 0.000000e+00 0.000000e+00 0.000000e+00 0.000000e+00 0.000000e+00 0.000000e+00 0.000000e+00 0.000000e+00 0.000000e+00 0.000000e+00 0.000000e+00 0.000000e+00 1.160479e-90 3.700480e-42 1.443560e-44 1.033703e-29 7.206856e-43 0.000000e+00
89.000000 88.000000 90.000000 181.240005 4.631873e-03 8.696413e+10 1.048498e+01 6.744000e+05 9.632162e-02 5.975537e-06 1.640705e-16 1.168256e+00 5.797821e-02 8.616490e-24 8.099636e-17 4.624694e-03 6.121530e-05 1.100901e-12 1.029652e-19 5.742365e-45 1.012119e-16 1.460576e-20 1.074781e-26 2.496701e+03 8.767669e+10 5.580143e+01 2.263808e-01 9.520200e-18 1.169978e-06 1.079153e-29 2.891780e-45 1.364745e-09 6.025918e-18 7.869872e-11 4.794176e-15 1.207252e-06 2.906487e-02 8.161549e-03 4.175516e-06 3.794828e-11 3.585167e-09 1.644207e-06 1.103032e-11 4.000389e-17 0.000000e+00 0.000000e+00 0.000000e+00 0.000000e+00 0.000000e+00 0.000000e+00 0.000000e+00 0.000000e+00 0.000000e+00 0.000000e+00 0.000000e+00 0.000000e+00 2.825274e+11 2.021090e+07 3.562153e+08 1.480834e+12 1.432227e+02 4.087684e-15 2.697425e-06 9.081400e-07 1.276030e-05 1.700904e-05 3.412671e-08 1.986158e-10 1.258939e-14 3.061703e-25 1.317512e-31 4.032898e-30 0.000000e+00 0.000000e+00 2.506981e-32 5.200934e-19 6.404074e-06 0.000000e+00 0.000000e+00 0.000000e+00 0.000000e+00 0.000000e+00 0.000000e+00 0.000000e+00 6.210885e-02 0.000000e+00 0.000000e+00 0.000000e+00 0.000000e+00 0.000000e+00 0.000000e+00 0.000000e+00 0.000000e+00 0.000000e+00 0.000000e+00 0.000000e+00 0.000000e+00 0.000000e+00 0.000000e+00 0.000000e+00 0.000000e+00 0.000000e+00 0.000000e+00 0.000000e+00 0.000000e+00 0.000000e+00 0.000000e+00 0.000000e+00 0.000000e+00 0.000000e+00 2.269376e-91 1.646966e-42 3.135414e-45 1.525142e-30 1.036430e-43 0.000000e+00
91.000000 90.000000 92.000000 181.240005 3.105094e-03 6.679699e+10 1.378941e+00 4.475313e+05 9.193388e-02 8.835704e-07 9.919387e-17 2.882554e-01 3.890413e-02 2.203185e-24 4.664419e-17 1.696797e-03 1.492726e-05 1.796047e-13 1.069380e-20 8.823131e-47 5.810585e-17 2.284627e-21 1.189614e-27 5.002019e+04 6.697898e+10 1.470474e+01 7.723925e-02 1.548642e-18 3.442878e-07 4.971467e-31 1.943438e-45 4.351714e-10 2.305263e-18 2.514441e-11 1.476636e-15 2.789347e-07 1.944601e-02 5.476418e-03 2.773074e-06 1.200111e-11 1.384062e-09 9.695376e-07 6.867242e-11 2.358870e-17 0.000000e+00 0.000000e+00 0.000000e+00 0.000000e+00 0.000000e+00 0.000000e+00 0.000000e+00 0.000000e+00 0.000000e+00 0.000000e+00 0.000000e+00 0.000000e+00 1.811966e+11 1.336015e+07 9.099761e+07 9.927151e+11 1.611063e+02 3.826335e-15 9.774851e-07 3.325273e-07 4.624594e-06 6.094809e-06 1.305336e-08 1.264044e-10 5.540553e-15 1.851165e-26 6.069962e-33 1.347810e-30 0.000000e+00 0.000000e+00 4.910223e-34 9.872241e-20 4.269047e-06 0.000000e+00 0.000000e+00 0.000000e+00 0.000000e+00 0.000000e+00 0.000000e+00 0.000000e+00 2.615301e-02 0.000000e+00 0.000000e+00 0.000000e+00 0.000000e+00 0.000000e+00 0.000000e+00 0.000000e+00 0.000000e+00 0.000000e+00 0.000000e+00 0.000000e+00 0.000000e+00 0.000000e+00 0.000000e+00 0.000000e+00 0.000000e+00 0.000000e+00 0.000000e+00 0.000000e+00 0.000000e+00 0.000000e+00 0.000000e+00 0.000000e+00 0.000000e+00 0.000000e+00 5.317184e-92 8.013227e-43 6.953305e-46 2.200047e-31 1.495782e-44 0.000000e+00
93.000000 92.000000 94.000000 181.240005 2.081581e-03 5.049270e+10 1.210038e-03 2.948868e+05 8.882439e-02 5.753314e-10 6.224089e-17 7.019815e-02 2.609059e-02 5.653739e-25 2.709884e-17 1.404788e-05 1.200497e-08 9.661049e-17 3.646757e-24 5.967399e-49 3.372054e-17 5.218113e-24 2.460811e-29 4.452373e+07 5.040392e+10 3.798187e+00 2.547761e-02 3.069048e-19 9.865197e-08 2.166778e-32 1.304236e-45 1.355049e-10 8.861480e-19 7.857080e-12 4.588153e-16 6.284212e-08 1.301968e-02 3.673443e-03 1.847844e-06 3.887637e-12 5.427543e-10 5.655012e-07 6.504885e-11 1.375857e-17 0.000000e+00 0.000000e+00 0.000000e+00 0.000000e+00 0.000000e+00 0.000000e+00 0.000000e+00 0.000000e+00 0.000000e+00 0.000000e+00 0.000000e+00 0.000000e+00 1.159226e+11 8.778984e+06 1.013639e+05 6.654919e+11 1.803983e+02 3.711732e-15 5.461818e-07 1.930960e-06 1.648676e-06 2.145570e-06 4.946683e-09 8.149621e-11 2.390861e-15 2.027441e-29 6.878356e-35 4.596542e-31 0.000000e+00 0.000000e+00 2.878030e-36 2.623051e-20 2.845411e-06 0.000000e+00 0.000000e+00 0.000000e+00 0.000000e+00 0.000000e+00 0.000000e+00 0.000000e+00 1.072535e-02 0.000000e+00 0.000000e+00 0.000000e+00 0.000000e+00 0.000000e+00 0.000000e+00 0.000000e+00 0.000000e+00 0.000000e+00 0.000000e+00 0.000000e+00 0.000000e+00 0.000000e+00 0.000000e+00 0.000000e+00 0.000000e+00 0.000000e+00 0.000000e+00 0.000000e+00 0.000000e+00 0.000000e+00 0.000000e+00 0.000000e+00 0.000000e+00 0.000000e+00 1.473954e-92 4.235765e-43 1.569660e-46 3.123308e-32 2.183089e-45 0.000000e+00
95.000000 94.000000 96.000000 181.240005 1.395441e-03 3.752103e+10 3.379571e-06 1.924133e+05 8.882165e-02 2.627274e-12 4.183462e-17 1.694206e-02 1.749056e-02 1.452288e-25 1.586086e-17 2.480693e-07 3.533545e-10 1.861415e-18 4.260448e-26 4.035923e-51 1.973294e-17 3.241591e-26 5.054397e-31 1.119208e+08 3.729723e+10 9.672627e-01 8.168030e-03 7.856591e-20 2.789413e-08 9.565629e-34 8.747180e-46 4.156886e-11 3.460008e-19 2.423067e-12 1.478113e-16 1.388331e-08 8.721269e-03 2.463485e-03 1.234336e-06 1.330891e-12 2.219183e-10 3.293742e-07 6.716801e-12 8.013610e-18 0.000000e+00 0.000000e+00 0.000000e+00 0.000000e+00 0.000000e+00 0.000000e+00 0.000000e+00 0.000000e+00 0.000000e+00 0.000000e+00 0.000000e+00 0.000000e+00 7.412188e+10 5.718372e+06 7.874333e+02 4.461296e+11 2.066559e+02 3.785700e-15 4.155106e-07 2.718825e-06 5.838946e-07 7.494029e-07 1.916598e-09 5.438280e-11 1.023376e-15 4.360673e-32 7.759200e-37 1.619107e-31 0.000000e+00 0.000000e+00 1.686878e-38 8.488943e-21 1.896713e-06 0.000000e+00 0.000000e+00 0.000000e+00 0.000000e+00 0.000000e+00 0.000000e+00 0.000000e+00 4.333239e-03 0.000000e+00 0.000000e+00 0.000000e+00 0.000000e+00 0.000000e+00 0.000000e+00 0.000000e+00 0.000000e+00 0.000000e+00 0.000000e+00 0.000000e+00 0.000000e+00 0.000000e+00 0.000000e+00 0.000000e+00 0.000000e+00 0.000000e+00 0.000000e+00 0.000000e+00 0.000000e+00 0.000000e+00 0.000000e+00 0.000000e+00 0.000000e+00 0.000000e+00 4.742207e-93 2.409755e-43 3.596938e-47 4.394337e-33 3.251067e-46 0.000000e+00
97.000000 96.000000 98.000000 181.240005 9.354690e-04 2.733421e+10 4.431883e-07 1.237687e+05 9.447763e-02 4.697601e-13 3.176347e-17 4.115478e-03 1.172528e-02 3.728039e-26 9.340443e-18 9.717825e-08 1.025138e-10 3.560692e-19 4.861943e-27 2.729615e-53 1.161767e-17 4.849429e-27 1.087026e-32 1.288700e+08 2.707650e+10 2.471992e-01 2.585901e-03 2.454945e-20 8.023553e-09 4.270333e-35 5.864969e-46 1.279314e-11 1.402484e-19 7.513935e-13 5.158437e-17 3.049100e-09 5.843940e-03 1.651801e-03 8.261071e-07 4.999048e-13 9.980051e-11 1.947078e-07 3.196248e-12 4.737217e-18 0.000000e+00 0.000000e+00 0.000000e+00 0.000000e+00 0.000000e+00 0.000000e+00 0.000000e+00 0.000000e+00 0.000000e+00 0.000000e+00 0.000000e+00 0.000000e+00 4.756231e+10 3.676394e+06 2.380493e+02 2.990744e+11 2.496943e+02 4.174509e-15 2.432597e-07 1.837527e-06 2.102699e-07 2.650373e-07 7.974537e-10 3.862927e-11 4.444551e-16 1.890970e-33 8.889327e-39 6.039268e-32 0.000000e+00 0.000000e+00 9.887314e-41 2.948252e-21 1.265051e-06 0.000000e+00 0.000000e+00 0.000000e+00 0.000000e+00 0.000000e+00 0.000000e+00 0.000000e+00 1.768215e-03 0.000000e+00 0.000000e+00 0.000000e+00 0.000000e+00 0.000000e+00 0.000000e+00 0.000000e+00 0.000000e+00 0.000000e+00 0.000000e+00 0.000000e+00 0.000000e+00 0.000000e+00 0.000000e+00 0.000000e+00 0.000000e+00 0.000000e+00 0.000000e+00 0.000000e+00 0.000000e+00 0.000000e+00 0.000000e+00 0.000000e+00 0.000000e+00 0.000000e+00 1.733594e-93 1.460207e-43 8.345990e-48 6.218035e-34 5.030231e-47 0.000000e+00
99.000000 98.000000 100.000000 181.240005 6.271161e-04 1.932300e+10 8.789741e-08 7.789023e+04 1.081304e-01 1.174785e-13 2.754794e-17 1.156764e-03 7.860362e-03 9.772892e-27 5.554609e-18 6.454071e-08 4.044721e-11 9.285705e-20 7.279409e-28 1.858555e-55 6.906082e-18 1.459125e-27 3.453814e-34 1.117112e+08 1.909960e+10 7.292492e-02 9.292177e-04 1.002558e-20 2.714236e-09 2.013567e-36 3.932001e-46 4.577618e-12 6.920360e-20 2.720855e-13 2.279588e-17 7.636746e-10 3.916869e-03 1.107429e-03 5.536699e-07 2.281768e-13 5.342426e-11 1.200706e-07 1.651123e-12 2.921310e-18 0.000000e+00 0.000000e+00 0.000000e+00 0.000000e+00 0.000000e+00 0.000000e+00 0.000000e+00 0.000000e+00 0.000000e+00 0.000000e+00 0.000000e+00 0.000000e+00 3.091117e+10 2.316668e+06 9.981416e+01 2.004923e+11 3.210518e+02 5.065651e-15 1.218148e-07 9.498333e-07 8.961326e-08 1.083588e-07 4.185790e-10 2.956307e-11 2.296970e-16 2.278512e-34 1.166281e-40 2.825964e-32 0.000000e+00 0.000000e+00 5.829196e-43 1.281465e-21 8.450766e-07 0.000000e+00 0.000000e+00 0.000000e+00 0.000000e+00 0.000000e+00 0.000000e+00 0.000000e+00 8.447521e-04 0.000000e+00 0.000000e+00 0.000000e+00 0.000000e+00 0.000000e+00 0.000000e+00 0.000000e+00 0.000000e+00 0.000000e+00 0.000000e+00 0.000000e+00 0.000000e+00 0.000000e+00 0.000000e+00 0.000000e+00 0.000000e+00 0.000000e+00 0.000000e+00 0.000000e+00 0.000000e+00 0.000000e+00 0.000000e+00 0.000000e+00 0.000000e+00 0.000000e+00 7.093038e-94 9.338052e-44 1.988711e-48 1.012775e-34 9.403414e-48 0.000000e+00
