Layer	Altitude [km]	Pressure [Pa]	C2H6		C2H6_mr		CH4			CH4_mr		CO2			CO2_mr		H2			H2_mr		H2O			H2O_mr		N2			N2_mr		O2			O2_mr		O3			O3_mr
0		9.90e+01		3.812e-03		7.233e-13	5.425e-25	7.450e-07	5.588e-19	1.920e+07	1.440e-05	4.864e+08	3.648e-04	5.400e-02	4.051e-14	1.332e+12	9.994e-01	1.630e+01	1.222e-11	5.009e-10	3.757e-22
1		9.70e+01		5.271e-03		2.718e-12	1.474e-24	2.400e-06	1.302e-18	2.755e+07	1.494e-05	7.027e+08	3.811e-04	9.153e-02	4.964e-14	1.843e+12	9.994e-01	2.087e+01	1.132e-11	1.216e-09	6.595e-22
2		9.50e+01		7.290e-03		1.193e-11	4.680e-24	9.100e-06	3.569e-18	4.053e+07	1.590e-05	1.003e+09	3.932e-04	1.637e-01	6.422e-14	2.548e+12	9.994e-01	2.798e+01	1.097e-11	3.071e-09	1.205e-21
3		9.30e+01		1.008e-02		5.301e-11	1.503e-23	3.509e-05	9.952e-18	6.058e+07	1.718e-05	1.418e+09	4.022e-04	2.980e-01	8.452e-14	3.524e+12	9.994e-01	3.905e+01	1.107e-11	8.033e-09	2.278e-21
4		9.10e+01		1.394e-02		2.356e-10	4.833e-23	1.355e-04	2.779e-17	9.144e+07	1.875e-05	1.994e+09	4.089e-04	5.478e-01	1.123e-13	4.873e+12	9.994e-01	5.661e+01	1.161e-11	2.171e-08	4.454e-21
5		8.90e+01		1.928e-02		1.047e-09	1.553e-22	5.232e-04	7.759e-17	1.388e+08	2.059e-05	2.791e+09	4.139e-04	1.016e+00	1.507e-13	6.739e+12	9.994e-01	8.538e+01	1.266e-11	6.074e-08	9.009e-21
6		8.70e+01		2.666e-02		4.654e-09	4.991e-22	2.020e-03	2.166e-16	2.115e+08	2.269e-05	3.893e+09	4.176e-04	1.903e+00	2.041e-13	9.319e+12	9.994e-01	1.345e+02	1.442e-11	1.765e-07	1.893e-20
7		8.50e+01		3.687e-02		2.067e-08	1.603e-21	7.794e-03	6.044e-16	3.229e+08	2.504e-05	5.419e+09	4.203e-04	3.603e+00	2.794e-13	1.289e+13	9.994e-01	2.228e+02	1.728e-11	5.357e-07	4.154e-20
8		8.30e+01		5.098e-02		9.175e-08	5.146e-21	3.006e-02	1.686e-15	4.933e+08	2.766e-05	7.530e+09	4.223e-04	6.910e+00	3.875e-13	1.782e+13	9.994e-01	3.927e+02	2.202e-11	1.716e-06	9.624e-20
9		8.10e+01		7.050e-02		4.070e-07	1.651e-20	1.159e-01	4.698e-15	7.537e+08	3.057e-05	1.045e+10	4.238e-04	1.347e+01	5.462e-13	2.464e+13	9.994e-01	7.496e+02	3.040e-11	5.901e-06	2.393e-19
10		7.90e+01		9.749e-02		1.803e-06	5.289e-20	4.461e-01	1.308e-14	1.151e+09	3.376e-05	1.449e+10	4.249e-04	2.680e+01	7.858e-13	3.408e+13	9.994e-01	1.608e+03	4.716e-11	2.255e-05	6.614e-19
11		7.70e+01		1.348e-01		7.980e-06	1.692e-19	1.715e+00	3.638e-14	1.757e+09	3.726e-05	2.008e+10	4.258e-04	5.486e+01	1.163e-12	4.713e+13	9.994e-01	4.410e+03	9.353e-11	1.096e-04	2.324e-18
12		7.50e+01		1.864e-01		3.525e-05	5.405e-19	6.585e+00	1.010e-13	2.677e+09	4.106e-05	2.780e+10	4.264e-04	1.171e+02	1.795e-12	6.517e+13	9.994e-01	7.945e+04	1.218e-09	3.585e-03	5.498e-17
13		7.30e+01		2.578e-01		1.553e-04	1.722e-18	2.522e+01	2.797e-13	4.072e+09	4.515e-05	3.849e+10	4.268e-04	2.654e+02	2.943e-12	9.012e+13	9.994e-01	9.989e+06	1.108e-07	7.208e-01	7.993e-15
14		7.10e+01		3.565e-01		6.816e-04	5.466e-18	9.629e+01	7.721e-13	6.174e+09	4.951e-05	5.327e+10	4.272e-04	6.490e+02	5.205e-12	1.246e+14	9.994e-01	3.930e+07	3.152e-07	4.682e+00	3.754e-14
15		6.90e+01		4.930e-01		2.979e-03	1.728e-17	3.661e+02	2.123e-12	9.327e+09	5.409e-05	7.371e+10	4.275e-04	1.728e+03	1.002e-11	1.723e+14	9.994e-01	9.657e+07	5.600e-07	1.851e+01	1.073e-13
16		6.70e+01		6.818e-01		1.294e-02	5.428e-17	1.385e+03	5.807e-12	1.403e+10	5.882e-05	1.020e+11	4.277e-04	5.032e+03	2.110e-11	2.383e+14	9.994e-01	2.109e+08	8.843e-07	6.314e+01	2.648e-13
17		6.50e+01		9.429e-01		5.581e-02	1.692e-16	5.203e+03	1.578e-11	2.099e+10	6.364e-05	1.411e+11	4.279e-04	1.593e+04	4.831e-11	3.296e+14	9.994e-01	4.393e+08	1.332e-06	1.995e+02	6.050e-13
18		6.30e+01		1.308e+00		2.491e-01	5.226e-16	2.025e+04	4.249e-11	3.263e+10	6.846e-05	2.032e+11	4.265e-04	5.647e+04	1.185e-10	4.763e+14	9.994e-01	9.378e+08	1.968e-06	7.697e+02	1.615e-12
19		6.10e+01		1.848e+00		1.120e+00	1.531e-15	7.984e+04	1.092e-10	5.330e+10	7.289e-05	3.100e+11	4.239e-04	2.227e+05	3.045e-10	7.309e+14	9.995e-01	2.047e+09	2.799e-06	3.709e+03	5.072e-12
20		5.90e+01		2.683e+00		4.938e+00	4.337e-15	3.100e+05	2.723e-10	8.754e+10	7.690e-05	4.807e+11	4.223e-04	9.049e+05	7.949e-10	1.138e+15	9.995e-01	4.218e+09	3.706e-06	1.535e+04	1.348e-11
21		5.70e+01		3.976e+00		2.095e+01	1.196e-14	1.163e+06	6.640e-10	1.411e+11	8.062e-05	7.379e+11	4.215e-04	3.614e+06	2.064e-09	1.750e+15	9.995e-01	7.712e+09	4.405e-06	4.467e+04	2.551e-11
22		5.50e+01		5.940e+00		8.450e+01	3.213e-14	4.165e+06	1.584e-09	2.213e+11	8.414e-05	1.107e+12	4.211e-04	1.395e+07	5.304e-09	2.628e+15	9.995e-01	1.225e+10	4.659e-06	8.540e+04	3.247e-11
23		5.30e+01		8.861e+00		3.215e+02	8.307e-14	1.415e+07	3.657e-09	3.388e+11	8.753e-05	1.630e+12	4.210e-04	5.174e+07	1.337e-08	3.869e+15	9.995e-01	1.718e+10	4.439e-06	1.071e+05	2.767e-11
24		5.10e+01		1.313e+01		1.141e+03	2.030e-13	4.520e+07	8.040e-09	5.102e+11	9.075e-05	2.367e+12	4.210e-04	1.832e+08	3.258e-08	5.619e+15	9.995e-01	2.129e+10	3.786e-06	7.534e+04	1.340e-11
25		4.90e+01		1.931e+01		3.727e+03	4.602e-13	1.340e+08	1.654e-08	7.593e+11	9.375e-05	3.409e+12	4.209e-04	6.057e+08	7.478e-08	8.096e+15	9.995e-01	2.180e+10	2.691e-06	1.419e+04	1.752e-12
26		4.70e+01		2.819e+01		1.230e+04	1.058e-12	4.006e+08	3.444e-08	1.125e+12	9.668e-05	4.895e+12	4.208e-04	1.815e+09	1.560e-07	1.163e+16	9.995e-01	1.435e+10	1.234e-06	1.538e+03	1.322e-13
27		4.50e+01		4.096e+01		3.275e+04	1.958e-12	1.115e+09	6.664e-08	1.645e+12	9.836e-05	7.036e+12	4.206e-04	3.684e+09	2.202e-07	1.672e+16	9.995e-01	6.337e+09	3.788e-07	3.541e+02	2.117e-14
28		4.30e+01		5.938e+01		5.044e+04	2.088e-12	2.719e+09	1.126e-07	2.391e+12	9.895e-05	1.016e+13	4.205e-04	5.114e+09	2.117e-07	2.415e+16	9.995e-01	2.793e+09	1.156e-07	2.310e+02	9.563e-15
29		4.10e+01		8.607e+01		6.082e+04	1.734e-12	6.015e+09	1.715e-07	3.478e+12	9.916e-05	1.475e+13	4.204e-04	6.478e+09	1.847e-07	3.505e+16	9.995e-01	1.765e+09	5.032e-08	2.900e+02	8.268e-15
30		3.90e+01		1.249e+02		6.431e+04	1.259e-12	1.210e+10	2.369e-07	5.072e+12	9.929e-05	2.147e+13	4.203e-04	8.562e+09	1.676e-07	5.105e+16	9.995e-01	1.350e+09	2.642e-08	4.196e+02	8.214e-15
31		3.70e+01		1.816e+02		6.368e+04	8.551e-13	2.255e+10	3.028e-07	7.402e+12	9.939e-05	3.129e+13	4.202e-04	1.181e+10	1.586e-07	7.443e+16	9.995e-01	1.043e+09	1.400e-08	5.819e+02	7.813e-15
32		3.50e+01		2.642e+02		6.132e+04	5.652e-13	3.949e+10	3.639e-07	1.079e+13	9.947e-05	4.558e+13	4.201e-04	1.683e+10	1.551e-07	1.084e+17	9.995e-01	7.749e+08	7.142e-09	7.375e+02	6.798e-15
33		3.30e+01		3.845e+02		5.659e+04	3.585e-13	6.624e+10	4.197e-07	1.571e+13	9.954e-05	6.629e+13	4.200e-04	2.447e+10	1.551e-07	1.578e+17	9.995e-01	5.456e+08	3.457e-09	8.453e+02	5.355e-15
34		3.10e+01		5.596e+02		4.991e+04	2.176e-13	1.073e+11	4.680e-07	2.284e+13	9.959e-05	9.630e+13	4.199e-04	3.584e+10	1.563e-07	2.292e+17	9.995e-01	3.586e+08	1.564e-09	8.648e+02	3.771e-15
35		2.90e+01		8.141e+02		4.315e+04	1.295e-13	1.697e+11	5.092e-07	3.320e+13	9.963e-05	1.399e+14	4.198e-04	5.239e+10	1.572e-07	3.330e+17	9.995e-01	2.182e+08	6.550e-10	7.864e+02	2.360e-15
36		2.70e+01		1.184e+03		3.838e+04	7.916e-14	2.633e+11	5.430e-07	4.832e+13	9.967e-05	2.035e+14	4.197e-04	7.613e+10	1.570e-07	4.846e+17	9.995e-01	1.231e+08	2.540e-10	6.441e+02	1.329e-15
37		2.50e+01		1.724e+03		3.496e+04	4.945e-14	4.047e+11	5.725e-07	7.048e+13	9.970e-05	2.967e+14	4.196e-04	1.109e+11	1.568e-07	7.066e+17	9.995e-01	6.523e+07	9.226e-11	4.846e+02	6.854e-16
38		2.30e+01		2.512e+03		3.330e+04	3.231e-14	6.163e+11	5.981e-07	1.028e+14	9.972e-05	4.324e+14	4.196e-04	1.635e+11	1.587e-07	1.030e+18	9.995e-01	3.367e+07	3.267e-11	3.532e+02	3.427e-16
39		2.10e+01		3.658e+03		3.366e+04	2.251e-14	9.282e+11	6.209e-07	1.491e+14	9.974e-05	6.272e+14	4.195e-04	2.436e+11	1.629e-07	1.494e+18	9.995e-01	1.801e+07	1.205e-11	2.735e+02	1.829e-16
40		1.90e+01		5.316e+03		3.751e+04	1.741e-14	1.380e+12	6.408e-07	2.149e+14	9.976e-05	9.035e+14	4.195e-04	3.508e+11	1.629e-07	2.153e+18	9.995e-01	1.075e+07	4.993e-12	2.548e+02	1.183e-16
41		1.70e+01		7.695e+03		4.750e+04	1.544e-14	2.022e+12	6.572e-07	3.070e+14	9.980e-05	1.291e+15	4.195e-04	5.455e+11	1.773e-07	3.075e+18	9.995e-01	5.676e+06	1.845e-12	1.735e+02	5.639e-17
42		1.50e+01		1.107e+04		6.725e+04	1.552e-14	2.896e+12	6.685e-07	4.327e+14	9.986e-05	1.818e+15	4.195e-04	1.090e+12	2.515e-07	4.331e+18	9.995e-01	1.781e+06	4.109e-13	3.891e+01	8.981e-18
43		1.30e+01		1.579e+04		9.883e+04	1.646e-14	4.048e+12	6.741e-07	6.000e+14	9.991e-05	2.520e+15	4.196e-04	2.684e+12	4.470e-07	6.002e+18	9.995e-01	3.612e+05	6.015e-14	3.268e+00	5.442e-19
44		1.10e+01		2.226e+04		1.378e+05	1.701e-14	5.474e+12	6.754e-07	8.099e+14	9.994e-05	3.400e+15	4.196e-04	1.025e+13	1.265e-06	8.100e+18	9.995e-01	6.955e+04	8.582e-15	1.985e-01	2.450e-20
45		9.00e+00		3.079e+04		1.789e+05	1.718e-14	7.036e+12	6.757e-07	1.041e+15	9.994e-05	4.369e+15	4.196e-04	8.535e+13	8.196e-06	1.041e+19	9.995e-01	1.311e+04	1.259e-15	7.801e-03	7.491e-22
46		7.00e+00		4.153e+04		2.245e+05	1.738e-14	8.728e+12	6.758e-07	1.291e+15	9.994e-05	5.419e+15	4.196e-04	7.894e+14	6.112e-05	1.291e+19	9.994e-01	2.843e+03	2.201e-16	4.960e-04	3.840e-23
47		5.00e+00		5.479e+04		2.802e+05	1.765e-14	1.072e+13	6.757e-07	1.586e+15	9.992e-05	6.657e+15	4.195e-04	4.498e+15	2.834e-04	1.586e+19	9.992e-01	5.568e+02	3.508e-17	5.053e-05	3.184e-24
48		3.00e+00		7.103e+04		3.492e+05	1.794e-14	1.314e+13	6.754e-07	1.944e+15	9.986e-05	8.159e+15	4.192e-04	1.631e+16	8.382e-04	1.944e+19	9.986e-01	6.020e+01	3.093e-18	2.446e-06	1.257e-25
49		1.00e+00		9.090e+04		4.323e+05	1.797e-14	1.608e+13	6.683e-07	2.377e+15	9.880e-05	9.981e+15	4.148e-04	2.758e+17	1.146e-02	2.377e+19	9.880e-01	2.294e+00	9.533e-20	2.584e-09	1.074e-28
