Layer	Altitude [km]	Pressure [Pa]	C2H6		C2H6_mr		CH4			CH4_mr		CO2			CO2_mr		H2			H2_mr		H2O			H2O_mr		N2			N2_mr		O2			O2_mr		O3			O3_mr
0		9.90e+01		8.964e-04		2.158e-08	1.132e-19	2.205e+00	1.157e-11	4.763e+10	2.499e-01	1.013e+07	5.313e-05	1.129e-02	5.924e-14	9.491e+10	4.979e-01	5.644e+02	2.961e-09	1.342e-06	7.041e-18
1		9.70e+01		1.337e-03		8.706e-08	3.072e-19	7.484e+00	2.641e-11	7.316e+10	2.581e-01	1.607e+07	5.669e-05	4.013e-02	1.416e-13	1.428e+11	5.038e-01	1.061e+04	3.744e-08	8.753e-05	3.088e-16
2		9.50e+01		1.995e-03		3.964e-07	9.434e-19	2.917e+01	6.943e-11	1.135e+11	2.702e-01	2.499e+07	5.948e-05	1.647e-01	3.921e-13	2.149e+11	5.114e-01	1.152e+07	2.743e-05	1.145e-01	2.726e-13
3		9.30e+01		2.976e-03		1.779e-06	2.860e-18	1.134e+02	1.823e-10	1.767e+11	2.840e-01	3.837e+07	6.168e-05	6.786e-01	1.091e-12	3.233e+11	5.197e-01	1.404e+08	2.256e-04	2.743e+00	4.410e-12
4		9.10e+01		4.439e-03		7.761e-06	8.428e-18	4.316e+02	4.687e-10	2.747e+11	2.984e-01	5.840e+07	6.342e-05	2.758e+00	2.995e-12	4.864e+11	5.283e-01	4.151e+08	4.508e-04	1.573e+01	1.708e-11
5		8.90e+01		6.623e-03		3.266e-05	2.396e-17	1.596e+03	1.171e-09	4.261e+11	3.126e-01	8.835e+07	6.481e-05	1.100e+01	8.069e-12	7.319e+11	5.369e-01	9.890e+08	7.255e-04	7.125e+01	5.226e-11
6		8.70e+01		9.879e-03		1.316e-04	6.515e-17	5.690e+03	2.818e-09	6.586e+11	3.261e-01	1.331e+08	6.592e-05	4.285e+01	2.122e-11	1.101e+12	5.453e-01	2.149e+09	1.064e-03	2.884e+02	1.428e-10
7		8.50e+01		1.474e-02		5.031e-04	1.680e-16	1.940e+04	6.481e-09	1.014e+12	3.386e-01	2.000e+08	6.681e-05	1.623e+02	5.419e-11	1.657e+12	5.534e-01	4.394e+09	1.467e-03	1.074e+03	3.587e-10
8		8.30e+01		2.199e-02		1.809e-03	4.072e-16	6.270e+04	1.411e-08	1.554e+12	3.497e-01	3.000e+08	6.750e-05	5.941e+02	1.337e-10	2.493e+12	5.610e-01	8.528e+09	1.919e-03	3.703e+03	8.333e-10
9		8.10e+01		3.280e-02		6.064e-03	9.182e-16	1.901e+05	2.879e-08	2.373e+12	3.594e-01	4.493e+08	6.803e-05	2.092e+03	3.168e-10	3.751e+12	5.680e-01	1.574e+10	2.384e-03	1.181e+04	1.788e-09
10		7.90e+01		4.892e-02		1.876e-02	1.909e-15	5.356e+05	5.451e-08	3.610e+12	3.674e-01	6.723e+08	6.842e-05	7.049e+03	7.174e-10	5.644e+12	5.744e-01	2.766e+10	2.815e-03	3.464e+04	3.526e-09
11		7.70e+01		7.298e-02		5.307e-02	3.626e-15	1.389e+06	9.490e-08	5.474e+12	3.739e-01	1.005e+09	6.868e-05	2.263e+04	1.546e-09	8.493e+12	5.802e-01	4.621e+10	3.157e-03	9.309e+04	6.359e-09
12		7.50e+01		1.089e-01		1.364e-01	6.246e-15	3.293e+06	1.508e-07	8.274e+12	3.790e-01	1.503e+09	6.883e-05	6.897e+04	3.159e-09	1.278e+13	5.853e-01	7.345e+10	3.364e-03	2.277e+05	1.043e-08
13		7.30e+01		1.624e-01		3.172e-01	9.730e-15	7.112e+06	2.182e-07	1.248e+13	3.827e-01	2.245e+09	6.888e-05	1.992e+05	6.111e-09	1.923e+13	5.898e-01	1.111e+11	3.408e-03	5.055e+05	1.551e-08
14		7.10e+01		2.423e-01		6.699e-01	1.375e-14	1.403e+07	2.880e-07	1.877e+13	3.853e-01	3.354e+09	6.885e-05	5.455e+05	1.120e-08	2.893e+13	5.938e-01	1.603e+11	3.289e-03	1.018e+06	2.090e-08
15		6.90e+01		3.614e-01		1.298e+00	1.781e-14	2.555e+07	3.505e-07	2.819e+13	3.868e-01	5.010e+09	6.874e-05	1.420e+06	1.948e-08	4.353e+13	5.972e-01	2.214e+11	3.038e-03	1.868e+06	2.563e-08
16		6.70e+01		5.392e-01		2.348e+00	2.152e-14	4.359e+07	3.995e-07	4.228e+13	3.875e-01	7.482e+09	6.858e-05	3.526e+06	3.232e-08	6.549e+13	6.003e-01	2.947e+11	2.701e-03	3.147e+06	2.884e-08
17		6.50e+01		8.043e-01		4.037e+00	2.471e-14	7.096e+07	4.343e-07	6.333e+13	3.876e-01	1.117e+10	6.837e-05	8.380e+06	5.129e-08	9.854e+13	6.031e-01	3.806e+11	2.329e-03	4.917e+06	3.009e-08
18		6.30e+01		1.199e+00		6.659e+00	2.727e-14	1.112e+08	4.555e-07	9.413e+13	3.855e-01	1.657e+10	6.789e-05	1.898e+07	7.774e-08	1.483e+14	6.073e-01	4.766e+11	1.952e-03	6.955e+06	2.849e-08
19		6.10e+01		1.785e+00		1.070e+01	2.938e-14	1.700e+08	4.668e-07	1.390e+14	3.818e-01	2.446e+10	6.717e-05	4.119e+07	1.131e-07	2.231e+14	6.127e-01	5.825e+11	1.600e-03	8.989e+06	2.468e-08
20		5.90e+01		2.650e+00		1.704e+01	3.131e-14	2.581e+08	4.740e-07	2.064e+14	3.791e-01	3.627e+10	6.662e-05	8.632e+07	1.586e-07	3.357e+14	6.166e-01	7.072e+11	1.299e-03	1.116e+07	2.049e-08
21		5.70e+01		3.937e+00		2.699e+01	3.307e-14	3.911e+08	4.793e-07	3.083e+14	3.777e-01	5.412e+10	6.631e-05	1.744e+08	2.137e-07	5.051e+14	6.189e-01	8.582e+11	1.052e-03	1.304e+07	1.598e-08
22		5.50e+01		5.863e+00		4.234e+01	3.456e-14	5.918e+08	4.830e-07	4.620e+14	3.771e-01	8.103e+10	6.613e-05	3.384e+08	2.762e-07	7.600e+14	6.202e-01	1.042e+12	8.501e-04	1.393e+07	1.137e-08
23		5.30e+01		8.750e+00		6.576e+01	3.572e-14	8.937e+08	4.855e-07	6.933e+14	3.766e-01	1.215e+11	6.599e-05	6.279e+08	3.411e-07	1.143e+15	6.212e-01	1.267e+12	6.886e-04	1.450e+07	7.878e-09
24		5.10e+01		1.308e+01		1.014e+02	3.663e-14	1.348e+09	4.873e-07	1.042e+15	3.765e-01	1.824e+11	6.590e-05	1.116e+09	4.032e-07	1.720e+15	6.217e-01	1.560e+12	5.638e-04	1.801e+07	6.509e-09
25		4.90e+01		1.962e+01		1.565e+02	3.750e-14	2.046e+09	4.905e-07	1.577e+15	3.780e-01	2.757e+11	6.609e-05	1.920e+09	4.603e-07	2.589e+15	6.205e-01	1.971e+12	4.725e-04	2.729e+07	6.542e-09
26		4.70e+01		2.957e+01		2.444e+02	3.867e-14	3.143e+09	4.974e-07	2.417e+15	3.824e-01	4.220e+11	6.678e-05	3.306e+09	5.231e-07	3.895e+15	6.163e-01	2.496e+12	3.949e-04	4.585e+07	7.254e-09
27		4.50e+01		4.493e+01		3.855e+02	4.010e-14	4.878e+09	5.073e-07	3.744e+15	3.894e-01	6.531e+11	6.792e-05	5.663e+09	5.889e-07	5.861e+15	6.095e-01	3.175e+12	3.302e-04	7.758e+07	8.069e-09
28		4.30e+01		6.877e+01		6.089e+02	4.160e-14	7.575e+09	5.175e-07	5.806e+15	3.967e-01	1.012e+12	6.911e-05	9.557e+09	6.529e-07	8.818e+15	6.024e-01	4.021e+12	2.747e-04	1.279e+08	8.741e-09
29		4.10e+01		1.056e+02		9.585e+02	4.309e-14	1.171e+10	5.262e-07	8.961e+15	4.028e-01	1.560e+12	7.011e-05	1.584e+10	7.119e-07	1.327e+16	5.964e-01	5.006e+12	2.250e-04	2.035e+08	9.148e-09
30		3.90e+01		1.626e+02		1.512e+03	4.471e-14	1.810e+10	5.350e-07	1.384e+16	4.092e-01	2.407e+12	7.116e-05	2.584e+10	7.640e-07	1.996e+16	5.902e-01	6.195e+12	1.832e-04	3.158e+08	9.337e-09
31		3.70e+01		2.506e+02		2.396e+03	4.655e-14	2.801e+10	5.443e-07	2.140e+16	4.158e-01	3.720e+12	7.227e-05	4.158e+10	8.080e-07	3.004e+16	5.836e-01	7.606e+12	1.478e-04	4.733e+08	9.197e-09
32		3.50e+01		3.864e+02		3.778e+03	4.838e-14	4.305e+10	5.513e-07	3.286e+16	4.208e-01	5.708e+12	7.310e-05	6.541e+10	8.376e-07	4.520e+16	5.788e-01	9.214e+12	1.180e-04	6.628e+08	8.487e-09
33		3.30e+01		5.938e+02		5.914e+03	5.015e-14	6.541e+10	5.546e-07	4.988e+16	4.230e-01	8.663e+12	7.346e-05	1.006e+11	8.534e-07	6.800e+16	5.767e-01	1.092e+13	9.263e-05	8.518e+08	7.223e-09
34		3.10e+01		9.063e+02		9.152e+03	5.173e-14	9.785e+10	5.531e-07	7.455e+16	4.214e-01	1.295e+13	7.318e-05	2.065e+11	1.167e-06	1.023e+17	5.783e-01	1.266e+13	7.155e-05	9.568e+08	5.408e-09
35		2.90e+01		1.370e+03		1.402e+04	5.316e-14	1.442e+11	5.466e-07	1.097e+17	4.160e-01	1.906e+13	7.226e-05	4.994e+11	1.893e-06	1.540e+17	5.838e-01	1.422e+13	5.390e-05	9.659e+08	3.662e-09
36		2.70e+01		2.048e+03		2.141e+04	5.463e-14	2.106e+11	5.374e-07	1.601e+17	4.087e-01	2.782e+13	7.100e-05	1.108e+12	2.829e-06	2.316e+17	5.912e-01	1.557e+13	3.973e-05	9.488e+08	2.421e-09
37		2.50e+01		3.033e+03		3.246e+04	5.608e-14	3.030e+11	5.235e-07	2.302e+17	3.976e-01	4.000e+13	6.911e-05	2.832e+12	4.893e-06	3.485e+17	6.022e-01	1.603e+13	2.769e-05	8.426e+08	1.456e-09
38		2.30e+01		4.432e+03		4.855e+04	5.732e-14	4.249e+11	5.017e-07	3.224e+17	3.806e-01	5.606e+13	6.619e-05	1.034e+13	1.221e-05	5.244e+17	6.192e-01	1.472e+13	1.738e-05	5.341e+08	6.307e-10
39		2.10e+01		6.345e+03		7.086e+04	5.811e-14	5.677e+11	4.656e-07	4.301e+17	3.527e-01	7.486e+13	6.139e-05	7.875e+13	6.458e-05	7.891e+17	6.471e-01	1.045e+13	8.573e-06	1.745e+08	1.431e-10
40		1.90e+01		8.846e+03		1.081e+05	6.210e-14	7.310e+11	4.200e-07	5.525e+17	3.174e-01	9.634e+13	5.535e-05	6.972e+14	4.006e-04	1.187e+18	6.821e-01	3.877e+12	2.227e-06	3.857e+07	2.216e-11
41		1.70e+01		1.205e+04		2.363e+05	9.463e-14	9.447e+11	3.784e-07	7.069e+17	2.831e-01	1.244e+14	4.983e-05	3.256e+15	1.304e-03	1.786e+18	7.155e-01	6.816e+09	2.730e-09	3.502e+05	1.403e-13
42		1.50e+01		1.614e+04		2.411e+05	6.692e-14	1.232e+12	3.420e-07	9.052e+17	2.512e-01	1.624e+14	4.508e-05	9.401e+15	2.610e-03	2.688e+18	7.461e-01	5.397e+07	1.498e-11	2.747e+03	7.625e-16
43		1.30e+01		2.138e+04		3.970e+05	7.629e-14	1.598e+12	3.070e-07	1.158e+18	2.225e-01	2.093e+14	4.023e-05	2.066e+16	3.971e-03	4.025e+18	7.735e-01	1.144e+07	2.198e-12	1.916e+02	3.682e-17
44		1.10e+01		2.807e+04		6.402e+05	8.939e-14	2.042e+12	2.851e-07	1.473e+18	2.057e-01	2.670e+14	3.729e-05	3.934e+16	5.494e-03	5.648e+18	7.888e-01	2.230e+06	3.114e-13	1.186e+01	1.656e-18
45		9.00e+00		3.655e+04		8.784e+05	9.428e-14	2.584e+12	2.773e-07	1.863e+18	1.999e-01	3.378e+14	3.626e-05	6.716e+16	7.209e-03	7.387e+18	7.928e-01	3.965e+05	4.255e-14	7.108e-01	7.629e-20
46		7.00e+00		4.725e+04		1.196e+06	1.006e-13	3.252e+12	2.737e-07	2.344e+18	1.972e-01	4.251e+14	3.578e-05	1.083e+17	9.111e-03	9.430e+18	7.936e-01	2.307e+04	1.942e-15	5.584e-03	4.700e-22
47		5.00e+00		6.067e+04		1.622e+06	1.088e-13	4.072e+12	2.733e-07	2.934e+18	1.969e-01	5.322e+14	3.572e-05	1.667e+17	1.119e-02	1.180e+19	7.919e-01	1.952e+02	1.310e-17	1.139e-06	7.645e-26
48		3.00e+00		7.744e+04		2.167e+06	1.176e-13	5.075e+12	2.756e-07	3.655e+18	1.985e-01	6.632e+14	3.601e-05	2.476e+17	1.345e-02	1.451e+19	7.880e-01	3.214e+01	1.745e-18	6.497e-08	3.528e-27
49		1.00e+00		9.828e+04		2.811e+06	1.245e-13	6.295e+12	2.788e-07	4.533e+18	2.008e-01	8.225e+14	3.643e-05	4.533e+17	2.008e-02	1.759e+19	7.791e-01	5.890e-01	2.608e-20	8.305e-12	3.678e-31
