# z		 z0		 z1		 T		 P		1		2		3		4		5		6		7		8		9		10		11		12		13		14		15		16		17		18		19		20		21		22		23		24		25		26		27		28		29		30		31		32		33		34		35		36		37		38		39		40		41		42		43		44		45		46		47		48		49		50		51		52		53		54		55		56		57		58		59		60		61		62		63		64		65		66		67		68		69		70		71		72		73		74		75		76		77		78		79		80		81		82		83		84		85		86		87		88		89		90		91		92		93		94		95		96		97		98		99		100		101		102		103		104		105		106		107		108		109		110		111		
#  km		 km		 km		 K		 Pa		
1.000000 0.000000 2.000000 276.935169 9.090414e+04 3.644496e+03 2.422496e-09 2.204212e+09 4.939081e+04 4.676712e-02 1.507213e+02 2.757893e+17 4.220125e-09 2.460643e-03 6.272029e-08 5.511253e+01 1.544040e+01 3.886925e-07 1.959136e-14 3.006326e-28 2.588714e+00 8.669227e-03 3.092125e-08 5.495401e-18 8.481202e+11 1.632008e+13 2.643882e+09 1.238383e-05 1.045721e+09 7.495156e-15 5.246865e-44 1.046910e-07 6.440227e-11 2.208669e-01 6.581076e-02 4.376777e+05 5.098662e-14 5.166135e+02 1.522014e+00 1.380477e+04 4.900946e-02 3.290730e+01 2.186590e-15 7.772053e-13 0.000000e+00 0.000000e+00 0.000000e+00 0.000000e+00 0.000000e+00 0.000000e+00 0.000000e+00 0.000000e+00 0.000000e+00 0.000000e+00 0.000000e+00 0.000000e+00 2.377494e+15 1.014294e+16 2.209574e+00 2.377494e+19 1.778945e-15 6.297667e-05 3.924012e-13 7.739311e-06 1.906395e+04 5.170311e+06 3.256211e+03 2.486498e+08 2.180852e-18 1.311036e-03 1.694152e-09 2.717062e-21 0.000000e+00 0.000000e+00 8.828512e-18 6.718743e-13 1.541106e-08 0.000000e+00 0.000000e+00 0.000000e+00 0.000000e+00 0.000000e+00 0.000000e+00 0.000000e+00 1.032859e-11 0.000000e+00 0.000000e+00 0.000000e+00 0.000000e+00 0.000000e+00 0.000000e+00 0.000000e+00 0.000000e+00 0.000000e+00 0.000000e+00 0.000000e+00 0.000000e+00 0.000000e+00 0.000000e+00 0.000000e+00 0.000000e+00 0.000000e+00 0.000000e+00 0.000000e+00 0.000000e+00 0.000000e+00 0.000000e+00 0.000000e+00 0.000000e+00 0.000000e+00 6.685149e-47 5.160663e-22 9.503296e-21 1.432533e-07 1.405672e-19 0.000000e+00
3.000000 2.000000 4.000000 264.704859 7.103308e+04 1.017621e+05 2.318651e-06 1.553940e+09 3.669083e+04 1.180851e+00 1.638799e+02 1.639735e+16 1.016401e-07 2.110489e-02 1.593506e-06 4.558390e+01 1.344134e+01 1.226180e-05 1.830134e-11 4.470639e-25 1.936704e+00 4.989643e-03 4.770023e-07 1.274628e-17 7.144917e+11 1.334089e+13 1.689516e+09 5.461672e-05 9.126368e+08 4.892238e-14 1.208118e-43 6.981473e-07 3.699313e-10 1.326375e-01 3.291702e-02 3.535086e+05 1.671644e-13 8.645411e+02 1.697660e+00 7.568417e+03 1.577971e-02 2.769068e+01 1.120224e-15 3.244550e-11 0.000000e+00 0.000000e+00 0.000000e+00 0.000000e+00 0.000000e+00 0.000000e+00 0.000000e+00 0.000000e+00 0.000000e+00 0.000000e+00 0.000000e+00 0.000000e+00 1.943602e+15 8.291939e+15 5.847652e+01 1.943625e+19 3.327110e-15 9.844658e-05 8.889860e-13 2.555002e-06 8.722894e+03 3.457034e+06 1.512157e+03 3.803578e+08 5.891390e-17 4.853120e-04 9.353892e-09 2.504873e-21 0.000000e+00 0.000000e+00 1.757063e-14 7.776112e-12 5.736552e-08 0.000000e+00 0.000000e+00 0.000000e+00 0.000000e+00 0.000000e+00 0.000000e+00 0.000000e+00 7.941016e-12 0.000000e+00 0.000000e+00 0.000000e+00 0.000000e+00 0.000000e+00 0.000000e+00 0.000000e+00 0.000000e+00 0.000000e+00 0.000000e+00 0.000000e+00 0.000000e+00 0.000000e+00 0.000000e+00 0.000000e+00 0.000000e+00 0.000000e+00 0.000000e+00 0.000000e+00 0.000000e+00 0.000000e+00 0.000000e+00 0.000000e+00 0.000000e+00 0.000000e+00 8.347595e-46 4.586817e-20 9.480948e-19 2.559035e-07 1.591999e-19 0.000000e+00
5.000000 4.000000 6.000000 250.220266 5.478532e+04 5.565221e+05 4.812373e-05 4.067955e+09 1.190257e+05 7.962797e+00 9.447605e+02 4.533157e+15 1.347069e-05 4.382307e-02 2.107231e-06 3.848589e+01 1.161912e+01 2.189893e-05 8.785359e-11 1.418298e-23 1.562324e+00 1.239070e-02 1.785617e-06 3.879547e-16 6.053993e+11 1.088390e+13 1.836382e+09 4.792131e-05 7.781931e+08 9.994392e-14 5.566710e-44 1.034509e-06 4.206285e-10 8.522091e-02 1.675573e-02 2.836841e+05 2.178644e-12 5.055704e+02 6.302020e-01 1.588764e+03 1.651362e-03 2.340318e+01 2.072301e-15 2.737801e-11 0.000000e+00 0.000000e+00 0.000000e+00 0.000000e+00 0.000000e+00 0.000000e+00 0.000000e+00 0.000000e+00 0.000000e+00 0.000000e+00 0.000000e+00 0.000000e+00 1.585785e+15 6.765463e+15 5.407199e+02 1.585826e+19 5.072849e-15 5.777554e-04 7.102266e-12 3.470650e-06 4.127085e+03 2.217438e+06 8.087624e+02 3.366650e+08 1.754699e-16 2.059388e-04 8.030419e-09 8.731610e-21 0.000000e+00 0.000000e+00 1.152164e-12 3.235631e-11 2.753817e-08 0.000000e+00 0.000000e+00 0.000000e+00 0.000000e+00 0.000000e+00 0.000000e+00 0.000000e+00 5.887771e-12 0.000000e+00 0.000000e+00 0.000000e+00 0.000000e+00 0.000000e+00 0.000000e+00 0.000000e+00 0.000000e+00 0.000000e+00 0.000000e+00 0.000000e+00 0.000000e+00 0.000000e+00 0.000000e+00 0.000000e+00 0.000000e+00 0.000000e+00 0.000000e+00 0.000000e+00 0.000000e+00 0.000000e+00 0.000000e+00 0.000000e+00 0.000000e+00 0.000000e+00 3.581291e-46 3.124021e-20 9.268632e-19 1.744803e-07 2.267822e-19 0.000000e+00
7.000000 6.000000 8.000000 233.049794 4.153485e+04 1.726634e+06 4.770796e-04 7.294929e+09 2.913721e+05 3.478142e+01 4.461054e+03 7.976792e+14 5.416475e-05 6.592419e-02 2.509072e-06 3.354028e+01 1.008768e+01 3.354252e-05 2.467314e-10 1.075468e-22 1.273365e+00 2.410397e-02 5.251095e-06 3.539602e-15 5.191451e+11 8.858172e+12 1.604496e+09 1.880110e-05 6.088782e+08 1.518991e-13 9.743642e-45 2.548901e-06 7.087911e-10 6.697258e-02 9.706779e-03 2.273100e+05 1.487772e-11 1.565957e+02 1.122598e-01 4.569184e+02 1.941708e-04 1.987182e+01 2.305303e-15 1.277158e-11 0.000000e+00 4.539259e-31 0.000000e+00 0.000000e+00 0.000000e+00 0.000000e+00 0.000000e+00 0.000000e+00 0.000000e+00 0.000000e+00 0.000000e+00 0.000000e+00 1.290797e+15 5.507034e+15 2.767418e+03 1.290855e+19 9.761161e-15 1.094599e-03 2.481987e-11 3.257090e-06 2.031723e+03 1.310659e+06 3.324029e+02 2.496612e+08 8.288078e-16 6.914947e-05 4.984100e-09 2.014320e-20 0.000000e+00 0.000000e+00 1.230749e-11 7.706055e-11 1.251012e-08 0.000000e+00 0.000000e+00 0.000000e+00 2.029910e-33 0.000000e+00 0.000000e+00 0.000000e+00 4.874566e-12 0.000000e+00 0.000000e+00 0.000000e+00 0.000000e+00 0.000000e+00 0.000000e+00 0.000000e+00 0.000000e+00 0.000000e+00 0.000000e+00 0.000000e+00 0.000000e+00 0.000000e+00 0.000000e+00 0.000000e+00 0.000000e+00 0.000000e+00 0.000000e+00 0.000000e+00 0.000000e+00 0.000000e+00 0.000000e+00 0.000000e+00 0.000000e+00 0.000000e+00 3.456911e-46 2.537210e-20 1.097781e-18 9.922134e-08 4.092736e-19 0.000000e+00
9.000000 8.000000 10.000000 214.299235 3.079327e+04 5.042918e+06 7.783109e-03 7.026512e+09 3.848614e+05 1.465000e+02 9.605945e+03 8.641883e+13 2.120137e-04 8.243020e-02 4.259021e-06 3.026408e+01 8.770446e+00 9.277031e-05 1.944713e-09 2.261467e-21 1.027763e+00 2.598563e-02 1.506664e-05 4.270756e-15 4.508250e+11 7.140526e+12 9.697828e+08 4.906398e-06 4.379019e+08 3.105856e-13 5.755281e-46 1.191660e-05 2.095775e-09 6.529249e-02 6.492754e-03 1.811260e+05 3.006378e-11 7.244510e+01 2.932354e-02 2.091266e+02 4.862611e-05 1.684567e+01 1.064526e-15 7.386846e-12 0.000000e+00 5.066704e-31 0.000000e+00 0.000000e+00 0.000000e+00 0.000000e+00 0.000000e+00 0.000000e+00 0.000000e+00 0.000000e+00 0.000000e+00 0.000000e+00 1.040678e+15 4.440034e+15 1.279352e+04 1.040757e+19 8.196928e-14 1.172087e-03 2.106481e-11 1.514109e-06 1.014887e+03 7.040589e+05 1.250628e+02 1.328477e+08 7.517057e-15 2.182087e-05 5.255413e-09 8.041631e-20 0.000000e+00 0.000000e+00 1.303402e-10 1.667743e-10 1.096677e-08 0.000000e+00 0.000000e+00 0.000000e+00 0.000000e+00 0.000000e+00 0.000000e+00 0.000000e+00 4.683816e-12 0.000000e+00 0.000000e+00 0.000000e+00 0.000000e+00 0.000000e+00 0.000000e+00 0.000000e+00 0.000000e+00 0.000000e+00 0.000000e+00 0.000000e+00 0.000000e+00 0.000000e+00 0.000000e+00 0.000000e+00 0.000000e+00 0.000000e+00 0.000000e+00 0.000000e+00 0.000000e+00 0.000000e+00 0.000000e+00 0.000000e+00 0.000000e+00 0.000000e+00 3.933826e-45 7.778797e-20 4.758719e-18 6.826117e-08 8.862339e-19 0.000000e+00
11.000000 10.000000 12.000000 199.064192 2.226160e+04 1.537150e+07 1.776002e-01 5.062285e+09 3.774965e+05 6.495561e+02 1.026262e+04 1.076624e+13 6.985387e-04 9.302863e-02 8.935457e-06 2.880282e+01 7.674338e+00 3.394428e-04 2.559613e-08 6.515852e-20 7.423256e-01 2.029712e-02 4.067092e-05 2.845547e-15 3.914959e+11 5.555463e+12 4.047265e+08 1.052449e-06 2.978563e+08 8.459052e-13 3.870044e-47 5.849803e-05 6.704795e-09 6.877866e-02 4.844335e-03 1.395296e+05 4.094047e-11 4.445710e+01 1.149725e-02 1.013277e+02 8.096669e-05 1.411624e+01 3.835774e-16 6.459630e-12 0.000000e+00 0.000000e+00 0.000000e+00 0.000000e+00 0.000000e+00 0.000000e+00 0.000000e+00 0.000000e+00 0.000000e+00 0.000000e+00 0.000000e+00 0.000000e+00 8.098861e+14 3.455492e+15 6.520501e+04 8.099854e+18 2.372829e-12 7.227021e-04 1.225930e-11 6.583181e-07 5.807793e+02 3.850373e+05 7.808942e+01 4.433648e+07 7.171938e-14 1.132862e-05 1.119659e-08 2.878136e-19 0.000000e+00 0.000000e+00 1.637285e-09 4.543694e-10 1.503600e-08 0.000000e+00 0.000000e+00 0.000000e+00 1.791097e-34 0.000000e+00 0.000000e+00 0.000000e+00 5.208994e-12 0.000000e+00 0.000000e+00 0.000000e+00 0.000000e+00 0.000000e+00 0.000000e+00 0.000000e+00 0.000000e+00 0.000000e+00 0.000000e+00 0.000000e+00 0.000000e+00 0.000000e+00 0.000000e+00 0.000000e+00 0.000000e+00 0.000000e+00 0.000000e+00 0.000000e+00 0.000000e+00 0.000000e+00 0.000000e+00 0.000000e+00 0.000000e+00 0.000000e+00 8.556989e-44 4.608965e-19 3.198943e-17 6.326623e-08 2.265067e-18 0.000000e+00
13.000000 12.000000 14.000000 190.510463 1.578801e+04 3.518659e+07 2.429706e+00 3.523282e+09 4.172729e+05 2.496708e+03 1.074907e+04 2.978320e+12 2.495657e-03 1.373855e-01 2.759904e-05 5.253180e+01 9.352909e+00 1.174348e-03 2.234171e-07 1.668144e-18 6.002615e-01 2.319375e-02 1.220934e-04 4.170350e-15 4.334501e+11 4.108575e+12 1.839156e+08 2.055037e-07 1.360178e+08 4.223296e-12 1.331822e-47 2.306315e-04 1.969935e-08 8.002840e-02 4.525819e-03 9.973079e+04 1.141454e-10 4.497305e+01 1.098697e-02 7.351264e+01 2.452618e-04 1.512006e+01 3.095706e-16 9.546341e-12 0.000000e+00 0.000000e+00 0.000000e+00 0.000000e+00 0.000000e+00 0.000000e+00 0.000000e+00 0.000000e+00 0.000000e+00 0.000000e+00 0.000000e+00 0.000000e+00 6.000281e+14 2.560564e+15 3.141534e+05 6.002364e+18 5.206296e-11 5.855582e-04 1.455480e-11 6.070218e-07 4.826821e+02 3.108742e+05 5.410625e+01 2.146656e+07 5.310947e-13 8.780446e-06 2.445049e-08 1.356099e-18 0.000000e+00 0.000000e+00 1.768610e-08 1.710665e-09 6.310219e-08 0.000000e+00 0.000000e+00 0.000000e+00 2.102463e-33 0.000000e+00 0.000000e+00 0.000000e+00 7.576709e-12 0.000000e+00 0.000000e+00 0.000000e+00 0.000000e+00 0.000000e+00 0.000000e+00 0.000000e+00 0.000000e+00 0.000000e+00 0.000000e+00 0.000000e+00 0.000000e+00 0.000000e+00 0.000000e+00 0.000000e+00 0.000000e+00 0.000000e+00 0.000000e+00 0.000000e+00 0.000000e+00 0.000000e+00 0.000000e+00 0.000000e+00 0.000000e+00 0.000000e+00 7.326826e-42 6.016115e-18 3.557495e-16 1.312466e-07 1.343977e-17 0.000000e+00
15.000000 14.000000 16.000000 185.158538 1.107063e+04 6.999092e+07 2.604989e+01 2.319588e+09 4.623557e+05 8.757249e+03 1.025489e+04 1.232703e+12 1.283955e-02 1.385866e-01 6.518885e-05 1.738372e+02 1.757335e+01 5.323204e-03 2.132386e-06 6.122874e-17 5.777101e-01 3.955900e-02 4.527362e-04 7.862290e-15 5.650726e+11 2.939970e+12 9.165883e+07 2.065066e-07 3.260919e+07 4.001906e-11 9.151270e-48 7.330871e-04 4.851448e-08 9.009700e-02 4.264696e-03 6.711186e+04 4.188796e-10 6.165843e+01 1.736488e-02 7.012738e+01 7.105991e-04 2.448046e+01 4.800972e-16 2.540661e-11 0.000000e+00 0.000000e+00 0.000000e+00 0.000000e+00 0.000000e+00 0.000000e+00 0.000000e+00 0.000000e+00 0.000000e+00 0.000000e+00 0.000000e+00 0.000000e+00 4.326764e+14 1.847216e+15 1.462666e+06 4.330548e+18 8.026169e-10 7.243320e-04 2.214342e-11 7.471798e-07 4.605470e+02 3.145699e+05 2.329444e+01 1.309417e+07 3.116423e-12 6.454442e-06 4.180966e-08 8.792016e-18 0.000000e+00 0.000000e+00 2.228724e-07 7.156023e-09 4.783487e-07 0.000000e+00 0.000000e+00 0.000000e+00 0.000000e+00 0.000000e+00 0.000000e+00 0.000000e+00 1.123142e-11 0.000000e+00 0.000000e+00 0.000000e+00 0.000000e+00 0.000000e+00 0.000000e+00 0.000000e+00 0.000000e+00 0.000000e+00 0.000000e+00 0.000000e+00 0.000000e+00 0.000000e+00 0.000000e+00 0.000000e+00 0.000000e+00 0.000000e+00 0.000000e+00 0.000000e+00 0.000000e+00 0.000000e+00 0.000000e+00 0.000000e+00 0.000000e+00 0.000000e+00 3.721502e-40 4.800049e-17 1.989004e-15 2.551683e-07 6.010112e-17 0.000000e+00
17.000000 16.000000 18.000000 181.250625 7.695056e+03 1.101273e+08 1.102277e+02 1.982900e+09 5.535635e+05 1.958798e+04 1.086544e+04 6.272923e+11 4.381554e-02 1.141234e-01 9.946977e-05 5.901409e+02 2.817112e+01 1.210200e-02 6.531643e-06 3.741310e-16 4.850937e-01 6.066724e-02 8.974231e-04 2.604869e-14 6.016800e+11 2.052759e+12 4.702914e+07 1.931766e-07 5.137654e+06 2.010296e-10 7.861895e-48 1.371143e-03 7.199065e-08 8.454369e-02 3.460285e-03 4.647598e+04 1.407996e-09 5.113891e+01 1.675462e-02 4.733457e+01 1.082126e-03 3.687173e+01 8.479592e-16 4.389671e-11 0.000000e+00 9.628568e-32 0.000000e+00 0.000000e+00 0.000000e+00 0.000000e+00 0.000000e+00 0.000000e+00 0.000000e+00 0.000000e+00 0.000000e+00 0.000000e+00 3.070665e+14 1.311592e+15 4.512221e+06 3.075007e+18 2.755595e-06 9.568719e-04 4.398042e-11 9.044925e-07 3.934019e+02 2.656545e+05 5.380619e+00 8.438434e+06 1.058562e-11 2.212109e-06 1.916140e-08 2.867536e-17 0.000000e+00 0.000000e+00 8.946063e-07 1.766409e-08 2.724622e-06 0.000000e+00 0.000000e+00 0.000000e+00 0.000000e+00 0.000000e+00 0.000000e+00 0.000000e+00 1.426076e-11 0.000000e+00 0.000000e+00 0.000000e+00 0.000000e+00 0.000000e+00 0.000000e+00 0.000000e+00 0.000000e+00 0.000000e+00 0.000000e+00 0.000000e+00 0.000000e+00 0.000000e+00 0.000000e+00 0.000000e+00 0.000000e+00 0.000000e+00 0.000000e+00 0.000000e+00 0.000000e+00 0.000000e+00 0.000000e+00 0.000000e+00 0.000000e+00 0.000000e+00 2.045795e-39 1.202333e-16 4.038410e-15 2.921880e-07 1.087397e-16 0.000000e+00
19.000000 18.000000 20.000000 178.842286 5.315644e+03 1.317554e+08 1.568529e+02 2.391367e+09 7.758746e+05 2.651708e+04 1.523436e+04 4.101582e+11 8.735098e-02 9.738236e-02 1.125088e-04 1.142315e+03 3.567849e+01 1.146253e-02 5.029109e-06 2.420274e-16 4.407645e-01 8.334387e-02 8.620462e-04 1.879145e-13 5.270133e+11 1.401660e+12 2.784721e+07 1.436171e-07 6.642416e+05 3.522314e-10 1.168091e-47 1.766264e-03 8.084231e-08 7.726386e-02 2.985295e-03 3.596624e+04 4.769904e-09 2.780281e+01 9.815916e-03 2.470127e+01 9.413590e-04 4.568645e+01 1.680571e-15 4.063899e-11 0.000000e+00 0.000000e+00 0.000000e+00 0.000000e+00 0.000000e+00 0.000000e+00 0.000000e+00 0.000000e+00 0.000000e+00 0.000000e+00 0.000000e+00 0.000000e+00 2.149036e+14 9.182655e+14 8.462677e+06 2.152779e+18 1.730552e-05 1.345614e-03 1.304252e-10 1.136665e-06 3.162765e+02 1.919147e+05 7.658877e-01 6.550227e+06 2.398024e-11 4.062156e-07 2.260976e-09 5.410307e-17 0.000000e+00 0.000000e+00 8.931227e-07 2.468839e-08 1.167776e-05 0.000000e+00 0.000000e+00 0.000000e+00 0.000000e+00 0.000000e+00 0.000000e+00 0.000000e+00 1.909454e-11 0.000000e+00 0.000000e+00 0.000000e+00 0.000000e+00 0.000000e+00 0.000000e+00 0.000000e+00 0.000000e+00 0.000000e+00 0.000000e+00 0.000000e+00 0.000000e+00 0.000000e+00 0.000000e+00 0.000000e+00 0.000000e+00 0.000000e+00 0.000000e+00 0.000000e+00 0.000000e+00 0.000000e+00 0.000000e+00 0.000000e+00 0.000000e+00 0.000000e+00 1.648622e-39 1.137090e-16 4.153431e-15 2.392701e-07 1.124553e-16 0.000000e+00
21.000000 20.000000 22.000000 177.300200 3.657841e+03 1.500156e+08 1.816516e+02 3.099881e+09 1.125061e+06 3.306655e+04 2.252051e+04 2.799789e+11 1.334426e-01 7.127546e-02 1.004584e-04 1.307451e+03 3.824980e+01 7.969928e-03 2.499191e-06 7.456738e-17 3.615003e-01 9.784862e-02 6.324503e-04 1.641148e-12 4.208826e+11 9.430532e+11 1.583716e+07 1.236712e-07 8.965537e+04 5.313706e-10 2.721459e-47 2.437340e-03 9.925755e-08 7.900892e-02 2.976295e-03 3.195658e+04 1.549599e-08 1.397248e+01 5.281182e-03 1.229210e+01 8.353442e-04 4.847738e+01 3.226025e-15 3.148555e-11 0.000000e+00 0.000000e+00 0.000000e+00 0.000000e+00 0.000000e+00 0.000000e+00 0.000000e+00 0.000000e+00 0.000000e+00 0.000000e+00 0.000000e+00 0.000000e+00 1.491421e+14 6.374448e+14 1.478626e+07 1.494271e+18 4.766439e-05 1.623712e-03 4.271056e-10 1.438807e-06 2.638498e+02 1.264152e+05 1.096630e-01 4.884559e+06 5.630763e-11 8.535115e-08 1.984634e-10 8.961523e-17 0.000000e+00 0.000000e+00 5.965537e-07 3.284590e-08 4.416977e-05 0.000000e+00 0.000000e+00 0.000000e+00 0.000000e+00 0.000000e+00 0.000000e+00 0.000000e+00 2.918005e-11 0.000000e+00 0.000000e+00 0.000000e+00 0.000000e+00 0.000000e+00 0.000000e+00 0.000000e+00 0.000000e+00 0.000000e+00 0.000000e+00 0.000000e+00 0.000000e+00 0.000000e+00 0.000000e+00 0.000000e+00 0.000000e+00 0.000000e+00 0.000000e+00 0.000000e+00 0.000000e+00 0.000000e+00 0.000000e+00 0.000000e+00 0.000000e+00 0.000000e+00 4.279273e-40 6.025664e-17 2.586218e-15 1.643941e-07 1.024424e-16 0.000000e+00
23.000000 22.000000 24.000000 176.609293 2.511525e+03 1.781412e+08 2.483566e+02 3.749291e+09 1.558684e+06 4.446586e+04 3.012010e+04 1.860501e+11 1.819106e-01 4.121803e-02 7.504394e-05 1.215810e+03 3.703994e+01 5.451946e-03 1.289157e-06 2.338677e-17 2.477635e-01 9.666739e-02 4.372085e-04 1.596576e-11 3.303073e+11 6.265380e+11 8.065900e+06 1.535849e-07 1.715410e+04 1.004866e-09 9.863578e-47 4.056302e-03 1.454115e-07 9.074651e-02 3.373067e-03 3.163194e+04 5.399058e-08 8.110089e+00 3.396197e-03 7.022126e+00 9.361417e-04 4.663799e+01 5.902754e-15 2.719595e-11 0.000000e+00 0.000000e+00 0.000000e+00 0.000000e+00 0.000000e+00 0.000000e+00 0.000000e+00 0.000000e+00 0.000000e+00 0.000000e+00 0.000000e+00 0.000000e+00 1.027870e+14 4.394469e+14 2.846378e+07 1.030002e+18 9.934586e-05 1.555051e-03 1.642477e-09 2.030077e-06 2.396068e+02 8.072350e+04 2.440115e-02 3.198958e+06 1.537371e-10 3.325434e-08 2.660606e-11 1.511062e-16 0.000000e+00 0.000000e+00 4.152451e-07 5.132212e-08 1.558970e-04 0.000000e+00 0.000000e+00 0.000000e+00 0.000000e+00 0.000000e+00 0.000000e+00 0.000000e+00 3.093208e-10 0.000000e+00 0.000000e+00 0.000000e+00 0.000000e+00 0.000000e+00 0.000000e+00 0.000000e+00 0.000000e+00 0.000000e+00 0.000000e+00 0.000000e+00 0.000000e+00 0.000000e+00 0.000000e+00 0.000000e+00 0.000000e+00 0.000000e+00 0.000000e+00 0.000000e+00 0.000000e+00 0.000000e+00 0.000000e+00 0.000000e+00 0.000000e+00 0.000000e+00 5.937749e-41 2.308611e-17 1.110839e-15 1.050012e-07 9.606998e-17 0.000000e+00
25.000000 24.000000 26.000000 176.709601 1.723952e+03 2.113273e+08 3.595072e+02 4.266038e+09 2.061954e+06 6.081364e+04 3.642693e+04 1.248142e+11 2.224974e-01 1.981964e-02 4.903779e-05 1.130597e+03 3.364255e+01 3.645035e-03 6.612010e-07 7.048527e-18 1.522563e-01 8.352266e-02 2.805043e-04 1.535233e-10 2.601049e+11 4.117415e+11 3.788260e+06 2.498111e-07 8.559305e+03 2.073621e-09 7.324794e-46 1.083550e-02 3.288520e-07 1.136260e-01 4.176202e-03 3.343218e+04 2.266006e-07 5.887956e+00 2.753911e-03 4.961213e+00 1.210314e-03 4.217962e+01 1.294657e-14 2.576519e-11 0.000000e+00 0.000000e+00 0.000000e+00 0.000000e+00 0.000000e+00 0.000000e+00 0.000000e+00 0.000000e+00 0.000000e+00 0.000000e+00 0.000000e+00 0.000000e+00 7.049916e+13 3.015138e+14 5.657904e+07 7.066083e+17 2.132890e-04 1.252979e-03 6.537768e-09 3.133670e-06 2.337022e+02 5.076536e+04 1.343486e-02 1.959517e+06 6.493450e-10 1.956400e-08 8.570736e-12 3.524867e-16 0.000000e+00 0.000000e+00 2.805214e-07 8.670381e-08 5.078104e-04 0.000000e+00 0.000000e+00 0.000000e+00 0.000000e+00 0.000000e+00 0.000000e+00 0.000000e+00 1.456908e-09 0.000000e+00 0.000000e+00 0.000000e+00 0.000000e+00 0.000000e+00 0.000000e+00 0.000000e+00 0.000000e+00 0.000000e+00 0.000000e+00 0.000000e+00 0.000000e+00 0.000000e+00 0.000000e+00 0.000000e+00 0.000000e+00 0.000000e+00 0.000000e+00 0.000000e+00 0.000000e+00 0.000000e+00 0.000000e+00 0.000000e+00 0.000000e+00 0.000000e+00 5.162191e-42 6.935146e-18 3.583540e-16 6.409273e-08 1.481656e-16 0.000000e+00
27.000000 26.000000 28.000000 177.019157 1.184334e+03 2.400066e+08 5.017517e+02 4.623520e+09 2.622529e+06 8.056696e+04 4.068447e+04 8.475978e+10 2.457074e-01 8.466564e-03 2.943850e-05 1.076097e+03 2.955926e+01 2.372227e-03 3.238986e-07 1.945771e-18 8.983986e-02 6.632110e-02 1.675497e-04 2.404117e-05 2.062255e+11 2.681435e+11 1.681055e+06 4.566367e-07 1.526281e+04 4.453924e-09 6.603143e-44 3.482605e-01 9.168282e-06 3.198658e+00 9.785588e-03 3.705783e+04 8.276810e-03 1.264673e+01 6.632236e-03 7.508490e+00 3.773793e-03 3.695143e+01 1.344297e-11 2.564934e-11 5.517014e-19 0.000000e+00 3.303449e-19 2.092506e-18 0.000000e+00 1.642508e-24 5.971010e-22 2.400875e-22 2.903502e-19 0.000000e+00 0.000000e+00 0.000000e+00 4.833379e+13 2.068056e+14 1.092173e+08 4.845828e+17 4.798698e-04 9.066466e-04 4.471079e-04 5.382967e-02 2.563304e+02 3.119152e+04 2.402394e-02 1.189387e+06 3.206480e-08 1.576537e-08 8.674143e-12 9.543721e-15 4.541271e-23 0.000000e+00 1.756343e-07 1.564866e-07 1.559462e-03 0.000000e+00 5.279937e-28 3.545165e-27 0.000000e+00 0.000000e+00 0.000000e+00 0.000000e+00 1.905499e-04 0.000000e+00 0.000000e+00 0.000000e+00 0.000000e+00 0.000000e+00 0.000000e+00 0.000000e+00 0.000000e+00 0.000000e+00 0.000000e+00 0.000000e+00 0.000000e+00 0.000000e+00 0.000000e+00 0.000000e+00 0.000000e+00 0.000000e+00 0.000000e+00 0.000000e+00 0.000000e+00 0.000000e+00 0.000000e+00 0.000000e+00 0.000000e+00 0.000000e+00 3.349710e-43 1.787216e-18 9.610467e-17 4.083517e-08 1.853710e-15 0.000000e+00
29.000000 28.000000 30.000000 177.053156 8.140904e+02 2.539536e+08 6.383760e+02 4.810522e+09 3.223702e+06 1.004087e+05 4.266220e+04 5.768470e+10 2.465750e-01 3.367868e-03 1.682962e-05 9.860229e+02 2.544698e+01 1.497222e-03 1.476618e-07 4.783498e-19 5.287704e-02 4.981653e-02 9.374555e-05 3.368437e-04 1.639309e+11 1.730646e+11 7.339393e+05 8.471355e-07 4.352727e+04 9.578769e-09 1.028086e-42 2.339055e+00 4.946653e-05 1.227707e+01 2.443145e-02 4.209613e+04 4.403933e-02 3.252747e+01 1.868255e-02 1.625777e+01 1.109156e-02 3.173621e+01 3.931211e-10 2.828532e-11 7.521078e-19 1.190481e-33 7.384250e-19 4.964635e-18 0.000000e+00 1.388704e-24 9.144134e-22 3.711598e-22 3.410039e-19 0.000000e+00 0.000000e+00 0.000000e+00 3.320642e+13 1.421513e+14 1.970103e+08 3.330295e+17 1.017814e-03 6.155885e-04 2.860426e-03 1.661980e-01 3.151130e+02 1.860318e+04 6.991620e-02 7.369496e+05 3.241839e-07 1.766205e-08 1.379421e-11 4.886038e-14 1.044415e-22 0.000000e+00 9.957706e-08 2.921428e-07 4.374830e-03 0.000000e+00 1.822801e-27 1.217238e-26 1.558146e-35 2.875020e-70 0.000000e+00 0.000000e+00 8.279251e-04 0.000000e+00 0.000000e+00 0.000000e+00 0.000000e+00 0.000000e+00 0.000000e+00 0.000000e+00 0.000000e+00 0.000000e+00 0.000000e+00 0.000000e+00 0.000000e+00 0.000000e+00 0.000000e+00 0.000000e+00 0.000000e+00 0.000000e+00 0.000000e+00 0.000000e+00 0.000000e+00 0.000000e+00 0.000000e+00 0.000000e+00 0.000000e+00 0.000000e+00 1.858631e-44 4.237325e-19 2.316921e-17 2.847987e-08 5.316156e-15 0.000000e+00
31.000000 30.000000 32.000000 176.805193 5.595733e+02 2.503339e+08 7.270451e+02 4.839027e+09 3.813309e+06 1.163210e+05 4.163470e+04 3.901628e+10 2.319404e-01 1.302929e-03 9.545607e-06 8.480284e+02 2.181779e+01 9.317287e-04 6.345656e-08 1.080572e-19 3.170112e-02 3.586884e-02 4.971840e-05 9.811954e-03 1.313281e+11 1.097657e+11 4.618481e+05 3.132963e-06 1.422470e+05 4.322463e-08 2.434607e-41 2.842219e+01 4.730287e-04 1.065886e+02 1.600671e-01 4.919807e+04 5.198156e-01 2.025732e+02 1.380311e-01 9.855521e+01 8.267874e-02 2.714875e+01 6.870818e-08 1.367721e-10 6.924622e-19 0.000000e+00 1.069149e-18 7.742068e-18 3.085921e-20 8.269389e-25 9.241286e-22 3.737385e-22 2.456847e-19 1.650732e-30 6.233853e-38 0.000000e+00 2.284764e+13 9.786632e+13 3.282516e+08 2.292323e+17 1.958320e-03 4.071255e-04 3.974361e-02 1.133465e+00 9.440675e+02 1.092162e+04 2.809843e-01 4.636652e+05 5.826410e-06 4.123284e-08 2.955175e-11 4.464817e-13 1.558933e-22 0.000000e+00 5.150956e-08 1.219363e-06 1.141021e-02 0.000000e+00 4.127157e-27 2.734562e-26 0.000000e+00 1.175310e-64 0.000000e+00 0.000000e+00 7.916884e-03 0.000000e+00 0.000000e+00 0.000000e+00 0.000000e+00 0.000000e+00 0.000000e+00 0.000000e+00 0.000000e+00 0.000000e+00 0.000000e+00 0.000000e+00 0.000000e+00 0.000000e+00 0.000000e+00 0.000000e+00 0.000000e+00 0.000000e+00 0.000000e+00 0.000000e+00 0.000000e+00 0.000000e+00 0.000000e+00 0.000000e+00 0.000000e+00 0.000000e+00 1.025692e-45 1.000203e-19 5.454329e-18 4.715087e-08 2.464721e-14 0.000000e+00
33.000000 32.000000 34.000000 176.530295 3.845108e+02 2.322184e+08 7.332605e+02 4.771746e+09 4.345966e+06 1.247284e+05 3.772710e+04 2.631678e+10 2.074167e-01 5.172464e-04 5.628716e-06 6.747130e+02 1.854473e+01 5.678636e-04 2.544810e-08 2.209947e-20 1.927666e-02 2.457074e-02 2.475347e-05 1.305021e-01 1.056315e+11 6.796095e+10 7.082503e+05 1.132510e-05 3.632806e+05 1.886483e-07 2.699903e-40 1.678541e+02 2.138896e-03 4.466503e+02 6.451788e-01 5.649162e+04 2.911977e+00 6.912900e+02 5.482570e-01 3.491348e+02 3.355925e-01 2.300726e+01 2.737248e-07 6.457277e-10 6.116100e-19 0.000000e+00 1.400062e-18 1.088725e-17 3.444787e-20 5.524283e-25 8.565503e-22 3.409563e-22 1.658715e-19 1.728274e-28 3.440666e-35 0.000000e+00 1.571654e+13 6.736983e+13 5.052712e+08 1.577623e+17 3.401181e-03 2.665452e-04 2.618649e-01 3.704778e+00 3.216564e+03 6.398261e+03 8.869500e-01 2.895348e+05 4.995020e-05 8.757553e-08 4.807262e-11 1.949395e-12 2.028157e-22 0.000000e+00 2.398437e-08 5.303924e-06 2.513714e-02 0.000000e+00 8.409635e-27 5.510106e-26 0.000000e+00 1.301121e-65 0.000000e+00 0.000000e+00 3.609268e-02 0.000000e+00 0.000000e+00 0.000000e+00 0.000000e+00 0.000000e+00 0.000000e+00 0.000000e+00 0.000000e+00 0.000000e+00 0.000000e+00 0.000000e+00 0.000000e+00 0.000000e+00 0.000000e+00 0.000000e+00 0.000000e+00 0.000000e+00 0.000000e+00 0.000000e+00 0.000000e+00 0.000000e+00 0.000000e+00 0.000000e+00 0.000000e+00 0.000000e+00 6.631642e-47 2.554528e-20 1.372357e-18 9.049173e-08 5.712008e-14 0.000000e+00
35.000000 34.000000 36.000000 176.441933 2.641680e+02 2.060074e+08 6.589773e+02 4.676446e+09 4.791097e+06 1.244640e+05 3.188277e+04 1.785359e+10 1.799474e-01 2.369244e-04 3.849166e-06 5.011418e+02 1.566104e+01 3.408529e-04 9.607505e-09 4.153716e-21 1.186865e-02 1.605796e-02 1.163588e-05 7.127684e-01 8.523006e+10 4.068663e+10 9.549702e+05 2.140293e-05 6.552213e+05 3.712086e-07 1.458146e-39 4.460738e+02 4.251821e-03 7.937489e+02 1.156347e+00 6.200610e+04 6.955485e+00 1.042502e+03 9.221825e-01 5.336294e+02 5.683630e-01 1.930421e+01 6.263858e-07 1.589859e-09 5.360435e-19 0.000000e+00 1.715924e-18 1.416078e-17 6.802425e-20 3.952017e-25 7.488282e-22 2.906296e-22 1.083372e-19 1.076428e-27 7.449598e-34 0.000000e+00 1.079645e+13 4.632063e+13 7.251941e+08 1.084407e+17 5.388326e-03 1.757300e-04 7.461999e-01 5.253782e+00 5.650328e+03 3.774567e+03 1.733053e+00 1.759752e+05 1.881173e-04 1.051980e-07 4.711825e-11 3.793729e-12 2.319171e-22 0.000000e+00 1.013985e-08 1.093731e-05 4.551309e-02 0.000000e+00 1.582262e-26 1.020335e-25 0.000000e+00 3.877179e-71 0.000000e+00 0.000000e+00 7.114367e-02 0.000000e+00 0.000000e+00 0.000000e+00 0.000000e+00 0.000000e+00 0.000000e+00 0.000000e+00 0.000000e+00 0.000000e+00 0.000000e+00 0.000000e+00 0.000000e+00 0.000000e+00 0.000000e+00 0.000000e+00 0.000000e+00 0.000000e+00 0.000000e+00 0.000000e+00 0.000000e+00 0.000000e+00 0.000000e+00 0.000000e+00 0.000000e+00 0.000000e+00 7.554411e-48 8.688752e-21 4.579410e-19 1.072847e-07 6.865704e-14 0.000000e+00
37.000000 36.000000 38.000000 176.669989 1.815590e+02 1.774483e+08 5.352751e+02 4.623187e+09 5.184754e+06 1.171895e+05 2.579260e+04 1.235352e+10 1.513757e-01 1.460157e-04 3.517543e-06 3.546201e+02 1.307802e+01 2.007467e-04 3.412052e-09 7.128650e-22 7.343202e-03 1.009324e-02 5.209855e-06 2.947983e+00 6.873171e+10 2.336848e+10 1.160805e+06 3.515603e-05 1.078458e+06 5.439089e-07 7.422831e-39 9.512306e+02 6.710083e-03 1.122193e+03 1.677887e+00 6.513562e+04 1.351545e+01 1.266785e+03 1.216139e+00 6.439956e+02 7.381339e-01 1.594017e+01 1.444809e-06 3.448353e-09 6.816959e-19 1.822652e-34 2.912449e-18 2.535461e-17 2.135123e-19 4.317597e-25 9.095369e-22 3.418344e-22 1.009148e-19 5.624793e-27 1.195798e-32 0.000000e+00 7.405000e+12 3.180385e+13 9.861176e+08 7.443363e+16 8.061906e-03 1.166836e-04 1.776646e+00 6.195791e+00 8.411210e+03 2.269395e+03 2.982516e+00 1.033271e+05 5.534559e-04 1.074697e-07 3.939679e-11 5.846954e-12 3.455166e-22 0.000000e+00 3.922688e-09 1.771671e-05 7.185846e-02 0.000000e+00 4.094256e-26 2.581204e-25 1.883281e-36 2.781723e-76 0.000000e+00 0.000000e+00 1.169276e-01 0.000000e+00 0.000000e+00 0.000000e+00 0.000000e+00 0.000000e+00 0.000000e+00 0.000000e+00 0.000000e+00 0.000000e+00 0.000000e+00 0.000000e+00 0.000000e+00 0.000000e+00 0.000000e+00 0.000000e+00 0.000000e+00 0.000000e+00 0.000000e+00 0.000000e+00 0.000000e+00 0.000000e+00 0.000000e+00 0.000000e+00 0.000000e+00 0.000000e+00 2.643145e-48 5.171545e-21 2.690628e-19 1.471339e-07 8.645867e-14 0.000000e+00
39.000000 38.000000 40.000000 177.217458 1.249176e+02 1.499437e+08 3.973608e+02 4.686019e+09 5.612321e+06 1.056737e+05 2.071556e+04 8.827463e+09 1.230686e-01 1.292713e-04 4.518262e-06 2.444699e+02 1.081752e+01 1.156687e-04 1.135712e-09 1.103727e-22 4.575710e-03 6.232138e-03 2.257989e-06 1.253337e+01 5.552844e+10 1.263993e+10 1.693091e+06 6.889159e-05 1.775719e+06 8.492917e-07 4.806888e-38 2.081595e+03 1.091223e-02 1.764168e+03 2.741881e+00 6.658834e+04 3.106513e+01 1.728496e+03 1.779424e+00 8.518057e+02 1.023417e+00 1.296430e+01 4.116886e-06 8.999609e-09 7.574993e-19 2.163875e-32 4.173268e-18 3.852610e-17 3.248083e-19 5.164554e-25 9.342432e-22 3.382610e-22 8.250810e-20 2.458566e-26 1.951052e-31 0.000000e+00 5.074104e+12 2.182097e+13 1.289229e+09 5.105415e+16 1.178756e-02 7.880066e-05 5.135519e+00 8.760303e+00 1.508328e+04 1.490007e+03 5.399657e+00 5.927854e+04 1.642052e-03 1.170481e-07 3.339649e-11 9.136954e-12 4.149020e-22 0.000000e+00 1.404225e-09 3.233384e-05 1.043605e-01 0.000000e+00 8.963033e-26 5.474631e-25 7.356371e-35 2.044057e-71 0.000000e+00 0.000000e+00 2.338373e-01 0.000000e+00 0.000000e+00 0.000000e+00 0.000000e+00 0.000000e+00 0.000000e+00 0.000000e+00 0.000000e+00 0.000000e+00 0.000000e+00 0.000000e+00 0.000000e+00 0.000000e+00 0.000000e+00 0.000000e+00 0.000000e+00 0.000000e+00 0.000000e+00 0.000000e+00 0.000000e+00 0.000000e+00 0.000000e+00 0.000000e+00 0.000000e+00 0.000000e+00 3.422017e-48 5.886519e-21 3.080791e-19 3.293842e-07 1.496990e-13 0.000000e+00
41.000000 40.000000 42.000000 177.844239 8.607228e+01 1.220106e+08 2.810572e+02 4.825541e+09 6.334559e+06 9.581583e+04 1.799319e+04 6.589972e+09 9.360683e-02 1.391466e-04 6.957602e-06 1.666423e+02 8.833806e+00 6.704761e-05 3.617929e-10 1.611929e-23 2.860643e-03 3.944414e-03 1.020665e-06 3.930577e+01 4.496230e+10 6.345433e+09 2.258105e+06 1.289844e-04 2.525486e+06 1.219800e-06 2.981803e-37 3.743411e+03 1.455514e-02 2.366327e+03 3.852572e+00 6.407174e+04 6.620440e+01 2.030588e+03 2.311131e+00 9.227174e+02 1.191273e+00 1.030253e+01 1.144322e-05 2.281274e-08 6.797770e-19 4.173232e-32 4.876572e-18 4.990640e-17 4.051998e-19 5.167203e-25 7.846820e-22 2.727804e-22 5.699463e-20 7.589518e-26 2.055897e-30 0.000000e+00 3.479396e+12 1.498652e+13 1.696072e+09 3.505400e+16 1.704173e-02 5.417998e-05 1.389863e+01 1.166726e+01 2.595279e+04 1.106498e+03 8.944288e+00 3.411625e+04 4.027052e-03 1.156162e-07 2.569166e-11 1.137188e-11 4.273608e-22 0.000000e+00 5.019989e-10 5.547657e-05 1.375545e-01 0.000000e+00 1.662614e-25 9.723787e-25 0.000000e+00 2.469914e-66 0.000000e+00 0.000000e+00 4.452945e-01 0.000000e+00 0.000000e+00 0.000000e+00 0.000000e+00 0.000000e+00 0.000000e+00 0.000000e+00 0.000000e+00 0.000000e+00 0.000000e+00 0.000000e+00 0.000000e+00 0.000000e+00 0.000000e+00 0.000000e+00 0.000000e+00 0.000000e+00 0.000000e+00 0.000000e+00 0.000000e+00 0.000000e+00 0.000000e+00 0.000000e+00 0.000000e+00 0.000000e+00 8.801804e-48 9.428999e-21 5.024616e-19 8.020018e-07 2.426063e-13 0.000000e+00
43.000000 42.000000 44.000000 178.090483 5.937814e+01 8.794283e+07 2.259501e+02 4.653652e+09 8.293278e+06 1.046577e+05 2.077560e+04 5.147103e+09 6.049029e-02 1.448043e-04 1.106624e-05 1.135892e+02 7.121965e+00 4.859169e-05 1.360763e-10 3.401128e-24 1.775055e-03 2.867448e-03 6.703480e-07 5.863078e+01 3.754786e+10 2.898903e+09 2.110717e+06 2.145185e-04 2.751801e+06 1.908773e-06 1.305417e-36 5.016542e+03 1.424326e-02 2.250292e+03 3.809012e+00 5.439468e+04 1.094356e+02 1.586595e+03 2.425252e+00 6.270102e+02 1.087860e+00 7.928551e+00 2.342899e-05 5.106232e-08 3.952067e-19 1.378965e-32 4.419098e-18 5.840770e-17 5.242308e-19 3.145884e-25 5.133257e-22 1.712605e-22 2.948073e-20 1.684269e-25 1.141263e-29 0.000000e+00 2.391888e+12 1.032663e+13 2.675630e+09 2.414904e+16 2.426767e-02 3.707816e-05 2.756368e+01 1.249445e+01 3.718778e+04 8.749542e+02 1.298321e+01 2.000667e+04 7.762837e-03 1.039075e-07 2.147459e-11 9.970528e-12 4.882481e-22 0.000000e+00 2.641048e-10 9.347860e-05 1.673013e-01 0.000000e+00 2.757803e-25 1.522347e-24 0.000000e+00 3.325973e-65 0.000000e+00 0.000000e+00 6.456736e-01 0.000000e+00 0.000000e+00 0.000000e+00 0.000000e+00 0.000000e+00 0.000000e+00 0.000000e+00 0.000000e+00 0.000000e+00 0.000000e+00 0.000000e+00 0.000000e+00 0.000000e+00 0.000000e+00 0.000000e+00 0.000000e+00 0.000000e+00 0.000000e+00 0.000000e+00 0.000000e+00 0.000000e+00 0.000000e+00 0.000000e+00 0.000000e+00 0.000000e+00 2.828036e-47 1.706597e-20 8.801944e-19 1.574966e-06 2.849251e-13 0.000000e+00
45.000000 44.000000 46.000000 177.458221 4.096352e+01 6.636192e+07 3.403370e+02 3.548044e+09 1.113655e+07 1.640319e+05 2.550100e+04 3.705323e+09 3.711328e-02 8.198825e-05 1.182552e-05 7.838979e+01 5.601450e+00 6.757256e-05 1.250869e-10 3.377227e-24 9.495975e-04 2.112409e-03 8.611814e-07 3.070455e+01 3.613161e+10 1.201017e+09 1.639062e+06 3.079897e-04 2.152696e+06 4.729090e-06 3.039121e-36 5.055697e+03 1.059666e-02 1.730696e+03 2.883530e+00 3.636238e+04 1.601375e+02 1.051442e+03 2.744379e+00 3.485196e+02 1.070563e+00 5.835134e+00 3.433887e-05 1.112012e-07 1.425080e-19 0.000000e+00 3.495359e-18 6.177090e-17 5.854480e-19 1.598517e-25 2.833747e-22 9.403912e-23 9.478949e-21 2.904643e-25 3.120374e-29 0.000000e+00 1.646653e+12 7.151139e+12 6.038212e+09 1.671918e+16 3.480312e-02 2.383201e-05 3.951492e+01 1.228441e+01 4.275191e+04 8.117316e+02 1.668765e+01 9.523730e+03 1.303827e-02 1.052781e-07 3.013888e-11 6.045037e-12 6.452548e-22 0.000000e+00 3.813981e-10 1.804129e-04 1.869553e-01 4.970349e-19 4.074557e-25 2.088471e-24 0.000000e+00 2.934546e-70 0.000000e+00 0.000000e+00 6.963609e-01 0.000000e+00 0.000000e+00 0.000000e+00 0.000000e+00 0.000000e+00 0.000000e+00 0.000000e+00 0.000000e+00 0.000000e+00 0.000000e+00 0.000000e+00 0.000000e+00 0.000000e+00 0.000000e+00 0.000000e+00 0.000000e+00 0.000000e+00 0.000000e+00 0.000000e+00 0.000000e+00 0.000000e+00 0.000000e+00 0.000000e+00 0.000000e+00 0.000000e+00 3.001398e-47 1.767948e-20 7.287046e-19 1.630413e-06 1.696063e-13 0.000000e+00
47.000000 46.000000 48.000000 175.639770 2.819349e+01 1.119828e+08 1.430665e+03 2.112584e+09 7.647334e+06 2.545324e+05 1.163413e+04 1.847858e+09 4.401786e-02 1.185874e-05 3.676833e-06 5.499210e+01 4.289607e+00 1.322999e-04 3.891506e-10 1.562209e-23 2.997040e-04 7.990418e-04 8.252040e-07 8.854250e+00 4.443920e+10 4.356801e+08 1.588232e+06 1.781887e-04 1.231676e+06 8.017836e-06 3.063813e-36 3.566285e+03 5.871159e-03 1.084801e+03 1.441969e+00 1.405984e+04 2.423587e+02 1.278818e+03 3.643249e+00 2.638220e+02 9.033543e-01 4.107680e+00 4.275568e-05 1.544493e-07 8.924879e-20 1.804520e-33 4.838640e-18 5.913479e-17 3.136741e-19 1.591339e-25 2.201519e-22 8.832772e-23 2.701745e-21 3.540741e-25 2.377885e-29 0.000000e+00 1.126142e+12 4.974685e+12 1.378776e+10 1.162626e+16 5.338456e-02 9.260493e-06 4.325733e+01 1.123210e+01 2.055514e+04 7.956165e+02 1.319829e+01 2.703245e+03 1.772490e-02 7.372872e-08 3.660955e-11 2.369547e-12 4.705857e-22 0.000000e+00 8.947629e-10 1.487922e-04 1.870376e-01 1.946425e-19 5.356561e-25 2.505166e-24 1.874662e-35 4.057720e-72 0.000000e+00 0.000000e+00 5.617763e-01 0.000000e+00 0.000000e+00 0.000000e+00 0.000000e+00 0.000000e+00 0.000000e+00 0.000000e+00 0.000000e+00 0.000000e+00 0.000000e+00 0.000000e+00 0.000000e+00 0.000000e+00 0.000000e+00 0.000000e+00 0.000000e+00 0.000000e+00 0.000000e+00 0.000000e+00 0.000000e+00 0.000000e+00 0.000000e+00 0.000000e+00 0.000000e+00 0.000000e+00 6.836955e-49 2.176693e-21 5.688554e-20 3.008330e-07 2.747509e-14 0.000000e+00
49.000000 48.000000 50.000000 172.727375 1.930653e+01 6.840633e+08 1.273885e+04 1.499776e+09 1.536623e+06 1.945283e+05 2.375022e+03 6.253451e+08 1.845808e-01 6.555427e-07 2.958798e-07 3.847921e+01 3.092335e+00 1.237592e-04 1.838129e-09 5.206124e-23 2.752958e-05 8.577923e-05 1.256924e-07 3.390924e+00 5.448387e+10 1.465336e+08 1.239526e+06 2.457187e-05 5.296280e+05 1.598264e-06 7.698503e-37 9.152662e+02 7.044280e-04 2.282947e+02 9.801797e-02 4.283772e+03 3.053905e+02 3.338985e+03 3.016037e+00 1.811689e+02 2.869653e-01 2.766412e+00 1.725170e-05 3.436976e-08 2.032508e-19 8.150548e-35 1.674540e-17 4.308316e-17 5.421879e-20 7.665842e-26 1.208975e-22 1.507076e-22 8.491882e-22 1.234809e-25 1.246517e-30 0.000000e+00 7.607880e+11 3.465112e+12 2.124310e+10 8.095751e+15 8.378465e-02 1.697843e-06 3.630201e+01 6.582502e+00 1.822288e+03 3.755750e+02 4.505661e+00 2.743368e+02 7.821102e-03 8.481598e-09 9.569920e-12 1.973019e-13 5.044969e-23 0.000000e+00 5.522445e-10 1.546295e-05 1.583262e-01 4.117421e-20 5.260205e-25 2.205598e-24 1.656496e-36 2.150751e-67 0.000000e+00 0.000000e+00 3.760544e-01 0.000000e+00 0.000000e+00 0.000000e+00 0.000000e+00 0.000000e+00 0.000000e+00 0.000000e+00 0.000000e+00 0.000000e+00 0.000000e+00 0.000000e+00 0.000000e+00 0.000000e+00 0.000000e+00 0.000000e+00 0.000000e+00 0.000000e+00 0.000000e+00 0.000000e+00 0.000000e+00 0.000000e+00 0.000000e+00 0.000000e+00 0.000000e+00 0.000000e+00 6.590641e-51 3.988242e-23 7.449555e-22 2.369109e-08 1.658680e-15 0.000000e+00
51.000000 50.000000 52.000000 169.233981 1.312963e+01 4.913087e+09 7.164643e+04 1.385720e+09 1.407373e+05 4.022449e+04 1.506925e+02 1.898961e+08 7.917054e-01 3.546327e-08 2.210475e-08 2.610864e+01 1.642474e+00 6.390821e-05 4.419760e-09 4.940892e-23 1.383667e-06 3.170178e-06 6.319607e-09 1.322625e+00 5.464644e+10 4.959735e+07 5.325677e+05 2.825157e-06 1.754804e+05 8.737252e-08 3.816505e-38 5.984021e+01 6.187532e-06 7.997402e+00 5.113573e-04 1.316292e+03 1.703893e+02 3.846042e+03 8.277743e-01 6.628627e+00 1.103373e-02 1.799295e+00 2.548800e-06 2.100027e-09 4.135550e-19 3.639712e-36 3.355195e-17 2.018543e-17 1.354423e-20 2.595068e-27 8.082113e-24 6.248839e-23 1.127060e-22 1.166479e-26 7.796684e-33 0.000000e+00 5.112863e+11 2.405425e+12 2.101046e+10 5.619260e+15 1.174549e-01 5.089068e-07 1.528637e+01 2.024184e+00 1.062906e+02 8.853004e+01 7.715700e-01 8.505924e+00 6.695263e-04 4.203295e-10 7.549721e-13 1.049533e-15 6.425671e-25 0.000000e+00 4.855398e-11 6.811931e-07 1.130467e-01 8.054502e-21 3.256775e-25 1.204266e-24 3.650683e-37 1.393083e-68 0.000000e+00 0.000000e+00 2.345203e-01 0.000000e+00 0.000000e+00 0.000000e+00 0.000000e+00 0.000000e+00 0.000000e+00 0.000000e+00 0.000000e+00 0.000000e+00 0.000000e+00 0.000000e+00 0.000000e+00 0.000000e+00 0.000000e+00 0.000000e+00 0.000000e+00 0.000000e+00 0.000000e+00 0.000000e+00 0.000000e+00 0.000000e+00 0.000000e+00 0.000000e+00 0.000000e+00 0.000000e+00 7.533947e-53 5.314845e-25 9.063954e-24 2.106873e-09 1.082036e-16 0.000000e+00
53.000000 52.000000 54.000000 165.880738 8.860556e+00 1.071179e+10 1.048367e+05 1.163797e+09 3.532472e+04 9.930056e+03 9.603587e+00 5.376152e+07 1.014010e+00 3.289088e-09 4.509591e-09 1.686123e+01 7.783328e-01 2.779779e-05 2.678414e-09 1.008719e-23 1.736831e-07 2.659706e-07 4.319115e-10 4.019653e-01 5.010574e+10 1.556792e+07 1.803208e+05 3.129848e-07 4.936304e+04 4.410194e-09 2.633077e-38 4.956456e+00 1.595213e-07 4.569498e-01 1.029569e-05 3.718383e+02 5.663616e+01 2.420000e+03 1.571898e-01 1.728261e-01 5.874452e-04 1.131834e+00 1.057592e-06 1.481195e-10 4.912984e-19 0.000000e+00 3.228142e-17 1.966719e-17 1.228461e-20 9.832167e-29 9.344351e-25 1.817737e-23 2.475133e-23 1.177125e-27 1.076180e-34 0.000000e+00 3.395542e+11 1.656334e+12 1.706174e+10 3.868824e+15 1.485547e-01 1.694260e-07 4.144369e+00 5.767851e-01 1.783047e+01 2.298765e+01 1.452294e-01 8.417557e-01 6.782330e-05 2.853918e-11 5.000514e-14 1.607854e-17 6.501914e-26 0.000000e+00 3.887621e-12 6.998515e-08 7.598022e-02 1.413364e-21 4.106562e-25 1.321210e-24 0.000000e+00 2.413255e-68 0.000000e+00 0.000000e+00 1.284518e-01 0.000000e+00 0.000000e+00 0.000000e+00 0.000000e+00 0.000000e+00 0.000000e+00 0.000000e+00 0.000000e+00 0.000000e+00 0.000000e+00 0.000000e+00 0.000000e+00 0.000000e+00 0.000000e+00 0.000000e+00 0.000000e+00 0.000000e+00 0.000000e+00 0.000000e+00 0.000000e+00 0.000000e+00 0.000000e+00 0.000000e+00 0.000000e+00 0.000000e+00 8.580623e-55 8.713357e-27 1.264178e-25 1.861118e-10 6.901713e-18 0.000000e+00
55.000000 54.000000 56.000000 163.698900 5.940298e+00 1.494496e+10 8.458920e+04 9.236519e+08 1.211672e+04 2.868680e+03 7.359960e-01 1.451587e+07 9.400447e-01 4.960913e-10 1.393593e-09 1.025495e+01 3.592124e-01 9.748371e-06 8.635128e-10 8.702725e-25 3.135236e-08 2.947204e-08 3.460934e-11 3.552359e-01 4.293727e+10 4.588507e+06 5.759526e+04 3.421381e-08 1.275124e+04 2.174577e-10 1.049323e-36 9.268593e-01 1.307162e-08 5.324195e-02 6.405601e-07 9.789581e+01 1.582359e+01 1.382375e+03 3.048460e-02 9.850155e-03 6.517228e-05 6.905730e-01 6.297371e-07 1.495544e-11 6.879932e-19 0.000000e+00 3.228445e-17 1.787336e-17 9.806864e-21 6.701726e-30 2.181782e-25 7.315170e-24 8.740310e-24 1.614815e-28 3.126821e-36 0.000000e+00 2.217866e+11 1.125576e+12 1.221085e+10 2.628308e+15 1.716530e-01 6.044755e-08 1.100451e+00 1.742224e-01 4.262206e+00 6.974985e+00 3.328981e-02 1.360332e-01 1.523505e-05 2.235128e-12 3.054380e-15 8.827333e-19 1.113300e-26 0.000000e+00 2.828656e-13 8.696538e-09 4.970839e-02 2.277585e-22 4.714499e-25 1.308975e-24 0.000000e+00 1.957759e-68 0.000000e+00 0.000000e+00 6.376008e-02 0.000000e+00 0.000000e+00 0.000000e+00 0.000000e+00 0.000000e+00 0.000000e+00 0.000000e+00 0.000000e+00 0.000000e+00 0.000000e+00 0.000000e+00 0.000000e+00 0.000000e+00 0.000000e+00 0.000000e+00 0.000000e+00 0.000000e+00 0.000000e+00 0.000000e+00 0.000000e+00 0.000000e+00 0.000000e+00 0.000000e+00 0.000000e+00 0.000000e+00 9.718616e-57 2.644789e-28 3.118257e-27 1.631576e-11 4.307955e-19 0.000000e+00
57.000000 56.000000 58.000000 164.552058 3.975579e+00 1.695625e+10 4.458826e+04 7.158563e+08 4.498570e+03 8.338196e+02 5.946404e-02 3.766444e+06 7.595883e-01 1.075767e-10 6.231973e-10 5.836302e+00 1.596298e-01 3.010688e-06 1.998033e-10 4.449579e-26 6.787940e-09 3.201389e-09 2.634894e-12 2.358226e+00 3.475252e+10 1.282332e+06 1.694704e+04 3.727564e-09 3.094349e+03 1.034584e-11 1.424297e-35 2.095386e-01 2.031266e-09 9.656805e-03 8.342336e-08 2.429427e+01 3.366792e+00 7.570392e+02 5.909445e-03 1.180684e-03 1.234839e-05 4.074054e-01 4.091905e-07 2.451251e-12 1.011900e-18 0.000000e+00 2.993276e-17 1.204182e-17 5.126670e-21 6.134413e-31 6.501089e-26 3.124272e-24 3.455543e-24 2.530595e-29 2.437934e-37 0.000000e+00 1.414987e+11 7.499938e+11 7.710686e+09 1.749891e+15 1.829232e-01 2.219042e-08 2.984873e-01 5.498935e-02 1.151802e+00 2.350592e+00 8.269345e-03 2.491028e-02 4.116336e-06 1.718468e-13 1.628900e-16 9.738473e-20 1.660950e-27 0.000000e+00 1.697818e-14 9.914137e-10 3.154979e-02 3.379326e-23 3.897088e-25 9.326510e-25 0.000000e+00 3.610178e-73 0.000000e+00 0.000000e+00 2.946821e-02 0.000000e+00 0.000000e+00 0.000000e+00 0.000000e+00 0.000000e+00 0.000000e+00 0.000000e+00 0.000000e+00 0.000000e+00 0.000000e+00 0.000000e+00 0.000000e+00 0.000000e+00 0.000000e+00 0.000000e+00 0.000000e+00 0.000000e+00 0.000000e+00 0.000000e+00 0.000000e+00 0.000000e+00 0.000000e+00 0.000000e+00 0.000000e+00 0.000000e+00 1.091407e-58 2.839210e-29 2.656696e-28 1.415739e-12 2.631274e-20 0.000000e+00
59.000000 58.000000 60.000000 170.783657 2.682689e+00 1.681669e+10 1.536839e+04 5.512979e+08 1.720595e+03 2.270237e+02 4.254066e-03 9.442824e+05 5.656281e-01 3.641843e-11 4.676037e-10 3.108914e+00 6.638254e-02 8.139635e-07 3.434047e-11 1.366744e-27 1.885226e-09 3.015531e-10 1.680616e-13 1.486853e+01 2.681358e+10 3.423290e+05 4.391726e+03 4.346666e-10 7.079532e+02 4.687763e-13 6.998937e-35 4.191758e-02 4.373909e-10 2.008779e-03 1.785108e-08 5.733903e+00 4.571799e-01 3.903115e+02 1.101029e-03 1.942928e-04 3.259359e-06 2.318738e-01 2.657767e-07 1.488531e-12 1.667215e-18 0.000000e+00 2.698520e-17 6.523625e-18 1.967805e-21 6.828451e-32 2.334552e-26 1.409227e-24 1.600698e-24 3.394849e-30 1.008732e-37 0.000000e+00 8.778020e+10 4.885945e+11 4.226682e+09 1.137727e+15 1.823237e-01 8.352074e-09 8.250609e-02 1.817764e-02 3.314909e-01 8.877800e-01 2.146700e-03 4.587456e-03 9.933246e-07 1.181163e-14 6.927391e-18 1.537490e-20 1.986029e-28 0.000000e+00 7.458593e-16 9.096434e-11 1.923343e-02 4.655195e-24 2.514495e-25 5.229596e-25 0.000000e+00 3.015890e-74 0.000000e+00 0.000000e+00 1.293417e-02 0.000000e+00 0.000000e+00 0.000000e+00 0.000000e+00 0.000000e+00 0.000000e+00 0.000000e+00 0.000000e+00 0.000000e+00 0.000000e+00 0.000000e+00 0.000000e+00 0.000000e+00 0.000000e+00 0.000000e+00 0.000000e+00 0.000000e+00 0.000000e+00 0.000000e+00 0.000000e+00 0.000000e+00 0.000000e+00 0.000000e+00 0.000000e+00 0.000000e+00 1.211554e-60 1.241034e-29 8.985000e-29 1.212641e-13 1.572508e-21 0.000000e+00
61.000000 60.000000 62.000000 183.115009 1.847869e+00 1.505988e+10 3.699010e+03 4.309803e+08 7.174818e+02 5.905008e+01 2.648051e-04 2.327237e+05 4.015930e-01 1.967744e-11 5.850524e-10 1.575517e+00 2.586901e-02 1.961276e-07 4.609885e-12 2.733934e-29 1.027319e-09 2.622989e-11 9.295955e-15 6.658077e+01 2.015760e+10 8.828718e+04 9.793357e+02 1.084431e-10 1.512599e+02 2.033543e-14 1.719636e-34 7.188557e-03 1.141574e-10 4.192985e-04 5.966613e-09 1.302358e+00 3.964236e-02 1.855623e+02 1.927288e-04 4.067789e-05 1.155225e-06 1.286219e-01 1.713288e-07 3.607192e-12 2.347680e-18 0.000000e+00 1.841374e-17 2.171666e-18 4.713705e-22 6.983279e-33 7.768941e-27 5.221655e-25 6.978532e-25 3.157808e-31 3.356318e-38 0.000000e+00 5.346056e+10 3.151439e+11 2.053118e+09 7.309048e+14 1.747971e-01 3.355958e-09 2.368562e-02 6.349103e-03 1.001458e-01 3.854405e-01 5.792487e-04 9.046429e-04 2.090777e-07 7.314952e-16 2.355558e-19 3.041041e-21 1.506092e-29 0.000000e+00 2.478979e-17 6.794660e-12 1.128140e-02 6.041165e-25 9.549835e-26 1.762692e-25 0.000000e+00 1.028041e-69 0.000000e+00 0.000000e+00 5.428206e-03 0.000000e+00 0.000000e+00 0.000000e+00 0.000000e+00 0.000000e+00 0.000000e+00 0.000000e+00 0.000000e+00 0.000000e+00 0.000000e+00 0.000000e+00 0.000000e+00 0.000000e+00 0.000000e+00 0.000000e+00 0.000000e+00 0.000000e+00 0.000000e+00 0.000000e+00 0.000000e+00 0.000000e+00 0.000000e+00 0.000000e+00 0.000000e+00 0.000000e+00 1.332752e-62 1.591103e-29 8.941255e-29 1.027422e-14 9.228091e-23 0.000000e+00
63.000000 62.000000 64.000000 198.952144 1.308351e+00 1.271425e+10 7.516750e+02 3.476893e+08 3.941265e+02 1.571323e+01 1.628360e-05 5.930265e+04 2.820938e-01 1.350519e-11 9.122345e-10 7.820618e-01 9.949849e-03 4.579896e-08 5.657160e-13 4.445987e-31 1.208204e-09 2.853627e-12 5.687127e-16 2.303894e+02 1.524178e+10 2.245157e+04 1.969387e+02 1.162318e-10 2.960495e+01 8.507272e-16 2.887264e-34 1.173742e-03 3.514292e-11 8.795204e-05 3.044102e-09 2.904036e-01 2.903429e-03 8.177479e+01 3.400401e-05 1.211679e-05 5.649023e-07 7.120373e-02 1.120538e-07 1.228644e-11 3.062806e-18 2.147650e-38 1.095639e-17 5.710184e-19 8.685641e-23 6.992124e-34 2.692313e-27 1.835903e-25 3.338666e-25 2.466373e-32 7.585493e-39 0.000000e+00 3.273308e+10 2.066527e+11 9.407195e+08 4.763097e+14 1.668342e-01 1.524307e-09 7.221450e-03 2.575958e-03 3.129483e-02 1.918296e-01 1.605822e-04 2.433279e-04 4.226642e-08 4.504637e-17 7.201922e-21 7.367812e-22 1.185130e-30 0.000000e+00 7.577559e-19 4.722033e-13 6.499933e-03 7.625403e-26 2.751104e-26 4.639252e-26 5.673067e-39 5.960390e-71 0.000000e+00 0.000000e+00 2.183246e-03 0.000000e+00 0.000000e+00 0.000000e+00 0.000000e+00 0.000000e+00 0.000000e+00 0.000000e+00 0.000000e+00 0.000000e+00 0.000000e+00 0.000000e+00 0.000000e+00 0.000000e+00 0.000000e+00 0.000000e+00 0.000000e+00 0.000000e+00 0.000000e+00 0.000000e+00 0.000000e+00 0.000000e+00 0.000000e+00 0.000000e+00 0.000000e+00 0.000000e+00 2.295324e-64 2.976753e-29 1.335172e-28 8.748494e-16 5.401960e-24 0.000000e+00
65.000000 64.000000 66.000000 207.199997 9.428652e-01 1.081659e+10 1.920479e+02 2.873788e+08 2.911560e+02 4.763197e+00 1.445257e-06 1.689983e+04 2.067300e-01 6.904683e-12 8.780906e-10 3.976483e-01 4.118261e-03 1.258014e-08 9.275249e-14 1.015925e-32 1.111171e-09 5.334175e-13 5.938720e-17 6.531501e+02 1.214506e+10 5.768348e+03 4.673551e+01 5.643142e-11 5.586702e+00 3.525558e-17 3.792972e-34 2.454971e-04 1.101285e-11 2.091255e-05 1.154845e-09 6.505433e-02 4.292647e-04 3.692783e+01 7.530394e-06 3.558178e-06 2.117039e-07 4.107650e-02 7.807006e-08 1.674998e-11 3.762898e-18 2.732703e-39 6.289279e-18 1.799255e-19 1.705368e-23 8.140168e-35 1.015574e-27 6.878934e-26 1.817165e-25 1.820898e-33 1.584843e-39 0.000000e+00 2.105189e+10 1.435045e+11 4.407010e+08 3.295897e+14 1.576780e-01 7.909869e-10 2.463366e-03 1.537515e-03 9.705273e-03 1.019583e-01 4.023387e-05 1.066451e-04 1.080781e-08 3.328468e-18 2.630819e-22 1.933971e-22 1.919916e-31 0.000000e+00 3.493658e-20 4.145290e-14 3.933426e-03 9.551288e-27 9.235623e-27 1.467881e-26 6.156302e-40 9.291301e-76 0.000000e+00 0.000000e+00 8.288713e-04 0.000000e+00 0.000000e+00 0.000000e+00 0.000000e+00 0.000000e+00 0.000000e+00 0.000000e+00 0.000000e+00 0.000000e+00 0.000000e+00 0.000000e+00 0.000000e+00 0.000000e+00 0.000000e+00 0.000000e+00 0.000000e+00 0.000000e+00 0.000000e+00 0.000000e+00 0.000000e+00 0.000000e+00 0.000000e+00 0.000000e+00 0.000000e+00 0.000000e+00 4.975635e-65 2.257651e-29 8.321161e-29 7.583845e-17 3.191269e-25 0.000000e+00
67.000000 66.000000 68.000000 207.199997 6.818147e-01 9.188602e+09 6.106798e+01 2.315977e+08 1.852605e+02 1.574566e+00 2.084789e-07 5.410085e+03 1.560268e-01 2.529754e-12 5.403207e-10 2.076461e-01 1.807927e-03 3.999262e-09 1.967451e-14 4.234894e-34 6.768089e-10 1.079597e-13 8.297875e-18 1.589316e+03 9.935608e+09 1.535285e+03 1.391144e+01 1.130172e-11 1.124079e+00 1.546708e-18 3.248329e-34 6.767513e-05 3.394684e-12 5.810898e-06 2.759584e-10 1.508165e-02 1.623497e-04 1.858015e+01 2.385512e-06 8.460580e-07 5.335431e-08 2.463495e-02 5.846366e-08 1.006107e-11 4.033707e-18 6.581852e-40 3.243466e-18 5.320460e-20 3.215361e-24 1.064771e-35 3.595872e-28 2.439376e-26 7.976103e-26 1.532673e-34 3.821035e-40 0.000000e+00 1.407012e+10 1.037270e+11 2.118623e+08 2.383365e+14 1.488174e-01 4.179229e-10 1.180479e-03 1.548045e-03 3.095081e-03 5.463557e-02 9.583750e-06 4.744288e-05 3.669280e-09 3.043265e-19 1.323896e-23 5.296473e-23 3.047697e-32 0.000000e+00 2.541527e-21 4.741476e-15 2.551865e-03 1.253613e-27 2.816930e-27 4.305306e-27 0.000000e+00 1.212716e-76 0.000000e+00 0.000000e+00 3.104274e-04 0.000000e+00 0.000000e+00 0.000000e+00 0.000000e+00 0.000000e+00 0.000000e+00 0.000000e+00 0.000000e+00 0.000000e+00 0.000000e+00 0.000000e+00 0.000000e+00 0.000000e+00 0.000000e+00 0.000000e+00 0.000000e+00 0.000000e+00 0.000000e+00 0.000000e+00 0.000000e+00 0.000000e+00 0.000000e+00 0.000000e+00 0.000000e+00 0.000000e+00 6.365442e-66 7.902088e-30 2.352276e-29 6.907413e-18 1.966499e-26 0.000000e+00
69.000000 68.000000 70.000000 207.199997 4.930411e-01 7.576020e+09 1.802933e+01 1.794272e+08 1.186820e+02 4.928015e-01 4.053494e-08 1.886782e+03 1.166115e-01 8.883215e-13 3.371741e-10 1.050831e-01 7.773528e-04 1.243023e-09 3.970031e-15 1.904321e-35 4.200194e-10 2.155353e-14 1.191709e-18 3.623680e+03 8.004487e+09 4.058413e+02 4.164092e+00 1.828302e-12 2.310446e-01 6.872670e-20 2.497449e-34 1.908114e-05 1.099864e-12 1.645842e-06 6.567345e-11 3.470003e-03 1.027312e-04 9.990651e+00 1.129455e-06 1.993101e-07 1.351597e-08 1.471208e-02 4.466512e-08 6.019030e-12 3.874346e-18 0.000000e+00 1.433628e-18 1.550751e-20 5.725245e-25 1.315777e-36 1.102476e-28 7.344046e-27 3.365542e-26 1.351873e-35 9.320116e-41 0.000000e+00 9.354788e+09 7.496974e+10 9.734887e+07 1.723482e+14 1.418816e-01 2.182976e-10 9.246532e-04 2.017608e-03 1.006802e-03 2.921015e-02 2.414946e-06 2.153673e-05 1.305107e-09 2.858855e-20 7.360725e-25 1.555525e-23 5.180800e-33 0.000000e+00 1.796864e-22 5.409556e-16 1.694996e-03 1.610267e-28 8.528284e-28 1.264885e-27 0.000000e+00 5.379463e-72 0.000000e+00 0.000000e+00 1.150265e-04 0.000000e+00 0.000000e+00 0.000000e+00 0.000000e+00 0.000000e+00 0.000000e+00 0.000000e+00 0.000000e+00 0.000000e+00 0.000000e+00 0.000000e+00 0.000000e+00 0.000000e+00 0.000000e+00 0.000000e+00 0.000000e+00 0.000000e+00 0.000000e+00 0.000000e+00 0.000000e+00 0.000000e+00 0.000000e+00 0.000000e+00 0.000000e+00 0.000000e+00 8.413234e-67 2.876241e-30 6.678723e-30 6.350363e-19 1.212222e-27 0.000000e+00
71.000000 70.000000 72.000000 207.199997 3.565331e-01 6.112672e+09 4.617666e+00 1.355746e+08 7.715658e+01 1.372321e-01 1.005450e-08 7.195966e+02 8.653910e-02 3.088523e-13 2.139396e-10 4.924806e-02 3.082410e-04 3.551340e-10 7.186865e-16 7.369110e-37 2.656504e-10 4.028322e-15 1.616193e-19 8.572813e+03 6.361581e+09 1.067138e+02 1.241862e+00 2.654206e-13 4.847515e-02 3.088862e-21 1.854578e-34 5.441664e-06 3.707754e-13 4.726188e-07 1.557218e-11 7.937227e-04 1.372466e-04 5.728751e+00 1.173556e-06 4.661493e-08 3.423178e-09 8.756471e-03 3.469321e-08 3.588711e-12 3.325594e-18 1.902312e-39 5.056905e-19 2.653749e-21 7.093063e-26 1.463517e-37 2.823116e-29 1.758370e-27 1.335801e-26 1.209634e-36 2.445329e-41 0.000000e+00 6.191437e+09 5.417846e+10 3.993778e+07 1.246304e+14 1.347292e-01 1.139601e-10 1.113818e-03 3.027624e-03 3.323073e-04 1.553060e-02 6.405242e-07 9.995574e-06 4.774590e-10 2.560700e-21 4.065385e-26 4.823145e-24 5.049955e-34 0.000000e+00 1.055708e-23 5.912429e-17 1.148576e-03 2.052571e-29 1.456606e-28 2.113649e-28 0.000000e+00 2.146209e-72 0.000000e+00 0.000000e+00 4.227055e-05 0.000000e+00 0.000000e+00 0.000000e+00 0.000000e+00 0.000000e+00 0.000000e+00 0.000000e+00 0.000000e+00 0.000000e+00 0.000000e+00 0.000000e+00 0.000000e+00 0.000000e+00 0.000000e+00 0.000000e+00 0.000000e+00 0.000000e+00 0.000000e+00 0.000000e+00 0.000000e+00 0.000000e+00 0.000000e+00 0.000000e+00 0.000000e+00 0.000000e+00 1.238362e-67 1.108453e-30 1.956208e-30 5.932416e-20 7.511581e-29 0.000000e+00
73.000000 72.000000 74.000000 207.199997 2.578202e-01 4.851586e+09 7.418963e-01 1.008315e+08 5.109898e+01 2.462408e-02 2.956979e-09 2.981090e+02 6.389642e-02 1.074750e-13 1.380396e-10 1.796095e-02 7.953449e-05 6.572038e-11 8.233022e-17 1.435711e-38 1.710193e-10 5.011327e-16 1.537455e-20 6.389461e+04 4.994810e+09 2.794581e+01 3.861438e-01 3.514771e-14 1.037068e-02 1.401657e-22 1.361739e-34 1.567206e-06 1.323381e-13 1.405410e-07 3.715775e-12 1.807435e-04 1.161077e-03 3.491495e+00 9.030813e-06 1.095752e-08 8.724563e-10 5.197903e-03 3.016058e-08 2.133806e-12 2.667350e-18 0.000000e+00 1.079047e-19 2.903071e-22 6.374595e-27 1.241559e-38 5.244596e-30 2.547863e-28 6.843375e-27 7.693065e-38 1.460208e-41 0.000000e+00 4.082612e+09 3.914597e+10 1.055299e+07 9.012416e+13 1.258727e-01 5.995478e-11 4.955902e-03 1.483419e-02 1.112770e-04 8.218402e-03 1.784925e-07 4.744650e-06 1.784799e-10 1.538100e-22 1.665981e-27 1.601486e-24 3.868652e-35 0.000000e+00 2.910200e-25 5.389246e-18 7.909497e-04 2.608819e-30 1.590753e-29 2.270996e-29 0.000000e+00 5.244953e-73 0.000000e+00 0.000000e+00 1.543552e-05 0.000000e+00 0.000000e+00 0.000000e+00 0.000000e+00 0.000000e+00 0.000000e+00 0.000000e+00 0.000000e+00 0.000000e+00 0.000000e+00 0.000000e+00 0.000000e+00 0.000000e+00 0.000000e+00 0.000000e+00 0.000000e+00 0.000000e+00 0.000000e+00 0.000000e+00 0.000000e+00 0.000000e+00 0.000000e+00 0.000000e+00 0.000000e+00 0.000000e+00 2.015824e-68 4.488698e-31 5.917648e-31 5.696094e-21 4.749925e-30 0.000000e+00
75.000000 74.000000 76.000000 207.199997 1.864379e-01 3.797698e+09 4.004933e-03 7.426429e+07 3.474975e+01 1.452850e-04 9.757315e-10 1.327125e+02 4.696240e-02 3.767311e-14 9.056531e-11 7.734406e-04 6.934846e-07 4.064295e-13 3.090730e-19 9.754871e-41 1.120126e-10 3.031502e-18 3.269394e-22 6.441291e+06 3.873398e+09 7.295682e+00 6.840661e-01 4.426516e-15 2.279630e-03 6.412096e-24 9.975028e-35 6.266273e-07 2.749144e-13 2.387540e-07 2.722500e-12 4.101860e-05 1.636415e-02 2.253625e+00 1.230481e-04 7.710052e-09 6.782691e-10 3.079110e-03 2.514963e-08 1.265859e-12 2.013064e-18 8.782469e-40 1.159688e-21 4.182702e-23 5.519323e-28 2.491872e-40 7.727793e-31 1.868461e-30 4.963059e-27 2.929264e-40 7.160335e-42 0.000000e+00 2.684375e+09 2.827693e+10 9.122398e+04 6.517157e+13 1.173775e-01 3.200875e-11 3.204783e-01 1.001949e+00 4.850208e-05 4.523966e-03 6.252260e-08 2.315157e-06 9.348217e-11 5.364316e-25 2.003466e-29 3.123654e-24 4.741917e-36 0.000000e+00 1.732426e-27 4.893804e-19 5.515592e-04 3.300291e-31 3.374009e-30 4.718592e-30 3.560190e-41 8.640433e-78 0.000000e+00 0.000000e+00 5.609591e-06 0.000000e+00 0.000000e+00 0.000000e+00 0.000000e+00 0.000000e+00 0.000000e+00 0.000000e+00 0.000000e+00 0.000000e+00 0.000000e+00 0.000000e+00 0.000000e+00 0.000000e+00 0.000000e+00 0.000000e+00 0.000000e+00 0.000000e+00 0.000000e+00 0.000000e+00 0.000000e+00 0.000000e+00 0.000000e+00 0.000000e+00 0.000000e+00 0.000000e+00 3.584701e-69 1.898274e-31 1.848831e-31 5.896055e-22 4.407947e-31 0.000000e+00
77.000000 76.000000 78.000000 207.199997 1.348190e-01 2.938422e+09 1.163489e-04 5.431195e+07 2.423155e+01 5.195842e-06 3.426208e-10 6.256830e+01 3.437645e-02 1.331260e-14 6.026469e-11 1.981696e-05 7.018303e-08 2.823912e-14 1.268484e-20 6.620432e-43 7.441591e-11 1.140296e-19 7.474391e-24 1.688902e+07 2.968579e+09 1.900199e+00 7.550691e-01 6.036890e-16 5.213538e-04 2.953246e-25 7.310499e-35 7.061191e-07 4.338405e-13 3.021923e-07 2.446045e-12 9.285214e-06 2.111813e-02 1.507635e+00 1.568006e-04 6.653088e-09 6.442106e-10 1.821073e-03 1.697640e-08 7.495896e-13 1.456543e-18 0.000000e+00 3.476860e-23 7.990386e-26 3.034498e-29 4.222096e-41 3.950688e-31 3.832541e-32 3.587087e-27 4.699729e-43 3.974854e-44 0.000000e+00 1.761320e+09 2.041820e+10 4.770766e+03 4.712756e+13 1.109774e-01 1.741400e-11 5.497567e-01 1.780411e+00 2.563751e-05 2.552884e-03 2.758119e-08 1.157777e-06 1.390422e-10 1.468258e-26 2.607792e-31 4.663473e-24 4.130804e-39 0.000000e+00 1.028807e-29 1.042469e-19 3.883258e-04 4.164206e-32 4.618313e-33 6.447427e-33 0.000000e+00 4.267121e-75 0.000000e+00 0.000000e+00 2.031556e-06 0.000000e+00 0.000000e+00 0.000000e+00 0.000000e+00 0.000000e+00 0.000000e+00 0.000000e+00 0.000000e+00 0.000000e+00 0.000000e+00 0.000000e+00 0.000000e+00 0.000000e+00 0.000000e+00 0.000000e+00 0.000000e+00 0.000000e+00 0.000000e+00 0.000000e+00 0.000000e+00 0.000000e+00 0.000000e+00 0.000000e+00 0.000000e+00 0.000000e+00 6.859290e-70 8.321116e-32 5.937625e-32 7.296105e-23 1.386186e-31 0.000000e+00
79.000000 78.000000 80.000000 207.199997 9.749177e-02 2.254750e+09 2.377434e-05 3.950373e+07 1.712205e+01 1.287501e-06 1.238507e-10 3.067105e+01 2.510525e-02 4.733397e-15 4.050719e-11 2.778281e-06 2.399840e-08 6.610343e-15 1.727543e-21 4.498485e-45 4.991017e-11 1.920670e-20 2.993179e-25 2.242844e+07 2.256122e+09 4.940508e-01 4.721960e-01 9.208692e-17 1.243494e-04 1.367507e-26 5.350125e-35 6.018024e-07 4.215260e-13 2.323640e-07 1.474883e-12 2.097876e-06 1.459676e-02 1.026558e+00 1.076187e-04 3.847272e-09 4.099908e-10 1.075756e-03 1.282972e-08 4.433109e-13 1.053288e-18 0.000000e+00 8.964438e-24 5.528488e-28 1.659313e-30 9.977183e-42 2.034685e-31 6.778844e-33 2.593339e-27 9.008897e-46 1.350959e-46 0.000000e+00 1.153996e+09 1.473618e+10 1.722908e+03 3.407940e+13 1.035797e-01 9.680644e-12 4.823235e-01 1.614360e+00 1.218959e-05 1.396267e-03 1.205253e-08 5.866283e-07 1.572757e-10 1.586912e-27 6.029054e-33 4.312449e-24 1.777254e-41 0.000000e+00 6.148946e-32 2.320375e-20 2.753755e-04 5.242831e-33 3.214547e-35 4.457853e-35 0.000000e+00 9.836726e-76 0.000000e+00 0.000000e+00 7.339720e-07 0.000000e+00 0.000000e+00 0.000000e+00 0.000000e+00 0.000000e+00 0.000000e+00 0.000000e+00 0.000000e+00 0.000000e+00 0.000000e+00 0.000000e+00 0.000000e+00 0.000000e+00 0.000000e+00 0.000000e+00 0.000000e+00 0.000000e+00 0.000000e+00 0.000000e+00 0.000000e+00 0.000000e+00 0.000000e+00 0.000000e+00 0.000000e+00 0.000000e+00 1.386156e-70 3.745728e-32 1.944854e-32 1.119217e-23 6.099738e-32 0.000000e+00
81.000000 80.000000 82.000000 207.199997 7.049929e-02 1.717674e+09 6.235367e-06 2.862176e+07 1.225291e+01 4.131115e-07 4.591863e-11 1.544410e+01 1.830016e-02 1.694357e-15 2.746518e-11 1.161307e-06 1.030246e-08 1.926977e-15 2.884089e-22 3.078210e-47 3.374147e-11 4.263828e-21 2.963163e-26 2.433483e+07 1.702433e+09 1.282858e-01 2.428176e-01 1.601399e-17 3.099056e-05 6.358898e-28 3.904860e-35 3.940191e-07 3.567205e-13 1.538762e-07 7.635072e-13 4.733253e-07 8.247162e-03 7.075014e-01 6.055990e-05 1.885230e-09 2.232610e-10 6.349455e-04 9.804582e-09 2.619286e-13 7.616674e-19 0.000000e+00 3.368798e-24 8.617448e-29 9.092769e-32 2.438626e-42 1.033062e-31 1.753572e-33 1.875102e-27 5.302288e-47 1.084874e-47 0.000000e+00 7.554121e+08 1.062809e+10 8.030804e+02 2.464387e+13 9.574712e-02 5.517860e-12 3.487637e-01 1.203395e+00 5.467236e-06 7.469395e-04 5.264272e-09 3.010424e-07 1.373179e-10 2.085083e-28 3.608019e-34 3.492014e-24 1.843804e-42 0.000000e+00 3.957838e-34 5.347022e-21 1.963241e-04 6.590175e-34 5.032472e-36 6.945011e-36 0.000000e+00 6.954951e-78 0.000000e+00 0.000000e+00 2.647760e-07 0.000000e+00 0.000000e+00 0.000000e+00 0.000000e+00 0.000000e+00 0.000000e+00 0.000000e+00 0.000000e+00 0.000000e+00 0.000000e+00 0.000000e+00 0.000000e+00 0.000000e+00 0.000000e+00 0.000000e+00 0.000000e+00 0.000000e+00 0.000000e+00 0.000000e+00 0.000000e+00 0.000000e+00 0.000000e+00 0.000000e+00 0.000000e+00 0.000000e+00 2.930282e-71 1.723911e-32 6.479329e-33 2.027545e-24 2.549690e-32 0.000000e+00
83.000000 82.000000 84.000000 207.199997 5.098019e-02 1.300288e+09 1.819696e-06 2.067873e+07 8.875008e+00 1.496327e-07 1.743831e-11 7.929354e+00 1.331943e-02 6.108761e-16 1.876104e-11 5.676218e-07 4.995198e-09 6.281443e-16 5.309784e-23 2.204296e-49 2.295720e-11 1.083695e-21 4.664714e-27 2.383045e+07 1.276799e+09 3.327871e-02 1.125097e-01 3.169352e-18 8.088201e-06 2.966489e-29 2.842235e-35 2.214628e-07 2.832866e-13 9.474642e-08 3.618288e-13 1.066820e-07 4.236842e-03 4.926055e-01 3.104650e-05 8.332791e-10 1.109261e-10 3.745772e-04 7.559398e-09 1.546675e-13 5.507860e-19 0.000000e+00 1.425907e-24 2.056928e-29 5.005030e-33 6.042837e-43 5.200427e-32 5.125016e-34 1.355854e-27 9.619822e-48 2.542427e-48 0.000000e+00 4.943109e+08 7.658118e+09 4.212708e+02 1.782072e+13 8.791535e-02 3.231542e-12 2.293514e-01 8.137495e-01 2.375939e-06 3.936267e-04 2.328480e-09 1.563914e-07 1.033554e-10 2.997896e-29 3.482308e-35 2.666285e-24 3.051893e-43 0.000000e+00 5.000784e-36 1.281870e-21 1.405172e-04 8.273840e-35 1.205019e-36 1.657089e-36 0.000000e+00 2.858244e-77 0.000000e+00 0.000000e+00 9.544930e-08 0.000000e+00 0.000000e+00 0.000000e+00 0.000000e+00 0.000000e+00 0.000000e+00 0.000000e+00 0.000000e+00 0.000000e+00 0.000000e+00 0.000000e+00 0.000000e+00 0.000000e+00 0.000000e+00 0.000000e+00 0.000000e+00 0.000000e+00 0.000000e+00 0.000000e+00 0.000000e+00 0.000000e+00 0.000000e+00 0.000000e+00 0.000000e+00 0.000000e+00 6.435048e-72 8.084595e-33 2.190180e-33 4.019408e-25 1.009637e-32 0.000000e+00
85.000000 84.000000 86.000000 207.199997 3.686538e-02 9.788759e+08 5.698256e-07 1.490502e+07 6.502523e+00 5.886818e-08 6.775447e-12 4.132469e+00 9.682360e-03 2.218487e-16 1.289366e-11 2.952149e-07 2.635210e-09 2.201665e-16 1.038637e-23 2.073192e-51 1.569350e-11 3.032452e-22 8.521574e-28 2.189238e+07 9.525714e+08 8.626722e-03 4.874567e-02 7.021252e-19 2.219978e-06 1.387346e-30 2.064294e-35 1.138524e-07 2.169190e-13 5.584865e-08 1.613509e-13 2.402679e-08 2.068985e-03 3.460108e-01 1.514818e-05 3.407166e-10 5.170756e-11 2.209536e-04 5.874166e-09 9.131451e-14 3.982911e-19 1.616502e-42 6.498985e-25 5.616081e-30 2.783315e-34 1.517072e-43 2.605217e-32 1.617247e-34 9.804220e-28 1.972921e-48 6.363675e-49 0.000000e+00 3.235143e+08 5.511152e+09 2.393801e+02 1.288673e+13 8.037523e-02 1.945506e-12 1.423865e-01 5.182889e-01 1.019267e-06 2.052798e-04 1.061379e-09 8.220552e-08 7.142447e-11 4.627722e-30 3.961290e-36 1.971450e-24 5.878495e-44 0.000000e+00 2.947261e-37 3.218074e-22 1.008640e-04 1.037848e-35 3.297643e-37 4.523104e-37 6.027652e-45 1.329241e-77 0.000000e+00 0.000000e+00 3.441034e-08 0.000000e+00 0.000000e+00 0.000000e+00 0.000000e+00 0.000000e+00 0.000000e+00 0.000000e+00 0.000000e+00 0.000000e+00 0.000000e+00 0.000000e+00 0.000000e+00 0.000000e+00 0.000000e+00 0.000000e+00 0.000000e+00 0.000000e+00 0.000000e+00 0.000000e+00 0.000000e+00 0.000000e+00 0.000000e+00 0.000000e+00 0.000000e+00 0.000000e+00 1.459786e-72 3.852717e-33 7.492470e-34 8.305541e-26 3.867058e-33 0.000000e+00
87.000000 86.000000 88.000000 207.199997 2.665852e-02 7.332843e+08 1.881255e-07 1.071846e+07 4.816918e+00 2.465949e-08 2.690822e-12 2.179998e+00 7.031386e-03 8.114484e-17 8.903205e-12 1.602350e-07 1.484465e-09 8.125561e-17 2.117559e-24 4.559809e-53 1.075881e-11 9.162311e-23 1.674694e-28 1.923270e+07 7.074592e+08 2.235108e-03 2.013244e-02 1.713284e-19 6.462824e-07 6.500571e-32 1.496991e-35 5.573752e-08 1.619904e-13 3.194106e-08 6.869281e-14 5.408302e-09 9.846040e-04 2.448240e-01 7.208963e-06 1.304685e-10 2.296076e-11 1.303981e-04 4.597771e-09 5.393530e-14 2.880170e-19 0.000000e+00 3.120287e-25 1.685215e-30 1.586568e-35 3.871206e-44 1.301610e-32 5.386538e-35 7.089564e-28 4.441708e-49 1.680403e-49 0.000000e+00 2.119169e+08 3.959310e+09 1.445464e+02 9.318807e+12 7.331253e-02 1.202703e-12 8.494652e-02 3.166227e-01 4.390746e-07 1.062402e-04 5.095061e-10 4.370425e-08 4.717069e-11 7.680169e-31 5.036039e-37 1.427224e-24 1.264280e-44 0.000000e+00 3.143811e-38 8.549471e-23 7.255318e-05 1.301002e-36 9.911686e-38 1.356963e-37 0.000000e+00 5.796434e-78 0.000000e+00 0.000000e+00 1.241541e-08 0.000000e+00 0.000000e+00 0.000000e+00 0.000000e+00 0.000000e+00 0.000000e+00 0.000000e+00 0.000000e+00 0.000000e+00 0.000000e+00 0.000000e+00 0.000000e+00 0.000000e+00 0.000000e+00 0.000000e+00 0.000000e+00 0.000000e+00 0.000000e+00 0.000000e+00 0.000000e+00 0.000000e+00 0.000000e+00 0.000000e+00 0.000000e+00 0.000000e+00 3.405396e-73 1.861593e-33 2.587084e-34 1.758161e-26 1.448737e-33 0.000000e+00
89.000000 88.000000 90.000000 207.199997 1.927759e-02 5.468517e+08 6.482367e-08 7.687122e+06 3.606785e+00 1.086399e-08 1.091769e-12 1.161889e+00 5.102027e-03 2.988723e-17 6.168267e-12 8.994577e-08 8.829787e-10 3.115420e-17 4.446211e-25 2.150023e-54 7.381871e-12 2.954837e-23 3.465274e-29 1.633160e+07 5.233292e+08 5.788751e-04 8.019291e-03 4.582760e-20 2.024189e-07 3.050325e-33 1.084500e-35 2.677543e-08 1.184779e-13 1.783574e-08 2.814719e-14 1.216890e-09 4.647166e-04 1.742433e-01 3.404823e-06 4.708333e-11 9.801413e-12 7.707328e-05 3.625255e-09 3.190564e-14 2.082740e-19 0.000000e+00 1.557933e-25 5.443171e-31 9.603155e-37 1.008129e-44 6.493034e-33 1.867540e-35 5.126597e-28 1.095631e-49 4.720500e-50 0.000000e+00 1.390758e+08 2.837809e+09 9.170801e+01 6.738714e+12 6.684662e-02 7.615879e-13 4.914930e-02 1.873331e-01 1.935632e-07 5.465263e-05 2.633716e-10 2.349721e-08 3.067533e-11 1.389945e-31 7.168975e-38 1.015653e-24 2.971446e-45 0.000000e+00 3.819834e-39 2.442832e-23 5.226890e-05 1.630100e-37 3.205289e-38 4.382265e-38 0.000000e+00 2.448801e-79 0.000000e+00 0.000000e+00 4.487049e-09 0.000000e+00 0.000000e+00 0.000000e+00 0.000000e+00 0.000000e+00 0.000000e+00 0.000000e+00 0.000000e+00 0.000000e+00 0.000000e+00 0.000000e+00 0.000000e+00 0.000000e+00 0.000000e+00 0.000000e+00 0.000000e+00 0.000000e+00 0.000000e+00 0.000000e+00 0.000000e+00 0.000000e+00 0.000000e+00 0.000000e+00 0.000000e+00 0.000000e+00 8.142332e-74 9.105597e-34 8.991970e-35 3.820785e-27 5.329818e-34 0.000000e+00
91.000000 90.000000 92.000000 207.199997 1.394022e-02 4.061080e+08 2.316925e-08 5.494174e+06 2.730104e+00 4.992012e-09 4.526512e-13 6.248636e-01 3.699548e-03 1.108281e-17 4.281564e-12 5.200079e-08 5.505796e-10 1.229327e-17 9.535920e-26 1.275200e-55 5.057368e-12 1.009887e-23 7.469287e-30 1.348837e+07 3.857411e+08 1.498842e-04 3.104959e-03 1.354392e-20 6.943510e-08 1.432953e-34 7.851619e-36 1.291566e-08 8.488712e-14 9.746234e-09 1.114586e-14 2.737262e-10 2.208586e-04 1.245755e-01 1.620165e-06 1.606165e-11 4.044073e-12 4.571682e-05 2.883403e-09 1.894175e-14 1.506093e-19 0.000000e+00 8.026127e-26 1.871991e-31 6.658053e-38 2.689031e-45 3.235593e-33 6.678765e-36 3.707158e-28 2.978160e-50 1.427252e-50 0.000000e+00 9.158578e+07 2.027500e+09 6.070529e+01 4.872968e+12 6.106507e-02 4.922949e-13 2.770458e-02 1.079002e-01 8.923862e-08 2.796698e-05 1.488829e-10 1.277852e-08 2.010186e-11 2.807739e-32 1.149272e-38 7.105319e-25 7.548373e-46 0.000000e+00 4.999169e-40 7.658906e-24 3.769804e-05 2.041733e-38 1.103311e-38 1.506961e-38 0.000000e+00 9.675626e-80 0.000000e+00 0.000000e+00 1.626085e-09 0.000000e+00 0.000000e+00 0.000000e+00 0.000000e+00 0.000000e+00 0.000000e+00 0.000000e+00 0.000000e+00 0.000000e+00 0.000000e+00 0.000000e+00 0.000000e+00 0.000000e+00 0.000000e+00 0.000000e+00 0.000000e+00 0.000000e+00 0.000000e+00 0.000000e+00 0.000000e+00 0.000000e+00 0.000000e+00 0.000000e+00 0.000000e+00 0.000000e+00 1.991409e-74 4.504204e-34 3.137105e-35 8.636945e-28 1.924646e-34 0.000000e+00
93.000000 92.000000 94.000000 207.199997 1.008060e-02 3.003460e+08 8.559602e-09 3.908683e+06 2.090431e+00 2.378931e-09 1.920239e-13 3.388811e-01 2.681043e-03 4.136448e-18 2.972924e-12 3.094547e-08 3.583139e-10 4.961204e-18 2.077728e-26 8.063611e-57 3.450261e-12 3.644085e-24 1.666838e-30 1.087176e+07 2.833822e+08 3.880633e-05 1.175353e-03 4.484491e-21 2.645678e-08 6.738413e-36 5.682082e-36 6.343773e-09 5.943071e-14 5.209980e-09 4.269286e-15 6.156248e-11 1.073695e-04 8.937671e-02 7.890109e-07 5.183573e-12 1.617207e-12 2.732303e-05 2.321734e-09 1.133180e-14 1.089103e-19 9.023458e-44 4.247507e-26 6.827696e-32 5.933955e-39 7.364399e-46 1.610697e-33 2.448757e-36 2.680742e-28 8.978514e-51 4.690117e-51 0.000000e+00 6.066974e+07 1.442214e+09 4.175556e+01 3.523792e+12 5.605322e-02 3.235357e-13 1.523622e-02 6.063238e-02 4.394219e-08 1.423769e-05 9.225012e-11 7.035291e-09 1.346457e-11 6.485521e-33 2.067816e-39 4.874475e-25 2.065518e-46 0.000000e+00 6.945750e-41 2.680213e-24 2.721163e-05 2.556669e-39 4.026638e-39 5.495881e-39 0.000000e+00 1.170101e-81 0.000000e+00 0.000000e+00 5.917609e-10 0.000000e+00 0.000000e+00 0.000000e+00 0.000000e+00 0.000000e+00 0.000000e+00 0.000000e+00 0.000000e+00 0.000000e+00 0.000000e+00 0.000000e+00 0.000000e+00 0.000000e+00 0.000000e+00 0.000000e+00 0.000000e+00 0.000000e+00 0.000000e+00 0.000000e+00 0.000000e+00 0.000000e+00 0.000000e+00 0.000000e+00 0.000000e+00 0.000000e+00 4.980879e-75 2.253107e-34 1.095187e-35 2.067807e-28 6.797978e-35 0.000000e+00
95.000000 94.000000 96.000000 207.199997 7.289590e-03 2.211739e+08 3.265206e-09 2.762923e+06 1.621791e+00 1.171846e-09 8.361748e-14 1.855144e-01 1.941941e-03 1.552831e-18 2.061165e-12 1.901036e-08 2.429754e-10 2.041510e-18 4.586967e-27 5.286961e-58 2.336029e-12 1.388223e-24 3.843951e-31 8.562134e+06 2.075061e+08 1.006175e-05 4.370695e-04 1.680086e-21 1.122405e-08 3.173473e-37 4.110866e-36 3.178077e-09 4.046024e-14 2.717558e-09 1.578590e-15 1.385534e-11 5.447730e-05 6.429494e-02 4.012168e-07 1.580867e-12 6.270934e-13 1.658376e-05 1.907333e-09 6.885980e-15 7.875634e-20 1.941469e-43 2.305318e-26 2.645769e-32 7.323090e-40 2.072036e-46 8.007439e-34 9.170424e-37 1.938516e-28 3.008961e-51 1.681240e-51 0.000000e+00 4.058793e+07 1.019633e+09 2.980993e+01 2.548163e+12 5.192295e-02 2.152441e-13 8.166083e-03 3.323185e-02 2.341734e-08 7.207485e-06 6.203713e-11 3.928518e-09 9.239165e-12 1.736799e-33 4.123410e-40 3.264120e-25 6.110403e-47 0.000000e+00 1.017537e-41 1.053856e-24 1.965436e-05 3.201053e-40 1.561057e-39 2.129558e-39 3.547710e-45 5.016625e-86 0.000000e+00 0.000000e+00 2.169608e-10 0.000000e+00 0.000000e+00 0.000000e+00 0.000000e+00 0.000000e+00 0.000000e+00 0.000000e+00 0.000000e+00 0.000000e+00 0.000000e+00 0.000000e+00 0.000000e+00 0.000000e+00 0.000000e+00 0.000000e+00 0.000000e+00 0.000000e+00 0.000000e+00 0.000000e+00 0.000000e+00 0.000000e+00 0.000000e+00 0.000000e+00 0.000000e+00 0.000000e+00 1.279786e-75 1.142362e-34 3.812047e-36 5.323628e-29 2.334229e-35 0.000000e+00
97.000000 96.000000 98.000000 207.199997 5.271332e-03 1.620899e+08 1.288647e-09 1.935330e+06 1.278961e+00 5.962883e-10 3.762032e-14 1.032865e-01 1.405906e-03 5.854539e-19 1.423597e-12 1.213950e-08 1.719879e-10 8.573340e-19 1.026942e-27 3.588526e-59 1.562793e-12 5.611285e-25 9.195277e-32 6.583451e+06 1.514224e+08 2.653024e-06 1.603826e-04 7.168691e-22 5.271817e-09 1.502156e-38 2.973536e-36 1.611138e-09 2.659063e-14 1.376535e-09 5.604556e-16 3.155618e-12 2.973744e-05 4.634835e-02 2.195998e-07 4.544508e-13 2.355461e-13 1.037417e-05 1.622764e-09 4.314189e-15 5.695118e-20 0.000000e+00 1.284993e-26 1.097779e-32 1.203629e-40 5.979502e-47 3.973011e-34 3.502473e-37 1.401797e-28 1.121826e-51 6.577657e-52 0.000000e+00 2.759029e+07 7.146986e+08 2.213798e+01 1.842656e+12 4.884553e-02 1.443164e-13 4.249270e-03 1.771733e-02 1.349430e-08 3.623922e-06 4.466098e-11 2.232876e-09 6.449747e-12 5.392678e-34 8.994419e-41 2.119174e-25 1.976873e-47 0.000000e+00 1.571667e-42 4.659083e-25 1.420266e-05 4.017158e-41 6.479261e-40 8.835557e-40 0.000000e+00 1.379950e-81 0.000000e+00 0.000000e+00 8.158594e-11 0.000000e+00 0.000000e+00 0.000000e+00 0.000000e+00 0.000000e+00 0.000000e+00 0.000000e+00 0.000000e+00 0.000000e+00 0.000000e+00 0.000000e+00 0.000000e+00 0.000000e+00 0.000000e+00 0.000000e+00 0.000000e+00 0.000000e+00 0.000000e+00 0.000000e+00 0.000000e+00 0.000000e+00 0.000000e+00 0.000000e+00 0.000000e+00 0.000000e+00 3.465461e-76 5.947501e-35 1.316947e-36 1.482270e-29 7.731252e-36 0.000000e+00
99.000000 98.000000 100.000000 207.199997 3.811866e-03 1.181007e+08 5.287564e-10 1.337873e+06 1.030990e+00 3.139088e-10 1.783060e-14 6.071878e-02 1.017303e-03 2.232746e-19 9.764084e-13 8.157852e-09 1.278641e-10 3.695407e-19 2.343478e-28 2.561375e-60 1.026983e-12 2.436549e-25 2.333813e-32 4.926046e+06 1.100560e+08 8.234761e-07 5.885001e-05 3.639207e-22 2.808533e-09 7.633663e-40 2.150537e-36 8.420531e-10 1.682950e-14 6.773067e-10 1.907423e-16 8.395768e-13 1.826317e-05 3.346747e-02 1.352840e-07 1.274723e-13 8.807394e-14 6.857890e-06 1.466225e-09 2.857992e-15 4.118320e-20 0.000000e+00 7.394979e-27 4.957551e-33 2.541518e-41 1.772745e-47 1.968614e-34 1.365988e-37 1.013682e-28 4.838560e-52 2.915970e-52 0.000000e+00 1.922834e+07 4.948221e+08 1.719807e+01 1.332482e+12 4.709321e-02 9.706939e-14 2.131304e-03 9.134734e-03 8.301604e-09 1.809005e-06 3.413988e-11 1.299938e-09 4.673525e-12 1.936733e-34 2.154376e-41 1.332081e-25 7.162696e-48 0.000000e+00 2.588997e-43 2.394408e-25 1.026706e-05 5.609123e-42 2.926724e-40 3.990000e-40 0.000000e+00 2.248033e-86 0.000000e+00 0.000000e+00 3.656107e-11 0.000000e+00 0.000000e+00 0.000000e+00 0.000000e+00 0.000000e+00 0.000000e+00 0.000000e+00 0.000000e+00 0.000000e+00 0.000000e+00 0.000000e+00 0.000000e+00 0.000000e+00 0.000000e+00 0.000000e+00 0.000000e+00 0.000000e+00 0.000000e+00 0.000000e+00 0.000000e+00 0.000000e+00 0.000000e+00 0.000000e+00 0.000000e+00 0.000000e+00 1.112477e-76 3.369238e-35 4.515427e-37 4.637929e-30 2.540710e-36 0.000000e+00
