# z		 z0		 z1		 T		 P		1		2		3		4		5		6		7		8		9		10		11		12		13		14		15		16		17		18		19		20		21		22		23		24		25		26		27		28		29		30		31		32		33		34		35		36		37		38		39		40		41		42		43		44		45		46		47		48		49		50		51		52		53		54		55		56		57		58		59		60		61		62		63		64		65		66		67		68		69		70		71		72		73		74		75		76		77		78		79		80		81		82		83		84		85		86		87		88		89		90		91		92		93		94		95		96		97		98		99		100		101		102		103		104		105		106		107		108		109		110		111		
#  km		 km		 km		 K		 Pa		
1.000000 0.000000 2.000000 276.765775 9.088163e+04 3.751809e+03 2.821071e-09 2.111132e+09 5.073017e+04 5.146661e-02 1.639431e+02 2.735115e+17 4.239192e-09 2.281937e-03 6.084672e-08 6.507633e+01 1.453988e+01 3.940478e-07 2.105913e-14 3.436980e-28 2.442391e+00 8.399005e-03 3.204671e-08 5.225076e-18 8.878285e+11 1.571254e+13 2.712554e+09 1.269768e-05 1.043862e+09 7.908691e-15 5.346193e-44 1.089353e-07 6.669461e-11 2.167383e-01 6.438422e-02 4.259803e+05 5.336941e-14 5.337026e+02 1.575335e+00 1.460029e+04 5.137183e-02 3.129358e+01 2.179763e-15 7.712566e-13 1.638253e-14 1.586730e-29 1.663885e-16 4.980094e-18 9.387014e-28 2.273789e-16 1.062514e-16 2.802949e-18 9.734332e-20 5.025779e-39 6.560936e-53 0.000000e+00 2.378360e+15 9.870963e+15 2.388687e+00 2.378359e+19 2.102352e-15 5.900301e-05 3.793629e-13 7.724820e-06 1.860028e+04 5.388148e+06 3.284973e+03 2.666359e+08 2.321090e-18 1.247097e-03 1.725457e-09 2.796380e-21 1.226599e-23 0.000000e+00 1.034993e-17 7.087655e-13 1.613966e-08 1.255632e-17 5.150059e-30 3.553203e-29 3.230827e-33 0.000000e+00 0.000000e+00 0.000000e+00 1.038667e-11 0.000000e+00 0.000000e+00 0.000000e+00 0.000000e+00 0.000000e+00 0.000000e+00 0.000000e+00 0.000000e+00 0.000000e+00 0.000000e+00 0.000000e+00 0.000000e+00 0.000000e+00 0.000000e+00 0.000000e+00 0.000000e+00 0.000000e+00 0.000000e+00 0.000000e+00 0.000000e+00 0.000000e+00 0.000000e+00 0.000000e+00 0.000000e+00 0.000000e+00 6.698202e-47 5.331012e-22 9.794915e-21 1.362139e-07 1.503780e-19 0.000000e+00
3.000000 2.000000 4.000000 264.498532 7.100454e+04 1.034591e+05 2.618550e-06 1.470580e+09 3.722531e+04 1.287599e+00 1.778931e+02 1.603694e+16 1.045975e-07 1.946345e-02 1.553902e-06 5.382635e+01 1.266146e+01 1.242596e-05 1.944661e-11 4.963065e-25 1.824679e+00 4.779290e-03 4.923732e-07 1.191499e-17 7.475550e+11 1.284441e+13 1.712358e+09 5.514829e-05 9.120857e+08 5.058681e-14 1.224797e-43 7.352602e-07 3.873275e-10 1.310322e-01 3.238574e-02 3.441095e+05 1.744363e-13 9.050954e+02 1.774668e+00 8.077824e+03 1.663949e-02 2.633404e+01 1.101098e-15 3.237512e-11 1.385286e-14 1.837604e-30 1.785434e-16 7.944839e-17 1.817786e-25 1.727909e-16 8.741031e-17 2.668516e-18 1.766240e-18 1.697770e-38 5.608915e-53 0.000000e+00 1.944336e+15 8.069702e+15 6.144229e+01 1.944358e+19 3.926817e-15 9.345732e-05 8.552743e-13 2.528982e-06 8.555548e+03 3.597863e+06 1.513365e+03 4.024384e+08 6.401299e-17 4.581501e-04 9.491061e-09 2.586637e-21 2.034434e-22 0.000000e+00 2.019609e-14 8.014250e-12 5.989255e-08 1.077529e-16 2.443275e-28 1.654998e-27 1.395661e-32 0.000000e+00 0.000000e+00 0.000000e+00 8.031228e-12 0.000000e+00 0.000000e+00 0.000000e+00 0.000000e+00 0.000000e+00 0.000000e+00 0.000000e+00 0.000000e+00 0.000000e+00 0.000000e+00 0.000000e+00 0.000000e+00 0.000000e+00 0.000000e+00 0.000000e+00 0.000000e+00 0.000000e+00 0.000000e+00 0.000000e+00 0.000000e+00 0.000000e+00 0.000000e+00 0.000000e+00 0.000000e+00 0.000000e+00 8.369349e-46 4.602933e-20 9.430047e-19 2.436803e-07 1.704710e-19 0.000000e+00
5.000000 4.000000 6.000000 249.956449 5.474997e+04 5.675417e+05 5.450390e-05 3.966469e+09 1.243091e+05 8.701993e+00 1.056121e+03 4.387964e+15 1.356617e-05 4.025329e-02 1.987846e-06 4.544720e+01 1.094251e+01 2.165361e-05 9.044117e-11 1.472748e-23 1.474900e+00 1.221615e-02 1.844791e-06 4.019529e-16 6.330303e+11 1.047916e+13 1.898751e+09 4.894619e-05 7.798439e+08 1.057451e-13 5.731266e-44 1.097983e-06 4.429205e-10 8.544251e-02 1.670241e-02 2.761659e+05 2.454413e-12 5.376920e+02 6.655764e-01 1.688812e+03 1.724658e-03 2.225802e+01 2.086701e-15 2.656748e-11 1.181645e-14 2.469953e-31 7.167988e-17 5.860289e-17 1.617593e-24 1.602132e-17 1.909564e-17 9.557014e-19 3.790711e-17 6.224141e-38 7.804719e-53 0.000000e+00 1.586433e+15 6.584346e+15 5.823498e+02 1.586475e+19 5.982387e-15 5.557307e-04 7.352310e-12 3.570556e-06 4.096676e+03 2.303290e+06 8.171430e+02 3.565676e+08 1.925093e-16 1.962775e-04 8.042338e-09 9.107537e-21 1.858912e-22 0.000000e+00 1.278205e-12 3.458878e-11 2.868352e-08 2.219919e-16 2.433186e-28 1.651408e-27 8.547137e-33 0.000000e+00 0.000000e+00 0.000000e+00 6.033417e-12 0.000000e+00 0.000000e+00 0.000000e+00 0.000000e+00 0.000000e+00 0.000000e+00 0.000000e+00 0.000000e+00 0.000000e+00 0.000000e+00 0.000000e+00 0.000000e+00 0.000000e+00 0.000000e+00 0.000000e+00 0.000000e+00 0.000000e+00 0.000000e+00 0.000000e+00 0.000000e+00 0.000000e+00 0.000000e+00 0.000000e+00 0.000000e+00 0.000000e+00 3.040852e-46 2.854521e-20 8.484914e-19 1.641193e-07 2.447679e-19 0.000000e+00
7.000000 6.000000 8.000000 232.739886 4.149464e+04 1.759241e+06 5.409269e-04 7.106404e+09 3.022476e+05 3.776831e+01 4.951176e+03 7.631714e+14 5.443535e-05 6.032336e-02 2.360224e-06 3.960789e+01 9.499538e+00 3.320559e-05 2.549676e-10 1.123510e-22 1.202570e+00 2.361698e-02 5.419695e-06 3.659822e-15 5.427690e+11 8.528342e+12 1.657925e+09 1.915273e-05 6.101664e+08 1.621025e-13 1.004523e-44 2.780800e-06 7.657968e-10 6.823534e-02 9.814955e-03 2.212852e+05 1.681581e-11 1.680328e+02 1.192395e-01 4.887581e+02 2.029737e-04 1.889913e+01 2.292473e-15 1.231333e-11 9.957581e-15 0.000000e+00 5.158544e-17 2.585861e-16 9.185453e-23 2.719661e-18 6.519710e-18 6.296587e-19 1.520056e-15 3.392005e-37 2.312908e-52 0.000000e+00 1.291263e+15 5.359349e+15 2.977978e+03 1.291322e+19 1.138059e-14 1.051939e-03 2.566614e-11 3.346483e-06 2.031583e+03 1.358241e+06 3.361628e+02 2.641703e+08 9.364804e-16 6.598784e-05 4.992387e-09 2.144973e-20 1.127741e-21 0.000000e+00 1.324817e-11 8.289119e-11 1.364453e-08 3.328199e-16 1.513744e-27 1.028565e-26 0.000000e+00 0.000000e+00 0.000000e+00 0.000000e+00 5.068224e-12 0.000000e+00 0.000000e+00 0.000000e+00 0.000000e+00 0.000000e+00 0.000000e+00 0.000000e+00 0.000000e+00 0.000000e+00 0.000000e+00 0.000000e+00 0.000000e+00 0.000000e+00 0.000000e+00 0.000000e+00 0.000000e+00 0.000000e+00 0.000000e+00 0.000000e+00 0.000000e+00 0.000000e+00 0.000000e+00 0.000000e+00 0.000000e+00 0.000000e+00 2.885184e-46 2.300058e-20 9.992464e-19 9.289811e-08 4.476099e-19 0.000000e+00
9.000000 8.000000 10.000000 213.965506 3.074976e+04 5.089080e+06 8.390750e-03 7.157520e+09 4.212299e+05 1.589196e+02 1.146305e+04 8.174992e+13 2.078042e-04 7.512685e-02 3.817090e-06 3.573802e+01 8.254923e+00 8.704759e-05 1.818979e-09 2.436272e-21 9.720432e-01 2.683807e-02 1.575382e-05 5.128441e-15 4.717673e+11 6.873127e+12 1.021229e+09 4.984718e-06 4.383362e+08 3.324129e-13 6.103408e-46 1.309521e-05 2.275959e-09 6.789696e-02 6.691116e-03 1.763120e+05 3.792529e-11 7.665520e+01 3.076012e-02 2.177741e+02 4.957407e-05 1.601823e+01 1.109713e-15 6.699831e-12 6.337756e-15 8.874790e-31 3.993887e-17 8.812915e-17 4.324748e-22 7.870514e-19 3.001970e-18 4.511351e-19 3.250012e-15 1.516901e-36 4.455678e-52 0.000000e+00 1.040825e+15 4.320019e+15 1.378278e+04 1.040906e+19 8.919670e-14 1.157586e-03 2.418567e-11 1.651093e-06 1.027828e+03 7.291073e+05 1.272719e+02 1.465017e+08 8.577320e-15 2.093193e-05 5.098110e-09 8.500482e-20 5.426574e-22 0.000000e+00 1.383973e-10 1.818322e-10 1.616972e-08 3.951831e-16 7.057999e-28 4.803603e-27 0.000000e+00 0.000000e+00 0.000000e+00 0.000000e+00 4.965977e-12 0.000000e+00 0.000000e+00 0.000000e+00 0.000000e+00 0.000000e+00 0.000000e+00 0.000000e+00 0.000000e+00 0.000000e+00 0.000000e+00 0.000000e+00 0.000000e+00 0.000000e+00 0.000000e+00 0.000000e+00 0.000000e+00 0.000000e+00 0.000000e+00 0.000000e+00 0.000000e+00 0.000000e+00 0.000000e+00 0.000000e+00 0.000000e+00 0.000000e+00 3.341557e-45 6.180514e-20 3.830427e-18 6.269621e-08 9.815570e-19 0.000000e+00
11.000000 10.000000 12.000000 198.574120 2.221606e+04 1.680741e+07 2.404838e-01 4.889543e+09 3.931768e+05 7.697960e+02 1.133490e+04 9.510707e+12 7.193240e-04 8.425383e-02 8.363942e-06 3.403689e+01 7.232631e+00 3.669134e-04 3.124402e-08 9.071270e-20 6.976983e-01 2.007511e-02 4.610859e-05 2.867275e-15 4.119140e+11 5.348843e+12 4.096110e+08 1.064766e-06 2.978005e+08 1.034288e-12 3.646131e-47 6.998397e-05 7.816963e-09 7.204269e-02 4.971579e-03 1.359783e+05 4.749955e-11 4.833935e+01 1.240099e-02 1.057104e+02 9.362627e-05 1.342754e+01 3.673291e-16 6.397747e-12 3.598076e-15 1.886023e-31 3.328432e-17 1.107669e-16 4.681338e-21 2.770259e-19 1.747428e-18 3.310480e-19 3.657619e-15 8.163149e-36 5.418748e-52 0.000000e+00 8.102170e+14 3.363002e+15 7.659852e+04 8.103234e+18 3.203161e-12 6.585840e-04 1.248528e-11 6.679952e-07 5.808202e+02 3.953689e+05 8.111579e+01 4.500984e+07 8.982390e-14 1.114457e-05 1.269436e-08 3.169281e-19 9.311669e-22 0.000000e+00 2.134114e-09 5.333856e-10 4.297051e-08 4.450221e-16 1.242749e-27 8.463807e-27 1.826798e-33 0.000000e+00 0.000000e+00 0.000000e+00 5.495813e-12 0.000000e+00 0.000000e+00 0.000000e+00 0.000000e+00 0.000000e+00 0.000000e+00 0.000000e+00 0.000000e+00 0.000000e+00 0.000000e+00 0.000000e+00 0.000000e+00 0.000000e+00 0.000000e+00 0.000000e+00 0.000000e+00 0.000000e+00 0.000000e+00 0.000000e+00 0.000000e+00 0.000000e+00 0.000000e+00 0.000000e+00 0.000000e+00 0.000000e+00 8.377397e-44 4.200340e-19 2.908780e-17 5.913027e-08 2.607313e-18 0.000000e+00
13.000000 12.000000 14.000000 189.851433 1.573826e+04 4.213272e+07 4.599382e+00 3.070805e+09 4.065821e+05 3.415430e+03 1.045523e+04 2.402828e+12 2.795024e-03 1.165893e-01 2.666799e-05 6.209086e+01 8.848167e+00 1.555638e-03 3.928054e-07 3.939972e-18 5.280596e-01 2.166858e-02 1.588120e-04 3.257050e-15 4.648649e+11 3.955183e+12 1.700021e+08 2.134551e-07 1.361206e+08 7.264737e-12 1.074009e-47 3.197540e-04 2.591525e-08 8.690644e-02 4.714548e-03 9.781421e+04 1.250757e-10 5.270032e+01 1.306660e-02 7.856584e+01 3.517233e-04 1.437247e+01 2.639781e-16 1.076503e-11 1.114033e-15 2.437019e-30 2.059097e-17 1.293659e-16 2.417428e-20 8.312109e-20 7.439920e-19 1.629635e-19 3.614016e-15 6.563069e-35 2.199944e-51 0.000000e+00 6.001921e+14 2.491740e+15 4.255346e+05 6.004218e+18 9.585513e-11 4.790496e-04 1.275705e-11 5.831641e-07 4.877653e+02 3.192006e+05 6.098308e+01 1.918036e+07 7.782135e-13 9.449496e-06 3.695276e-08 1.675886e-18 1.711901e-21 0.000000e+00 3.257259e-08 2.339856e-09 3.153986e-07 8.603582e-16 2.131997e-27 1.450937e-26 8.530305e-32 0.000000e+00 0.000000e+00 0.000000e+00 8.112638e-12 0.000000e+00 0.000000e+00 0.000000e+00 0.000000e+00 0.000000e+00 0.000000e+00 0.000000e+00 0.000000e+00 0.000000e+00 0.000000e+00 0.000000e+00 0.000000e+00 0.000000e+00 0.000000e+00 0.000000e+00 0.000000e+00 0.000000e+00 0.000000e+00 0.000000e+00 0.000000e+00 0.000000e+00 0.000000e+00 0.000000e+00 0.000000e+00 0.000000e+00 8.384328e-42 6.453964e-18 3.534863e-16 1.274783e-07 1.692680e-17 0.000000e+00
15.000000 14.000000 16.000000 184.335446 1.101704e+04 8.889800e+07 6.336257e+01 1.870795e+09 4.360834e+05 1.355659e+04 9.296284e+03 9.417638e+11 1.527119e-02 1.032539e-01 5.974504e-05 2.059646e+02 1.664668e+01 8.058935e-03 4.683117e-06 2.038495e-16 4.349264e-01 3.588564e-02 6.511642e-04 5.296040e-15 6.226280e+11 2.827722e+12 7.885804e+07 2.330351e-07 3.264196e+07 9.937576e-11 6.779760e-48 1.137868e-03 6.850325e-08 1.015415e-01 4.466127e-03 6.736345e+04 4.801474e-10 7.594991e+01 2.296044e-02 7.611999e+01 1.178476e-03 2.325145e+01 3.839700e-16 3.127729e-11 4.678276e-16 0.000000e+00 2.210363e-17 1.953812e-16 1.048856e-19 4.550172e-20 4.639125e-19 1.289040e-19 1.422821e-15 5.314588e-34 1.385600e-50 0.000000e+00 4.324532e+14 1.796255e+15 2.271109e+06 4.328832e+18 1.911013e-09 5.487324e-04 1.806798e-11 7.183134e-07 4.713641e+02 3.261321e+05 2.826557e+01 1.095109e+07 5.151931e-12 7.514663e-06 7.784351e-08 1.168739e-17 4.151739e-21 0.000000e+00 5.306323e-07 1.135657e-08 2.492132e-06 1.780568e-15 4.774431e-27 3.245774e-26 0.000000e+00 0.000000e+00 0.000000e+00 0.000000e+00 1.211263e-11 0.000000e+00 0.000000e+00 0.000000e+00 0.000000e+00 0.000000e+00 0.000000e+00 0.000000e+00 0.000000e+00 0.000000e+00 0.000000e+00 0.000000e+00 0.000000e+00 0.000000e+00 0.000000e+00 0.000000e+00 0.000000e+00 0.000000e+00 0.000000e+00 0.000000e+00 0.000000e+00 0.000000e+00 0.000000e+00 0.000000e+00 0.000000e+00 0.000000e+00 4.043860e-40 5.008354e-17 1.757471e-15 2.380303e-07 7.686897e-17 0.000000e+00
17.000000 16.000000 18.000000 180.235952 7.642762e+03 1.451463e+08 3.144298e+02 1.526637e+09 5.119160e+05 3.263267e+04 9.479869e+03 4.530548e+11 5.393869e-02 8.029245e-02 9.027911e-05 7.020705e+02 2.661660e+01 1.974570e-02 1.627122e-05 1.520593e-15 3.204431e-01 5.389451e-02 1.363009e-03 1.596903e-14 6.796057e+11 1.972060e+12 3.865656e+07 2.190279e-07 5.113637e+06 6.028324e-10 5.194197e-48 2.249335e-03 1.017755e-07 9.646066e-02 3.551536e-03 4.855724e+04 1.672928e-09 6.281967e+01 2.302999e-02 5.060435e+01 1.916330e-03 3.501260e+01 6.435736e-16 5.555252e-11 1.148224e-16 3.550954e-30 1.096481e-17 1.019632e-16 1.316948e-19 8.490224e-21 1.188981e-19 4.514036e-20 1.871047e-16 1.085652e-33 3.682408e-50 0.000000e+00 3.066221e+14 1.274338e+15 7.706970e+06 3.071303e+18 3.454028e-06 6.893474e-04 3.414738e-11 8.618420e-07 3.954344e+02 2.762223e+05 6.763139e+00 6.832144e+06 1.867049e-11 2.700282e-06 3.988701e-08 3.810590e-17 2.754756e-21 0.000000e+00 2.473200e-06 3.026307e-08 1.225163e-05 2.000218e-15 3.692526e-27 2.507577e-26 3.939279e-32 4.088425e-56 0.000000e+00 0.000000e+00 1.510815e-11 0.000000e+00 0.000000e+00 0.000000e+00 0.000000e+00 0.000000e+00 0.000000e+00 0.000000e+00 0.000000e+00 0.000000e+00 0.000000e+00 0.000000e+00 0.000000e+00 0.000000e+00 0.000000e+00 0.000000e+00 0.000000e+00 0.000000e+00 0.000000e+00 0.000000e+00 0.000000e+00 0.000000e+00 0.000000e+00 0.000000e+00 0.000000e+00 0.000000e+00 2.338697e-39 1.287983e-16 3.461211e-15 2.644987e-07 1.374746e-16 0.000000e+00
19.000000 18.000000 20.000000 177.775623 5.268345e+03 1.768206e+08 4.680258e+02 1.814787e+09 7.063672e+05 4.441055e+04 1.287959e+04 2.875439e+11 1.090547e-01 6.698079e-02 1.015453e-04 1.309103e+03 3.364365e+01 1.929191e-02 1.339338e-05 1.083881e-15 2.815188e-01 7.269391e-02 1.327514e-03 1.122631e-13 6.065953e+11 1.343379e+12 2.288945e+07 1.545324e-07 6.513580e+05 1.065271e-09 7.502296e-48 3.041457e-03 1.184315e-07 9.003765e-02 3.108865e-03 3.902464e+04 5.692817e-09 3.404543e+01 1.358371e-02 2.663884e+01 1.747692e-03 4.336140e+01 1.234947e-15 5.189220e-11 2.999762e-17 6.026669e-33 4.067968e-18 3.228962e-17 8.292614e-20 1.210609e-21 2.843817e-20 1.202607e-20 3.109108e-17 6.538315e-34 5.716375e-50 0.000000e+00 2.141906e+14 8.905975e+14 1.460580e+07 2.146426e+18 2.036155e-05 9.485692e-04 9.967837e-11 1.075985e-06 3.104991e+02 2.024049e+05 9.500835e-01 5.233721e+06 4.475157e-11 5.151393e-07 4.793169e-09 7.424040e-17 9.080643e-22 0.000000e+00 2.560607e-06 4.173398e-08 4.201904e-05 1.611812e-15 1.737081e-27 1.178202e-26 7.637645e-35 5.117947e-60 0.000000e+00 0.000000e+00 2.058997e-11 0.000000e+00 0.000000e+00 0.000000e+00 0.000000e+00 0.000000e+00 0.000000e+00 0.000000e+00 0.000000e+00 0.000000e+00 0.000000e+00 0.000000e+00 0.000000e+00 0.000000e+00 0.000000e+00 0.000000e+00 0.000000e+00 0.000000e+00 0.000000e+00 0.000000e+00 0.000000e+00 0.000000e+00 0.000000e+00 0.000000e+00 0.000000e+00 0.000000e+00 1.887937e-39 1.220055e-16 3.516976e-15 2.099876e-07 1.458621e-16 0.000000e+00
21.000000 20.000000 22.000000 176.260069 3.617157e+03 1.922086e+08 4.461693e+02 2.489009e+09 1.043567e+06 5.005822e+04 1.962719e+04 2.054041e+11 1.585262e-01 5.127665e-02 9.006196e-05 1.438822e+03 3.599130e+01 1.213510e-02 5.633806e-06 2.555386e-16 2.493700e-01 8.646422e-02 8.951540e-04 1.099031e-12 4.851215e+11 9.009319e+11 1.387145e+07 1.147812e-07 8.499547e+04 1.260167e-09 1.786435e-47 4.052685e-03 1.437443e-07 9.217980e-02 3.155184e-03 3.518615e+04 1.904344e-08 1.653667e+01 6.894778e-03 1.324871e+01 1.424434e-03 4.598115e+01 2.414214e-15 3.655766e-11 6.147207e-18 1.002827e-33 1.095087e-18 7.332416e-18 4.176432e-20 1.245268e-22 5.578126e-21 2.338825e-21 5.638231e-18 4.127462e-34 1.201831e-49 0.000000e+00 1.482885e+14 6.167820e+14 2.284103e+07 1.486372e+18 5.347813e-05 1.201187e-03 3.436797e-10 1.349103e-06 2.504528e+02 1.348966e+05 1.234743e-01 4.164448e+06 1.019933e-10 1.069683e-07 3.455884e-10 1.211601e-16 1.980797e-22 0.000000e+00 1.395480e-06 4.803079e-08 1.235382e-04 1.141848e-15 5.845354e-28 3.958773e-27 6.402243e-36 2.690495e-62 0.000000e+00 0.000000e+00 3.215139e-11 0.000000e+00 0.000000e+00 0.000000e+00 0.000000e+00 0.000000e+00 0.000000e+00 0.000000e+00 0.000000e+00 0.000000e+00 0.000000e+00 0.000000e+00 0.000000e+00 0.000000e+00 0.000000e+00 0.000000e+00 0.000000e+00 0.000000e+00 0.000000e+00 0.000000e+00 0.000000e+00 0.000000e+00 0.000000e+00 0.000000e+00 0.000000e+00 0.000000e+00 4.234001e-40 6.012685e-17 2.148133e-15 1.383902e-07 1.301349e-16 0.000000e+00
23.000000 22.000000 24.000000 175.664148 2.478321e+03 2.202698e+08 5.289884e+02 3.124603e+09 1.454876e+06 6.248756e+04 2.641786e+04 1.400195e+11 2.078327e-01 3.034414e-02 6.676391e-05 1.308001e+03 3.479909e+01 7.690265e-03 2.545532e-06 6.490576e-17 1.785258e-01 8.528380e-02 5.746114e-04 1.223243e-11 3.787240e+11 5.962425e+11 7.317009e+06 1.323802e-07 1.590371e+04 1.995844e-09 6.672625e-47 6.329965e-03 2.003649e-07 1.031773e-01 3.525954e-03 3.458729e+04 6.900199e-08 9.522833e+00 4.315023e-03 7.662799e+00 1.462536e-03 4.421249e+01 4.513383e-15 2.991992e-11 3.311568e-18 2.629741e-31 8.892569e-19 5.562441e-18 4.573984e-20 3.609720e-23 3.127411e-21 1.331474e-21 2.464471e-18 5.210386e-34 1.443774e-48 0.000000e+00 1.019235e+14 4.240774e+14 4.080371e+07 1.021854e+18 1.098539e-04 1.183874e-03 1.445886e-09 1.926743e-06 2.217452e+02 8.643166e+04 2.606396e-02 2.815266e+06 2.620425e-10 4.105186e-08 4.056461e-11 1.936261e-16 1.430151e-22 0.000000e+00 8.317045e-07 6.780620e-08 3.484902e-04 7.764606e-16 6.571847e-28 4.441791e-27 3.234395e-33 0.000000e+00 0.000000e+00 0.000000e+00 3.601706e-10 0.000000e+00 0.000000e+00 0.000000e+00 0.000000e+00 0.000000e+00 0.000000e+00 0.000000e+00 0.000000e+00 0.000000e+00 0.000000e+00 0.000000e+00 0.000000e+00 0.000000e+00 0.000000e+00 0.000000e+00 0.000000e+00 0.000000e+00 0.000000e+00 0.000000e+00 0.000000e+00 0.000000e+00 0.000000e+00 0.000000e+00 0.000000e+00 0.000000e+00 5.242077e-41 2.177436e-17 9.023393e-16 8.541614e-08 1.151428e-16 0.000000e+00
25.000000 24.000000 26.000000 175.915313 1.698006e+03 2.523214e+08 6.713843e+02 3.663647e+09 1.929849e+06 7.992101e+04 3.191106e+04 9.631249e+10 2.457317e-01 1.486168e-02 4.345933e-05 1.201098e+03 3.157913e+01 4.787136e-03 1.147718e-06 1.596313e-17 1.135623e-01 7.319689e-02 3.423512e-04 1.374350e-10 2.954738e+11 3.901051e+11 3.515872e+06 2.090322e-07 8.726527e+03 3.524536e-09 5.635308e-46 1.686482e-02 4.551213e-07 1.249966e-01 4.258629e-03 3.586380e+04 3.226608e-07 6.954108e+00 3.443497e-03 5.509011e+00 1.726582e-03 3.997527e+01 1.261749e-14 2.741421e-11 1.356846e-18 0.000000e+00 5.861871e-19 3.589647e-18 4.267645e-20 8.438634e-24 1.396649e-21 6.040152e-22 8.263217e-19 1.001804e-33 3.043523e-45 0.000000e+00 6.971399e+13 2.901783e+14 7.607864e+07 6.991166e+17 2.364759e-04 9.790237e-04 6.468064e-09 3.117301e-06 2.125035e+02 5.429814e+04 1.541100e-02 1.760622e+06 1.104044e-09 2.292690e-08 1.299334e-11 4.537551e-16 8.695346e-23 0.000000e+00 4.861005e-07 1.052642e-07 9.365968e-04 5.073380e-16 6.274336e-28 4.228773e-27 0.000000e+00 0.000000e+00 0.000000e+00 0.000000e+00 1.870783e-09 0.000000e+00 0.000000e+00 0.000000e+00 0.000000e+00 0.000000e+00 0.000000e+00 0.000000e+00 0.000000e+00 0.000000e+00 0.000000e+00 0.000000e+00 0.000000e+00 0.000000e+00 0.000000e+00 0.000000e+00 0.000000e+00 0.000000e+00 0.000000e+00 0.000000e+00 0.000000e+00 0.000000e+00 0.000000e+00 0.000000e+00 0.000000e+00 0.000000e+00 4.182328e-42 6.270270e-18 2.863635e-16 5.098790e-08 1.764766e-16 0.000000e+00
27.000000 26.000000 28.000000 176.397447 1.164663e+03 2.775220e+08 8.335792e+02 4.066977e+09 2.456775e+06 9.989230e+04 3.546920e+04 6.709691e+10 2.642127e-01 6.451273e-03 2.609130e-05 1.125150e+03 2.774094e+01 2.925335e-03 5.002988e-07 3.666973e-18 6.904319e-02 5.762264e-02 1.909258e-04 2.526135e-05 2.317087e+11 2.527920e+11 1.584905e+06 3.940301e-07 1.695611e+04 6.818552e-09 5.670037e-44 5.208561e-01 1.241780e-05 3.771662e+00 1.003324e-02 3.880814e+04 1.178175e-02 1.616082e+01 8.804162e-03 8.789029e+00 5.049622e-03 3.502490e+01 1.541648e-11 2.704174e-11 9.879390e-20 6.300483e-33 6.954237e-20 4.271954e-19 2.022564e-20 3.637733e-25 1.126324e-22 4.910936e-23 5.175927e-20 3.176225e-32 9.598376e-42 0.000000e+00 4.767058e+13 1.985192e+14 1.390954e+08 4.782141e+17 5.286120e-04 7.260600e-04 5.034294e-04 6.309650e-02 2.372318e+02 3.322603e+04 2.906972e-02 1.082719e+06 5.229235e-08 1.786497e-08 1.294265e-11 1.207703e-14 9.753540e-24 0.000000e+00 2.675363e-07 1.823471e-07 2.447272e-03 3.202565e-16 1.095913e-28 7.357230e-28 8.456287e-35 1.739374e-62 0.000000e+00 0.000000e+00 2.162255e-04 0.000000e+00 0.000000e+00 0.000000e+00 0.000000e+00 0.000000e+00 0.000000e+00 0.000000e+00 0.000000e+00 0.000000e+00 0.000000e+00 0.000000e+00 0.000000e+00 0.000000e+00 0.000000e+00 0.000000e+00 0.000000e+00 0.000000e+00 0.000000e+00 0.000000e+00 0.000000e+00 0.000000e+00 0.000000e+00 0.000000e+00 0.000000e+00 0.000000e+00 2.559221e-43 1.570197e-18 7.605127e-17 3.304776e-08 2.179970e-15 0.000000e+00
29.000000 28.000000 30.000000 176.611106 7.996803e+02 2.862619e+08 9.632600e+02 4.311263e+09 3.018497e+06 1.187853e+05 3.689794e+04 4.679310e+10 2.603863e-01 2.599001e-03 1.494924e-05 1.011544e+03 2.389429e+01 1.754652e-03 2.071729e-07 7.740012e-19 4.166136e-02 4.285403e-02 1.006627e-04 3.852212e-04 1.822730e+11 1.622604e+11 7.059643e+05 8.291290e-07 4.993448e+04 1.419156e-08 1.087534e-42 3.664867e+00 7.090250e-05 1.507576e+01 2.643881e-02 4.302659e+04 6.416687e-02 4.464645e+01 2.577878e-02 2.019916e+01 1.489666e-02 3.010187e+01 9.937020e-10 3.130034e-11 1.549942e-19 1.441502e-32 1.762449e-19 1.135841e-18 2.759932e-20 3.427265e-25 1.973683e-22 8.574643e-23 6.056313e-20 2.301189e-31 5.848172e-40 0.000000e+00 3.267969e+13 1.361656e+14 2.404305e+08 3.279533e+17 1.105181e-03 5.038606e-04 3.418713e-03 2.032487e-01 3.102855e+02 1.971849e+04 8.598490e-02 6.743675e+05 5.521351e-07 2.015456e-08 1.972522e-11 6.584108e-14 2.457691e-23 0.000000e+00 1.363333e-07 3.451012e-07 6.023431e-03 1.991272e-16 4.278833e-28 2.856046e-27 1.978792e-34 1.738715e-62 0.000000e+00 0.000000e+00 9.851600e-04 0.000000e+00 0.000000e+00 0.000000e+00 0.000000e+00 0.000000e+00 0.000000e+00 0.000000e+00 0.000000e+00 0.000000e+00 0.000000e+00 0.000000e+00 0.000000e+00 0.000000e+00 0.000000e+00 0.000000e+00 0.000000e+00 0.000000e+00 0.000000e+00 0.000000e+00 0.000000e+00 0.000000e+00 0.000000e+00 0.000000e+00 0.000000e+00 0.000000e+00 1.364857e-44 3.652563e-19 1.821419e-17 2.484523e-08 6.660758e-15 0.000000e+00
31.000000 30.000000 32.000000 176.551484 5.492904e+02 2.769356e+08 1.013261e+03 4.409675e+09 3.569977e+06 1.325414e+05 3.573061e+04 3.243020e+10 2.420688e-01 1.016813e-03 8.503248e-06 8.543220e+02 2.050992e+01 1.047064e-03 8.218473e-08 1.537832e-19 2.552213e-02 3.056775e-02 5.071557e-05 1.466587e-02 1.446050e+11 1.022135e+11 5.579080e+05 4.274642e-06 1.643721e+05 8.154007e-08 3.345456e-41 4.846332e+01 7.562817e-04 1.633453e+02 2.249717e-01 4.911262e+04 9.325564e-01 3.373458e+02 2.358996e-01 1.549268e+02 1.367428e-01 2.578123e+01 7.613369e-08 1.869714e-10 1.644233e-19 0.000000e+00 2.872396e-19 1.958916e-18 4.597779e-20 2.337922e-25 2.263416e-22 9.680446e-23 5.049819e-20 8.742715e-30 3.280569e-37 0.000000e+00 2.244478e+13 9.358170e+13 3.875721e+08 2.253432e+17 2.099465e-03 3.399575e-04 6.080502e-02 1.746759e+00 1.303686e+03 1.153307e+04 3.594499e-01 4.240223e+05 1.075849e-05 5.437502e-08 4.172915e-11 6.749242e-13 3.970359e-23 0.000000e+00 6.450700e-08 1.941953e-06 1.413746e-02 1.191899e-16 1.075526e-27 7.120833e-27 0.000000e+00 0.000000e+00 0.000000e+00 0.000000e+00 1.192117e-02 0.000000e+00 0.000000e+00 0.000000e+00 0.000000e+00 0.000000e+00 0.000000e+00 0.000000e+00 0.000000e+00 0.000000e+00 0.000000e+00 0.000000e+00 0.000000e+00 0.000000e+00 0.000000e+00 0.000000e+00 0.000000e+00 0.000000e+00 0.000000e+00 0.000000e+00 0.000000e+00 0.000000e+00 0.000000e+00 0.000000e+00 0.000000e+00 0.000000e+00 7.291212e-46 8.489359e-20 4.262092e-18 5.648955e-08 3.381720e-14 0.000000e+00
33.000000 32.000000 34.000000 176.457577 3.773137e+02 2.533825e+08 9.542656e+02 4.421342e+09 4.072790e+06 1.377574e+05 3.219868e+04 2.242462e+10 2.148458e-01 4.080055e-04 5.023743e-06 6.689348e+02 1.746353e+01 6.151927e-04 3.073847e-08 2.809552e-20 1.584190e-02 2.078801e-02 2.413309e-05 1.571670e-01 1.151825e+11 6.276386e+10 8.739185e+05 1.393218e-05 3.854554e+05 2.792465e-07 3.414215e-40 2.186870e+02 2.651857e-03 5.294791e+02 7.283203e-01 5.482052e+04 3.979679e+00 8.984288e+02 7.182505e-01 4.317326e+02 4.249580e-01 2.186908e+01 2.914441e-07 7.589063e-10 1.218076e-19 0.000000e+00 3.088185e-19 2.236768e-18 6.575033e-20 1.301992e-25 1.735685e-22 7.224154e-23 2.871364e-20 5.803341e-29 1.276717e-35 0.000000e+00 1.541746e+13 6.433239e+13 5.806936e+08 1.548732e+17 3.602028e-03 2.270308e-04 3.176809e-01 4.459478e+00 3.739098e+03 6.736654e+03 9.960878e-01 2.637695e+05 7.012196e-05 9.712844e-08 5.691237e-11 2.296362e-12 4.103505e-23 0.000000e+00 2.779062e-08 6.875413e-06 2.787351e-02 6.700847e-17 1.784573e-27 1.167888e-26 0.000000e+00 0.000000e+00 0.000000e+00 0.000000e+00 4.263561e-02 0.000000e+00 0.000000e+00 0.000000e+00 0.000000e+00 0.000000e+00 0.000000e+00 0.000000e+00 0.000000e+00 0.000000e+00 0.000000e+00 0.000000e+00 0.000000e+00 0.000000e+00 0.000000e+00 0.000000e+00 0.000000e+00 0.000000e+00 0.000000e+00 0.000000e+00 0.000000e+00 0.000000e+00 0.000000e+00 0.000000e+00 0.000000e+00 0.000000e+00 4.554109e-47 2.132453e-20 1.064480e-18 9.210142e-08 6.136959e-14 0.000000e+00
35.000000 34.000000 36.000000 176.534418 2.592304e+02 2.224373e+08 8.064611e+02 4.410907e+09 4.504929e+06 1.338462e+05 2.719101e+04 1.561795e+10 1.852833e-01 1.882375e-04 3.422327e-06 4.907725e+02 1.478230e+01 3.567479e-04 1.088150e-08 4.755363e-21 9.960375e-03 1.354040e-02 1.089591e-05 7.992374e-01 9.199662e+10 3.720391e+10 1.094275e+06 2.563433e-05 6.739431e+05 4.688190e-07 1.946954e-39 5.086165e+02 4.689913e-03 8.444885e+02 1.197929e+00 5.854846e+04 8.434212e+00 1.214979e+03 1.069444e+00 5.953580e+02 6.349950e-01 1.835596e+01 6.534340e-07 1.733134e-09 4.270338e-20 2.171730e-33 1.485204e-19 1.136505e-18 5.349414e-20 3.592254e-26 6.000560e-23 2.409118e-23 7.546385e-21 8.451747e-29 5.892003e-35 0.000000e+00 1.058083e+13 4.419225e+13 8.143695e+08 1.063581e+17 5.654215e-03 1.527316e-04 8.363464e-01 5.756576e+00 5.985166e+03 3.956245e+03 1.837915e+00 1.597193e+05 2.295732e-04 1.057138e-07 5.041882e-11 3.988534e-12 1.793472e-23 0.000000e+00 1.094775e-08 1.253498e-05 4.600776e-02 3.450371e-17 1.314722e-27 8.462761e-27 2.569195e-35 1.801288e-63 0.000000e+00 0.000000e+00 7.691167e-02 0.000000e+00 0.000000e+00 0.000000e+00 0.000000e+00 0.000000e+00 0.000000e+00 0.000000e+00 0.000000e+00 0.000000e+00 0.000000e+00 0.000000e+00 0.000000e+00 0.000000e+00 0.000000e+00 0.000000e+00 0.000000e+00 0.000000e+00 0.000000e+00 0.000000e+00 0.000000e+00 0.000000e+00 0.000000e+00 0.000000e+00 0.000000e+00 0.000000e+00 4.897412e-48 7.050778e-21 3.490157e-19 9.926243e-08 6.532369e-14 0.000000e+00
37.000000 36.000000 38.000000 176.905967 1.782225e+02 1.900121e+08 6.184634e+02 4.447654e+09 4.903463e+06 1.230442e+05 2.210042e+04 1.110189e+10 1.548744e-01 1.169619e-04 3.107842e-06 3.446209e+02 1.237511e+01 2.028333e-04 3.628252e-09 7.356480e-22 6.296369e-03 8.517880e-03 4.699209e-06 3.354861e+00 7.343746e+10 2.110106e+10 1.321079e+06 4.447076e-05 1.114763e+06 6.433763e-07 1.130880e-38 1.028438e+03 7.144162e-03 1.174864e+03 1.744119e+00 6.008585e+04 1.604965e+01 1.451289e+03 1.372272e+00 7.094880e+02 7.973615e-01 1.515412e+01 1.514143e-06 3.741016e-09 0.000000e+00 1.595312e-32 0.000000e+00 0.000000e+00 2.506410e-20 0.000000e+00 0.000000e+00 0.000000e+00 0.000000e+00 0.000000e+00 0.000000e+00 0.000000e+00 7.253211e+12 3.032772e+13 1.084101e+09 7.296834e+16 8.424547e-03 1.035348e-04 2.028036e+00 6.811892e+00 8.898488e+03 2.376192e+03 3.157091e+00 9.370456e+04 6.357989e-04 1.054267e-07 4.027250e-11 5.937321e-12 0.000000e+00 0.000000e+00 3.958196e-09 1.970273e-05 6.803011e-02 1.591536e-17 0.000000e+00 0.000000e+00 1.950948e-34 8.502933e-63 0.000000e+00 0.000000e+00 1.277552e-01 0.000000e+00 0.000000e+00 0.000000e+00 0.000000e+00 0.000000e+00 0.000000e+00 0.000000e+00 0.000000e+00 0.000000e+00 0.000000e+00 0.000000e+00 0.000000e+00 0.000000e+00 0.000000e+00 0.000000e+00 0.000000e+00 0.000000e+00 0.000000e+00 0.000000e+00 0.000000e+00 0.000000e+00 0.000000e+00 0.000000e+00 0.000000e+00 0.000000e+00 1.598306e-48 4.055888e-21 2.008066e-19 1.344799e-07 7.847486e-14 0.000000e+00
39.000000 38.000000 40.000000 177.566389 1.226993e+02 1.591875e+08 4.348485e+02 4.603268e+09 5.359254e+06 1.086822e+05 1.798199e+04 8.150143e+09 1.248193e-01 1.054886e-04 3.998322e-06 2.366530e+02 1.026186e+01 1.126873e-04 1.132878e-09 1.024610e-22 4.009604e-03 5.293343e-03 1.970093e-06 1.417392e+01 5.872037e+10 1.122756e+10 1.885071e+06 8.994631e-05 1.818026e+06 9.354083e-07 8.121708e-38 2.106191e+03 1.104716e-02 1.781883e+03 2.798514e+00 5.995811e+04 3.572889e+01 1.915080e+03 1.927663e+00 9.061192e+02 1.048560e+00 1.230984e+01 4.307200e-06 9.593801e-09 0.000000e+00 0.000000e+00 0.000000e+00 0.000000e+00 2.149710e-21 0.000000e+00 0.000000e+00 0.000000e+00 0.000000e+00 0.000000e+00 0.000000e+00 0.000000e+00 4.969873e+12 2.080811e+13 1.390658e+09 5.004897e+16 1.230493e-02 7.142863e-05 5.884148e+00 9.535929e+00 1.577792e+04 1.561373e+03 5.636903e+00 5.402249e+04 1.754089e-03 1.115049e-07 3.221866e-11 8.810900e-12 0.000000e+00 0.000000e+00 1.328648e-09 3.461290e-05 9.409388e-02 6.174826e-18 0.000000e+00 0.000000e+00 0.000000e+00 0.000000e+00 0.000000e+00 0.000000e+00 2.552048e-01 0.000000e+00 0.000000e+00 0.000000e+00 0.000000e+00 0.000000e+00 0.000000e+00 0.000000e+00 0.000000e+00 0.000000e+00 0.000000e+00 0.000000e+00 0.000000e+00 0.000000e+00 0.000000e+00 0.000000e+00 0.000000e+00 0.000000e+00 0.000000e+00 0.000000e+00 0.000000e+00 0.000000e+00 0.000000e+00 0.000000e+00 0.000000e+00 0.000000e+00 1.992516e-48 4.531650e-21 2.290251e-19 2.959544e-07 1.288383e-13 0.000000e+00
41.000000 40.000000 42.000000 178.256365 8.461300e+01 1.277092e+08 2.956870e+02 4.808570e+09 6.153617e+06 9.775298e+04 1.610631e+04 6.242354e+09 9.344033e-02 1.156789e-04 6.191895e-06 1.611544e+02 8.396492e+00 6.370309e-05 3.429176e-10 1.380345e-23 2.554892e-03 3.406589e-03 8.807858e-07 4.179846e+01 4.708820e+10 5.527417e+09 2.353416e+06 1.663214e-04 2.508402e+06 1.237216e-06 5.245120e-37 3.487309e+03 1.369371e-02 2.203695e+03 3.672397e+00 5.582041e+04 7.085338e+01 2.078677e+03 2.321304e+00 8.966858e+02 1.111433e+00 9.749178e+00 1.158883e-05 2.313088e-08 0.000000e+00 0.000000e+00 0.000000e+00 0.000000e+00 0.000000e+00 0.000000e+00 0.000000e+00 0.000000e+00 0.000000e+00 0.000000e+00 0.000000e+00 0.000000e+00 3.409373e+12 1.429747e+13 1.814826e+09 3.438003e+16 1.776226e-02 4.986657e-05 1.521437e+01 1.207985e+01 2.588135e+04 1.138666e+03 9.029398e+00 3.145712e+04 3.944163e-03 1.051337e-07 2.325380e-11 1.016562e-11 0.000000e+00 0.000000e+00 4.573976e-10 5.583642e-05 1.193906e-01 1.870806e-18 0.000000e+00 0.000000e+00 1.881738e-33 0.000000e+00 0.000000e+00 0.000000e+00 4.644217e-01 0.000000e+00 0.000000e+00 0.000000e+00 0.000000e+00 0.000000e+00 0.000000e+00 0.000000e+00 0.000000e+00 0.000000e+00 0.000000e+00 0.000000e+00 0.000000e+00 0.000000e+00 0.000000e+00 0.000000e+00 0.000000e+00 0.000000e+00 0.000000e+00 0.000000e+00 0.000000e+00 0.000000e+00 0.000000e+00 0.000000e+00 0.000000e+00 0.000000e+00 5.100963e-48 7.239472e-21 3.763542e-19 6.891347e-07 1.950663e-13 0.000000e+00
43.000000 42.000000 44.000000 178.499988 5.842278e+01 8.992829e+07 2.371879e+02 4.624955e+09 8.288695e+06 1.090004e+05 1.964699e+04 4.975922e+09 5.869793e-02 1.204441e-04 9.864236e-06 1.100305e+02 6.774076e+00 4.689268e-05 1.283801e-10 2.936826e-24 1.603845e-03 2.552739e-03 6.047526e-07 5.612891e+01 3.915382e+10 2.473002e+09 2.043141e+06 2.721605e-04 2.620292e+06 1.892304e-06 2.261895e-36 4.362423e+03 1.256061e-02 1.933683e+03 3.370748e+00 4.533255e+04 1.090290e+02 1.481832e+03 2.283355e+00 5.474341e+02 9.369720e-01 7.458029e+00 2.263058e-05 4.983367e-08 0.000000e+00 3.105095e-31 0.000000e+00 0.000000e+00 0.000000e+00 0.000000e+00 0.000000e+00 0.000000e+00 0.000000e+00 0.000000e+00 0.000000e+00 0.000000e+00 2.345511e+12 9.860488e+12 2.917523e+09 2.370599e+16 2.522921e-02 3.404984e-05 2.837817e+01 1.233361e+01 3.548761e+04 8.715347e+02 1.271908e+01 1.861904e+04 7.106587e-03 9.191094e-08 1.911548e-11 8.310647e-12 0.000000e+00 0.000000e+00 2.490151e-10 9.156358e-05 1.416272e-01 3.744527e-19 0.000000e+00 0.000000e+00 1.060455e-33 0.000000e+00 0.000000e+00 0.000000e+00 6.369388e-01 0.000000e+00 0.000000e+00 0.000000e+00 0.000000e+00 0.000000e+00 0.000000e+00 0.000000e+00 0.000000e+00 0.000000e+00 0.000000e+00 0.000000e+00 0.000000e+00 0.000000e+00 0.000000e+00 0.000000e+00 0.000000e+00 0.000000e+00 0.000000e+00 0.000000e+00 0.000000e+00 0.000000e+00 0.000000e+00 0.000000e+00 0.000000e+00 0.000000e+00 1.659601e-47 1.319185e-20 6.625738e-19 1.290168e-06 2.151211e-13 0.000000e+00
45.000000 44.000000 46.000000 177.806484 4.033542e+01 6.958498e+07 3.832455e+02 3.444479e+09 1.097256e+07 1.749634e+05 2.375886e+04 3.559428e+09 3.645186e-02 6.308275e-05 9.905217e-06 7.624453e+01 5.323748e+00 6.877918e-05 1.293592e-10 3.381331e-24 8.430271e-04 1.861094e-03 8.100971e-07 2.626323e+01 3.810336e+10 1.001817e+09 1.541891e+06 3.726846e-04 1.957669e+06 4.665394e-06 4.950981e-36 4.162848e+03 8.867639e-03 1.406608e+03 2.398365e+00 2.852158e+04 1.529237e+02 9.557276e+02 2.528869e+00 2.896635e+02 8.832369e-01 5.451636e+00 3.222565e-05 1.058014e-07 0.000000e+00 3.079832e-31 0.000000e+00 0.000000e+00 0.000000e+00 0.000000e+00 0.000000e+00 0.000000e+00 0.000000e+00 0.000000e+00 0.000000e+00 0.000000e+00 1.615416e+12 6.835854e+12 6.731345e+09 1.643056e+16 3.626757e-02 2.101240e-05 3.848358e+01 1.181051e+01 3.825951e+04 7.921180e+02 1.572784e+01 8.609221e+03 1.142365e-02 9.159624e-08 2.721671e-11 4.720398e-12 0.000000e+00 0.000000e+00 3.916459e-10 1.697200e-04 1.564347e-01 2.344129e-20 0.000000e+00 0.000000e+00 1.282592e-33 8.325828e-65 0.000000e+00 0.000000e+00 6.523823e-01 0.000000e+00 0.000000e+00 0.000000e+00 0.000000e+00 0.000000e+00 0.000000e+00 0.000000e+00 0.000000e+00 0.000000e+00 0.000000e+00 0.000000e+00 0.000000e+00 0.000000e+00 0.000000e+00 0.000000e+00 0.000000e+00 0.000000e+00 0.000000e+00 0.000000e+00 0.000000e+00 0.000000e+00 0.000000e+00 0.000000e+00 0.000000e+00 0.000000e+00 1.456445e-47 1.239977e-20 4.890008e-19 1.189489e-06 1.152444e-13 0.000000e+00
47.000000 46.000000 48.000000 175.873284 2.777620e+01 1.298237e+08 1.770130e+03 2.019541e+09 6.922828e+06 2.642418e+05 1.002288e+04 1.710221e+09 4.719879e-02 8.034131e-06 2.690315e-06 5.374359e+01 4.069748e+00 1.339688e-04 4.464202e-10 1.722457e-23 2.445119e-04 6.504199e-04 7.164847e-07 7.273666e+00 4.724304e+10 3.562306e+08 1.454786e+06 1.834675e-04 1.069451e+06 6.863381e-06 4.417987e-36 2.723037e+03 4.519218e-03 8.261862e+02 1.074422e+00 1.032208e+04 2.262896e+02 1.245829e+03 3.346967e+00 2.259687e+02 7.196856e-01 3.813685e+00 3.842970e-05 1.330831e-07 0.000000e+00 5.055976e-33 0.000000e+00 0.000000e+00 0.000000e+00 0.000000e+00 0.000000e+00 0.000000e+00 0.000000e+00 0.000000e+00 0.000000e+00 0.000000e+00 1.104279e+12 4.760952e+12 1.504635e+10 1.143896e+16 5.602119e-02 7.343176e-06 4.037035e+01 1.049897e+01 1.574910e+04 7.264772e+02 1.149730e+01 2.293727e+03 1.445603e-02 5.675529e-08 3.055410e-11 1.681395e-12 0.000000e+00 0.000000e+00 9.054167e-10 1.178555e-04 1.548258e-01 0.000000e+00 0.000000e+00 0.000000e+00 5.602686e-35 9.425345e-66 0.000000e+00 0.000000e+00 5.050117e-01 0.000000e+00 0.000000e+00 0.000000e+00 0.000000e+00 0.000000e+00 0.000000e+00 0.000000e+00 0.000000e+00 0.000000e+00 0.000000e+00 0.000000e+00 0.000000e+00 0.000000e+00 0.000000e+00 0.000000e+00 0.000000e+00 0.000000e+00 0.000000e+00 0.000000e+00 0.000000e+00 0.000000e+00 0.000000e+00 0.000000e+00 0.000000e+00 0.000000e+00 2.528830e-49 1.219629e-21 3.010258e-20 1.827925e-07 1.602699e-14 0.000000e+00
49.000000 48.000000 50.000000 172.828493 1.902776e+01 8.882655e+08 1.665262e+04 1.482611e+09 1.198735e+06 1.780799e+05 1.904685e+03 5.613358e+08 2.230739e-01 4.203358e-07 1.957016e-07 3.770344e+01 2.887942e+00 1.127666e-04 2.088570e-09 5.148796e-23 1.945840e-05 5.968678e-05 8.750178e-08 2.813023e+00 5.695462e+10 1.185688e+08 1.052847e+06 2.331216e-05 4.389227e+05 1.044278e-06 8.533084e-37 5.604528e+02 3.734775e-04 1.361285e+02 4.877295e-02 3.111353e+03 2.679653e+02 3.285506e+03 2.506520e+00 1.205768e+02 1.821960e-01 2.556279e+00 1.263471e-05 2.388600e-08 0.000000e+00 3.119333e-35 0.000000e+00 0.000000e+00 0.000000e+00 0.000000e+00 0.000000e+00 0.000000e+00 0.000000e+00 0.000000e+00 0.000000e+00 0.000000e+00 7.459089e+11 3.319858e+12 2.228793e+10 7.974186e+15 8.761559e-02 1.410922e-06 3.184595e+01 5.669119e+00 1.179556e+03 3.124702e+02 3.526801e+00 1.971970e+02 4.980165e-03 5.424789e-09 6.541251e-12 9.709629e-14 0.000000e+00 0.000000e+00 4.427350e-10 1.000114e-05 1.288926e-01 0.000000e+00 0.000000e+00 0.000000e+00 0.000000e+00 0.000000e+00 0.000000e+00 0.000000e+00 3.296602e-01 0.000000e+00 0.000000e+00 0.000000e+00 0.000000e+00 0.000000e+00 0.000000e+00 0.000000e+00 0.000000e+00 0.000000e+00 0.000000e+00 0.000000e+00 0.000000e+00 0.000000e+00 0.000000e+00 0.000000e+00 0.000000e+00 0.000000e+00 0.000000e+00 0.000000e+00 0.000000e+00 0.000000e+00 0.000000e+00 0.000000e+00 0.000000e+00 0.000000e+00 2.419654e-51 2.026078e-23 3.683365e-22 1.416168e-08 9.339406e-16 0.000000e+00
51.000000 50.000000 52.000000 169.224677 1.294181e+01 5.541873e+09 7.966873e+04 1.363482e+09 1.221297e+05 3.566704e+04 1.181009e+02 1.693930e+08 8.063933e-01 2.404850e-08 1.653194e-08 2.558379e+01 1.501993e+00 5.923221e-05 4.407264e-09 4.384750e-23 1.080669e-06 2.398423e-06 4.681115e-09 1.024069e+00 5.622912e+10 3.986388e+07 4.271494e+05 2.663584e-06 1.415925e+05 5.661858e-08 3.964497e-38 3.439447e+01 3.228787e-06 4.595246e+00 2.638134e-04 9.492096e+02 1.350544e+02 3.269716e+03 6.357266e-01 3.660607e+00 6.491656e-03 1.659203e+00 2.085568e-06 1.402862e-09 0.000000e+00 6.872383e-36 0.000000e+00 0.000000e+00 0.000000e+00 0.000000e+00 0.000000e+00 0.000000e+00 0.000000e+00 0.000000e+00 0.000000e+00 0.000000e+00 5.015137e+11 2.306362e+12 2.142063e+10 5.539177e+15 1.214463e-01 4.387368e-07 1.217941e+01 1.656077e+00 7.746666e+01 7.320229e+01 5.857063e-01 6.763625e+00 3.941065e-04 2.795716e-10 5.084116e-13 4.932961e-16 0.000000e+00 0.000000e+00 3.816373e-11 4.842544e-07 9.095020e-02 0.000000e+00 0.000000e+00 0.000000e+00 3.263462e-37 1.304985e-67 0.000000e+00 0.000000e+00 2.021054e-01 0.000000e+00 0.000000e+00 0.000000e+00 0.000000e+00 0.000000e+00 0.000000e+00 0.000000e+00 0.000000e+00 0.000000e+00 0.000000e+00 0.000000e+00 0.000000e+00 0.000000e+00 0.000000e+00 0.000000e+00 0.000000e+00 0.000000e+00 0.000000e+00 0.000000e+00 0.000000e+00 0.000000e+00 0.000000e+00 0.000000e+00 0.000000e+00 0.000000e+00 2.764172e-53 2.725096e-25 4.522287e-24 1.258476e-09 6.079016e-17 0.000000e+00
53.000000 52.000000 54.000000 165.797555 8.732734e+00 1.132565e+10 1.081034e+05 1.146836e+09 3.269825e+04 9.140559e+03 7.793882e+00 4.786156e+07 9.843507e-01 2.412419e-09 3.572799e-09 1.650186e+01 7.129314e-01 2.518513e-05 2.455804e-09 8.092934e-24 1.451845e-07 2.163487e-07 3.396798e-10 3.247519e-01 5.105365e+10 1.244843e+07 1.433284e+05 2.945148e-07 3.940348e+04 2.869029e-09 1.047504e-37 3.160863e+00 9.567310e-08 2.831465e-01 6.096246e-06 2.666558e+02 4.386013e+01 2.006577e+03 1.201141e-01 9.783915e-02 3.715890e-04 1.042921e+00 9.269885e-07 1.024696e-10 0.000000e+00 1.515749e-35 0.000000e+00 0.000000e+00 0.000000e+00 0.000000e+00 0.000000e+00 0.000000e+00 0.000000e+00 0.000000e+00 0.000000e+00 0.000000e+00 3.330886e+11 1.588642e+12 1.718142e+10 3.814927e+15 1.522682e-01 1.497047e-07 3.244701e+00 4.666545e-01 1.373802e+01 1.962190e+01 1.129363e-01 7.352459e-01 4.388906e-05 1.958770e-11 3.372883e-14 8.833435e-18 0.000000e+00 0.000000e+00 3.103167e-12 5.212191e-08 6.080865e-02 0.000000e+00 0.000000e+00 0.000000e+00 3.583642e-36 3.417571e-67 0.000000e+00 0.000000e+00 1.093174e-01 0.000000e+00 0.000000e+00 0.000000e+00 0.000000e+00 0.000000e+00 0.000000e+00 0.000000e+00 0.000000e+00 0.000000e+00 0.000000e+00 0.000000e+00 0.000000e+00 0.000000e+00 0.000000e+00 0.000000e+00 0.000000e+00 0.000000e+00 0.000000e+00 0.000000e+00 0.000000e+00 0.000000e+00 0.000000e+00 0.000000e+00 0.000000e+00 0.000000e+00 3.146166e-55 4.651245e-27 6.596362e-26 1.111025e-10 3.870211e-18 0.000000e+00
55.000000 54.000000 56.000000 163.615690 5.853622e+00 1.540819e+10 8.399428e+04 9.200635e+08 1.156366e+04 2.710171e+03 6.285953e-01 1.292168e+07 8.974676e-01 3.858161e-10 1.139101e-09 1.001729e+01 3.307190e-01 8.804721e-06 7.717944e-10 6.784936e-25 2.729576e-08 2.491497e-08 2.831739e-11 3.919138e-01 4.345618e+10 3.654066e+06 4.556446e+04 3.215031e-08 1.011865e+04 1.422041e-10 3.593985e-36 6.297968e-01 8.585439e-09 3.529592e-02 4.215808e-07 6.989626e+01 1.216532e+01 1.133061e+03 2.320804e-02 6.242266e-03 4.419623e-05 6.358807e-01 5.653821e-07 1.097777e-11 0.000000e+00 2.538517e-37 0.000000e+00 0.000000e+00 0.000000e+00 0.000000e+00 0.000000e+00 0.000000e+00 0.000000e+00 0.000000e+00 0.000000e+00 0.000000e+00 2.174761e+11 1.079421e+12 1.220681e+10 2.591274e+15 1.747869e-01 5.455498e-08 8.631040e-01 1.397982e-01 3.340693e+00 6.123560e+00 2.612154e-02 1.241910e-01 1.041617e-05 1.558921e-12 2.071893e-15 5.356061e-19 0.000000e+00 0.000000e+00 2.312100e-13 6.549116e-09 3.958605e-02 0.000000e+00 0.000000e+00 0.000000e+00 8.089055e-38 2.212565e-68 0.000000e+00 0.000000e+00 5.376435e-02 0.000000e+00 0.000000e+00 0.000000e+00 0.000000e+00 0.000000e+00 0.000000e+00 0.000000e+00 0.000000e+00 0.000000e+00 0.000000e+00 0.000000e+00 0.000000e+00 0.000000e+00 0.000000e+00 0.000000e+00 0.000000e+00 0.000000e+00 0.000000e+00 0.000000e+00 0.000000e+00 0.000000e+00 0.000000e+00 0.000000e+00 0.000000e+00 0.000000e+00 3.560113e-57 1.580533e-28 1.847309e-27 9.731860e-12 2.411178e-19 0.000000e+00
57.000000 56.000000 58.000000 164.550263 3.917359e+00 1.725546e+10 4.307331e+04 7.252439e+08 4.400250e+03 8.060425e+02 5.332432e-02 3.357297e+06 7.196739e-01 8.799470e-11 5.238647e-10 5.688627e+00 1.475380e-01 2.720184e-06 1.765652e-10 3.427151e-26 6.093984e-09 2.786060e-09 2.216973e-12 2.797745e+00 3.499523e+10 1.017715e+06 1.332471e+04 3.497947e-09 2.445935e+03 6.789461e-12 3.998610e-35 1.436410e-01 1.393741e-09 6.622595e-03 5.881656e-08 1.728326e+01 2.563136e+00 6.130572e+02 4.435434e-03 8.057965e-04 8.699324e-06 3.747969e-01 3.708246e-07 2.054830e-12 0.000000e+00 2.622874e-42 0.000000e+00 0.000000e+00 0.000000e+00 0.000000e+00 0.000000e+00 0.000000e+00 0.000000e+00 0.000000e+00 0.000000e+00 0.000000e+00 1.386354e+11 7.188733e+11 7.661910e+09 1.724285e+15 1.852786e-01 2.049939e-08 2.349614e-01 4.379074e-02 9.081651e-01 2.128025e+00 6.500618e-03 2.343980e-02 2.818216e-06 1.206659e-13 1.106420e-16 6.203510e-20 0.000000e+00 0.000000e+00 1.419598e-14 7.460457e-10 2.495065e-02 0.000000e+00 0.000000e+00 0.000000e+00 2.258004e-43 3.659726e-73 0.000000e+00 0.000000e+00 2.467455e-02 0.000000e+00 0.000000e+00 0.000000e+00 0.000000e+00 0.000000e+00 0.000000e+00 0.000000e+00 0.000000e+00 0.000000e+00 0.000000e+00 0.000000e+00 0.000000e+00 0.000000e+00 0.000000e+00 0.000000e+00 0.000000e+00 0.000000e+00 0.000000e+00 0.000000e+00 0.000000e+00 0.000000e+00 0.000000e+00 0.000000e+00 0.000000e+00 0.000000e+00 3.993170e-59 1.907282e-29 1.797994e-28 8.435238e-13 1.469876e-20 0.000000e+00
59.000000 58.000000 60.000000 170.785223 2.643514e+00 1.697310e+10 1.460661e+04 5.708674e+08 1.731381e+03 2.256013e+02 4.016764e-03 8.443646e+05 5.339511e-01 3.109548e-11 3.985966e-10 3.026085e+00 6.155740e-02 7.371294e-07 3.027210e-11 1.053614e-27 1.717512e-09 2.718899e-10 1.458593e-13 1.689563e+01 2.691454e+10 2.709613e+05 3.435920e+03 4.070845e-10 5.579815e+02 3.078611e-13 1.688095e-34 2.885622e-02 3.061607e-10 1.396171e-03 1.312871e-08 4.067291e+00 3.494943e-01 3.110161e+02 8.087814e-04 1.387652e-04 2.325112e-06 2.132552e-01 2.422781e-07 1.461629e-12 0.000000e+00 2.633495e-42 0.000000e+00 0.000000e+00 0.000000e+00 0.000000e+00 0.000000e+00 0.000000e+00 0.000000e+00 0.000000e+00 0.000000e+00 0.000000e+00 8.597784e+10 4.683550e+11 4.185611e+09 1.121103e+15 1.838346e-01 7.934949e-09 6.525449e-02 1.438693e-02 2.619249e-01 8.330327e-01 1.686688e-03 4.468957e-03 6.784713e-07 8.350956e-15 4.724034e-18 1.003796e-20 0.000000e+00 0.000000e+00 6.436353e-16 6.860652e-11 1.506154e-02 0.000000e+00 0.000000e+00 0.000000e+00 2.200425e-43 2.351159e-74 0.000000e+00 0.000000e+00 1.076139e-02 0.000000e+00 0.000000e+00 0.000000e+00 0.000000e+00 0.000000e+00 0.000000e+00 0.000000e+00 0.000000e+00 0.000000e+00 0.000000e+00 0.000000e+00 0.000000e+00 0.000000e+00 0.000000e+00 0.000000e+00 0.000000e+00 0.000000e+00 0.000000e+00 0.000000e+00 0.000000e+00 0.000000e+00 0.000000e+00 0.000000e+00 0.000000e+00 0.000000e+00 4.425199e-61 8.553438e-30 6.377901e-29 7.214694e-14 8.765004e-22 0.000000e+00
61.000000 60.000000 62.000000 182.973257 1.820531e+00 1.511806e+10 3.452065e+03 4.575003e+08 7.428986e+02 6.034422e+01 2.628461e-04 2.099984e+05 3.784386e-01 1.763015e-11 5.100298e-10 1.533122e+00 2.406589e-02 1.775041e-07 4.035796e-12 2.094918e-29 9.249903e-10 2.436928e-11 8.283555e-15 7.315773e+01 2.018913e+10 6.989229e+04 7.613575e+02 1.050631e-10 1.189943e+02 1.335609e-14 3.778827e-34 4.947939e-03 8.110273e-11 2.927749e-04 4.569032e-09 9.237671e-01 3.019362e-02 1.440740e+02 1.379819e-04 3.011450e-05 8.319116e-07 1.183817e-01 1.569435e-07 3.715055e-12 0.000000e+00 1.656296e-37 0.000000e+00 0.000000e+00 0.000000e+00 0.000000e+00 0.000000e+00 0.000000e+00 0.000000e+00 0.000000e+00 0.000000e+00 0.000000e+00 5.237872e+10 3.023137e+11 2.030934e+09 7.206493e+14 1.761421e-01 3.278783e-09 1.888204e-02 5.083834e-03 7.947920e-02 3.779698e-01 4.565833e-04 9.080469e-04 1.420438e-07 5.194111e-16 1.607003e-19 2.021203e-21 0.000000e+00 0.000000e+00 2.192706e-17 5.126111e-12 8.698384e-03 0.000000e+00 0.000000e+00 0.000000e+00 5.179438e-38 9.189564e-70 0.000000e+00 0.000000e+00 4.508180e-03 0.000000e+00 0.000000e+00 0.000000e+00 0.000000e+00 0.000000e+00 0.000000e+00 0.000000e+00 0.000000e+00 0.000000e+00 0.000000e+00 0.000000e+00 0.000000e+00 0.000000e+00 0.000000e+00 0.000000e+00 0.000000e+00 0.000000e+00 0.000000e+00 0.000000e+00 0.000000e+00 0.000000e+00 0.000000e+00 0.000000e+00 0.000000e+00 0.000000e+00 4.876441e-63 1.121810e-29 6.645605e-29 6.121139e-15 5.146974e-23 0.000000e+00
63.000000 62.000000 64.000000 199.001208 1.288830e+00 1.270256e+10 6.737502e+02 3.782260e+08 4.261595e+02 1.635382e+01 1.673180e-05 5.473620e+04 2.651193e-01 1.299351e-11 8.480318e-10 7.588707e-01 9.272708e-03 4.093493e-08 4.805665e-13 3.261684e-31 1.128278e-09 2.715950e-12 5.132276e-16 2.476154e+02 1.521825e+10 1.777205e+04 1.489769e+02 1.303733e-10 2.297758e+01 5.548733e-16 6.031428e-34 7.869942e-04 2.555444e-11 6.075957e-05 2.525564e-09 2.058646e-01 2.081902e-03 6.035365e+01 2.349656e-05 9.407094e-06 4.257741e-07 6.546640e-02 1.026158e-07 1.412955e-11 0.000000e+00 5.106953e-38 0.000000e+00 0.000000e+00 0.000000e+00 0.000000e+00 0.000000e+00 0.000000e+00 0.000000e+00 0.000000e+00 0.000000e+00 0.000000e+00 3.201785e+10 1.981235e+11 9.294058e+08 4.690877e+14 1.691672e-01 1.521422e-09 5.819318e-03 2.165856e-03 2.499070e-02 1.979375e-01 1.279043e-04 2.513966e-04 2.787210e-08 3.164940e-17 4.801146e-21 5.003320e-22 0.000000e+00 0.000000e+00 6.619798e-19 3.487141e-13 4.871829e-03 0.000000e+00 0.000000e+00 0.000000e+00 1.339766e-38 3.773488e-70 0.000000e+00 0.000000e+00 1.816649e-03 0.000000e+00 0.000000e+00 0.000000e+00 0.000000e+00 0.000000e+00 0.000000e+00 0.000000e+00 0.000000e+00 0.000000e+00 0.000000e+00 0.000000e+00 0.000000e+00 0.000000e+00 0.000000e+00 0.000000e+00 0.000000e+00 0.000000e+00 0.000000e+00 0.000000e+00 0.000000e+00 0.000000e+00 0.000000e+00 0.000000e+00 0.000000e+00 0.000000e+00 1.029660e-64 2.301348e-29 1.109324e-28 5.222608e-16 3.015656e-24 0.000000e+00
65.000000 64.000000 66.000000 207.529999 9.287639e-01 1.077421e+10 1.687149e+02 3.188624e+08 3.369881e+02 5.052533e+00 1.594602e-06 1.648532e+04 1.938409e-01 6.903132e-12 8.370273e-10 3.837949e-01 3.863294e-03 1.121631e-08 7.796885e-14 7.136184e-33 1.060630e-09 5.413439e-13 5.615129e-17 6.871413e+02 1.210016e+10 4.549369e+03 3.452540e+01 6.974788e-11 4.212831e+00 2.258241e-17 7.857959e-34 1.605910e-04 8.091718e-12 1.423740e-05 1.010706e-09 4.589051e-02 2.998881e-04 2.533450e+01 5.102262e-06 2.855195e-06 1.639785e-07 3.767472e-02 7.117859e-08 2.058996e-11 0.000000e+00 0.000000e+00 0.000000e+00 0.000000e+00 0.000000e+00 0.000000e+00 0.000000e+00 0.000000e+00 0.000000e+00 0.000000e+00 0.000000e+00 0.000000e+00 2.054049e+10 1.374493e+11 4.360200e+08 3.241444e+14 1.601866e-01 8.039567e-10 2.032451e-03 1.393338e-03 7.732951e-03 1.098942e-01 3.173492e-05 1.169610e-04 6.912001e-09 2.317679e-18 1.698150e-22 1.324397e-22 0.000000e+00 0.000000e+00 3.050554e-20 3.017375e-14 2.838839e-03 0.000000e+00 0.000000e+00 0.000000e+00 0.000000e+00 0.000000e+00 0.000000e+00 0.000000e+00 6.867001e-04 0.000000e+00 0.000000e+00 0.000000e+00 0.000000e+00 0.000000e+00 0.000000e+00 0.000000e+00 0.000000e+00 0.000000e+00 0.000000e+00 0.000000e+00 0.000000e+00 0.000000e+00 0.000000e+00 0.000000e+00 0.000000e+00 0.000000e+00 0.000000e+00 0.000000e+00 0.000000e+00 0.000000e+00 0.000000e+00 0.000000e+00 0.000000e+00 0.000000e+00 3.057232e-65 1.787568e-29 7.213179e-29 4.519564e-17 1.775123e-25 0.000000e+00
67.000000 66.000000 68.000000 207.529999 6.714266e-01 9.138042e+09 5.434254e+01 2.597057e+08 2.179056e+02 1.705317e+00 2.524113e-07 5.649921e+03 1.461572e-01 2.529785e-12 5.047670e-10 1.996777e-01 1.710634e-03 3.608016e-09 1.683206e-14 3.028513e-34 6.329262e-10 1.132560e-13 8.163591e-18 1.634288e+03 9.887444e+09 1.207984e+03 1.026780e+01 1.415980e-11 8.279605e-01 9.758108e-19 6.724214e-34 4.400149e-05 2.457551e-12 3.930895e-06 2.409633e-10 1.060258e-02 1.213615e-04 1.190015e+01 1.666793e-06 6.778275e-07 4.073163e-08 2.256534e-02 5.309654e-08 1.234885e-11 0.000000e+00 0.000000e+00 0.000000e+00 0.000000e+00 0.000000e+00 0.000000e+00 0.000000e+00 0.000000e+00 0.000000e+00 0.000000e+00 0.000000e+00 0.000000e+00 1.370929e+10 9.931666e+10 2.106337e+08 2.343321e+14 1.503977e-01 4.291418e-10 1.039666e-03 1.462272e-03 2.452576e-03 6.048029e-02 7.336359e-06 5.310592e-05 2.318880e-09 2.127352e-19 8.398245e-24 3.575917e-23 0.000000e+00 0.000000e+00 2.304380e-21 3.473950e-15 1.783045e-03 0.000000e+00 0.000000e+00 0.000000e+00 1.102648e-39 4.404605e-71 0.000000e+00 0.000000e+00 2.554709e-04 0.000000e+00 0.000000e+00 0.000000e+00 0.000000e+00 0.000000e+00 0.000000e+00 0.000000e+00 0.000000e+00 0.000000e+00 0.000000e+00 0.000000e+00 0.000000e+00 0.000000e+00 0.000000e+00 0.000000e+00 0.000000e+00 0.000000e+00 0.000000e+00 0.000000e+00 0.000000e+00 0.000000e+00 0.000000e+00 0.000000e+00 0.000000e+00 0.000000e+00 3.663970e-66 5.979453e-30 1.979805e-29 4.116606e-18 1.091388e-26 0.000000e+00
69.000000 68.000000 70.000000 207.529999 4.853911e-01 7.523667e+09 1.636547e+01 2.023763e+08 1.413113e+02 5.440973e-01 5.326664e-08 2.113769e+03 1.091465e-01 8.835265e-13 3.087821e-10 1.008030e-01 7.426856e-04 1.137092e-09 3.467151e-15 1.416419e-35 3.848802e-10 2.330148e-14 1.214336e-18 3.645536e+03 7.956015e+09 3.186089e+02 3.075691e+00 2.307010e-12 1.669331e-01 4.279310e-20 5.171088e-34 1.233756e-05 7.840070e-13 1.106559e-06 5.715148e-11 2.431911e-03 8.201946e-05 6.014671e+00 8.422991e-07 1.592793e-07 1.020910e-08 1.345880e-02 4.041364e-08 7.378182e-12 0.000000e+00 0.000000e+00 0.000000e+00 0.000000e+00 0.000000e+00 0.000000e+00 0.000000e+00 0.000000e+00 0.000000e+00 0.000000e+00 0.000000e+00 0.000000e+00 9.102654e+09 7.175848e+10 9.756863e+07 1.694042e+14 1.424885e-01 2.251236e-10 8.697199e-04 1.909062e-03 7.934447e-04 3.289353e-02 1.804024e-06 2.450421e-05 8.169796e-10 2.017706e-20 4.642752e-25 1.034709e-23 0.000000e+00 0.000000e+00 1.697179e-22 3.994829e-16 1.152613e-03 0.000000e+00 0.000000e+00 0.000000e+00 0.000000e+00 0.000000e+00 0.000000e+00 0.000000e+00 9.405845e-05 0.000000e+00 0.000000e+00 0.000000e+00 0.000000e+00 0.000000e+00 0.000000e+00 0.000000e+00 0.000000e+00 0.000000e+00 0.000000e+00 0.000000e+00 0.000000e+00 0.000000e+00 0.000000e+00 0.000000e+00 0.000000e+00 0.000000e+00 0.000000e+00 0.000000e+00 0.000000e+00 0.000000e+00 0.000000e+00 0.000000e+00 0.000000e+00 0.000000e+00 4.479383e-67 2.087627e-30 5.453422e-30 3.788298e-19 6.715567e-28 0.000000e+00
71.000000 70.000000 72.000000 207.529999 3.509014e-01 6.062516e+09 4.317302e+00 1.533923e+08 9.271924e+01 1.552926e-01 1.399212e-08 8.579032e+02 8.094156e-02 3.053466e-13 1.925242e-10 4.727280e-02 2.990774e-04 3.314753e-10 6.451792e-16 5.771478e-37 2.391178e-10 4.500131e-15 1.708783e-19 8.379606e+03 6.315348e+09 8.359656e+01 9.189915e-01 3.367864e-13 3.449649e-02 1.901815e-21 3.843455e-34 3.500421e-06 2.601751e-13 3.158149e-07 1.349729e-11 5.546888e-04 1.030390e-04 3.274023e+00 8.530495e-07 3.714728e-08 2.563846e-09 8.000286e-03 3.127393e-08 4.393892e-12 0.000000e+00 1.407127e-38 0.000000e+00 0.000000e+00 0.000000e+00 0.000000e+00 0.000000e+00 0.000000e+00 0.000000e+00 0.000000e+00 0.000000e+00 0.000000e+00 6.016787e+09 5.184094e+10 4.067955e+07 1.224668e+14 1.344107e-01 1.175298e-10 1.064219e-03 2.809918e-03 2.604357e-04 1.769294e-02 4.693656e-07 1.152420e-05 2.964894e-10 1.839782e-21 2.580073e-26 3.160115e-24 0.000000e+00 0.000000e+00 1.049262e-23 4.411139e-17 7.640921e-04 0.000000e+00 0.000000e+00 0.000000e+00 7.276442e-40 6.264123e-72 0.000000e+00 0.000000e+00 3.435058e-05 0.000000e+00 0.000000e+00 0.000000e+00 0.000000e+00 0.000000e+00 0.000000e+00 0.000000e+00 0.000000e+00 0.000000e+00 0.000000e+00 0.000000e+00 0.000000e+00 0.000000e+00 0.000000e+00 0.000000e+00 0.000000e+00 0.000000e+00 0.000000e+00 0.000000e+00 0.000000e+00 0.000000e+00 0.000000e+00 0.000000e+00 0.000000e+00 0.000000e+00 6.168649e-68 7.772806e-31 1.556651e-30 3.547141e-20 4.157615e-29 0.000000e+00
73.000000 72.000000 74.000000 207.529999 2.536754e-01 4.805831e+09 7.510761e-01 1.142495e+08 6.181117e+01 2.996631e-02 4.254940e-09 3.729772e+02 5.972400e-02 1.057467e-13 1.224239e-10 1.746927e-02 8.291231e-05 6.623433e-11 8.042879e-17 1.266966e-38 1.516751e-10 6.098429e-16 1.757847e-20 5.276471e+04 4.952664e+09 2.184596e+01 2.859556e-01 4.485412e-14 7.299152e-03 8.547706e-23 2.826427e-34 1.003096e-06 9.064062e-14 9.252854e-08 3.194247e-12 1.259760e-04 7.774037e-04 1.920101e+00 5.915521e-06 8.662328e-09 6.461569e-10 4.742935e-03 2.677010e-08 2.609571e-12 0.000000e+00 0.000000e+00 0.000000e+00 0.000000e+00 0.000000e+00 0.000000e+00 0.000000e+00 0.000000e+00 0.000000e+00 0.000000e+00 0.000000e+00 0.000000e+00 3.962500e+09 3.744490e+10 1.148158e+07 8.853428e+13 1.247776e-01 6.161240e-11 4.074659e-03 1.170247e-02 8.669528e-05 9.438116e-03 1.289337e-07 5.528306e-06 1.100222e-10 1.190397e-22 1.114963e-27 1.024770e-24 0.000000e+00 0.000000e+00 3.293798e-25 4.111633e-18 5.171666e-04 0.000000e+00 0.000000e+00 0.000000e+00 0.000000e+00 0.000000e+00 0.000000e+00 0.000000e+00 1.246705e-05 0.000000e+00 0.000000e+00 0.000000e+00 0.000000e+00 0.000000e+00 0.000000e+00 0.000000e+00 0.000000e+00 0.000000e+00 0.000000e+00 0.000000e+00 0.000000e+00 0.000000e+00 0.000000e+00 0.000000e+00 0.000000e+00 0.000000e+00 0.000000e+00 0.000000e+00 0.000000e+00 0.000000e+00 0.000000e+00 0.000000e+00 0.000000e+00 0.000000e+00 9.536158e-69 3.063655e-31 4.615099e-31 3.420112e-21 2.629755e-30 0.000000e+00
75.000000 74.000000 76.000000 207.529999 1.833883e-01 3.758266e+09 4.840804e-03 8.417619e+07 4.210727e+01 2.114475e-04 1.424109e-09 1.715804e+02 4.387593e-02 3.694525e-14 7.935855e-11 8.743849e-04 8.371307e-07 4.771935e-13 3.544733e-19 8.536450e-41 9.813910e-11 4.127909e-18 3.803691e-22 5.328655e+06 3.837468e+09 5.691402e+00 5.119866e-01 5.613311e-15 1.601471e-03 3.878367e-24 2.075091e-34 3.962338e-07 1.326839e-13 1.117899e-07 1.734915e-12 2.851760e-05 1.186075e-02 1.214243e+00 8.725752e-05 4.550426e-09 3.721511e-10 2.805975e-03 2.298410e-08 1.546366e-12 0.000000e+00 4.634490e-40 0.000000e+00 1.229722e-24 0.000000e+00 0.000000e+00 0.000000e+00 0.000000e+00 0.000000e+00 0.000000e+00 0.000000e+00 0.000000e+00 2.602237e+09 2.703940e+10 1.180823e+05 6.400368e+13 1.152307e-01 3.266030e-11 2.653551e-01 7.955874e-01 3.752333e-05 5.154764e-03 4.698505e-08 2.713238e-06 5.680471e-11 4.680368e-25 1.367267e-29 1.409206e-24 2.316980e-37 0.000000e+00 1.959111e-27 3.451519e-19 3.558547e-04 0.000000e+00 1.060474e-31 1.480760e-31 1.384560e-40 2.415901e-73 0.000000e+00 0.000000e+00 4.503526e-06 0.000000e+00 0.000000e+00 0.000000e+00 0.000000e+00 0.000000e+00 0.000000e+00 0.000000e+00 0.000000e+00 0.000000e+00 0.000000e+00 0.000000e+00 0.000000e+00 0.000000e+00 0.000000e+00 0.000000e+00 0.000000e+00 0.000000e+00 0.000000e+00 0.000000e+00 0.000000e+00 0.000000e+00 0.000000e+00 0.000000e+00 0.000000e+00 0.000000e+00 1.631380e-69 1.268895e-31 1.420099e-31 3.571679e-22 2.253257e-31 0.000000e+00
77.000000 76.000000 78.000000 207.529999 1.325760e-01 2.904850e+09 1.311199e-04 6.155805e+07 2.933801e+01 6.925895e-06 5.038568e-10 8.254980e+01 3.209994e-02 1.304494e-14 5.232456e-11 2.225856e-05 7.453474e-08 2.935653e-14 1.299368e-20 5.741196e-43 6.460531e-11 1.445272e-19 8.731705e-24 1.576730e+07 2.938118e+09 1.479298e+00 6.417282e-01 7.618348e-16 3.739117e-04 1.773936e-25 1.525664e-34 5.431843e-07 2.128626e-13 1.450492e-07 1.496331e-12 6.439846e-06 1.720197e-02 8.056762e-01 1.248981e-04 3.773794e-09 3.389082e-10 1.657370e-03 1.525632e-08 9.146393e-13 0.000000e+00 1.107740e-40 0.000000e+00 1.494729e-27 0.000000e+00 0.000000e+00 0.000000e+00 0.000000e+00 0.000000e+00 0.000000e+00 0.000000e+00 0.000000e+00 1.705390e+09 1.951825e+10 5.625796e+03 4.626979e+13 1.083052e-01 1.758968e-11 5.162191e-01 1.603134e+00 2.110737e-05 2.887291e-03 2.370344e-08 1.361159e-06 1.025646e-10 1.276925e-26 1.845923e-31 2.139897e-24 9.883897e-41 0.000000e+00 1.160829e-29 7.450131e-20 2.479988e-04 0.000000e+00 8.641761e-35 1.205885e-34 6.494091e-42 9.249685e-76 0.000000e+00 0.000000e+00 1.621243e-06 0.000000e+00 0.000000e+00 0.000000e+00 0.000000e+00 0.000000e+00 0.000000e+00 0.000000e+00 0.000000e+00 0.000000e+00 0.000000e+00 0.000000e+00 0.000000e+00 0.000000e+00 0.000000e+00 0.000000e+00 0.000000e+00 0.000000e+00 0.000000e+00 0.000000e+00 0.000000e+00 0.000000e+00 0.000000e+00 0.000000e+00 0.000000e+00 0.000000e+00 3.040172e-70 5.480290e-32 4.516651e-32 4.580779e-23 6.268426e-32 0.000000e+00
79.000000 78.000000 80.000000 207.529999 9.584254e-02 2.226849e+09 2.659429e-05 4.476697e+07 2.068450e+01 1.692842e-06 1.829196e-10 4.093520e+01 2.343104e-02 4.645181e-15 3.492793e-11 2.786324e-06 2.500688e-08 6.777823e-15 1.759732e-21 3.866695e-45 4.303431e-11 2.394430e-20 3.559621e-25 2.142184e+07 2.230849e+09 3.838250e-01 4.171458e-01 1.170090e-16 9.309135e-05 8.165922e-27 1.120180e-34 5.006409e-07 2.056936e-13 1.117865e-07 8.954131e-13 1.451604e-06 1.222817e-02 5.446027e-01 8.813970e-05 2.173100e-09 2.138673e-10 9.777646e-04 1.145996e-08 5.402851e-13 0.000000e+00 0.000000e+00 0.000000e+00 0.000000e+00 0.000000e+00 0.000000e+00 0.000000e+00 0.000000e+00 0.000000e+00 0.000000e+00 0.000000e+00 0.000000e+00 1.116038e+09 1.408205e+10 1.994330e+03 3.344963e+13 1.005307e-01 9.652948e-12 4.655075e-01 1.494215e+00 1.040118e-05 1.574895e-03 1.117972e-08 6.908714e-07 1.251841e-10 1.424869e-27 4.917683e-33 1.968954e-24 0.000000e+00 0.000000e+00 6.929963e-32 1.728341e-20 1.745138e-04 0.000000e+00 0.000000e+00 0.000000e+00 0.000000e+00 0.000000e+00 0.000000e+00 0.000000e+00 5.822477e-07 0.000000e+00 0.000000e+00 0.000000e+00 0.000000e+00 0.000000e+00 0.000000e+00 0.000000e+00 0.000000e+00 0.000000e+00 0.000000e+00 0.000000e+00 0.000000e+00 0.000000e+00 0.000000e+00 0.000000e+00 0.000000e+00 0.000000e+00 0.000000e+00 0.000000e+00 0.000000e+00 0.000000e+00 0.000000e+00 0.000000e+00 0.000000e+00 0.000000e+00 6.040637e-71 2.441795e-32 1.471628e-32 7.423616e-24 2.674813e-32 0.000000e+00
81.000000 80.000000 82.000000 207.529999 6.928697e-02 1.694935e+09 7.045615e-06 3.242823e+07 1.474516e+01 5.453421e-07 6.788067e-11 2.073023e+01 1.707186e-02 1.668458e-15 2.356080e-11 1.136326e-06 1.068847e-08 1.977642e-15 2.964900e-22 2.626771e-47 2.894630e-11 5.314188e-21 3.595060e-26 2.347706e+07 1.681844e+09 9.945879e-02 2.197708e-01 2.094965e-17 2.461333e-05 3.777921e-28 8.196690e-35 3.381388e-07 1.729491e-13 7.407563e-08 4.636923e-13 3.267650e-07 7.007015e-03 3.722046e-01 5.029204e-05 1.070043e-09 1.164154e-10 5.763423e-04 8.707909e-09 3.188409e-13 0.000000e+00 1.209554e-41 0.000000e+00 0.000000e+00 0.000000e+00 0.000000e+00 0.000000e+00 0.000000e+00 0.000000e+00 0.000000e+00 0.000000e+00 0.000000e+00 7.297126e+08 1.015297e+10 9.289014e+02 2.418156e+13 9.243659e-02 5.418219e-12 3.415198e-01 1.130305e+00 4.772714e-06 8.425611e-04 5.081056e-09 3.545512e-07 1.124861e-10 1.931032e-28 3.366294e-34 1.584750e-24 0.000000e+00 0.000000e+00 4.515245e-34 4.220278e-21 1.236967e-04 0.000000e+00 0.000000e+00 0.000000e+00 2.563919e-43 0.000000e+00 0.000000e+00 0.000000e+00 2.087945e-07 0.000000e+00 0.000000e+00 0.000000e+00 0.000000e+00 0.000000e+00 0.000000e+00 0.000000e+00 0.000000e+00 0.000000e+00 0.000000e+00 0.000000e+00 0.000000e+00 0.000000e+00 0.000000e+00 0.000000e+00 0.000000e+00 0.000000e+00 0.000000e+00 0.000000e+00 0.000000e+00 0.000000e+00 0.000000e+00 0.000000e+00 0.000000e+00 0.000000e+00 1.264603e-71 1.116230e-32 4.893800e-33 1.415383e-24 1.110053e-32 0.000000e+00
83.000000 82.000000 84.000000 207.529999 5.008929e-02 1.282046e+09 2.078667e-06 2.342302e+07 1.061942e+01 1.985925e-07 2.570615e-11 1.066093e+01 1.242006e-02 6.045253e-16 1.603295e-11 5.511122e-07 5.176231e-09 6.474379e-16 5.527351e-23 1.889481e-49 1.962230e-11 1.352363e-21 5.719422e-27 2.312193e+07 1.260281e+09 2.574726e-02 1.037629e-01 4.367592e-18 6.857601e-06 1.754665e-29 5.976050e-35 1.918899e-07 1.364833e-13 4.561835e-08 2.204030e-13 7.348376e-08 3.630155e-03 2.569226e-01 2.599489e-05 4.770642e-10 5.797541e-11 3.395514e-04 6.675490e-09 1.880428e-13 0.000000e+00 7.572688e-42 0.000000e+00 0.000000e+00 0.000000e+00 0.000000e+00 0.000000e+00 0.000000e+00 0.000000e+00 0.000000e+00 0.000000e+00 0.000000e+00 4.769435e+08 7.313374e+09 4.876377e+02 1.748145e+13 8.443660e-02 3.119094e-12 2.268511e-01 7.722108e-01 2.103806e-06 4.447932e-04 2.273587e-09 1.838536e-07 8.527050e-11 2.841507e-29 3.402353e-35 1.202859e-24 0.000000e+00 0.000000e+00 6.279069e-36 1.078965e-21 8.815009e-05 0.000000e+00 0.000000e+00 0.000000e+00 2.066468e-43 3.060938e-77 0.000000e+00 0.000000e+00 7.482108e-08 0.000000e+00 0.000000e+00 0.000000e+00 0.000000e+00 0.000000e+00 0.000000e+00 0.000000e+00 0.000000e+00 0.000000e+00 0.000000e+00 0.000000e+00 0.000000e+00 0.000000e+00 0.000000e+00 0.000000e+00 0.000000e+00 0.000000e+00 0.000000e+00 0.000000e+00 0.000000e+00 0.000000e+00 0.000000e+00 0.000000e+00 0.000000e+00 0.000000e+00 2.764743e-72 5.212822e-33 1.655527e-33 2.911161e-25 4.384000e-33 0.000000e+00
85.000000 84.000000 86.000000 207.529999 3.621081e-02 9.644275e+08 6.566838e-07 1.687847e+07 7.721130e+00 7.842713e-08 9.920144e-12 5.548080e+00 9.024874e-03 2.209113e-16 1.098797e-11 2.851652e-07 2.728466e-09 2.280578e-16 1.095495e-23 1.902465e-51 1.337868e-11 3.783027e-22 1.051396e-27 2.131847e+07 9.394879e+08 6.660502e-03 4.567172e-02 1.030071e-18 1.998577e-06 8.174111e-31 4.344205e-35 9.790164e-08 1.039361e-13 2.689964e-08 9.872534e-14 1.651319e-08 1.780611e-03 1.790402e-01 1.273693e-05 1.972704e-10 2.712929e-11 2.000248e-04 5.157703e-09 1.108805e-13 0.000000e+00 6.670236e-42 0.000000e+00 0.000000e+00 0.000000e+00 0.000000e+00 0.000000e+00 0.000000e+00 0.000000e+00 0.000000e+00 0.000000e+00 0.000000e+00 3.117928e+08 5.261370e+09 2.768854e+02 1.263779e+13 7.680191e-02 1.844018e-12 1.419429e-01 4.958405e-01 9.081821e-07 2.326127e-04 1.020485e-09 9.627347e-08 5.832795e-11 4.442143e-30 3.882270e-36 8.848153e-25 0.000000e+00 0.000000e+00 4.036985e-37 2.873524e-22 6.306827e-05 0.000000e+00 0.000000e+00 0.000000e+00 2.557401e-43 1.211733e-77 0.000000e+00 0.000000e+00 2.681301e-08 0.000000e+00 0.000000e+00 0.000000e+00 0.000000e+00 0.000000e+00 0.000000e+00 0.000000e+00 0.000000e+00 0.000000e+00 0.000000e+00 0.000000e+00 0.000000e+00 0.000000e+00 0.000000e+00 0.000000e+00 0.000000e+00 0.000000e+00 0.000000e+00 0.000000e+00 0.000000e+00 0.000000e+00 0.000000e+00 0.000000e+00 0.000000e+00 0.000000e+00 6.266854e-73 2.478188e-33 5.678975e-34 6.157554e-26 1.678355e-33 0.000000e+00
87.000000 86.000000 88.000000 207.529999 2.617773e-02 7.219627e+08 2.180260e-07 1.213425e+07 5.664259e+00 3.288637e-08 3.896826e-12 2.914984e+00 6.551367e-03 8.139445e-17 7.571844e-12 1.541930e-07 1.534292e-09 8.454353e-17 2.261745e-24 4.817658e-53 9.155560e-12 1.139234e-22 2.073045e-28 1.877367e+07 6.972090e+08 1.722080e-03 1.912416e-02 2.658436e-19 6.074690e-07 3.816698e-32 3.151391e-35 4.666606e-08 7.729122e-14 1.540093e-08 4.227430e-14 3.708852e-09 8.479139e-04 1.258363e-01 6.063788e-06 7.657341e-11 1.210876e-11 1.178896e-04 4.014074e-09 6.540967e-14 0.000000e+00 2.526183e-42 0.000000e+00 0.000000e+00 0.000000e+00 0.000000e+00 0.000000e+00 0.000000e+00 0.000000e+00 0.000000e+00 0.000000e+00 0.000000e+00 2.040122e+08 3.778719e+09 1.666143e+02 9.136188e+12 6.970097e-02 1.119478e-12 8.523965e-02 3.049951e-01 3.900004e-07 1.208077e-04 4.687598e-10 5.088395e-08 3.740493e-11 7.355995e-31 4.797143e-37 6.380612e-25 0.000000e+00 0.000000e+00 4.400936e-38 7.963889e-23 4.525499e-05 0.000000e+00 0.000000e+00 0.000000e+00 6.326591e-45 8.485827e-79 0.000000e+00 0.000000e+00 9.616393e-09 0.000000e+00 0.000000e+00 0.000000e+00 0.000000e+00 0.000000e+00 0.000000e+00 0.000000e+00 0.000000e+00 0.000000e+00 0.000000e+00 0.000000e+00 0.000000e+00 0.000000e+00 0.000000e+00 0.000000e+00 0.000000e+00 0.000000e+00 0.000000e+00 0.000000e+00 0.000000e+00 0.000000e+00 0.000000e+00 0.000000e+00 0.000000e+00 0.000000e+00 1.464301e-73 1.195943e-33 1.969177e-34 1.318812e-26 6.297659e-34 0.000000e+00
89.000000 88.000000 90.000000 207.529999 1.892456e-02 5.380613e+08 7.528040e-08 8.700253e+06 4.191296e+00 1.445644e-08 1.557209e-12 1.543695e+00 4.751963e-03 3.022897e-17 5.238246e-12 8.630103e-08 9.095295e-10 3.252371e-17 4.803494e-25 2.437397e-54 6.275081e-12 3.648186e-23 4.289637e-29 1.596758e+07 5.153749e+08 4.450728e-04 7.711358e-03 7.360150e-20 1.933229e-07 1.785280e-33 2.283002e-35 2.134573e-08 5.637818e-14 8.617395e-09 1.744420e-14 8.326826e-10 3.987661e-04 8.908074e-02 2.852881e-06 2.807168e-11 5.201547e-12 6.958898e-05 3.147220e-09 3.864488e-14 0.000000e+00 3.665776e-42 0.000000e+00 0.000000e+00 0.000000e+00 0.000000e+00 0.000000e+00 0.000000e+00 0.000000e+00 0.000000e+00 0.000000e+00 0.000000e+00 1.337456e+08 2.707649e+09 1.050031e+02 6.604787e+12 6.323787e-02 6.968078e-13 4.960311e-02 1.815491e-01 1.693443e-07 6.239502e-05 2.254679e-10 2.713966e-08 2.309667e-11 1.301262e-31 6.442288e-38 4.529678e-25 0.000000e+00 0.000000e+00 5.401403e-39 2.310353e-23 3.254263e-05 0.000000e+00 0.000000e+00 0.000000e+00 5.181736e-44 4.962293e-79 0.000000e+00 0.000000e+00 3.454532e-09 0.000000e+00 0.000000e+00 0.000000e+00 0.000000e+00 0.000000e+00 0.000000e+00 0.000000e+00 0.000000e+00 0.000000e+00 0.000000e+00 0.000000e+00 0.000000e+00 0.000000e+00 0.000000e+00 0.000000e+00 0.000000e+00 0.000000e+00 0.000000e+00 0.000000e+00 0.000000e+00 0.000000e+00 0.000000e+00 0.000000e+00 0.000000e+00 0.000000e+00 3.511469e-74 5.846119e-34 6.880985e-35 2.865467e-27 2.325364e-34 0.000000e+00
91.000000 90.000000 92.000000 207.529999 1.368104e-02 3.993368e+08 2.686377e-08 6.216987e+06 3.128315e+00 6.606089e-09 6.330755e-13 8.230192e-01 3.444484e-03 1.131373e-17 3.632405e-12 4.977995e-08 5.640895e-10 1.285871e-17 1.040533e-25 1.486871e-55 4.297191e-12 1.232919e-23 9.213124e-30 1.320156e+07 3.796199e+08 1.149979e-04 3.018794e-03 2.179966e-20 6.514341e-08 8.362641e-35 1.652516e-35 9.583800e-09 4.035066e-14 4.723659e-09 6.964758e-15 1.868950e-10 1.878988e-04 6.342770e-02 1.345559e-06 9.745548e-12 2.161877e-12 4.122554e-05 2.489284e-09 2.291452e-14 0.000000e+00 7.807267e-43 0.000000e+00 0.000000e+00 0.000000e+00 0.000000e+00 0.000000e+00 0.000000e+00 0.000000e+00 0.000000e+00 0.000000e+00 0.000000e+00 8.798753e+07 1.934107e+09 6.880907e+01 4.774767e+12 5.748546e-02 4.434736e-13 2.810609e-02 1.051459e-01 7.579841e-08 3.206815e-05 1.162385e-10 1.461003e-08 1.404741e-11 2.505198e-32 9.525618e-39 3.166289e-25 0.000000e+00 0.000000e+00 7.103512e-40 7.110702e-24 2.343817e-05 0.000000e+00 0.000000e+00 0.000000e+00 8.449972e-45 2.475807e-79 0.000000e+00 0.000000e+00 1.244280e-09 0.000000e+00 0.000000e+00 0.000000e+00 0.000000e+00 0.000000e+00 0.000000e+00 0.000000e+00 0.000000e+00 0.000000e+00 0.000000e+00 0.000000e+00 0.000000e+00 0.000000e+00 0.000000e+00 0.000000e+00 0.000000e+00 0.000000e+00 0.000000e+00 0.000000e+00 0.000000e+00 0.000000e+00 0.000000e+00 0.000000e+00 0.000000e+00 0.000000e+00 8.616192e-75 2.890476e-34 2.415679e-35 6.388863e-28 8.445297e-35 0.000000e+00
93.000000 92.000000 94.000000 207.529999 9.890366e-03 2.951691e+08 9.873728e-09 4.422424e+06 2.356570e+00 3.120692e-09 2.621387e-13 4.414933e-01 2.495340e-03 4.266001e-18 2.520691e-12 2.957224e-08 3.643361e-10 5.191300e-18 2.286128e-26 9.575842e-57 2.932225e-12 4.379524e-24 2.040727e-30 1.064722e+07 2.787083e+08 2.971137e-05 1.154279e-03 6.981071e-21 2.361166e-08 3.922688e-36 1.195543e-35 4.310314e-09 2.826771e-14 2.535888e-09 2.693121e-15 4.194239e-11 9.004282e-05 4.536834e-02 6.457680e-07 3.205426e-12 8.716021e-13 2.461016e-05 1.993446e-09 1.369251e-14 0.000000e+00 0.000000e+00 0.000000e+00 0.000000e+00 0.000000e+00 0.000000e+00 0.000000e+00 0.000000e+00 0.000000e+00 0.000000e+00 0.000000e+00 0.000000e+00 5.823339e+07 1.375640e+09 4.669916e+01 3.451796e+12 5.251398e-02 2.875469e-13 1.553213e-02 5.938926e-02 3.573979e-08 1.640111e-05 6.535273e-11 7.944182e-09 8.590607e-12 5.385138e-33 1.568282e-39 2.174027e-25 0.000000e+00 0.000000e+00 9.869605e-41 2.365693e-24 1.690061e-05 0.000000e+00 0.000000e+00 0.000000e+00 9.757280e-46 7.514114e-80 0.000000e+00 0.000000e+00 4.500072e-10 0.000000e+00 0.000000e+00 0.000000e+00 0.000000e+00 0.000000e+00 0.000000e+00 0.000000e+00 0.000000e+00 0.000000e+00 0.000000e+00 0.000000e+00 0.000000e+00 0.000000e+00 0.000000e+00 0.000000e+00 0.000000e+00 0.000000e+00 0.000000e+00 0.000000e+00 0.000000e+00 0.000000e+00 0.000000e+00 0.000000e+00 0.000000e+00 0.000000e+00 2.160360e-75 1.444575e-34 8.492858e-36 1.487325e-28 3.006266e-35 0.000000e+00
95.000000 94.000000 96.000000 207.529999 7.149994e-03 2.172460e+08 3.734533e-09 3.126282e+06 1.794325e+00 1.519223e-09 1.108775e-13 2.385324e-01 1.806832e-03 1.619563e-18 1.747288e-12 1.814389e-08 2.446250e-10 2.133228e-18 5.080217e-27 6.366572e-58 1.987122e-12 1.634604e-24 4.651795e-31 8.387741e+06 2.039650e+08 7.687413e-06 4.332471e-04 2.460018e-21 9.339880e-09 1.844347e-37 8.646696e-36 1.971946e-09 1.929188e-14 1.330026e-09 1.006616e-15 9.419171e-12 4.475838e-05 3.256651e-02 3.216621e-07 9.974068e-13 3.409848e-13 1.492234e-05 1.628921e-09 8.311731e-15 0.000000e+00 0.000000e+00 0.000000e+00 0.000000e+00 0.000000e+00 0.000000e+00 0.000000e+00 0.000000e+00 0.000000e+00 0.000000e+00 0.000000e+00 0.000000e+00 3.892800e+07 9.726381e+08 3.278794e+01 2.495390e+12 4.841721e-02 1.891559e-13 8.363718e-03 3.271191e-02 1.809746e-08 8.342679e-06 4.027010e-11 4.370666e-09 5.367204e-12 1.324119e-33 2.882074e-40 1.459676e-25 0.000000e+00 0.000000e+00 1.438945e-41 8.669117e-25 1.219726e-05 0.000000e+00 0.000000e+00 0.000000e+00 0.000000e+00 0.000000e+00 0.000000e+00 0.000000e+00 1.639364e-10 0.000000e+00 0.000000e+00 0.000000e+00 0.000000e+00 0.000000e+00 0.000000e+00 0.000000e+00 0.000000e+00 0.000000e+00 0.000000e+00 0.000000e+00 0.000000e+00 0.000000e+00 0.000000e+00 0.000000e+00 0.000000e+00 0.000000e+00 0.000000e+00 0.000000e+00 0.000000e+00 0.000000e+00 0.000000e+00 0.000000e+00 0.000000e+00 0.000000e+00 5.549357e-76 7.307412e-35 2.979319e-36 3.683499e-29 1.042595e-35 0.000000e+00
97.000000 96.000000 98.000000 207.529999 5.168910e-03 1.591345e+08 1.456525e-09 2.190660e+06 1.385111e+00 7.618187e-10 4.820030e-14 1.308345e-01 1.307673e-03 6.181967e-19 1.207124e-12 1.157689e-08 1.710215e-10 8.928110e-19 1.142538e-27 4.364014e-59 1.331812e-12 6.440279e-25 1.094832e-31 6.449551e+06 1.487616e+08 2.022846e-06 1.603794e-04 9.768559e-22 4.080985e-09 8.742165e-39 6.252441e-36 9.245507e-10 1.273606e-14 6.783529e-10 3.618489e-16 2.140713e-12 2.384050e-05 2.344276e-02 1.718005e-07 2.927507e-13 1.292654e-13 9.327917e-06 1.378753e-09 5.202786e-15 0.000000e+00 1.277989e-42 0.000000e+00 0.000000e+00 0.000000e+00 0.000000e+00 0.000000e+00 0.000000e+00 0.000000e+00 0.000000e+00 0.000000e+00 0.000000e+00 2.644599e+07 6.820083e+08 2.386957e+01 1.803980e+12 4.534211e-02 1.256725e-13 4.372649e-03 1.752623e-02 9.934178e-09 4.215421e-06 2.702100e-11 2.441193e-09 3.454811e-12 3.775984e-34 5.880305e-41 9.521105e-26 0.000000e+00 0.000000e+00 2.201152e-42 3.564350e-25 8.808792e-06 0.000000e+00 0.000000e+00 0.000000e+00 1.338973e-44 2.215034e-80 0.000000e+00 0.000000e+00 6.123946e-11 0.000000e+00 0.000000e+00 0.000000e+00 0.000000e+00 0.000000e+00 0.000000e+00 0.000000e+00 0.000000e+00 0.000000e+00 0.000000e+00 0.000000e+00 0.000000e+00 0.000000e+00 0.000000e+00 0.000000e+00 0.000000e+00 0.000000e+00 0.000000e+00 0.000000e+00 0.000000e+00 0.000000e+00 0.000000e+00 0.000000e+00 0.000000e+00 0.000000e+00 1.491733e-76 3.782082e-35 1.038260e-36 9.844925e-30 3.496099e-36 0.000000e+00
99.000000 98.000000 100.000000 207.529999 3.736735e-03 1.159002e+08 5.888632e-10 1.515728e+06 1.089903e+00 3.943207e-10 2.196792e-14 7.585376e-02 9.459323e-04 2.389533e-19 8.286535e-13 7.776683e-09 1.252510e-10 3.826717e-19 2.613330e-28 3.131683e-60 8.778706e-13 2.711264e-25 2.720603e-32 4.825056e+06 1.080763e+08 6.269384e-07 5.934130e-05 4.680591e-22 2.058438e-09 4.511871e-40 4.520538e-36 4.576593e-10 8.111367e-15 3.364028e-10 1.248632e-16 5.686241e-13 1.435415e-05 1.691379e-02 1.037884e-07 8.363430e-14 4.857112e-14 6.163490e-06 1.239612e-09 3.444014e-15 0.000000e+00 8.220932e-43 0.000000e+00 0.000000e+00 0.000000e+00 0.000000e+00 0.000000e+00 0.000000e+00 0.000000e+00 0.000000e+00 0.000000e+00 0.000000e+00 1.842310e+07 4.725940e+08 1.812450e+01 1.304142e+12 4.352606e-02 8.392582e-14 2.204206e-03 9.082789e-03 5.890669e-09 2.114163e-06 1.958383e-11 1.392762e-09 2.363880e-12 1.256614e-34 1.337606e-41 6.022948e-26 0.000000e+00 0.000000e+00 3.574802e-43 1.734131e-25 6.365118e-06 0.000000e+00 0.000000e+00 0.000000e+00 7.744059e-45 7.870393e-81 0.000000e+00 0.000000e+00 2.726345e-11 0.000000e+00 0.000000e+00 0.000000e+00 0.000000e+00 0.000000e+00 0.000000e+00 0.000000e+00 0.000000e+00 0.000000e+00 0.000000e+00 0.000000e+00 0.000000e+00 0.000000e+00 0.000000e+00 0.000000e+00 0.000000e+00 0.000000e+00 0.000000e+00 0.000000e+00 0.000000e+00 0.000000e+00 0.000000e+00 0.000000e+00 0.000000e+00 0.000000e+00 4.704182e-77 2.118547e-35 3.595095e-37 2.984038e-30 1.165376e-36 0.000000e+00
