# z		 z0		 z1		 T		 P		1		2		3		4		5		6		7		8		9		10		11		12		13		14		15		16		17		18		19		20		21		22		23		24		25		26		27		28		29		30		31		32		33		34		35		36		37		38		39		40		41		42		43		44		45		46		47		48		49		50		51		52		53		54		55		56		57		58		59		60		61		62		63		64		65		66		67		68		69		70		71		72		73		74		75		76		77		78		79		80		81		82		83		84		85		86		87		88		89		90		91		92		93		94		95		96		97		98		99		100		101		102		103		104		105		106		107		108		109		110		111		
#  km		 km		 km		 K		 Pa		
1.000000 0.000000 2.000000 276.977518 9.090509e+04 3.579272e+03 2.200274e-09 2.256551e+09 4.813907e+04 4.376485e-02 1.411514e+02 2.757501e+17 4.278741e-09 2.672479e-03 6.654365e-08 4.430363e+01 1.610951e+01 3.889892e-07 1.894894e-14 3.038113e-28 2.700276e+00 8.813375e-03 3.058077e-08 5.489465e-18 8.264679e+11 1.669214e+13 2.607227e+09 1.182871e-05 1.043510e+09 7.125653e-15 5.020600e-44 1.017113e-07 6.258203e-11 2.212092e-01 6.589856e-02 4.428621e+05 4.849125e-14 5.103041e+02 1.497252e+00 1.329397e+04 4.717157e-02 3.362080e+01 2.123469e-15 7.738968e-13 0.000000e+00 0.000000e+00 0.000000e+00 0.000000e+00 0.000000e+00 0.000000e+00 0.000000e+00 0.000000e+00 0.000000e+00 0.000000e+00 0.000000e+00 0.000000e+00 2.377156e+15 1.041396e+16 2.089283e+00 2.377155e+19 1.430203e-15 6.698562e-05 3.930460e-13 7.586542e-06 1.917831e+04 5.040996e+06 3.223334e+03 2.380035e+08 2.090598e-18 1.353563e-03 1.688866e-09 2.708885e-21 0.000000e+00 0.000000e+00 8.425306e-18 6.390331e-13 1.486554e-08 0.000000e+00 0.000000e+00 0.000000e+00 1.866404e-34 0.000000e+00 0.000000e+00 7.635973e-103 1.007428e-11 0.000000e+00 0.000000e+00 0.000000e+00 0.000000e+00 0.000000e+00 0.000000e+00 0.000000e+00 0.000000e+00 0.000000e+00 0.000000e+00 0.000000e+00 0.000000e+00 0.000000e+00 0.000000e+00 0.000000e+00 0.000000e+00 0.000000e+00 0.000000e+00 0.000000e+00 0.000000e+00 0.000000e+00 0.000000e+00 0.000000e+00 0.000000e+00 0.000000e+00 8.121037e-47 5.592270e-22 1.032860e-20 1.521832e-07 1.389469e-19 0.000000e+00
3.000000 2.000000 4.000000 264.763208 7.103666e+04 1.009174e+05 2.165909e-06 1.589558e+09 3.572417e+04 1.115190e+00 1.529654e+02 1.638052e+16 1.030550e-07 2.291770e-02 1.691530e-06 3.664275e+01 1.402188e+01 1.240806e-05 1.813693e-11 4.509689e-25 2.021149e+00 5.067471e-03 4.727740e-07 1.249037e-17 6.963516e+11 1.364466e+13 1.668960e+09 5.238471e-05 9.099310e+08 4.709627e-14 1.144533e-43 6.794487e-07 3.599611e-10 1.321668e-01 3.279430e-02 3.577267e+05 1.561035e-13 8.444450e+02 1.654758e+00 7.268373e+03 1.514588e-02 2.829043e+01 1.085691e-15 3.228110e-11 0.000000e+00 7.034003e-30 0.000000e+00 0.000000e+00 0.000000e+00 0.000000e+00 0.000000e+00 0.000000e+00 0.000000e+00 0.000000e+00 0.000000e+00 0.000000e+00 1.943273e+15 8.513261e+15 5.625246e+01 1.943295e+19 2.675694e-15 1.035231e-04 8.742085e-13 2.488152e-06 8.725627e+03 3.370247e+06 1.497716e+03 3.660973e+08 5.594278e-17 5.013583e-04 9.378996e-09 2.492135e-21 0.000000e+00 0.000000e+00 1.688089e-14 7.482236e-12 5.559466e-08 0.000000e+00 0.000000e+00 0.000000e+00 1.283514e-32 0.000000e+00 0.000000e+00 6.242315e-103 7.705831e-12 0.000000e+00 0.000000e+00 0.000000e+00 0.000000e+00 0.000000e+00 0.000000e+00 0.000000e+00 0.000000e+00 0.000000e+00 0.000000e+00 0.000000e+00 0.000000e+00 0.000000e+00 0.000000e+00 0.000000e+00 0.000000e+00 0.000000e+00 0.000000e+00 0.000000e+00 0.000000e+00 0.000000e+00 0.000000e+00 0.000000e+00 0.000000e+00 0.000000e+00 1.014118e-45 5.054252e-20 1.050077e-18 2.715879e-07 1.573534e-19 0.000000e+00
5.000000 4.000000 6.000000 250.301784 5.479205e+04 5.562102e+05 4.539346e-05 4.147550e+09 1.158040e+05 7.595316e+00 8.805859e+02 4.527947e+15 1.376191e-05 4.757631e-02 2.243400e-06 3.093586e+01 1.212045e+01 2.239668e-05 8.849114e-11 1.474747e-23 1.630354e+00 1.257439e-02 1.780091e-06 3.718449e-16 5.900611e+11 1.113137e+13 1.806746e+09 4.572253e-05 7.751088e+08 9.549782e-14 5.219430e-44 1.000989e-06 4.070316e-10 8.416884e-02 1.654560e-02 2.871264e+05 1.996698e-12 4.826330e+02 5.999242e-01 1.513199e+03 1.572004e-03 2.390938e+01 2.007268e-15 2.744606e-11 0.000000e+00 2.441753e-30 0.000000e+00 0.000000e+00 0.000000e+00 0.000000e+00 0.000000e+00 0.000000e+00 0.000000e+00 0.000000e+00 0.000000e+00 0.000000e+00 1.585463e+15 6.945813e+15 5.199359e+02 1.585504e+19 4.111857e-15 6.024526e-04 6.853677e-12 3.347104e-06 4.092912e+03 2.161671e+06 7.979168e+02 3.241061e+08 1.654712e-16 2.119084e-04 8.104975e-09 8.629114e-21 0.000000e+00 0.000000e+00 1.129780e-12 3.085454e-11 2.667821e-08 0.000000e+00 0.000000e+00 0.000000e+00 6.843163e-33 0.000000e+00 0.000000e+00 5.093007e-103 5.662644e-12 0.000000e+00 0.000000e+00 0.000000e+00 0.000000e+00 0.000000e+00 0.000000e+00 0.000000e+00 0.000000e+00 0.000000e+00 0.000000e+00 0.000000e+00 0.000000e+00 0.000000e+00 0.000000e+00 0.000000e+00 0.000000e+00 0.000000e+00 0.000000e+00 0.000000e+00 0.000000e+00 0.000000e+00 0.000000e+00 0.000000e+00 0.000000e+00 0.000000e+00 4.445678e-46 3.473688e-20 1.033800e-18 1.847179e-07 2.227167e-19 0.000000e+00
7.000000 6.000000 8.000000 233.144367 4.154441e+04 1.734109e+06 4.580374e-04 7.361785e+09 2.812514e+05 3.341830e+01 4.107307e+03 7.971583e+14 5.547618e-05 7.158549e-02 2.699063e-06 2.696097e+01 1.052382e+01 3.482165e-05 2.552044e-10 1.200547e-22 1.328467e+00 2.426667e-02 5.254189e-06 3.256121e-15 5.058530e+11 9.059856e+12 1.570265e+09 1.790152e-05 6.059951e+08 1.455881e-13 8.995447e-45 2.452440e-06 6.821417e-10 6.549166e-02 9.490936e-03 2.301443e+05 1.321524e-11 1.490287e+02 1.065748e-01 4.357708e+02 1.852996e-04 2.030229e+01 2.216882e-15 1.298946e-11 0.000000e+00 2.746955e-30 0.000000e+00 0.000000e+00 0.000000e+00 0.000000e+00 0.000000e+00 0.000000e+00 0.000000e+00 0.000000e+00 0.000000e+00 0.000000e+00 1.290572e+15 5.653994e+15 2.669222e+03 1.290628e+19 8.364801e-15 1.127598e-03 2.322463e-11 3.093122e-06 1.999961e+03 1.277064e+06 3.264063e+02 2.384330e+08 7.766876e-16 7.083076e-05 5.095202e-09 1.977422e-20 0.000000e+00 0.000000e+00 1.242030e-11 7.316067e-11 1.227368e-08 0.000000e+00 0.000000e+00 0.000000e+00 2.529359e-32 0.000000e+00 0.000000e+00 4.145800e-103 4.642076e-12 0.000000e+00 0.000000e+00 0.000000e+00 0.000000e+00 0.000000e+00 0.000000e+00 0.000000e+00 0.000000e+00 0.000000e+00 0.000000e+00 0.000000e+00 0.000000e+00 0.000000e+00 0.000000e+00 0.000000e+00 0.000000e+00 0.000000e+00 0.000000e+00 0.000000e+00 0.000000e+00 0.000000e+00 0.000000e+00 0.000000e+00 0.000000e+00 0.000000e+00 4.797688e-46 2.921941e-20 1.265971e-18 1.055716e-07 3.988144e-19 0.000000e+00
9.000000 8.000000 10.000000 214.394752 3.080362e+04 5.175986e+06 8.144928e-03 6.689913e+09 3.457781e+05 1.421157e+02 7.939639e+03 8.646331e+13 2.226540e-04 8.959065e-02 4.859111e-06 2.432845e+01 9.155087e+00 1.043120e-04 2.334622e-09 2.691604e-21 1.069135e+00 2.437577e-02 1.500660e-05 3.216850e-15 4.386742e+11 7.303607e+12 9.174160e+08 4.670969e-06 4.361620e+08 3.018039e-13 5.031083e-46 1.149441e-05 2.022726e-09 6.264192e-02 6.227915e-03 1.834313e+05 2.314164e-11 7.019852e+01 2.826868e-02 2.045024e+02 4.868831e-05 1.721182e+01 9.545867e-16 8.139128e-12 0.000000e+00 1.504561e-29 0.000000e+00 0.000000e+00 0.000000e+00 0.000000e+00 0.000000e+00 0.000000e+00 0.000000e+00 0.000000e+00 0.000000e+00 0.000000e+00 1.040567e+15 4.558822e+15 1.244627e+04 1.040643e+19 8.378585e-14 1.144994e-03 1.710760e-11 1.325511e-06 9.831452e+02 6.844865e+05 1.227496e+02 1.186155e+08 7.052181e-15 2.236524e-05 5.744378e-09 7.930098e-20 0.000000e+00 0.000000e+00 1.384606e-10 1.571579e-10 1.071079e-08 0.000000e+00 0.000000e+00 0.000000e+00 5.032321e-32 1.665310e-54 0.000000e+00 3.342784e-103 4.375627e-12 0.000000e+00 0.000000e+00 0.000000e+00 0.000000e+00 0.000000e+00 0.000000e+00 0.000000e+00 0.000000e+00 0.000000e+00 0.000000e+00 0.000000e+00 0.000000e+00 0.000000e+00 0.000000e+00 0.000000e+00 0.000000e+00 0.000000e+00 0.000000e+00 0.000000e+00 0.000000e+00 0.000000e+00 0.000000e+00 0.000000e+00 0.000000e+00 0.000000e+00 5.771052e-45 1.059031e-19 6.399620e-18 7.445256e-08 8.562420e-19 0.000000e+00
11.000000 10.000000 12.000000 199.387243 2.227687e+04 1.473982e+07 1.542242e-01 5.001913e+09 3.505534e+05 5.850289e+02 8.814976e+03 1.151799e+13 7.009008e-04 1.012266e-01 9.875620e-06 2.313232e+01 8.003706e+00 3.406145e-04 2.475039e-08 6.109676e-20 7.706241e-01 1.955282e-02 3.766460e-05 2.450502e-15 3.784782e+11 5.677688e+12 3.895773e+08 1.007121e-06 2.970675e+08 7.446619e-13 3.745493e-47 5.192138e-05 6.032311e-09 6.553730e-02 4.665506e-03 1.411149e+05 3.347380e-11 4.211403e+01 1.087553e-02 9.828402e+01 7.569900e-05 1.441127e+01 3.681847e-16 6.695287e-12 0.000000e+00 4.626635e-31 0.000000e+00 0.000000e+00 0.000000e+00 0.000000e+00 0.000000e+00 0.000000e+00 0.000000e+00 0.000000e+00 0.000000e+00 0.000000e+00 8.091340e+14 3.545014e+15 5.911237e+04 8.092278e+18 2.065503e-12 7.459652e-04 1.093110e-11 6.127247e-07 5.707704e+02 3.769039e+05 7.690907e+01 4.153397e+07 6.144588e-14 1.159649e-05 1.098277e-08 2.704999e-19 0.000000e+00 0.000000e+00 1.461795e-09 4.047323e-10 1.085187e-08 0.000000e+00 0.000000e+00 0.000000e+00 1.750280e-34 1.023759e-55 0.000000e+00 2.599426e-103 4.893347e-12 0.000000e+00 0.000000e+00 0.000000e+00 0.000000e+00 0.000000e+00 0.000000e+00 0.000000e+00 0.000000e+00 0.000000e+00 0.000000e+00 0.000000e+00 0.000000e+00 0.000000e+00 0.000000e+00 0.000000e+00 0.000000e+00 0.000000e+00 0.000000e+00 0.000000e+00 0.000000e+00 0.000000e+00 0.000000e+00 0.000000e+00 0.000000e+00 0.000000e+00 1.061614e-43 5.666531e-19 3.880769e-17 6.842687e-08 2.099728e-18 0.000000e+00
13.000000 12.000000 14.000000 191.136629 1.581146e+04 3.050688e+07 1.482876e+00 3.880553e+09 4.202689e+05 1.951645e+03 1.065869e+04 3.544714e+12 2.282694e-03 1.551035e-01 2.859616e-05 4.220487e+01 9.727398e+00 9.442007e-04 1.441317e-07 8.545747e-19 6.495656e-01 2.398538e-02 9.796870e-05 4.857999e-15 4.094984e+11 4.195493e+12 1.923272e+08 1.981735e-07 1.355451e+08 2.799379e-12 1.557538e-47 1.749822e-04 1.555551e-08 7.403446e-02 4.321865e-03 1.002304e+05 1.032699e-10 3.939116e+01 9.561298e-03 6.908161e+01 1.841729e-04 1.544063e+01 3.416507e-16 8.634890e-12 0.000000e+00 1.112569e-29 0.000000e+00 0.000000e+00 0.000000e+00 0.000000e+00 0.000000e+00 0.000000e+00 0.000000e+00 0.000000e+00 0.000000e+00 0.000000e+00 5.989685e+14 2.624656e+15 2.482803e+05 5.991585e+18 3.209313e-11 6.771828e-04 1.568319e-11 6.170315e-07 4.752246e+02 3.038587e+05 4.961572e+01 2.306147e+07 3.849932e-13 8.301150e-06 1.781011e-08 1.125688e-18 0.000000e+00 0.000000e+00 1.094840e-08 1.330787e-09 2.172843e-08 0.000000e+00 0.000000e+00 0.000000e+00 6.899511e-32 0.000000e+00 0.000000e+00 1.924636e-103 7.066675e-12 0.000000e+00 0.000000e+00 0.000000e+00 0.000000e+00 0.000000e+00 0.000000e+00 0.000000e+00 0.000000e+00 0.000000e+00 0.000000e+00 0.000000e+00 0.000000e+00 0.000000e+00 0.000000e+00 0.000000e+00 0.000000e+00 0.000000e+00 0.000000e+00 0.000000e+00 0.000000e+00 0.000000e+00 0.000000e+00 0.000000e+00 0.000000e+00 0.000000e+00 6.907539e-42 5.853832e-18 3.626084e-16 1.342708e-07 1.100593e-17 0.000000e+00
15.000000 14.000000 16.000000 185.866140 1.110063e+04 5.700830e+07 1.235553e+01 2.773722e+09 4.862139e+05 6.099441e+03 1.110113e+04 1.552529e+12 1.099844e-02 1.750237e-01 6.970222e-05 1.396483e+02 1.826290e+01 3.702897e-03 1.070006e-06 2.130818e-17 6.996540e-01 4.256116e-02 3.278753e-04 1.090592e-14 5.187290e+11 3.004647e+12 1.023733e+08 1.878063e-07 3.242821e+07 1.900815e-11 1.161572e-47 4.910739e-04 3.484268e-08 7.984958e-02 3.993110e-03 6.603720e+04 3.787351e-10 5.066477e+01 1.360961e-02 6.397925e+01 4.514757e-04 2.505433e+01 5.721792e-16 2.083068e-11 0.000000e+00 1.125624e-29 0.000000e+00 0.000000e+00 0.000000e+00 0.000000e+00 0.000000e+00 0.000000e+00 0.000000e+00 0.000000e+00 0.000000e+00 0.000000e+00 4.322391e+14 1.894791e+15 1.024050e+06 4.325750e+18 3.912215e-10 9.066103e-04 2.618517e-11 7.716668e-07 4.476985e+02 3.029643e+05 1.984891e+01 1.515529e+07 1.980047e-12 5.645364e-06 2.442712e-08 6.610275e-18 0.000000e+00 0.000000e+00 1.062264e-07 4.869674e-09 1.138635e-07 0.000000e+00 0.000000e+00 0.000000e+00 1.235500e-31 1.187025e-55 0.000000e+00 1.389532e-103 1.025701e-11 0.000000e+00 0.000000e+00 0.000000e+00 0.000000e+00 0.000000e+00 0.000000e+00 0.000000e+00 0.000000e+00 0.000000e+00 0.000000e+00 0.000000e+00 0.000000e+00 0.000000e+00 0.000000e+00 0.000000e+00 0.000000e+00 0.000000e+00 0.000000e+00 0.000000e+00 0.000000e+00 0.000000e+00 0.000000e+00 0.000000e+00 0.000000e+00 0.000000e+00 3.385894e-40 4.579288e-17 2.154714e-15 2.660081e-07 4.646046e-17 0.000000e+00
17.000000 16.000000 18.000000 182.026203 7.727967e+03 8.679493e+07 4.599727e+01 2.462047e+09 5.918869e+05 1.286455e+04 1.218359e+04 8.215785e+11 3.637580e-02 1.515000e-01 1.075292e-04 4.729554e+02 2.933761e+01 7.883484e-03 2.923658e-06 1.088659e-16 6.482674e-01 6.643295e-02 6.193330e-04 3.880915e-14 5.395224e+11 2.100878e+12 5.401235e+07 1.734661e-07 5.125281e+06 8.104366e-11 1.049935e-47 8.556879e-04 4.968015e-08 7.264690e-02 3.209489e-03 4.401509e+04 1.239847e-09 4.143276e+01 1.252789e-02 4.296986e+01 6.336017e-04 3.777468e+01 1.051787e-15 3.477523e-11 0.000000e+00 0.000000e+00 0.000000e+00 0.000000e+00 0.000000e+00 0.000000e+00 0.000000e+00 0.000000e+00 0.000000e+00 0.000000e+00 0.000000e+00 0.000000e+00 3.071255e+14 1.346893e+15 2.946342e+06 3.075001e+18 2.055572e-06 1.247273e-03 5.391830e-11 9.368247e-07 3.850474e+02 2.529031e+05 4.448858e+00 1.002602e+07 6.218942e-12 1.861867e-06 1.016338e-08 2.073505e-17 0.000000e+00 0.000000e+00 3.762194e-07 1.128855e-08 6.497912e-07 0.000000e+00 0.000000e+00 0.000000e+00 7.838762e-33 0.000000e+00 0.000000e+00 9.877614e-104 1.287295e-11 0.000000e+00 0.000000e+00 0.000000e+00 0.000000e+00 0.000000e+00 0.000000e+00 0.000000e+00 0.000000e+00 0.000000e+00 0.000000e+00 0.000000e+00 0.000000e+00 0.000000e+00 0.000000e+00 0.000000e+00 0.000000e+00 0.000000e+00 0.000000e+00 0.000000e+00 0.000000e+00 0.000000e+00 0.000000e+00 0.000000e+00 0.000000e+00 0.000000e+00 1.807750e-39 1.129621e-16 4.508566e-15 3.105757e-07 8.194067e-17 0.000000e+00
19.000000 18.000000 20.000000 179.694224 5.347289e+03 1.026011e+08 6.434983e+01 2.974586e+09 8.361206e+05 1.745704e+04 1.738393e+04 5.475834e+11 7.208335e-02 1.308329e-01 1.224707e-04 9.660890e+02 3.722111e+01 7.372069e-03 2.176369e-06 6.729623e-17 5.977402e-01 9.225708e-02 5.933118e-04 2.806293e-13 4.637905e+11 1.436931e+12 3.151499e+07 1.349206e-07 6.726015e+05 1.428311e-10 1.551628e-47 1.051870e-03 5.353160e-08 6.457606e-02 2.700188e-03 3.271185e+04 4.146487e-09 2.258304e+01 7.317678e-03 2.219490e+01 5.302088e-04 4.682369e+01 2.124842e-15 3.221415e-11 0.000000e+00 0.000000e+00 0.000000e+00 0.000000e+00 0.000000e+00 0.000000e+00 0.000000e+00 0.000000e+00 0.000000e+00 0.000000e+00 0.000000e+00 0.000000e+00 2.152202e+14 9.441180e+14 5.526797e+06 2.155328e+18 1.426100e-05 1.772633e-03 1.605425e-10 1.184182e-06 3.154528e+02 1.795694e+05 6.488018e-01 7.773577e+06 1.335319e-11 3.379663e-07 1.213502e-09 3.775177e-17 0.000000e+00 0.000000e+00 3.719675e-07 1.608725e-08 3.338428e-06 0.000000e+00 0.000000e+00 0.000000e+00 0.000000e+00 0.000000e+00 0.000000e+00 6.923413e-104 1.676121e-11 0.000000e+00 0.000000e+00 0.000000e+00 0.000000e+00 0.000000e+00 0.000000e+00 0.000000e+00 0.000000e+00 0.000000e+00 0.000000e+00 0.000000e+00 0.000000e+00 0.000000e+00 0.000000e+00 0.000000e+00 0.000000e+00 0.000000e+00 0.000000e+00 0.000000e+00 0.000000e+00 0.000000e+00 0.000000e+00 0.000000e+00 0.000000e+00 0.000000e+00 1.498356e-39 1.082535e-16 4.709679e-15 2.614732e-07 8.227786e-17 0.000000e+00
21.000000 20.000000 22.000000 178.165254 3.686091e+03 1.200939e+08 8.405483e+01 3.712426e+09 1.198315e+06 2.317791e+04 2.521425e+04 3.665624e+11 1.138916e-01 9.342173e-02 1.103117e-04 1.166119e+03 3.997220e+01 5.476252e-03 1.208020e-06 2.476753e-17 4.718373e-01 1.075676e-01 4.609560e-04 2.273450e-12 3.682847e+11 9.690754e+11 1.715284e+07 1.282303e-07 9.418892e+04 2.508615e-10 3.566128e-47 1.482224e-03 6.659462e-08 6.598893e-02 2.669917e-03 2.848981e+04 1.306273e-08 1.164364e+01 4.092187e-03 1.108071e+01 4.983006e-04 4.969570e+01 4.037411e-15 2.663879e-11 0.000000e+00 0.000000e+00 0.000000e+00 0.000000e+00 0.000000e+00 0.000000e+00 0.000000e+00 0.000000e+00 0.000000e+00 0.000000e+00 0.000000e+00 0.000000e+00 1.496169e+14 6.564762e+14 1.029866e+07 1.498500e+18 4.203126e-05 2.079716e-03 5.089875e-10 1.512917e-06 2.706822e+02 1.170976e+05 1.008253e-01 5.546643e+06 3.185156e-11 7.096068e-08 1.235737e-10 6.374016e-17 0.000000e+00 0.000000e+00 2.832025e-07 2.349196e-08 1.577349e-05 0.000000e+00 0.000000e+00 0.000000e+00 0.000000e+00 0.000000e+00 0.000000e+00 4.813531e-104 2.532097e-11 0.000000e+00 0.000000e+00 0.000000e+00 0.000000e+00 0.000000e+00 0.000000e+00 0.000000e+00 0.000000e+00 0.000000e+00 0.000000e+00 0.000000e+00 0.000000e+00 0.000000e+00 0.000000e+00 0.000000e+00 0.000000e+00 0.000000e+00 0.000000e+00 0.000000e+00 0.000000e+00 0.000000e+00 0.000000e+00 0.000000e+00 0.000000e+00 0.000000e+00 4.368243e-40 6.075363e-17 3.001816e-15 1.866921e-07 7.685980e-17 0.000000e+00
23.000000 22.000000 24.000000 177.446611 2.535678e+03 1.462031e+08 1.267066e+02 4.374298e+09 1.654982e+06 3.283785e+04 3.362226e+04 2.409342e+11 1.599455e-01 5.326246e-02 8.307556e-05 1.114353e+03 3.875979e+01 3.950101e-03 6.838565e-07 8.996240e-18 3.166064e-01 1.064112e-01 3.355537e-04 2.030793e-11 2.893476e+11 6.457664e+11 8.517635e+06 1.726924e-07 1.849608e+04 5.394002e-10 1.315369e-46 2.582913e-03 1.019349e-07 7.754319e-02 3.084176e-03 2.827095e+04 4.368757e-08 6.821680e+00 2.690211e-03 6.300580e+00 5.989326e-04 4.782759e+01 7.355651e-15 2.421197e-11 0.000000e+00 2.274840e-34 0.000000e+00 0.000000e+00 0.000000e+00 0.000000e+00 0.000000e+00 0.000000e+00 0.000000e+00 0.000000e+00 0.000000e+00 0.000000e+00 1.033275e+14 4.534827e+14 2.086123e+07 1.035000e+18 8.970145e-05 1.956784e-03 1.854626e-09 2.140404e-06 2.526189e+02 7.463064e+04 2.347109e-02 3.544573e+06 9.068059e-11 2.725222e-08 1.829874e-11 1.128401e-16 0.000000e+00 0.000000e+00 2.193265e-07 3.970569e-08 6.806105e-05 0.000000e+00 0.000000e+00 0.000000e+00 2.505802e-36 1.566293e-62 0.000000e+00 3.324657e-104 2.638781e-10 0.000000e+00 0.000000e+00 0.000000e+00 0.000000e+00 0.000000e+00 0.000000e+00 0.000000e+00 0.000000e+00 0.000000e+00 0.000000e+00 0.000000e+00 0.000000e+00 0.000000e+00 0.000000e+00 0.000000e+00 0.000000e+00 0.000000e+00 0.000000e+00 0.000000e+00 0.000000e+00 0.000000e+00 0.000000e+00 0.000000e+00 0.000000e+00 0.000000e+00 6.637284e-41 2.434697e-17 1.317034e-15 1.236652e-07 7.599402e-17 0.000000e+00
25.000000 24.000000 26.000000 177.481388 1.743565e+03 1.782325e+08 2.008589e+02 4.882418e+09 2.187274e+06 4.711591e+04 4.069375e+04 1.597091e+11 2.009678e-01 2.529735e-02 5.446847e-05 1.048623e+03 3.523880e+01 2.772747e-03 3.836486e-07 3.115871e-18 1.914525e-01 9.224717e-02 2.261150e-04 1.812832e-10 2.293444e+11 4.258436e+11 3.948630e+06 3.010940e-07 8.497181e+03 1.250810e-09 9.475290e-46 6.860105e-03 2.303768e-07 1.000789e-01 3.936838e-03 3.037256e+04 1.682010e-07 4.926935e+00 2.201046e-03 4.399497e+00 8.359516e-04 4.327027e+01 1.463851e-14 2.400679e-11 0.000000e+00 0.000000e+00 0.000000e+00 0.000000e+00 0.000000e+00 0.000000e+00 0.000000e+00 0.000000e+00 0.000000e+00 0.000000e+00 0.000000e+00 0.000000e+00 7.102308e+13 3.118039e+14 4.341230e+07 7.115397e+17 1.924259e-04 1.551453e-03 7.028383e-09 3.285314e-06 2.524392e+02 4.713690e+04 1.205115e-02 2.133109e+06 3.796131e-10 1.644154e-08 5.778571e-12 2.629820e-16 0.000000e+00 0.000000e+00 1.634361e-07 7.198158e-08 2.651450e-04 0.000000e+00 0.000000e+00 0.000000e+00 0.000000e+00 0.000000e+00 0.000000e+00 2.285630e-104 1.236687e-09 0.000000e+00 0.000000e+00 0.000000e+00 0.000000e+00 0.000000e+00 0.000000e+00 0.000000e+00 0.000000e+00 0.000000e+00 0.000000e+00 0.000000e+00 0.000000e+00 0.000000e+00 0.000000e+00 0.000000e+00 0.000000e+00 0.000000e+00 0.000000e+00 0.000000e+00 0.000000e+00 0.000000e+00 0.000000e+00 0.000000e+00 0.000000e+00 0.000000e+00 6.119010e-42 7.528996e-18 4.297933e-16 7.763850e-08 1.180723e-16 0.000000e+00
27.000000 26.000000 28.000000 177.691470 1.199573e+03 2.079756e+08 3.040175e+02 5.220297e+09 2.781395e+06 6.509102e+04 4.556689e+04 1.070411e+11 2.268553e-01 1.069075e-02 3.265841e-05 1.012374e+03 3.097701e+01 1.883353e-03 2.039301e-07 9.754102e-19 1.113381e-01 7.357260e-02 1.412184e-04 2.310414e-05 1.835564e+11 2.784040e+11 1.743521e+06 5.673680e-07 1.396747e+04 2.907951e-09 8.468597e-44 2.245627e-01 6.515171e-06 2.633809e+00 9.227102e-03 3.444645e+04 5.713778e-03 9.758799e+00 4.940274e-03 6.285199e+00 2.744208e-03 3.791218e+01 1.164864e-11 2.460676e-11 0.000000e+00 1.015431e-31 0.000000e+00 0.000000e+00 0.000000e+00 0.000000e+00 0.000000e+00 0.000000e+00 0.000000e+00 0.000000e+00 0.000000e+00 0.000000e+00 4.879441e+13 2.143004e+14 8.717256e+07 4.889608e+17 4.357443e-04 1.105704e-03 3.983683e-04 4.589290e-02 2.761622e+02 2.919123e+04 2.032224e-02 1.278469e+06 1.904682e-08 1.361665e-08 5.764537e-12 7.185411e-15 0.000000e+00 0.000000e+00 1.116243e-07 1.349916e-07 9.568990e-04 0.000000e+00 0.000000e+00 0.000000e+00 1.236958e-33 1.753844e-61 0.000000e+00 1.570655e-104 1.668178e-04 0.000000e+00 0.000000e+00 0.000000e+00 0.000000e+00 0.000000e+00 0.000000e+00 0.000000e+00 0.000000e+00 0.000000e+00 0.000000e+00 0.000000e+00 0.000000e+00 0.000000e+00 0.000000e+00 0.000000e+00 0.000000e+00 0.000000e+00 0.000000e+00 0.000000e+00 0.000000e+00 0.000000e+00 0.000000e+00 0.000000e+00 0.000000e+00 0.000000e+00 4.092948e-43 1.968861e-18 1.156217e-16 4.931136e-08 1.486674e-15 0.000000e+00
29.000000 28.000000 30.000000 177.587595 8.256314e+02 2.251967e+08 4.144040e+02 5.381135e+09 3.424464e+06 8.402309e+04 4.814962e+04 7.187874e+10 2.312071e-01 4.223989e-03 1.861289e-05 9.452905e+02 2.667219e+01 1.231739e-03 9.968490e-08 2.672154e-19 6.472653e-02 5.570471e-02 8.234892e-05 3.091927e-04 1.472770e+11 1.805216e+11 7.562088e+05 1.000671e-06 3.871914e+04 6.427296e-09 1.198517e-42 1.449999e+00 3.384801e-05 9.887033e+00 2.239429e-02 4.012065e+04 2.999984e-02 2.381079e+01 1.348557e-02 1.300476e+01 8.114878e-03 3.256144e+01 9.592485e-11 2.649203e-11 0.000000e+00 0.000000e+00 0.000000e+00 0.000000e+00 0.000000e+00 0.000000e+00 0.000000e+00 0.000000e+00 0.000000e+00 0.000000e+00 0.000000e+00 0.000000e+00 3.359377e+13 1.476081e+14 1.623007e+08 3.367343e+17 9.383830e-04 7.410090e-04 2.470722e-03 1.389058e-01 3.266042e+02 1.754558e+04 5.817553e-02 7.878805e+05 1.849130e-07 1.526979e-08 9.376599e-12 3.516559e-14 0.000000e+00 0.000000e+00 6.823014e-08 2.510819e-07 3.105346e-03 0.000000e+00 0.000000e+00 0.000000e+00 0.000000e+00 0.000000e+00 0.000000e+00 1.081668e-104 7.078763e-04 0.000000e+00 0.000000e+00 0.000000e+00 0.000000e+00 0.000000e+00 0.000000e+00 0.000000e+00 0.000000e+00 0.000000e+00 0.000000e+00 0.000000e+00 0.000000e+00 0.000000e+00 0.000000e+00 0.000000e+00 0.000000e+00 0.000000e+00 0.000000e+00 0.000000e+00 0.000000e+00 0.000000e+00 0.000000e+00 0.000000e+00 0.000000e+00 0.000000e+00 2.308017e-44 4.702305e-19 2.791891e-17 3.276613e-08 4.066981e-15 0.000000e+00
31.000000 30.000000 32.000000 177.167795 5.680590e+02 2.258206e+08 5.014923e+02 5.364273e+09 4.060697e+06 1.002993e+05 4.755303e+04 4.784397e+10 2.195701e-01 1.630020e-03 1.053949e-05 8.288770e+02 2.285968e+01 7.909413e-04 4.558366e-08 6.664098e-20 3.838359e-02 4.056978e-02 4.552528e-05 6.929302e-03 1.189142e+11 1.151645e+11 4.091550e+05 2.742578e-06 1.254476e+05 2.300595e-08 2.258471e-41 1.573261e+01 2.845998e-04 6.817075e+01 1.140960e-01 4.811181e+04 2.839869e-01 1.208680e+02 7.964898e-02 6.223538e+01 4.875291e-02 2.784203e+01 6.069147e-08 1.026026e-10 0.000000e+00 1.531709e-33 0.000000e+00 0.000000e+00 0.000000e+00 0.000000e+00 0.000000e+00 0.000000e+00 0.000000e+00 0.000000e+00 0.000000e+00 0.000000e+00 2.316027e+13 1.018202e+14 2.772046e+08 2.322322e+17 1.830210e-03 4.840506e-04 2.678665e-02 7.474242e-01 7.210414e+02 1.034922e+04 2.245599e-01 4.967605e+05 2.968909e-06 3.167179e-08 2.006909e-11 2.806667e-13 0.000000e+00 0.000000e+00 3.782669e-08 7.961824e-07 9.238794e-03 0.000000e+00 0.000000e+00 0.000000e+00 1.764174e-35 1.043414e-63 0.000000e+00 7.459837e-105 5.331785e-03 0.000000e+00 0.000000e+00 0.000000e+00 0.000000e+00 0.000000e+00 0.000000e+00 0.000000e+00 0.000000e+00 0.000000e+00 0.000000e+00 0.000000e+00 0.000000e+00 0.000000e+00 0.000000e+00 0.000000e+00 0.000000e+00 0.000000e+00 0.000000e+00 0.000000e+00 0.000000e+00 0.000000e+00 0.000000e+00 0.000000e+00 0.000000e+00 0.000000e+00 1.303001e-45 1.121659e-19 6.624106e-18 4.067368e-08 1.697255e-14 0.000000e+00
33.000000 32.000000 34.000000 176.699121 3.905670e+02 2.119057e+08 5.366413e+02 5.224421e+09 4.638295e+06 1.106004e+05 4.369409e+04 3.160355e+10 1.973012e-01 6.507348e-04 6.261847e-06 6.711418e+02 1.940850e+01 4.975873e-04 1.944191e-08 1.507868e-20 2.306288e-02 2.816815e-02 2.371412e-05 1.121305e-01 9.628085e+10 7.182270e+10 5.691267e+05 1.025487e-05 3.432537e+05 1.188354e-07 2.661351e-40 1.190132e+02 1.626747e-03 3.606261e+02 5.568369e-01 5.688522e+04 2.040848e+00 5.135870e+02 4.002288e-01 2.722843e+02 2.509155e-01 2.357866e+01 2.500675e-07 5.377778e-10 0.000000e+00 0.000000e+00 0.000000e+00 0.000000e+00 0.000000e+00 0.000000e+00 0.000000e+00 0.000000e+00 0.000000e+00 0.000000e+00 0.000000e+00 0.000000e+00 1.595926e+13 7.020859e+13 4.358941e+08 1.600940e+17 3.213877e-03 3.122637e-04 2.178699e-01 3.054827e+00 2.729211e+03 6.064946e+03 7.893151e-01 3.126618e+05 3.270358e-05 7.637827e-08 3.792773e-11 1.540816e-12 0.000000e+00 0.000000e+00 1.891146e-08 3.961642e-06 2.326212e-02 0.000000e+00 0.000000e+00 0.000000e+00 0.000000e+00 0.000000e+00 0.000000e+00 5.142590e-105 3.036502e-02 0.000000e+00 0.000000e+00 0.000000e+00 0.000000e+00 0.000000e+00 0.000000e+00 0.000000e+00 0.000000e+00 0.000000e+00 0.000000e+00 0.000000e+00 0.000000e+00 0.000000e+00 0.000000e+00 0.000000e+00 0.000000e+00 0.000000e+00 0.000000e+00 0.000000e+00 0.000000e+00 0.000000e+00 0.000000e+00 0.000000e+00 0.000000e+00 0.000000e+00 8.999816e-47 2.958936e-20 1.715681e-18 8.707369e-08 4.970688e-14 0.000000e+00
35.000000 34.000000 36.000000 176.402184 2.683697e+02 1.893793e+08 5.130084e+02 5.029097e+09 5.113755e+06 1.134567e+05 3.733914e+04 2.086055e+10 1.716130e-01 3.069054e-04 4.437982e-06 5.056564e+02 1.635708e+01 3.096029e-04 7.847259e-09 3.169414e-21 1.398814e-02 1.863163e-02 1.171466e-05 6.435457e-01 7.819633e+10 4.338555e+10 8.017416e+05 1.895691e-05 6.294695e+05 2.703936e-07 1.280568e-39 3.603575e+02 3.610098e-03 7.043819e+02 1.070361e+00 6.422952e+04 5.440698e+00 8.495996e+02 7.494457e-01 4.536156e+02 4.755304e-01 1.977355e+01 5.838250e-07 1.408447e-09 0.000000e+00 3.624022e-33 0.000000e+00 0.000000e+00 0.000000e+00 0.000000e+00 0.000000e+00 0.000000e+00 0.000000e+00 0.000000e+00 0.000000e+00 0.000000e+00 1.097864e+13 4.833676e+13 6.384552e+08 1.101903e+17 5.126749e-03 2.020513e-04 6.603744e-01 4.682036e+00 5.173840e+03 3.573727e+03 1.608655e+00 1.918884e+05 1.412432e-04 9.965816e-08 4.074523e-11 3.337674e-12 0.000000e+00 0.000000e+00 8.638425e-09 9.085778e-06 4.776659e-02 0.000000e+00 0.000000e+00 0.000000e+00 4.437075e-35 1.687250e-63 0.000000e+00 3.539567e-105 6.452556e-02 0.000000e+00 0.000000e+00 0.000000e+00 0.000000e+00 0.000000e+00 0.000000e+00 0.000000e+00 0.000000e+00 0.000000e+00 0.000000e+00 0.000000e+00 0.000000e+00 0.000000e+00 0.000000e+00 0.000000e+00 0.000000e+00 0.000000e+00 0.000000e+00 0.000000e+00 0.000000e+00 0.000000e+00 0.000000e+00 0.000000e+00 0.000000e+00 0.000000e+00 1.238457e-47 1.105358e-20 6.242078e-19 1.155877e-07 6.934916e-14 0.000000e+00
37.000000 36.000000 38.000000 176.413849 1.843799e+02 1.637945e+08 4.456891e+02 4.849817e+09 5.517985e+06 1.099466e+05 3.040417e+04 1.395700e+10 1.446598e-01 1.979430e-04 4.300505e-06 3.614158e+02 1.361864e+01 1.906046e-04 3.010997e-09 6.205791e-22 8.494296e-03 1.181799e-02 5.550945e-06 2.591386e+00 6.348800e+10 2.520007e+10 9.825394e+05 2.795153e-05 1.017199e+06 4.323185e-07 5.221339e-39 8.296139e+02 5.987920e-03 1.019404e+03 1.548715e+00 6.924399e+04 1.096124e+01 1.053082e+03 1.025705e+00 5.551398e+02 6.465427e-01 1.632267e+01 1.342258e-06 3.086226e-09 0.000000e+00 0.000000e+00 0.000000e+00 0.000000e+00 0.000000e+00 0.000000e+00 0.000000e+00 0.000000e+00 0.000000e+00 0.000000e+00 0.000000e+00 0.000000e+00 7.537073e+12 3.321677e+13 8.867456e+08 7.569986e+16 7.680145e-03 1.310367e-04 1.540204e+00 5.514661e+00 7.766879e+03 2.138805e+03 2.754581e+00 1.135708e+05 4.529895e-04 1.047288e-07 3.599719e-11 5.407340e-12 0.000000e+00 0.000000e+00 3.651866e-09 1.534727e-05 8.349498e-02 0.000000e+00 0.000000e+00 0.000000e+00 0.000000e+00 0.000000e+00 0.000000e+00 2.431653e-105 1.053603e-01 0.000000e+00 0.000000e+00 0.000000e+00 0.000000e+00 0.000000e+00 0.000000e+00 0.000000e+00 0.000000e+00 0.000000e+00 0.000000e+00 0.000000e+00 0.000000e+00 0.000000e+00 0.000000e+00 0.000000e+00 0.000000e+00 0.000000e+00 0.000000e+00 0.000000e+00 0.000000e+00 0.000000e+00 0.000000e+00 0.000000e+00 0.000000e+00 0.000000e+00 5.826691e-48 7.611255e-21 4.187967e-19 1.703818e-07 9.797482e-14 0.000000e+00
39.000000 38.000000 40.000000 176.756091 1.267611e+02 1.388053e+08 3.564446e+02 4.764417e+09 5.937057e+06 1.022593e+05 2.443206e+04 9.602397e+09 1.179349e-01 1.767038e-04 5.683442e-06 2.507831e+02 1.122089e+01 1.160705e-04 1.097945e-09 1.124890e-22 5.176363e-03 7.331037e-03 2.566409e-06 1.075015e+01 5.168785e+10 1.383404e+10 1.454650e+06 4.901528e-05 1.664902e+06 7.453580e-07 2.647752e-38 1.989472e+03 1.034726e-02 1.660318e+03 2.547633e+00 7.271390e+04 2.629126e+01 1.476483e+03 1.572207e+00 7.530293e+02 9.536171e-01 1.327973e+01 3.821030e-06 8.202690e-09 0.000000e+00 0.000000e+00 0.000000e+00 0.000000e+00 0.000000e+00 0.000000e+00 0.000000e+00 0.000000e+00 0.000000e+00 0.000000e+00 0.000000e+00 0.000000e+00 5.167031e+12 2.279934e+13 1.187057e+09 5.194282e+16 1.120413e-02 8.591487e-05 4.361149e+00 7.799675e+00 1.406613e+04 1.392798e+03 5.018982e+00 6.531098e+04 1.490949e-03 1.179056e-07 3.300419e-11 8.999925e-12 0.000000e+00 0.000000e+00 1.447906e-09 2.938966e-05 1.307903e-01 0.000000e+00 0.000000e+00 0.000000e+00 0.000000e+00 0.000000e+00 0.000000e+00 1.668523e-105 2.090971e-01 0.000000e+00 0.000000e+00 0.000000e+00 0.000000e+00 0.000000e+00 0.000000e+00 0.000000e+00 0.000000e+00 0.000000e+00 0.000000e+00 0.000000e+00 0.000000e+00 0.000000e+00 0.000000e+00 0.000000e+00 0.000000e+00 0.000000e+00 0.000000e+00 0.000000e+00 0.000000e+00 0.000000e+00 0.000000e+00 0.000000e+00 0.000000e+00 0.000000e+00 9.063628e-48 9.483913e-21 5.151785e-19 3.991993e-07 1.862686e-13 0.000000e+00
41.000000 40.000000 42.000000 177.228381 8.724435e+01 1.134086e+08 2.706524e+02 4.758305e+09 6.639439e+06 9.534292e+04 2.105036e+04 6.908531e+09 9.011112e-02 1.840109e-04 8.655948e-06 1.716096e+02 9.122599e+00 7.125110e-05 3.835521e-10 1.929187e-23 3.166108e-03 4.630567e-03 1.233073e-06 3.443823e+01 4.223567e+10 7.067672e+09 2.062414e+06 8.655537e-05 2.406400e+06 1.228547e-06 1.333108e-37 3.994072e+03 1.501406e-02 2.435754e+03 3.813242e+00 7.250743e+04 6.144081e+01 1.870308e+03 2.241787e+00 8.873515e+02 1.248687e+00 1.057547e+01 1.091782e-05 2.209218e-08 0.000000e+00 2.790149e-32 0.000000e+00 0.000000e+00 0.000000e+00 0.000000e+00 0.000000e+00 0.000000e+00 0.000000e+00 0.000000e+00 0.000000e+00 0.000000e+00 3.542444e+12 1.565457e+13 1.596678e+09 3.565481e+16 1.617217e-02 5.731033e-05 1.217650e+01 1.087165e+01 2.554336e+04 1.050086e+03 8.606501e+00 3.741814e+04 4.138987e-03 1.240046e-07 2.827875e-11 1.221930e-11 0.000000e+00 0.000000e+00 5.711572e-10 5.520457e-05 1.823283e-01 0.000000e+00 0.000000e+00 0.000000e+00 3.166076e-33 0.000000e+00 0.000000e+00 1.145314e-105 4.140848e-01 0.000000e+00 0.000000e+00 0.000000e+00 0.000000e+00 0.000000e+00 0.000000e+00 0.000000e+00 0.000000e+00 0.000000e+00 0.000000e+00 0.000000e+00 0.000000e+00 0.000000e+00 0.000000e+00 0.000000e+00 0.000000e+00 0.000000e+00 0.000000e+00 0.000000e+00 0.000000e+00 0.000000e+00 0.000000e+00 0.000000e+00 0.000000e+00 0.000000e+00 2.373998e-47 1.533115e-20 8.318960e-19 1.018232e-06 3.249709e-13 0.000000e+00
43.000000 42.000000 44.000000 177.393870 6.010475e+01 8.219311e+07 2.313501e+02 4.472273e+09 8.611368e+06 1.067502e+05 2.395092e+04 5.230190e+09 5.853437e-02 1.823072e-04 1.339812e-05 1.171960e+02 7.323281e+00 5.454522e-05 1.571711e-10 4.730739e-24 1.928139e-03 3.340001e-03 8.535276e-07 5.300788e+01 3.565989e+10 3.286908e+09 2.065123e+06 1.417293e-04 2.691439e+06 2.196467e-06 5.029984e-37 5.866021e+03 1.585353e-02 2.568540e+03 4.102142e+00 6.469171e+04 1.127253e+02 1.602694e+03 2.624703e+00 6.756553e+02 1.313509e+00 8.176741e+00 2.328113e-05 5.329597e-08 0.000000e+00 1.277877e-32 0.000000e+00 0.000000e+00 0.000000e+00 0.000000e+00 0.000000e+00 0.000000e+00 0.000000e+00 0.000000e+00 0.000000e+00 0.000000e+00 2.433185e+12 1.077746e+13 2.575428e+09 2.454054e+16 2.308040e-02 3.836782e-05 2.549240e+01 1.233909e+01 3.900253e+04 8.737860e+02 1.310700e+01 2.169635e+04 8.891805e-03 1.200307e-07 2.651963e-11 1.157662e-11 0.000000e+00 0.000000e+00 3.272523e-10 1.024039e-04 2.298192e-01 0.000000e+00 0.000000e+00 0.000000e+00 0.000000e+00 0.000000e+00 0.000000e+00 7.882988e-106 6.331287e-01 0.000000e+00 0.000000e+00 0.000000e+00 0.000000e+00 0.000000e+00 0.000000e+00 0.000000e+00 0.000000e+00 0.000000e+00 0.000000e+00 0.000000e+00 0.000000e+00 0.000000e+00 0.000000e+00 0.000000e+00 0.000000e+00 0.000000e+00 0.000000e+00 0.000000e+00 0.000000e+00 0.000000e+00 0.000000e+00 0.000000e+00 0.000000e+00 0.000000e+00 7.182580e-47 2.692734e-20 1.388445e-18 2.075730e-06 4.000122e-13 0.000000e+00
45.000000 44.000000 46.000000 176.754591 4.140181e+01 6.293463e+07 3.692465e+02 3.331388e+09 1.138557e+07 1.709498e+05 2.849130e+04 3.676361e+09 3.640047e-02 9.635033e-05 1.368886e-05 8.087502e+01 5.738699e+00 7.971511e-05 1.567745e-10 5.375028e-24 1.008414e-03 2.410304e-03 1.132564e-06 2.825093e+01 3.484754e+10 1.381753e+09 1.721334e+06 2.081430e-04 2.165065e+06 6.078560e-06 1.100836e-36 6.300950e+03 1.259310e-02 2.157577e+03 3.355022e+00 4.552578e+04 1.803736e+02 1.161194e+03 3.283882e+00 4.186720e+02 1.458754e+00 6.053931e+00 3.538367e-05 1.232568e-07 0.000000e+00 3.677398e-31 0.000000e+00 0.000000e+00 0.000000e+00 0.000000e+00 0.000000e+00 0.000000e+00 0.000000e+00 0.000000e+00 0.000000e+00 0.000000e+00 1.672802e+12 7.452688e+12 5.951613e+09 1.696534e+16 3.330718e-02 2.470426e-05 3.863828e+01 1.284076e+01 4.734791e+04 8.738098e+02 1.766543e+01 1.011480e+04 1.622870e-02 1.329157e-07 4.116640e-11 7.491755e-12 0.000000e+00 0.000000e+00 5.068269e-10 2.143264e-04 2.593111e-01 0.000000e+00 0.000000e+00 0.000000e+00 1.328097e-33 0.000000e+00 0.000000e+00 5.449659e-106 7.152010e-01 0.000000e+00 0.000000e+00 0.000000e+00 0.000000e+00 0.000000e+00 0.000000e+00 0.000000e+00 0.000000e+00 0.000000e+00 0.000000e+00 0.000000e+00 0.000000e+00 0.000000e+00 0.000000e+00 0.000000e+00 0.000000e+00 0.000000e+00 0.000000e+00 0.000000e+00 0.000000e+00 0.000000e+00 0.000000e+00 0.000000e+00 0.000000e+00 0.000000e+00 6.638556e-47 2.603033e-20 1.046463e-18 2.176585e-06 2.423128e-13 0.000000e+00
47.000000 46.000000 48.000000 174.986877 2.845215e+01 1.083417e+08 1.580996e+03 1.970057e+09 7.637778e+06 2.651146e+05 1.258052e+04 1.811516e+09 4.414965e-02 1.336805e-05 4.123486e-06 5.664518e+01 4.382007e+00 1.564841e-04 4.907575e-10 2.489380e-23 3.078200e-04 8.812507e-04 1.057288e-06 8.416211e+00 4.352656e+10 5.068034e+08 1.775554e+06 1.246401e-04 1.268013e+06 1.084113e-05 1.160679e-36 4.695778e+03 7.513884e-03 1.432080e+03 1.759508e+00 1.808836e+04 2.875336e+02 1.475012e+03 4.485077e+00 3.285276e+02 1.254893e+00 4.285499e+00 4.545430e-05 1.748998e-07 0.000000e+00 0.000000e+00 0.000000e+00 0.000000e+00 0.000000e+00 0.000000e+00 0.000000e+00 0.000000e+00 0.000000e+00 0.000000e+00 0.000000e+00 0.000000e+00 1.142311e+12 5.175477e+12 1.368542e+10 1.177670e+16 5.147533e-02 9.712261e-06 4.423143e+01 1.219971e+01 2.350266e+04 8.992650e+02 1.429267e+01 2.818796e+03 2.353463e-02 9.774912e-08 5.109699e-11 3.169825e-12 0.000000e+00 0.000000e+00 1.192917e-09 1.828789e-04 2.581754e-01 0.000000e+00 0.000000e+00 0.000000e+00 0.000000e+00 0.000000e+00 0.000000e+00 3.782948e-106 5.981981e-01 0.000000e+00 0.000000e+00 0.000000e+00 0.000000e+00 0.000000e+00 0.000000e+00 0.000000e+00 0.000000e+00 0.000000e+00 0.000000e+00 0.000000e+00 0.000000e+00 0.000000e+00 0.000000e+00 0.000000e+00 0.000000e+00 0.000000e+00 0.000000e+00 0.000000e+00 0.000000e+00 0.000000e+00 0.000000e+00 0.000000e+00 0.000000e+00 0.000000e+00 1.407943e-48 3.037386e-21 7.609840e-20 4.023535e-07 4.033086e-14 0.000000e+00
49.000000 48.000000 50.000000 172.141680 1.945889e+01 6.343629e+08 1.308050e+04 1.424303e+09 1.602840e+06 2.023305e+05 2.671612e+03 6.183953e+08 1.784820e-01 7.742639e-07 3.550922e-07 3.954796e+01 3.163965e+00 1.401694e-04 2.078085e-09 7.078782e-23 2.928929e-05 9.765193e-05 1.592945e-07 3.437306e+00 5.364529e+10 1.718528e+08 1.423992e+06 1.782954e-05 5.557634e+05 2.255263e-06 3.437705e-37 1.314413e+03 9.924864e-04 3.188163e+02 1.300313e-01 5.562045e+03 3.730572e+02 3.832028e+03 3.691184e+00 2.269307e+02 3.835854e-01 2.897714e+00 1.954520e-05 4.077935e-08 0.000000e+00 0.000000e+00 0.000000e+00 0.000000e+00 0.000000e+00 0.000000e+00 0.000000e+00 0.000000e+00 0.000000e+00 0.000000e+00 0.000000e+00 0.000000e+00 7.709537e+11 3.599276e+12 2.106898e+10 8.187400e+15 8.133570e-02 1.789217e-06 3.880196e+01 7.278868e+00 2.237235e+03 4.253263e+02 4.999245e+00 3.014847e+02 1.132644e-02 1.115468e-08 1.298911e-11 2.920630e-13 0.000000e+00 0.000000e+00 6.981560e-10 2.017564e-05 2.180440e-01 0.000000e+00 0.000000e+00 0.000000e+00 0.000000e+00 0.000000e+00 0.000000e+00 2.629981e-106 4.114882e-01 0.000000e+00 0.000000e+00 0.000000e+00 0.000000e+00 0.000000e+00 0.000000e+00 0.000000e+00 0.000000e+00 0.000000e+00 0.000000e+00 0.000000e+00 0.000000e+00 0.000000e+00 0.000000e+00 0.000000e+00 0.000000e+00 0.000000e+00 0.000000e+00 0.000000e+00 0.000000e+00 0.000000e+00 0.000000e+00 0.000000e+00 0.000000e+00 0.000000e+00 1.359823e-50 5.753012e-23 1.039360e-21 3.196478e-08 2.474975e-15 0.000000e+00
51.000000 50.000000 52.000000 168.702279 1.321647e+01 4.657708e+09 7.342859e+04 1.348206e+09 1.473310e+05 4.206734e+04 1.703362e+02 1.887417e+08 7.875240e-01 4.310381e-08 2.694799e-08 2.678128e+01 1.695832e+00 6.802487e-05 4.715379e-09 5.901226e-23 1.482639e-06 3.607013e-06 7.659675e-09 1.473963e+00 5.401180e+10 5.844867e+07 6.323247e+05 2.065453e-06 1.867125e+05 1.237222e-07 2.022020e-38 9.217944e+01 9.238873e-06 1.178378e+01 7.252246e-04 1.717862e+03 2.205240e+02 4.695199e+03 1.049321e+00 9.490676e+00 1.544835e-02 1.887132e+00 2.867181e-06 2.619983e-09 0.000000e+00 3.045966e-35 0.000000e+00 0.000000e+00 0.000000e+00 0.000000e+00 0.000000e+00 0.000000e+00 0.000000e+00 0.000000e+00 0.000000e+00 0.000000e+00 5.175353e+11 2.494844e+12 2.096877e+10 5.674253e+15 1.152198e-01 5.311820e-07 1.764991e+01 2.308067e+00 1.301918e+02 9.951458e+01 8.658773e-01 9.462976e+00 1.039332e-03 5.267746e-10 9.694546e-13 1.655258e-15 0.000000e+00 0.000000e+00 5.759374e-11 8.808932e-07 1.562036e-01 0.000000e+00 0.000000e+00 0.000000e+00 2.863230e-36 3.001223e-67 0.000000e+00 1.822701e-106 2.615162e-01 0.000000e+00 0.000000e+00 0.000000e+00 0.000000e+00 0.000000e+00 0.000000e+00 0.000000e+00 0.000000e+00 0.000000e+00 0.000000e+00 0.000000e+00 0.000000e+00 0.000000e+00 0.000000e+00 0.000000e+00 0.000000e+00 0.000000e+00 0.000000e+00 0.000000e+00 0.000000e+00 0.000000e+00 0.000000e+00 0.000000e+00 0.000000e+00 0.000000e+00 1.556383e-52 7.647921e-25 1.282373e-23 2.847027e-09 1.617942e-16 0.000000e+00
53.000000 52.000000 54.000000 165.384295 8.908139e+00 1.038106e+10 1.075923e+05 1.150884e+09 3.651399e+04 1.031973e+04 1.074897e+01 5.362176e+07 1.025254e+00 4.094279e-09 5.540909e-09 1.726401e+01 8.046140e-01 2.922975e-05 2.840347e-09 1.169576e-23 1.848708e-07 2.954435e-07 4.989421e-10 4.607315e-01 4.964070e+10 1.840403e+07 2.166537e+05 2.297989e-07 5.288910e+04 6.237746e-09 3.564733e-38 7.367882e+00 2.326677e-07 6.670330e-01 1.449172e-05 4.868864e+02 7.445836e+01 3.004255e+03 1.993978e-01 2.584947e-01 8.190061e-04 1.186740e+00 1.162888e-06 1.870970e-10 0.000000e+00 8.197657e-36 0.000000e+00 0.000000e+00 0.000000e+00 0.000000e+00 0.000000e+00 0.000000e+00 0.000000e+00 0.000000e+00 0.000000e+00 0.000000e+00 3.433428e+11 1.715594e+12 1.709635e+10 3.901276e+15 1.470506e-01 1.771126e-07 4.960022e+00 6.693732e-01 2.157372e+01 2.550739e+01 1.601564e-01 9.111703e-01 1.014400e-04 3.479257e-11 6.148679e-14 2.460618e-17 0.000000e+00 0.000000e+00 4.456107e-12 8.861611e-08 1.050629e-01 0.000000e+00 0.000000e+00 0.000000e+00 1.802794e-36 1.072854e-67 0.000000e+00 1.253180e-106 1.451704e-01 0.000000e+00 0.000000e+00 0.000000e+00 0.000000e+00 0.000000e+00 0.000000e+00 0.000000e+00 0.000000e+00 0.000000e+00 0.000000e+00 0.000000e+00 0.000000e+00 0.000000e+00 0.000000e+00 0.000000e+00 0.000000e+00 0.000000e+00 0.000000e+00 0.000000e+00 0.000000e+00 0.000000e+00 0.000000e+00 0.000000e+00 0.000000e+00 0.000000e+00 1.774549e-54 1.263528e-26 1.823614e-25 2.517840e-10 1.033575e-17 0.000000e+00
55.000000 54.000000 56.000000 163.208042 5.965337e+00 1.463962e+10 8.622548e+04 9.258884e+08 1.248845e+04 2.981777e+03 8.161037e-01 1.452032e+07 9.568259e-01 6.317378e-10 1.740110e-09 1.048217e+01 3.708703e-01 1.016220e-05 9.056436e-10 9.805002e-25 3.346297e-08 3.222336e-08 3.870321e-11 3.507612e-01 4.260702e+10 5.435380e+06 6.945981e+04 2.521000e-08 1.373053e+04 3.067891e-10 1.745739e-36 1.313908e+00 1.840194e-08 7.515186e-02 8.787338e-07 1.284519e+02 2.065902e+01 1.726989e+03 3.806281e-02 1.430984e-02 8.816252e-05 7.236021e-01 6.849072e-07 1.842983e-11 0.000000e+00 1.556484e-36 0.000000e+00 0.000000e+00 0.000000e+00 0.000000e+00 0.000000e+00 0.000000e+00 0.000000e+00 0.000000e+00 0.000000e+00 0.000000e+00 2.240708e+11 1.164571e+12 1.226836e+10 2.647325e+15 1.710866e-01 6.346181e-08 1.331210e+00 2.039584e-01 5.139051e+00 7.664499e+00 3.648394e-02 1.449448e-01 2.168956e-05 2.681654e-12 3.647455e-15 1.297505e-18 0.000000e+00 0.000000e+00 3.172877e-13 1.087712e-08 6.866033e-02 0.000000e+00 0.000000e+00 0.000000e+00 4.754620e-37 2.016132e-68 0.000000e+00 8.503822e-107 7.274601e-02 0.000000e+00 0.000000e+00 0.000000e+00 0.000000e+00 0.000000e+00 0.000000e+00 0.000000e+00 0.000000e+00 0.000000e+00 0.000000e+00 0.000000e+00 0.000000e+00 0.000000e+00 0.000000e+00 0.000000e+00 0.000000e+00 0.000000e+00 0.000000e+00 0.000000e+00 0.000000e+00 0.000000e+00 0.000000e+00 0.000000e+00 0.000000e+00 0.000000e+00 2.011784e-56 3.977733e-28 4.713298e-27 2.209421e-11 6.458806e-19 0.000000e+00
57.000000 56.000000 58.000000 164.007912 3.987473e+00 1.672905e+10 4.503831e+04 7.278645e+08 4.646346e+03 8.699417e+02 6.574383e-02 3.778401e+06 7.758126e-01 1.412980e-10 7.981474e-10 5.956772e+00 1.645367e-01 3.115664e-06 2.071092e-10 4.879548e-26 7.362980e-09 3.465801e-09 2.889393e-12 2.193924e+00 3.452528e+10 1.521219e+06 2.046947e+04 2.763186e-09 3.347505e+03 1.456515e-11 2.725077e-35 2.921480e-01 2.802799e-09 1.329090e-02 1.128982e-07 3.192396e+01 4.333819e+00 9.472914e+02 7.250964e-03 1.668378e-03 1.633748e-05 4.266616e-01 4.417710e-07 2.747030e-12 0.000000e+00 1.639722e-41 0.000000e+00 0.000000e+00 0.000000e+00 0.000000e+00 0.000000e+00 0.000000e+00 0.000000e+00 0.000000e+00 0.000000e+00 0.000000e+00 1.428657e+11 7.753201e+11 7.757952e+09 1.760949e+15 1.832764e-01 2.344905e-08 3.620997e-01 6.472311e-02 1.386828e+00 2.561419e+00 9.064255e-03 2.630496e-02 5.747776e-06 2.041927e-13 1.907183e-16 1.396706e-19 0.000000e+00 0.000000e+00 1.876129e-14 1.226981e-09 4.346559e-02 0.000000e+00 0.000000e+00 0.000000e+00 1.329771e-42 3.498603e-73 0.000000e+00 5.656576e-107 3.385825e-02 0.000000e+00 0.000000e+00 0.000000e+00 0.000000e+00 0.000000e+00 0.000000e+00 0.000000e+00 0.000000e+00 0.000000e+00 0.000000e+00 0.000000e+00 0.000000e+00 0.000000e+00 0.000000e+00 0.000000e+00 0.000000e+00 0.000000e+00 0.000000e+00 0.000000e+00 0.000000e+00 0.000000e+00 0.000000e+00 0.000000e+00 0.000000e+00 0.000000e+00 2.261480e-58 4.531928e-29 4.304739e-28 1.919072e-12 3.949120e-20 0.000000e+00
59.000000 58.000000 60.000000 170.212413 2.687222e+00 1.666883e+10 1.532141e+04 5.694167e+08 1.787399e+03 2.382603e+02 4.712549e-03 9.498216e+05 5.786824e-01 5.002405e-11 6.212277e-10 3.167418e+00 6.830533e-02 8.364220e-07 3.513622e-11 1.459500e-27 2.163996e-09 3.245388e-10 1.819142e-13 1.417279e+01 2.664891e+10 4.064024e+05 5.307935e+03 3.350140e-10 7.694130e+02 6.592668e-13 1.495272e-34 5.772699e-02 5.968423e-10 2.726915e-03 2.416749e-08 7.540059e+00 5.755872e-01 4.865545e+02 1.327523e-03 2.713332e-04 4.257959e-06 2.426323e-01 2.850825e-07 1.447978e-12 0.000000e+00 1.316435e-42 0.000000e+00 0.000000e+00 0.000000e+00 0.000000e+00 0.000000e+00 0.000000e+00 0.000000e+00 0.000000e+00 0.000000e+00 0.000000e+00 8.854065e+10 5.045048e+11 4.249861e+09 1.143474e+15 1.833546e-01 8.912284e-09 1.000263e-01 2.148078e-02 3.988001e-01 9.615425e-01 2.356846e-03 4.822327e-03 1.365051e-06 1.393441e-14 7.976139e-18 2.172097e-20 0.000000e+00 0.000000e+00 8.143417e-16 1.112019e-10 2.635483e-02 0.000000e+00 0.000000e+00 0.000000e+00 1.066972e-43 0.000000e+00 0.000000e+00 3.673103e-107 1.493745e-02 0.000000e+00 0.000000e+00 0.000000e+00 0.000000e+00 0.000000e+00 0.000000e+00 0.000000e+00 0.000000e+00 0.000000e+00 0.000000e+00 0.000000e+00 0.000000e+00 0.000000e+00 0.000000e+00 0.000000e+00 0.000000e+00 0.000000e+00 0.000000e+00 0.000000e+00 0.000000e+00 0.000000e+00 0.000000e+00 0.000000e+00 0.000000e+00 0.000000e+00 2.511644e-60 2.115554e-29 1.573695e-28 1.644710e-13 2.361179e-21 0.000000e+00
61.000000 60.000000 62.000000 182.646769 1.848788e+00 1.495761e+10 3.585451e+03 4.529229e+08 7.504365e+02 6.224992e+01 2.928271e-04 2.351562e+05 4.110284e-01 2.888219e-11 8.278392e-10 1.601298e+00 2.657951e-02 1.993646e-07 4.604845e-12 2.803526e-29 1.353032e-09 2.787600e-11 9.871869e-15 6.476851e+01 2.002299e+10 1.049144e+05 1.175172e+03 1.127321e-10 1.651499e+02 2.860624e-14 3.936298e-34 9.677117e-03 1.550100e-10 5.620784e-04 8.218816e-09 1.714352e+00 4.713770e-02 2.281416e+02 2.274563e-04 5.630431e-05 1.505375e-06 1.344068e-01 1.825712e-07 3.694167e-12 0.000000e+00 8.155653e-38 0.000000e+00 0.000000e+00 0.000000e+00 0.000000e+00 0.000000e+00 0.000000e+00 0.000000e+00 0.000000e+00 0.000000e+00 0.000000e+00 5.383149e+10 3.248414e+11 2.058155e+09 7.331431e+14 1.766766e-01 3.632868e-09 2.867120e-02 7.523010e-03 1.207639e-01 4.178060e-01 6.396024e-04 9.428713e-04 2.799277e-07 8.546267e-16 2.647865e-19 4.257692e-21 0.000000e+00 0.000000e+00 2.641962e-17 8.122890e-12 1.529492e-02 0.000000e+00 0.000000e+00 0.000000e+00 2.512835e-38 0.000000e+00 0.000000e+00 2.355027e-107 6.307430e-03 0.000000e+00 0.000000e+00 0.000000e+00 0.000000e+00 0.000000e+00 0.000000e+00 0.000000e+00 0.000000e+00 0.000000e+00 0.000000e+00 0.000000e+00 0.000000e+00 0.000000e+00 0.000000e+00 0.000000e+00 0.000000e+00 0.000000e+00 0.000000e+00 0.000000e+00 0.000000e+00 0.000000e+00 0.000000e+00 0.000000e+00 0.000000e+00 0.000000e+00 2.770476e-62 3.024606e-29 1.768767e-28 1.395746e-14 1.387349e-22 0.000000e+00
63.000000 62.000000 64.000000 199.229901 1.308447e+00 1.261010e+10 6.975847e+02 3.717136e+08 4.229439e+02 1.658569e+01 1.783221e-05 6.053276e+04 2.881092e-01 2.137669e-11 1.397320e-09 7.902555e-01 1.024006e-02 4.591232e-08 5.463262e-13 4.297711e-31 1.817771e-09 3.036682e-12 5.920710e-16 2.269880e+02 1.510251e+10 2.662795e+04 2.298119e+02 1.642179e-10 3.214428e+01 1.189709e-15 6.870239e-34 1.519457e-03 4.792251e-11 1.155436e-04 4.428891e-09 3.814740e-01 3.117983e-03 9.706769e+01 3.901176e-05 1.700925e-05 7.580838e-07 7.409614e-02 1.182447e-07 1.437919e-11 0.000000e+00 3.152132e-38 0.000000e+00 0.000000e+00 0.000000e+00 0.000000e+00 0.000000e+00 0.000000e+00 0.000000e+00 0.000000e+00 0.000000e+00 0.000000e+00 3.281604e+10 2.121986e+11 9.383261e+08 4.756807e+14 1.696183e-01 1.696046e-09 8.677462e-03 2.990282e-03 3.778918e-02 2.092437e-01 1.790033e-04 2.546781e-04 5.421206e-08 5.197088e-17 7.809879e-21 1.030650e-21 0.000000e+00 0.000000e+00 7.758258e-19 5.444512e-13 8.626937e-03 0.000000e+00 0.000000e+00 0.000000e+00 8.178443e-39 1.798529e-71 0.000000e+00 1.527996e-107 2.546243e-03 0.000000e+00 0.000000e+00 0.000000e+00 0.000000e+00 0.000000e+00 0.000000e+00 0.000000e+00 0.000000e+00 0.000000e+00 0.000000e+00 0.000000e+00 0.000000e+00 0.000000e+00 0.000000e+00 0.000000e+00 0.000000e+00 0.000000e+00 0.000000e+00 0.000000e+00 0.000000e+00 0.000000e+00 0.000000e+00 0.000000e+00 0.000000e+00 0.000000e+00 6.882387e-64 6.436808e-29 3.044579e-28 1.188432e-15 8.110257e-24 0.000000e+00
65.000000 64.000000 66.000000 208.139999 9.432916e-01 1.072623e+10 1.751238e+02 3.120286e+08 3.298767e+02 5.077081e+00 1.627754e-06 1.782484e+04 2.109979e-01 1.133640e-11 1.382256e-09 3.994578e-01 4.294506e-03 1.267480e-08 8.938078e-14 9.459458e-33 1.739361e-09 6.010555e-13 6.383146e-17 6.454215e+02 1.202989e+10 6.816718e+03 5.335871e+01 8.799487e-11 5.971710e+00 4.868103e-17 9.345650e-34 3.096812e-04 1.502826e-11 2.703275e-05 1.747048e-09 8.508976e-02 4.306080e-04 4.166327e+01 8.437664e-06 5.095260e-06 2.899006e-07 4.259330e-02 8.162351e-08 2.085054e-11 0.000000e+00 1.251700e-39 0.000000e+00 0.000000e+00 0.000000e+00 0.000000e+00 0.000000e+00 0.000000e+00 0.000000e+00 0.000000e+00 0.000000e+00 0.000000e+00 2.103695e+10 1.470034e+11 4.393723e+08 3.282496e+14 1.605111e-01 9.109263e-10 2.897143e-03 1.669522e-03 1.166422e-02 1.119726e-01 4.472223e-05 1.167504e-04 1.342659e-08 3.856636e-18 2.783296e-22 2.699473e-22 0.000000e+00 0.000000e+00 3.553981e-20 4.687797e-14 5.084125e-03 0.000000e+00 0.000000e+00 0.000000e+00 2.773696e-40 0.000000e+00 0.000000e+00 1.054414e-107 9.641713e-04 0.000000e+00 0.000000e+00 0.000000e+00 0.000000e+00 0.000000e+00 0.000000e+00 0.000000e+00 0.000000e+00 0.000000e+00 0.000000e+00 0.000000e+00 0.000000e+00 0.000000e+00 0.000000e+00 0.000000e+00 0.000000e+00 0.000000e+00 0.000000e+00 0.000000e+00 0.000000e+00 0.000000e+00 0.000000e+00 0.000000e+00 0.000000e+00 0.000000e+00 2.413867e-64 5.046630e-29 1.991239e-28 1.029376e-16 4.774002e-25 0.000000e+00
67.000000 66.000000 68.000000 208.139999 6.825155e-01 9.131537e+09 5.640878e+01 2.540388e+08 2.128897e+02 1.705693e+00 2.497581e-07 5.969958e+03 1.595850e-01 4.169482e-12 8.401328e-10 2.082136e-01 1.916647e-03 4.105518e-09 1.941324e-14 4.055159e-34 1.049635e-09 1.260295e-13 9.269823e-18 1.565871e+03 9.863832e+09 1.813834e+03 1.586520e+01 1.786005e-11 1.189237e+00 2.117648e-18 8.058827e-34 8.494183e-05 4.578132e-12 7.473118e-06 4.174382e-10 1.970995e-02 1.568211e-04 2.002003e+01 2.569275e-06 1.212076e-06 7.247013e-08 2.554040e-02 6.083233e-08 1.252066e-11 0.000000e+00 0.000000e+00 0.000000e+00 0.000000e+00 0.000000e+00 0.000000e+00 0.000000e+00 0.000000e+00 0.000000e+00 0.000000e+00 0.000000e+00 0.000000e+00 1.406157e+10 1.063139e+11 2.124284e+08 2.375040e+14 1.512122e-01 4.888245e-10 1.331030e-03 1.589072e-03 3.703389e-03 6.039853e-02 1.050920e-05 5.281841e-05 4.512534e-09 3.592205e-19 1.401827e-23 7.305948e-23 0.000000e+00 0.000000e+00 2.679827e-21 5.380892e-15 3.231663e-03 0.000000e+00 0.000000e+00 0.000000e+00 0.000000e+00 0.000000e+00 0.000000e+00 7.629176e-108 3.600856e-04 0.000000e+00 0.000000e+00 0.000000e+00 0.000000e+00 0.000000e+00 0.000000e+00 0.000000e+00 0.000000e+00 0.000000e+00 0.000000e+00 0.000000e+00 0.000000e+00 0.000000e+00 0.000000e+00 0.000000e+00 0.000000e+00 0.000000e+00 0.000000e+00 0.000000e+00 0.000000e+00 0.000000e+00 0.000000e+00 0.000000e+00 0.000000e+00 0.000000e+00 2.980317e-65 1.712783e-29 5.528152e-29 9.413148e-18 2.942192e-26 0.000000e+00
69.000000 68.000000 70.000000 208.139999 4.938324e-01 7.541444e+09 1.697491e+01 1.980170e+08 1.379178e+02 5.427451e-01 5.163444e-08 2.185000e+03 1.194737e-01 1.461944e-12 5.177399e-10 1.053351e-01 8.382922e-04 1.301807e-09 4.017644e-15 1.911267e-35 6.441907e-10 2.599983e-14 1.380408e-18 3.544162e+03 7.960968e+09 4.793451e+02 4.750290e+00 2.908591e-12 2.424653e-01 9.340543e-20 6.208914e-34 2.385499e-05 1.466586e-12 2.107289e-06 9.925623e-11 4.531529e-03 9.418579e-05 1.031831e+01 1.129110e-06 2.854500e-07 1.826064e-08 1.525092e-02 4.630252e-08 7.489865e-12 0.000000e+00 0.000000e+00 0.000000e+00 0.000000e+00 0.000000e+00 0.000000e+00 0.000000e+00 0.000000e+00 0.000000e+00 0.000000e+00 0.000000e+00 0.000000e+00 9.350193e+09 7.688171e+10 9.854152e+07 1.718452e+14 1.438635e-01 2.587663e-10 9.906147e-04 2.020275e-03 1.199960e-03 3.248587e-02 2.622055e-06 2.431184e-05 1.593244e-09 3.445617e-20 7.887827e-25 2.121610e-23 0.000000e+00 0.000000e+00 1.972976e-22 6.171535e-16 2.110294e-03 0.000000e+00 0.000000e+00 0.000000e+00 0.000000e+00 0.000000e+00 0.000000e+00 5.520072e-108 1.330567e-04 0.000000e+00 0.000000e+00 0.000000e+00 0.000000e+00 0.000000e+00 0.000000e+00 0.000000e+00 0.000000e+00 0.000000e+00 0.000000e+00 0.000000e+00 0.000000e+00 0.000000e+00 0.000000e+00 0.000000e+00 0.000000e+00 0.000000e+00 0.000000e+00 0.000000e+00 0.000000e+00 0.000000e+00 0.000000e+00 0.000000e+00 0.000000e+00 0.000000e+00 3.734048e-66 6.058723e-30 1.539089e-29 8.708543e-19 1.815579e-27 0.000000e+00
71.000000 70.000000 72.000000 208.139999 3.573112e-01 6.092957e+09 4.478045e+00 1.501827e+08 9.046705e+01 1.548267e-01 1.339834e-08 8.711157e+02 8.878637e-02 5.069291e-13 3.248648e-10 4.953310e-02 3.403286e-04 3.820329e-10 7.513002e-16 7.849239e-37 4.031744e-10 5.042245e-15 1.947455e-19 8.224339e+03 6.336301e+09 1.260053e+02 1.417797e+00 4.244338e-13 5.057397e-02 4.172017e-21 4.612630e-34 6.779947e-06 4.889290e-13 6.025433e-07 2.350127e-11 1.035842e-03 1.103738e-04 5.697958e+00 9.894773e-07 6.671608e-08 4.606968e-09 9.076260e-03 3.585575e-08 4.465723e-12 0.000000e+00 1.783489e-38 0.000000e+00 0.000000e+00 0.000000e+00 0.000000e+00 0.000000e+00 0.000000e+00 0.000000e+00 0.000000e+00 0.000000e+00 0.000000e+00 6.189142e+09 5.559088e+10 4.120426e+07 1.243383e+14 1.363387e-01 1.368484e-10 1.145539e-03 2.964515e-03 3.945955e-04 1.736147e-02 6.909334e-07 1.141514e-05 5.794656e-10 3.173345e-21 4.454713e-26 6.505855e-24 0.000000e+00 0.000000e+00 1.222545e-23 6.798167e-17 1.410672e-03 0.000000e+00 0.000000e+00 0.000000e+00 1.401915e-39 3.010743e-72 0.000000e+00 3.994034e-108 4.876093e-05 0.000000e+00 0.000000e+00 0.000000e+00 0.000000e+00 0.000000e+00 0.000000e+00 0.000000e+00 0.000000e+00 0.000000e+00 0.000000e+00 0.000000e+00 0.000000e+00 0.000000e+00 0.000000e+00 0.000000e+00 0.000000e+00 0.000000e+00 0.000000e+00 0.000000e+00 0.000000e+00 0.000000e+00 0.000000e+00 0.000000e+00 0.000000e+00 0.000000e+00 5.245993e-67 2.280263e-30 4.431702e-30 8.215110e-20 1.128675e-28 0.000000e+00
73.000000 72.000000 74.000000 208.139999 2.585313e-01 4.841253e+09 7.856097e-01 1.119508e+08 6.033253e+01 3.013765e-02 4.049103e-09 3.739690e+02 6.563066e-02 1.759864e-13 2.076666e-10 1.840073e-02 9.610216e-05 7.763582e-11 9.506246e-17 1.760323e-38 2.572302e-10 6.936258e-16 2.026791e-20 5.104933e+04 4.981138e+09 3.298757e+01 4.344762e-01 5.651811e-14 1.078048e-02 1.883457e-22 3.385340e-34 1.945015e-06 1.709389e-13 1.766654e-07 5.574208e-12 2.357325e-04 8.064057e-04 3.361966e+00 6.375271e-06 1.558328e-08 1.165449e-09 5.387228e-03 3.064732e-08 2.655387e-12 0.000000e+00 1.780521e-38 0.000000e+00 0.000000e+00 0.000000e+00 0.000000e+00 0.000000e+00 0.000000e+00 0.000000e+00 0.000000e+00 0.000000e+00 0.000000e+00 4.081560e+09 4.018864e+10 1.176570e+07 8.996458e+13 1.271792e-01 7.297693e-11 4.217966e-03 1.210695e-02 1.315603e-04 9.226030e-03 1.918220e-07 5.470919e-06 2.153566e-10 2.091414e-22 1.965940e-27 2.116094e-24 0.000000e+00 0.000000e+00 3.908251e-25 6.322540e-18 9.612573e-04 0.000000e+00 0.000000e+00 0.000000e+00 8.549826e-40 1.183146e-72 0.000000e+00 2.889870e-108 1.775596e-05 0.000000e+00 0.000000e+00 0.000000e+00 0.000000e+00 0.000000e+00 0.000000e+00 0.000000e+00 0.000000e+00 0.000000e+00 0.000000e+00 0.000000e+00 0.000000e+00 0.000000e+00 0.000000e+00 0.000000e+00 0.000000e+00 0.000000e+00 0.000000e+00 0.000000e+00 0.000000e+00 0.000000e+00 0.000000e+00 0.000000e+00 0.000000e+00 0.000000e+00 8.233515e-68 9.063590e-31 1.322589e-30 8.004606e-21 7.193622e-30 0.000000e+00
75.000000 74.000000 76.000000 208.139999 1.870595e-01 3.794018e+09 5.231796e-03 8.256116e+07 4.114877e+01 2.201070e-04 1.352052e-09 1.706936e+02 4.829282e-02 6.158070e-14 1.351886e-10 9.595772e-04 1.011152e-06 5.820679e-13 4.350275e-19 1.191339e-40 1.671832e-10 4.833587e-18 4.422107e-22 5.164684e+06 3.868201e+09 8.609026e+00 5.867326e-01 7.051439e-15 2.368225e-03 8.579454e-24 2.477025e-34 6.849306e-07 2.386259e-13 2.029903e-07 2.968966e-12 5.346707e-05 1.232894e-02 2.113358e+00 9.400932e-05 8.021543e-09 6.590301e-10 3.190977e-03 2.655482e-08 1.575396e-12 0.000000e+00 1.570961e-39 0.000000e+00 0.000000e+00 0.000000e+00 0.000000e+00 0.000000e+00 0.000000e+00 0.000000e+00 0.000000e+00 0.000000e+00 0.000000e+00 2.683955e+09 2.904607e+10 1.255726e+05 6.509354e+13 1.178999e-01 3.953066e-11 2.736822e-01 8.222523e-01 5.363327e-05 5.039442e-03 6.624237e-08 2.684856e-06 9.916593e-11 8.097028e-25 2.413423e-29 2.773575e-24 7.732184e-37 0.000000e+00 2.329512e-27 5.147329e-19 6.650101e-04 0.000000e+00 0.000000e+00 0.000000e+00 1.438267e-40 0.000000e+00 0.000000e+00 2.090956e-108 6.434790e-06 0.000000e+00 0.000000e+00 0.000000e+00 0.000000e+00 0.000000e+00 0.000000e+00 0.000000e+00 0.000000e+00 0.000000e+00 0.000000e+00 0.000000e+00 0.000000e+00 0.000000e+00 0.000000e+00 0.000000e+00 0.000000e+00 0.000000e+00 0.000000e+00 0.000000e+00 0.000000e+00 0.000000e+00 0.000000e+00 0.000000e+00 0.000000e+00 0.000000e+00 1.423705e-68 3.777562e-31 4.088631e-31 8.427974e-22 6.356688e-31 0.000000e+00
77.000000 76.000000 78.000000 208.139999 1.353464e-01 2.938062e+09 1.353013e-04 6.043808e+07 2.874108e+01 6.879049e-06 4.787699e-10 8.179950e+01 3.538025e-02 2.176044e-14 8.944338e-11 2.450103e-05 8.817614e-08 3.502543e-14 1.556416e-20 8.046648e-43 1.104358e-10 1.673169e-19 1.019345e-23 1.570713e+07 2.967626e+09 2.241461e+00 7.129346e-01 9.498866e-16 5.462566e-04 3.937601e-25 1.812806e-34 6.982395e-07 3.868156e-13 2.654656e-07 2.576397e-12 1.209644e-05 1.826793e-02 1.388120e+00 1.374485e-04 6.682184e-09 6.043324e-10 1.887059e-03 1.762754e-08 9.329209e-13 0.000000e+00 1.439316e-40 0.000000e+00 0.000000e+00 0.000000e+00 0.000000e+00 0.000000e+00 0.000000e+00 0.000000e+00 0.000000e+00 0.000000e+00 0.000000e+00 1.761199e+09 2.098514e+10 5.721308e+03 4.709824e+13 1.111990e-01 2.185678e-11 5.456248e-01 1.698896e+00 2.782961e-05 2.838608e-03 3.055232e-08 1.348528e-06 1.332203e-10 1.983602e-26 3.187783e-31 4.253425e-24 0.000000e+00 0.000000e+00 1.382698e-29 1.098066e-19 4.654573e-04 0.000000e+00 0.000000e+00 0.000000e+00 5.758747e-42 5.038161e-76 0.000000e+00 1.512906e-108 2.323822e-06 0.000000e+00 0.000000e+00 0.000000e+00 0.000000e+00 0.000000e+00 0.000000e+00 0.000000e+00 0.000000e+00 0.000000e+00 0.000000e+00 0.000000e+00 0.000000e+00 0.000000e+00 0.000000e+00 0.000000e+00 0.000000e+00 0.000000e+00 0.000000e+00 0.000000e+00 0.000000e+00 0.000000e+00 0.000000e+00 0.000000e+00 0.000000e+00 0.000000e+00 2.672375e-69 1.639028e-31 1.304396e-31 1.068812e-22 1.880054e-31 0.000000e+00
79.000000 78.000000 80.000000 208.139999 9.792954e-02 2.256239e+09 2.711513e-05 4.399542e+07 2.031952e+01 1.663858e-06 1.741041e-10 4.050630e+01 2.585819e-02 7.748667e-15 5.986746e-11 2.949502e-06 2.965457e-08 8.093170e-15 2.104571e-21 5.442681e-45 7.376047e-11 2.774196e-20 4.169600e-25 2.146465e+07 2.257426e+09 5.825569e-01 4.596763e-01 1.434853e-16 1.326761e-04 1.818035e-26 1.325246e-34 6.039975e-07 3.738196e-13 2.041104e-07 1.536022e-12 2.731575e-06 1.302742e-02 9.326301e-01 9.730156e-05 3.829172e-09 3.802545e-10 1.114627e-03 1.326319e-08 5.517472e-13 0.000000e+00 3.363734e-41 0.000000e+00 0.000000e+00 0.000000e+00 0.000000e+00 0.000000e+00 0.000000e+00 0.000000e+00 0.000000e+00 0.000000e+00 0.000000e+00 1.154004e+09 1.515367e+10 2.011464e+03 3.407783e+13 1.035517e-01 1.236487e-11 4.935699e-01 1.589160e+00 1.317163e-05 1.553670e-03 1.376301e-08 6.854658e-07 1.526989e-10 2.113266e-27 7.777963e-33 3.912111e-24 0.000000e+00 0.000000e+00 8.267603e-32 2.487698e-20 3.286721e-04 0.000000e+00 0.000000e+00 0.000000e+00 1.302602e-42 2.487993e-76 0.000000e+00 1.094659e-108 8.371702e-07 0.000000e+00 0.000000e+00 0.000000e+00 0.000000e+00 0.000000e+00 0.000000e+00 0.000000e+00 0.000000e+00 0.000000e+00 0.000000e+00 0.000000e+00 0.000000e+00 0.000000e+00 0.000000e+00 0.000000e+00 0.000000e+00 0.000000e+00 0.000000e+00 0.000000e+00 0.000000e+00 0.000000e+00 0.000000e+00 0.000000e+00 0.000000e+00 0.000000e+00 5.332748e-70 7.326132e-32 4.256979e-32 1.680408e-23 8.129543e-32 0.000000e+00
81.000000 80.000000 82.000000 208.139999 7.085659e-02 1.720077e+09 7.150038e-06 3.189915e+07 1.453035e+01 5.340107e-07 6.476857e-11 2.051736e+01 1.886247e-02 2.781384e-15 4.047003e-11 1.194633e-06 1.274434e-08 2.370426e-15 3.550810e-22 3.713597e-47 4.971817e-11 6.187265e-21 4.225123e-26 2.360116e+07 1.704794e+09 1.512063e-01 2.409127e-01 2.495406e-17 3.394478e-05 8.433549e-28 9.666429e-35 4.023445e-07 3.144980e-13 1.350320e-07 7.926967e-13 6.159770e-07 7.469591e-03 6.362465e-01 5.555341e-05 1.875992e-09 2.064176e-10 6.578196e-04 1.009616e-08 3.259991e-13 0.000000e+00 3.442199e-42 0.000000e+00 0.000000e+00 0.000000e+00 0.000000e+00 0.000000e+00 0.000000e+00 0.000000e+00 0.000000e+00 0.000000e+00 0.000000e+00 7.554647e+08 1.093518e+10 9.353573e+02 2.465691e+13 9.550407e-02 7.177722e-12 3.623923e-01 1.203528e+00 5.908421e-06 8.327891e-04 6.124284e-09 3.524218e-07 1.354184e-10 2.803705e-28 4.948554e-34 3.149235e-24 0.000000e+00 0.000000e+00 5.385197e-34 5.882871e-21 2.336180e-04 0.000000e+00 0.000000e+00 0.000000e+00 1.929033e-43 0.000000e+00 0.000000e+00 7.920369e-109 3.011350e-07 0.000000e+00 0.000000e+00 0.000000e+00 0.000000e+00 0.000000e+00 0.000000e+00 0.000000e+00 0.000000e+00 0.000000e+00 0.000000e+00 0.000000e+00 0.000000e+00 0.000000e+00 0.000000e+00 0.000000e+00 0.000000e+00 0.000000e+00 0.000000e+00 0.000000e+00 0.000000e+00 0.000000e+00 0.000000e+00 0.000000e+00 0.000000e+00 0.000000e+00 1.118727e-70 3.356074e-32 1.416362e-32 3.099764e-24 3.377524e-32 0.000000e+00
83.000000 82.000000 84.000000 208.139999 5.126805e-02 1.303020e+09 2.103258e-06 2.306181e+07 1.050243e+01 1.940718e-07 2.461153e-11 1.056525e+01 1.373799e-02 1.006638e-15 2.758658e-11 5.791945e-07 6.208807e-09 7.792934e-16 6.631104e-23 2.684257e-49 3.375943e-11 1.583881e-21 6.749082e-27 2.330028e+07 1.279514e+09 3.920803e-02 1.132718e-01 5.007548e-18 9.138493e-06 3.926448e-29 7.034206e-35 2.286170e-07 2.486333e-13 8.313780e-08 3.759578e-13 1.387622e-07 3.869278e-03 4.395315e-01 2.871136e-05 8.328565e-10 1.026343e-10 3.880293e-04 7.753966e-09 1.924983e-13 0.000000e+00 5.498145e-43 0.000000e+00 0.000000e+00 0.000000e+00 0.000000e+00 0.000000e+00 0.000000e+00 0.000000e+00 0.000000e+00 0.000000e+00 0.000000e+00 4.943738e+08 7.883723e+09 4.910216e+02 1.784041e+13 8.749128e-02 4.281177e-12 2.407353e-01 8.225680e-01 2.572435e-06 4.400394e-04 2.731577e-09 1.831686e-07 1.028638e-10 4.088271e-29 4.925233e-35 2.393690e-24 0.000000e+00 0.000000e+00 7.401599e-36 1.454274e-21 1.668657e-04 0.000000e+00 0.000000e+00 0.000000e+00 0.000000e+00 0.000000e+00 0.000000e+00 5.730757e-109 1.082413e-07 0.000000e+00 0.000000e+00 0.000000e+00 0.000000e+00 0.000000e+00 0.000000e+00 0.000000e+00 0.000000e+00 0.000000e+00 0.000000e+00 0.000000e+00 0.000000e+00 0.000000e+00 0.000000e+00 0.000000e+00 0.000000e+00 0.000000e+00 0.000000e+00 0.000000e+00 0.000000e+00 0.000000e+00 0.000000e+00 0.000000e+00 0.000000e+00 0.000000e+00 2.446953e-71 1.569360e-32 4.789923e-33 6.219073e-25 1.333977e-32 0.000000e+00
85.000000 84.000000 86.000000 208.139999 3.709487e-02 9.815924e+08 6.634270e-07 1.663303e+07 7.667856e+00 7.659311e-08 9.540904e-12 5.510146e+00 9.993100e-03 3.673155e-16 1.893259e-11 2.997653e-07 3.291792e-09 2.755725e-16 1.316063e-23 2.719551e-51 2.304839e-11 4.458668e-22 1.246107e-27 2.152555e+07 9.552513e+08 1.015933e-02 4.968054e-02 1.136865e-18 2.588298e-06 1.833186e-30 5.109000e-35 1.179594e-07 1.897832e-13 4.904782e-08 1.681443e-13 3.123574e-08 1.897256e-03 3.069006e-01 1.406408e-05 3.430320e-10 4.797989e-11 2.288634e-04 6.002359e-09 1.136465e-13 0.000000e+00 0.000000e+00 0.000000e+00 0.000000e+00 0.000000e+00 0.000000e+00 0.000000e+00 0.000000e+00 0.000000e+00 0.000000e+00 0.000000e+00 0.000000e+00 3.235744e+08 5.676651e+09 2.791724e+02 1.290839e+13 7.980241e-02 2.622898e-12 1.505988e-01 5.282055e-01 1.105920e-06 2.301895e-04 1.242590e-09 9.618746e-08 7.121778e-11 6.396171e-30 5.680110e-36 1.764264e-24 0.000000e+00 0.000000e+00 4.714374e-37 3.766016e-22 1.196152e-04 0.000000e+00 0.000000e+00 0.000000e+00 0.000000e+00 0.000000e+00 0.000000e+00 4.146474e-109 3.890780e-08 0.000000e+00 0.000000e+00 0.000000e+00 0.000000e+00 0.000000e+00 0.000000e+00 0.000000e+00 0.000000e+00 0.000000e+00 0.000000e+00 0.000000e+00 0.000000e+00 0.000000e+00 0.000000e+00 0.000000e+00 0.000000e+00 0.000000e+00 0.000000e+00 0.000000e+00 0.000000e+00 0.000000e+00 0.000000e+00 0.000000e+00 0.000000e+00 0.000000e+00 5.542953e-72 7.466604e-33 1.641597e-33 1.296117e-25 5.107307e-33 0.000000e+00
87.000000 86.000000 88.000000 208.139999 2.683988e-02 7.357929e+08 2.202156e-07 1.196830e+07 5.652133e+00 3.213915e-08 3.769653e-12 2.903473e+00 7.261598e-03 1.351039e-16 1.306185e-11 1.621560e-07 1.860832e-09 1.024827e-16 2.718843e-24 6.915288e-53 1.579010e-11 1.351309e-22 2.467593e-28 1.898875e+07 7.099058e+08 2.631012e-03 2.073870e-02 2.851968e-19 7.740033e-07 8.577158e-32 3.705669e-35 5.748757e-08 1.414519e-13 2.809882e-08 7.189601e-14 7.027383e-09 9.032134e-04 2.162010e-01 6.694468e-06 1.325912e-10 2.139522e-11 1.350517e-04 4.680595e-09 6.712334e-14 0.000000e+00 4.749931e-42 0.000000e+00 0.000000e+00 0.000000e+00 0.000000e+00 0.000000e+00 0.000000e+00 0.000000e+00 0.000000e+00 0.000000e+00 0.000000e+00 2.119708e+08 4.080510e+09 1.684223e+02 9.339832e+12 7.262013e-02 1.647623e-12 9.040568e-02 3.248598e-01 4.770653e-07 1.195288e-04 5.887035e-10 5.101466e-08 4.673670e-11 1.071675e-30 7.223945e-37 1.274742e-24 0.000000e+00 0.000000e+00 5.135372e-38 1.027347e-22 8.597037e-05 0.000000e+00 0.000000e+00 0.000000e+00 7.111820e-44 9.635906e-80 0.000000e+00 3.000169e-109 1.399661e-08 0.000000e+00 0.000000e+00 0.000000e+00 0.000000e+00 0.000000e+00 0.000000e+00 0.000000e+00 0.000000e+00 0.000000e+00 0.000000e+00 0.000000e+00 0.000000e+00 0.000000e+00 0.000000e+00 0.000000e+00 0.000000e+00 0.000000e+00 0.000000e+00 0.000000e+00 0.000000e+00 0.000000e+00 0.000000e+00 0.000000e+00 0.000000e+00 0.000000e+00 1.293414e-72 3.604876e-33 5.684568e-34 2.762018e-26 1.916079e-33 0.000000e+00
89.000000 88.000000 90.000000 208.139999 1.941991e-02 5.490637e+08 7.611637e-08 8.588676e+06 4.205282e+00 1.415555e-08 1.517265e-12 1.543202e+00 5.272299e-03 5.008029e-17 9.045413e-12 9.080615e-08 1.108101e-09 3.951305e-17 5.772342e-25 3.495200e-54 1.083189e-11 4.354860e-23 5.126957e-29 1.617561e+07 5.254604e+08 6.810989e-04 8.339874e-03 7.805944e-20 2.466682e-07 4.019686e-33 2.685391e-35 2.724721e-08 1.033740e-13 1.572862e-08 2.961845e-14 1.580379e-09 4.247762e-04 1.533932e-01 3.150037e-06 4.837743e-11 9.180057e-12 7.981657e-05 3.677187e-09 3.970577e-14 0.000000e+00 2.624372e-42 0.000000e+00 0.000000e+00 0.000000e+00 0.000000e+00 0.000000e+00 0.000000e+00 0.000000e+00 0.000000e+00 0.000000e+00 0.000000e+00 1.391238e+08 2.926396e+09 1.065457e+02 6.757805e+12 6.606043e-02 1.058086e-12 5.258632e-02 1.933247e-01 2.102553e-07 6.170508e-05 2.971450e-10 2.732240e-08 2.993138e-11 1.944797e-31 1.015425e-37 9.064112e-25 0.000000e+00 0.000000e+00 6.305663e-39 2.985725e-23 6.190828e-05 0.000000e+00 0.000000e+00 0.000000e+00 6.225557e-44 3.410062e-79 0.000000e+00 2.170763e-109 5.043374e-09 0.000000e+00 0.000000e+00 0.000000e+00 0.000000e+00 0.000000e+00 0.000000e+00 0.000000e+00 0.000000e+00 0.000000e+00 0.000000e+00 0.000000e+00 0.000000e+00 0.000000e+00 0.000000e+00 0.000000e+00 0.000000e+00 0.000000e+00 0.000000e+00 0.000000e+00 0.000000e+00 0.000000e+00 0.000000e+00 0.000000e+00 0.000000e+00 0.000000e+00 3.096353e-73 1.762633e-33 1.983089e-34 6.032889e-27 7.070271e-34 0.000000e+00
91.000000 90.000000 92.000000 208.139999 1.405122e-02 4.079956e+08 2.722410e-08 6.142417e+06 3.158388e+00 6.489175e-09 6.222393e-13 8.263763e-01 3.825314e-03 1.870502e-17 6.278016e-12 5.240993e-08 6.897835e-10 1.564059e-17 1.248642e-25 2.124304e-55 7.422943e-12 1.481003e-23 1.105340e-29 1.339271e+07 3.875397e+08 1.762702e-04 3.257184e-03 2.334916e-20 8.497563e-08 1.886253e-34 1.944917e-35 1.286331e-08 7.408689e-14 8.621931e-09 1.180173e-14 3.553077e-10 2.002521e-04 1.094378e-01 1.486666e-06 1.670587e-11 3.809706e-12 4.734125e-05 2.914438e-09 2.357218e-14 0.000000e+00 3.006625e-42 0.000000e+00 0.000000e+00 0.000000e+00 0.000000e+00 0.000000e+00 0.000000e+00 0.000000e+00 0.000000e+00 0.000000e+00 0.000000e+00 9.162928e+07 2.092102e+09 7.016975e+01 4.889588e+12 6.020670e-02 6.921276e-13 2.978158e-02 1.119277e-01 9.667951e-08 3.169164e-05 1.628002e-10 1.478062e-08 1.916054e-11 3.903009e-32 1.590816e-38 6.342932e-25 0.000000e+00 0.000000e+00 8.298479e-40 9.397687e-24 4.464414e-05 0.000000e+00 0.000000e+00 0.000000e+00 2.628095e-44 2.877456e-80 0.000000e+00 1.570648e-109 1.822134e-09 0.000000e+00 0.000000e+00 0.000000e+00 0.000000e+00 0.000000e+00 0.000000e+00 0.000000e+00 0.000000e+00 0.000000e+00 0.000000e+00 0.000000e+00 0.000000e+00 0.000000e+00 0.000000e+00 0.000000e+00 0.000000e+00 0.000000e+00 0.000000e+00 0.000000e+00 0.000000e+00 0.000000e+00 0.000000e+00 0.000000e+00 0.000000e+00 0.000000e+00 7.584012e-74 8.716958e-34 6.948717e-35 1.368110e-27 2.564477e-34 0.000000e+00
93.000000 92.000000 94.000000 208.139999 1.016672e-02 3.019178e+08 1.004108e-08 4.372887e+06 2.396113e+00 3.078865e-09 2.603450e-13 4.455975e-01 2.773829e-03 7.037727e-18 4.360015e-12 3.115437e-08 4.467897e-10 6.315170e-18 2.736506e-26 1.360147e-56 5.067755e-12 5.293829e-24 2.457096e-30 1.081582e+07 2.848658e+08 4.561640e-05 1.242907e-03 7.716195e-21 3.208334e-08 8.861588e-36 1.408114e-35 6.156184e-09 5.194101e-14 4.626743e-09 4.552391e-15 7.986980e-11 9.607446e-05 7.841313e-02 7.144350e-07 5.462755e-12 1.533097e-12 2.829399e-05 2.338760e-09 1.410235e-14 0.000000e+00 1.221713e-42 0.000000e+00 0.000000e+00 0.000000e+00 0.000000e+00 0.000000e+00 0.000000e+00 0.000000e+00 0.000000e+00 0.000000e+00 0.000000e+00 6.071005e+07 1.489199e+09 4.791816e+01 3.537847e+12 5.513918e-02 4.593191e-13 1.644877e-02 6.319310e-02 4.736618e-08 1.619502e-05 9.756406e-11 8.083098e-09 1.248167e-11 8.867086e-33 2.782642e-39 4.357513e-25 0.000000e+00 0.000000e+00 1.153937e-40 3.257719e-24 3.222819e-05 0.000000e+00 0.000000e+00 0.000000e+00 8.477124e-45 6.630142e-81 0.000000e+00 1.136439e-109 6.610398e-10 0.000000e+00 0.000000e+00 0.000000e+00 0.000000e+00 0.000000e+00 0.000000e+00 0.000000e+00 0.000000e+00 0.000000e+00 0.000000e+00 0.000000e+00 0.000000e+00 0.000000e+00 0.000000e+00 0.000000e+00 0.000000e+00 0.000000e+00 0.000000e+00 0.000000e+00 0.000000e+00 0.000000e+00 0.000000e+00 0.000000e+00 0.000000e+00 0.000000e+00 1.898610e-74 4.358047e-34 2.437836e-35 3.279027e-28 9.110699e-35 0.000000e+00
95.000000 94.000000 96.000000 208.139999 7.356098e-03 2.224577e+08 3.815663e-09 3.093538e+06 1.839104e+00 1.507170e-09 1.114788e-13 2.422009e-01 2.010327e-03 2.665769e-18 3.024321e-12 1.912702e-08 3.005964e-10 2.592708e-18 6.059441e-27 8.971711e-58 3.435393e-12 1.988516e-24 5.620318e-31 8.531197e+06 2.087090e+08 1.182189e-05 4.657050e-04 2.850247e-21 1.336001e-08 4.170290e-37 1.019229e-35 3.008911e-09 3.545149e-14 2.424438e-09 1.696590e-15 1.796645e-11 4.785179e-05 5.636915e-02 3.566248e-07 1.689158e-12 5.984466e-13 1.717499e-05 1.915043e-09 8.570466e-15 0.000000e+00 1.599966e-42 0.000000e+00 0.000000e+00 0.000000e+00 0.000000e+00 0.000000e+00 0.000000e+00 0.000000e+00 0.000000e+00 0.000000e+00 0.000000e+00 4.062597e+07 1.053700e+09 3.389350e+01 2.559799e+12 5.096312e-02 3.079703e-13 8.851495e-03 3.478899e-02 2.507843e-08 8.230297e-06 6.362528e-11 4.476771e-09 8.340212e-12 2.315834e-33 5.392031e-40 2.925442e-25 0.000000e+00 0.000000e+00 1.684009e-41 1.256995e-24 2.328351e-05 0.000000e+00 0.000000e+00 0.000000e+00 1.712765e-44 8.098017e-81 0.000000e+00 8.222666e-110 2.415772e-10 0.000000e+00 0.000000e+00 0.000000e+00 0.000000e+00 0.000000e+00 0.000000e+00 0.000000e+00 0.000000e+00 0.000000e+00 0.000000e+00 0.000000e+00 0.000000e+00 0.000000e+00 0.000000e+00 0.000000e+00 0.000000e+00 0.000000e+00 0.000000e+00 0.000000e+00 0.000000e+00 0.000000e+00 0.000000e+00 0.000000e+00 0.000000e+00 0.000000e+00 4.873084e-75 2.206169e-34 8.532271e-36 8.437613e-29 3.151066e-35 0.000000e+00
97.000000 96.000000 98.000000 208.139999 5.322480e-03 1.631214e+08 1.497028e-09 2.169068e+06 1.432621e+00 7.608619e-10 4.916518e-14 1.337439e-01 1.456261e-03 1.015107e-18 2.090528e-12 1.221219e-08 2.104155e-10 1.083086e-18 1.356555e-27 6.089039e-59 2.302544e-12 7.887136e-25 1.327479e-31 6.567439e+06 1.523841e+08 3.115798e-06 1.721452e-04 1.191539e-21 6.139522e-09 1.973636e-38 7.376236e-36 1.497494e-09 2.338902e-14 1.234737e-09 6.077344e-16 4.089987e-12 2.555763e-05 4.062698e-02 1.910069e-07 4.925136e-13 2.263034e-13 1.074696e-05 1.624221e-09 5.370724e-15 0.000000e+00 1.571938e-43 0.000000e+00 0.000000e+00 0.000000e+00 0.000000e+00 0.000000e+00 0.000000e+00 0.000000e+00 0.000000e+00 0.000000e+00 0.000000e+00 2.762658e+07 7.393091e+08 2.488920e+01 1.852133e+12 4.784077e-02 2.077535e-13 4.623927e-03 1.862680e-02 1.436151e-08 4.154737e-06 4.462116e-11 2.519800e-09 5.705133e-12 6.972979e-34 1.144655e-40 1.906687e-25 0.000000e+00 0.000000e+00 2.579047e-42 5.436285e-25 1.683151e-05 0.000000e+00 0.000000e+00 0.000000e+00 3.012109e-45 2.972824e-81 0.000000e+00 5.949483e-110 9.053594e-11 0.000000e+00 0.000000e+00 0.000000e+00 0.000000e+00 0.000000e+00 0.000000e+00 0.000000e+00 0.000000e+00 0.000000e+00 0.000000e+00 0.000000e+00 0.000000e+00 0.000000e+00 0.000000e+00 0.000000e+00 0.000000e+00 0.000000e+00 0.000000e+00 0.000000e+00 0.000000e+00 0.000000e+00 0.000000e+00 0.000000e+00 0.000000e+00 0.000000e+00 1.311429e-75 1.143824e-34 2.965831e-36 2.347624e-29 1.052897e-35 0.000000e+00
99.000000 98.000000 100.000000 208.139999 3.851067e-03 1.189187e+08 6.095788e-10 1.501441e+06 1.138933e+00 3.969027e-10 2.278024e-14 7.803435e-02 1.054347e-03 3.913809e-19 1.435634e-12 8.209086e-09 1.541783e-10 4.629323e-19 3.085695e-28 4.318205e-60 1.517198e-12 3.344065e-25 3.311300e-32 4.918357e+06 1.108167e+08 9.670501e-07 6.362087e-05 5.942140e-22 3.213247e-09 1.005065e-39 5.337602e-36 7.746677e-10 1.487694e-14 6.111791e-10 2.088662e-16 1.088004e-12 1.542839e-05 2.934251e-02 1.156901e-07 1.398573e-13 8.490404e-14 7.107630e-06 1.463182e-09 3.559052e-15 0.000000e+00 1.285524e-42 0.000000e+00 0.000000e+00 0.000000e+00 0.000000e+00 0.000000e+00 0.000000e+00 0.000000e+00 0.000000e+00 0.000000e+00 0.000000e+00 1.926310e+07 5.125291e+08 1.908721e+01 1.340106e+12 4.603145e-02 1.403960e-13 2.328401e-03 9.644696e-03 8.796870e-09 2.082169e-06 3.337665e-11 1.450446e-09 4.084323e-12 2.420061e-34 2.672108e-41 1.204506e-25 0.000000e+00 0.000000e+00 4.194090e-43 2.744533e-25 1.217333e-05 0.000000e+00 0.000000e+00 0.000000e+00 1.202959e-44 3.695363e-81 0.000000e+00 4.304733e-110 4.043662e-11 0.000000e+00 0.000000e+00 0.000000e+00 0.000000e+00 0.000000e+00 0.000000e+00 0.000000e+00 0.000000e+00 0.000000e+00 0.000000e+00 0.000000e+00 0.000000e+00 0.000000e+00 0.000000e+00 0.000000e+00 0.000000e+00 0.000000e+00 0.000000e+00 0.000000e+00 0.000000e+00 0.000000e+00 0.000000e+00 0.000000e+00 0.000000e+00 0.000000e+00 4.153486e-76 6.428754e-35 1.024013e-36 7.351630e-30 3.495056e-36 0.000000e+00
