# z		 z0		 z1		 T		 P		1		2		3		4		5		6		7		8		9		10		11		12		13		14		15		16		17		18		19		20		21		22		23		24		25		26		27		28		29		30		31		32		33		34		35		36		37		38		39		40		41		42		43		44		45		46		47		48		49		50		51		52		53		54		55		56		57		58		59		60		61		62		63		64		65		66		67		68		69		70		71		72		73		74		75		76		77		78		79		80		81		82		83		84		85		86		87		88		89		90		91		92		93		94		95		96		97		98		99		100		101		102		103		104		105		106		107		108		109		110		111		
#  km		 km		 km		 K		 Pa		
1.000000 0.000000 2.000000 276.888519 9.090077e+04 3.702134e+03 2.583907e-09 2.180218e+09 5.027930e+04 4.885101e-02 1.573375e+02 2.758255e+17 4.169017e-09 2.355764e-03 6.072907e-08 6.002642e+01 1.506980e+01 3.898349e-07 2.011815e-14 3.103163e-28 2.527828e+00 8.616480e-03 3.138654e-08 5.523583e-18 8.599387e+11 1.608253e+13 2.666356e+09 1.266000e-05 1.046300e+09 7.682863e-15 5.317879e-44 1.056017e-07 6.492009e-11 2.192180e-01 6.527957e-02 4.323925e+05 5.261236e-14 5.207454e+02 1.535808e+00 1.401700e+04 4.967341e-02 3.239588e+01 2.221300e-15 7.789871e-13 0.000000e+00 4.461676e-30 0.000000e+00 0.000000e+00 0.000000e+00 0.000000e+00 0.000000e+00 0.000000e+00 0.000000e+00 0.000000e+00 0.000000e+00 0.000000e+00 2.377806e+15 9.982067e+15 2.294245e+00 2.377806e+19 1.936942e-15 6.044831e-05 3.924978e-13 7.815197e-06 1.892714e+04 5.237136e+06 3.270143e+03 2.551867e+08 2.219125e-18 1.285427e-03 1.702997e-09 2.706975e-21 0.000000e+00 0.000000e+00 9.314996e-18 6.926259e-13 1.568400e-08 0.000000e+00 0.000000e+00 0.000000e+00 7.117360e-33 0.000000e+00 0.000000e+00 0.000000e+00 1.041038e-11 0.000000e+00 0.000000e+00 0.000000e+00 0.000000e+00 0.000000e+00 0.000000e+00 0.000000e+00 0.000000e+00 0.000000e+00 0.000000e+00 0.000000e+00 0.000000e+00 0.000000e+00 0.000000e+00 0.000000e+00 0.000000e+00 0.000000e+00 0.000000e+00 0.000000e+00 0.000000e+00 0.000000e+00 0.000000e+00 0.000000e+00 0.000000e+00 0.000000e+00 6.072834e-47 4.956399e-22 9.120804e-21 1.382189e-07 1.428622e-19 0.000000e+00
3.000000 2.000000 4.000000 264.643972 7.102578e+04 1.029213e+05 2.446089e-06 1.534015e+09 3.728476e+04 1.229046e+00 1.709955e+02 1.631654e+16 1.011958e-07 2.020751e-02 1.545867e-06 4.964791e+01 1.311976e+01 1.226620e-05 1.865259e-11 4.587304e-25 1.890707e+00 4.951516e-03 4.837095e-07 1.288875e-17 7.244162e+11 1.314663e+13 1.700256e+09 5.567608e-05 9.131480e+08 4.987612e-14 1.231480e-43 7.072188e-07 3.744148e-10 1.320146e-01 3.273260e-02 3.492334e+05 1.739887e-13 8.764610e+02 1.720512e+00 7.707403e+03 1.602643e-02 2.726075e+01 1.135846e-15 3.254025e-11 0.000000e+00 1.917017e-31 0.000000e+00 0.000000e+00 0.000000e+00 0.000000e+00 0.000000e+00 0.000000e+00 0.000000e+00 0.000000e+00 0.000000e+00 0.000000e+00 1.943849e+15 8.160386e+15 6.020627e+01 1.943872e+19 3.623000e-15 9.527980e-05 8.963533e-13 2.581086e-06 8.682702e+03 3.500860e+06 1.515943e+03 3.883733e+08 6.064489e-17 4.750512e-04 9.382314e-09 2.500103e-21 0.000000e+00 0.000000e+00 1.843857e-14 7.969463e-12 5.828050e-08 0.000000e+00 0.000000e+00 0.000000e+00 0.000000e+00 0.000000e+00 0.000000e+00 0.000000e+00 8.023859e-12 0.000000e+00 0.000000e+00 0.000000e+00 0.000000e+00 0.000000e+00 0.000000e+00 0.000000e+00 0.000000e+00 0.000000e+00 0.000000e+00 0.000000e+00 0.000000e+00 0.000000e+00 0.000000e+00 0.000000e+00 0.000000e+00 0.000000e+00 0.000000e+00 0.000000e+00 0.000000e+00 0.000000e+00 0.000000e+00 0.000000e+00 0.000000e+00 0.000000e+00 7.582935e-46 4.372361e-20 9.019166e-19 2.471160e-07 1.618197e-19 0.000000e+00
5.000000 4.000000 6.000000 250.143119 5.477574e+04 5.601811e+05 5.053950e-05 4.020290e+09 1.209661e+05 8.243057e+00 9.867345e+02 4.498164e+15 1.340551e-05 4.192402e-02 2.039633e-06 4.191728e+01 1.134110e+01 2.179030e-05 8.881529e-11 1.429258e-23 1.525609e+00 1.229990e-02 1.804850e-06 3.961124e-16 6.138147e+11 1.072547e+13 1.851985e+09 4.886402e-05 7.786605e+08 1.023791e-13 5.684083e-44 1.054528e-06 4.280099e-10 8.528771e-02 1.674580e-02 2.802390e+05 2.289788e-12 5.174034e+02 6.442912e-01 1.626782e+03 1.683800e-03 2.304041e+01 2.098422e-15 2.728293e-11 0.000000e+00 0.000000e+00 0.000000e+00 0.000000e+00 0.000000e+00 0.000000e+00 0.000000e+00 0.000000e+00 0.000000e+00 0.000000e+00 0.000000e+00 0.000000e+00 1.585996e+15 6.658170e+15 5.569070e+02 1.586038e+19 5.514942e-15 5.645108e-04 7.223365e-12 3.520586e-06 4.126451e+03 2.244476e+06 8.116254e+02 3.432024e+08 1.819156e-16 2.018282e-04 8.023452e-09 8.792412e-21 0.000000e+00 0.000000e+00 1.192385e-12 3.332044e-11 2.805348e-08 0.000000e+00 0.000000e+00 0.000000e+00 0.000000e+00 1.309229e-56 0.000000e+00 0.000000e+00 5.979167e-12 0.000000e+00 0.000000e+00 0.000000e+00 0.000000e+00 0.000000e+00 0.000000e+00 0.000000e+00 0.000000e+00 0.000000e+00 0.000000e+00 0.000000e+00 0.000000e+00 0.000000e+00 0.000000e+00 0.000000e+00 0.000000e+00 0.000000e+00 0.000000e+00 0.000000e+00 0.000000e+00 0.000000e+00 0.000000e+00 0.000000e+00 0.000000e+00 0.000000e+00 3.217515e-46 2.961636e-20 8.783422e-19 1.686521e-07 2.316514e-19 0.000000e+00
7.000000 6.000000 8.000000 232.957167 4.152391e+04 1.731773e+06 4.960826e-04 7.240958e+09 2.970445e+05 3.583451e+01 4.683005e+03 7.894728e+14 5.383725e-05 6.300792e-02 2.415625e-06 3.653087e+01 9.846127e+00 3.312284e-05 2.460563e-10 1.056649e-22 1.243744e+00 2.400413e-02 5.296865e-06 3.678690e-15 5.264770e+11 8.729230e+12 1.621703e+09 1.915393e-05 6.092536e+08 1.554883e-13 1.000567e-44 2.616077e-06 7.257653e-10 6.749032e-02 9.764497e-03 2.245290e+05 1.586650e-11 1.606557e+02 1.149661e-01 4.681560e+02 1.978296e-04 1.956420e+01 2.337914e-15 1.261155e-11 0.000000e+00 4.774843e-30 0.000000e+00 0.000000e+00 0.000000e+00 0.000000e+00 0.000000e+00 0.000000e+00 0.000000e+00 0.000000e+00 0.000000e+00 0.000000e+00 1.290969e+15 5.419700e+15 2.842945e+03 1.291028e+19 1.046647e-14 1.076403e-03 2.558322e-11 3.327220e-06 2.040330e+03 1.326426e+06 3.342023e+02 2.554148e+08 8.656436e-16 6.789436e-05 4.947622e-09 2.043729e-20 0.000000e+00 0.000000e+00 1.248907e-11 7.949363e-11 1.278840e-08 0.000000e+00 0.000000e+00 0.000000e+00 3.338939e-32 0.000000e+00 0.000000e+00 0.000000e+00 4.982969e-12 0.000000e+00 0.000000e+00 0.000000e+00 0.000000e+00 0.000000e+00 0.000000e+00 0.000000e+00 0.000000e+00 0.000000e+00 0.000000e+00 0.000000e+00 0.000000e+00 0.000000e+00 0.000000e+00 0.000000e+00 0.000000e+00 0.000000e+00 0.000000e+00 0.000000e+00 0.000000e+00 0.000000e+00 0.000000e+00 0.000000e+00 0.000000e+00 0.000000e+00 3.019526e-46 2.365631e-20 1.024380e-18 9.571471e-08 4.205323e-19 0.000000e+00
9.000000 8.000000 10.000000 214.195624 3.078106e+04 5.013657e+06 7.801586e-03 7.162635e+09 4.054275e+05 1.504678e+02 1.057224e+04 8.535784e+13 2.080937e-04 7.869474e-02 3.989010e-06 3.296167e+01 8.558332e+00 8.843428e-05 1.815810e-09 2.209707e-21 1.004989e+00 2.672550e-02 1.526450e-05 4.864537e-15 4.575503e+11 7.036238e+12 9.941052e+08 4.995925e-06 4.379657e+08 3.170814e-13 6.054579e-46 1.224697e-05 2.147923e-09 6.648338e-02 6.598452e-03 1.788952e+05 3.426262e-11 7.375801e+01 2.984753e-02 2.116188e+02 4.864909e-05 1.658452e+01 1.113522e-15 7.033504e-12 0.000000e+00 4.347069e-30 0.000000e+00 0.000000e+00 0.000000e+00 0.000000e+00 0.000000e+00 0.000000e+00 0.000000e+00 0.000000e+00 0.000000e+00 0.000000e+00 1.040767e+15 4.369412e+15 1.311103e+04 1.040847e+19 8.286724e-14 1.178017e-03 2.316960e-11 1.606018e-06 1.027483e+03 7.131158e+05 1.260271e+02 1.398612e+08 7.868428e-15 2.146176e-05 5.084046e-09 8.144485e-20 0.000000e+00 0.000000e+00 1.300279e-10 1.730081e-10 1.210591e-08 0.000000e+00 0.000000e+00 0.000000e+00 4.562855e-33 0.000000e+00 0.000000e+00 0.000000e+00 4.837740e-12 0.000000e+00 0.000000e+00 0.000000e+00 0.000000e+00 0.000000e+00 0.000000e+00 0.000000e+00 0.000000e+00 0.000000e+00 0.000000e+00 0.000000e+00 0.000000e+00 0.000000e+00 0.000000e+00 0.000000e+00 0.000000e+00 0.000000e+00 0.000000e+00 0.000000e+00 0.000000e+00 0.000000e+00 0.000000e+00 0.000000e+00 0.000000e+00 0.000000e+00 3.447760e-45 6.716125e-20 4.135730e-18 6.516542e-08 9.160249e-19 0.000000e+00
11.000000 10.000000 12.000000 198.891871 2.224754e+04 1.588009e+07 1.985895e-01 5.030128e+09 3.883404e+05 6.957473e+02 1.092798e+04 1.025106e+13 7.035897e-04 8.865089e-02 8.550018e-06 3.137698e+01 7.491953e+00 3.464673e-04 2.719497e-08 7.260437e-20 7.251525e-01 2.045743e-02 4.288950e-05 2.970326e-15 3.985957e+11 5.475113e+12 4.084268e+08 1.068529e-06 2.976764e+08 9.179790e-13 3.829800e-47 6.286618e-05 7.133559e-09 7.026238e-02 4.909806e-03 1.378802e+05 4.475392e-11 4.589671e+01 1.185071e-02 1.029111e+02 8.520645e-05 1.389999e+01 3.843784e-16 6.399766e-12 0.000000e+00 2.279944e-31 0.000000e+00 0.000000e+00 0.000000e+00 0.000000e+00 0.000000e+00 0.000000e+00 0.000000e+00 0.000000e+00 0.000000e+00 0.000000e+00 8.100728e+14 3.401030e+15 6.956716e+04 8.101753e+18 2.648985e-12 7.008221e-04 1.269580e-11 6.724955e-07 5.834328e+02 3.883627e+05 7.903043e+01 4.509569e+07 7.882304e-14 1.121949e-05 1.162649e-08 2.989055e-19 0.000000e+00 0.000000e+00 1.805544e-09 4.870157e-10 2.218834e-08 0.000000e+00 0.000000e+00 0.000000e+00 0.000000e+00 0.000000e+00 0.000000e+00 0.000000e+00 5.361874e-12 0.000000e+00 0.000000e+00 0.000000e+00 0.000000e+00 0.000000e+00 0.000000e+00 0.000000e+00 0.000000e+00 0.000000e+00 0.000000e+00 0.000000e+00 0.000000e+00 0.000000e+00 0.000000e+00 0.000000e+00 0.000000e+00 0.000000e+00 0.000000e+00 0.000000e+00 0.000000e+00 0.000000e+00 0.000000e+00 0.000000e+00 0.000000e+00 0.000000e+00 8.157437e-44 4.259486e-19 2.964795e-17 6.088430e-08 2.390671e-18 0.000000e+00
13.000000 12.000000 14.000000 190.251948 1.577044e+04 3.825111e+07 3.269099e+00 3.305865e+09 4.125617e+05 2.887823e+03 1.064776e+04 2.684908e+12 2.635857e-03 1.275649e-01 2.713946e-05 5.719599e+01 9.145019e+00 1.343715e-03 2.919058e-07 2.510193e-18 5.693689e-01 2.259499e-02 1.388838e-04 3.744710e-15 4.461429e+11 4.049112e+12 1.770073e+08 2.092077e-07 1.360131e+08 5.420805e-12 1.196585e-47 2.688477e-04 2.240580e-08 8.321844e-02 4.615234e-03 9.884944e+04 1.195932e-10 4.837376e+01 1.188699e-02 7.576140e+01 2.900359e-04 1.488248e+01 2.893836e-16 1.014794e-11 0.000000e+00 2.009825e-30 0.000000e+00 0.000000e+00 0.000000e+00 0.000000e+00 0.000000e+00 0.000000e+00 0.000000e+00 0.000000e+00 0.000000e+00 0.000000e+00 6.001653e+14 2.520224e+15 3.613258e+05 6.003832e+18 6.908201e-11 5.350913e-04 1.375328e-11 5.966808e-07 4.859976e+02 3.134594e+05 5.707581e+01 2.033686e+07 6.364586e-13 9.105709e-06 2.973007e-08 1.501688e-18 0.000000e+00 0.000000e+00 2.361672e-08 1.981885e-09 1.300340e-07 0.000000e+00 0.000000e+00 0.000000e+00 0.000000e+00 0.000000e+00 0.000000e+00 0.000000e+00 7.842687e-12 0.000000e+00 0.000000e+00 0.000000e+00 0.000000e+00 0.000000e+00 0.000000e+00 0.000000e+00 0.000000e+00 0.000000e+00 0.000000e+00 0.000000e+00 0.000000e+00 0.000000e+00 0.000000e+00 0.000000e+00 0.000000e+00 0.000000e+00 0.000000e+00 0.000000e+00 0.000000e+00 0.000000e+00 0.000000e+00 0.000000e+00 0.000000e+00 0.000000e+00 7.781453e-42 6.205200e-18 3.548343e-16 1.297548e-07 1.499390e-17 0.000000e+00
15.000000 14.000000 16.000000 184.738378 1.105131e+04 7.801043e+07 3.893396e+01 2.106392e+09 4.511120e+05 1.067043e+04 9.855667e+03 1.090297e+12 1.391460e-02 1.215414e-01 6.261908e-05 1.894327e+02 1.719565e+01 6.444084e-03 3.060144e-06 1.064627e-16 5.131630e-01 3.805154e-02 5.370763e-04 6.643023e-15 5.895684e+11 2.897990e+12 8.573639e+07 2.184307e-07 3.265133e+07 6.038443e-11 8.010026e-48 8.987722e-04 5.709405e-08 9.547057e-02 4.376761e-03 6.728586e+04 4.474769e-10 6.800170e+01 1.975382e-02 7.305684e+01 8.972944e-04 2.409091e+01 4.374630e-16 2.810305e-11 0.000000e+00 5.332921e-32 0.000000e+00 0.000000e+00 0.000000e+00 0.000000e+00 0.000000e+00 0.000000e+00 0.000000e+00 0.000000e+00 0.000000e+00 0.000000e+00 4.328812e+14 1.818605e+15 1.781488e+06 4.332823e+18 1.185861e-09 6.408585e-04 2.034139e-11 7.367440e-07 4.673328e+02 3.194910e+05 2.540699e+01 1.209008e+07 3.940131e-12 6.930624e-06 5.558780e-08 1.008502e-17 0.000000e+00 0.000000e+00 3.313173e-07 8.839915e-09 1.035366e-06 0.000000e+00 0.000000e+00 0.000000e+00 0.000000e+00 0.000000e+00 0.000000e+00 0.000000e+00 1.171190e-11 0.000000e+00 0.000000e+00 0.000000e+00 0.000000e+00 0.000000e+00 0.000000e+00 0.000000e+00 0.000000e+00 0.000000e+00 0.000000e+00 0.000000e+00 0.000000e+00 0.000000e+00 0.000000e+00 0.000000e+00 0.000000e+00 0.000000e+00 0.000000e+00 0.000000e+00 0.000000e+00 0.000000e+00 0.000000e+00 0.000000e+00 0.000000e+00 0.000000e+00 3.848311e-40 4.882316e-17 1.881249e-15 2.481834e-07 6.764773e-17 0.000000e+00
17.000000 16.000000 18.000000 180.732355 7.675331e+03 1.242871e+08 1.735390e+02 1.774238e+09 5.371255e+05 2.445580e+04 1.031432e+04 5.456674e+11 4.805213e-02 9.804683e-02 9.514413e-05 6.442922e+02 2.754262e+01 1.500243e-02 9.751490e-06 6.923516e-16 4.096290e-01 5.796632e-02 1.082899e-03 2.143563e-14 6.348037e+11 2.022601e+12 4.342716e+07 2.051436e-07 5.132658e+06 3.246837e-10 6.692056e-48 1.721295e-03 8.513715e-08 9.041314e-02 3.542521e-03 4.750998e+04 1.531915e-09 5.636745e+01 1.937933e-02 4.916099e+01 1.401914e-03 3.629227e+01 7.606973e-16 4.903054e-11 0.000000e+00 0.000000e+00 0.000000e+00 0.000000e+00 0.000000e+00 0.000000e+00 0.000000e+00 0.000000e+00 0.000000e+00 0.000000e+00 0.000000e+00 0.000000e+00 3.071260e+14 1.290965e+15 5.677373e+06 3.075920e+18 3.083828e-06 8.329374e-04 3.989164e-11 8.920535e-07 3.968392e+02 2.709412e+05 5.937898e+00 7.731738e+06 1.375524e-11 2.414422e-06 2.638960e-08 3.304395e-17 0.000000e+00 0.000000e+00 1.394809e-06 2.239421e-08 5.564609e-06 0.000000e+00 0.000000e+00 0.000000e+00 5.422293e-32 0.000000e+00 0.000000e+00 0.000000e+00 1.485387e-11 0.000000e+00 0.000000e+00 0.000000e+00 0.000000e+00 0.000000e+00 0.000000e+00 0.000000e+00 0.000000e+00 0.000000e+00 0.000000e+00 0.000000e+00 0.000000e+00 0.000000e+00 0.000000e+00 0.000000e+00 0.000000e+00 0.000000e+00 0.000000e+00 0.000000e+00 0.000000e+00 0.000000e+00 0.000000e+00 0.000000e+00 0.000000e+00 0.000000e+00 2.138271e-39 1.230244e-16 3.763891e-15 2.809412e-07 1.222409e-16 0.000000e+00
19.000000 18.000000 20.000000 178.365531 5.296684e+03 1.502941e+08 2.545508e+02 2.119578e+09 7.461162e+05 3.334270e+04 1.421479e+04 3.504715e+11 9.659284e-02 8.256923e-02 1.072519e-04 1.222978e+03 3.483795e+01 1.449024e-02 7.818147e-06 4.757076e-16 3.655541e-01 7.887312e-02 1.051367e-03 1.516570e-13 5.609613e+11 1.378988e+12 2.566142e+07 1.489363e-07 6.586540e+05 5.774434e-10 9.777489e-48 2.282482e-03 9.775461e-08 8.367977e-02 3.082950e-03 3.747315e+04 5.199124e-09 3.065112e+01 1.141403e-02 2.575921e+01 1.255444e-03 4.493831e+01 1.479685e-15 4.568626e-11 0.000000e+00 0.000000e+00 0.000000e+00 0.000000e+00 0.000000e+00 0.000000e+00 0.000000e+00 0.000000e+00 0.000000e+00 0.000000e+00 0.000000e+00 0.000000e+00 2.146759e+14 9.027295e+14 1.074470e+07 2.150834e+18 1.872672e-05 1.156083e-03 1.168746e-10 1.114823e-06 3.155756e+02 1.969394e+05 8.408760e-01 5.945358e+06 3.220266e-11 4.514155e-07 3.162006e-09 6.361278e-17 0.000000e+00 0.000000e+00 1.431483e-06 3.125783e-08 2.163278e-05 0.000000e+00 0.000000e+00 0.000000e+00 0.000000e+00 0.000000e+00 0.000000e+00 0.000000e+00 2.008769e-11 0.000000e+00 0.000000e+00 0.000000e+00 0.000000e+00 0.000000e+00 0.000000e+00 0.000000e+00 0.000000e+00 0.000000e+00 0.000000e+00 0.000000e+00 0.000000e+00 0.000000e+00 0.000000e+00 0.000000e+00 0.000000e+00 0.000000e+00 0.000000e+00 0.000000e+00 0.000000e+00 0.000000e+00 0.000000e+00 0.000000e+00 0.000000e+00 0.000000e+00 1.730161e-39 1.165917e-16 3.848388e-15 2.267254e-07 1.286064e-16 0.000000e+00
21.000000 20.000000 22.000000 176.830872 3.641156e+03 1.679573e+08 2.729611e+02 2.810418e+09 1.090038e+06 3.994133e+04 2.128222e+04 2.431101e+11 1.445412e-01 6.148536e-02 9.543049e-05 1.371866e+03 3.730945e+01 9.675913e-03 3.632299e-06 1.315699e-16 3.086808e-01 9.309204e-02 7.455774e-04 1.384706e-12 4.486363e+11 9.264583e+11 1.497183e+07 1.201481e-07 8.741853e+04 7.902924e-10 2.283055e-47 3.110883e-03 1.194006e-07 8.568964e-02 3.095722e-03 3.359420e+04 1.714134e-08 1.517206e+01 5.993942e-03 1.279586e+01 1.076752e-03 4.766823e+01 2.855005e-15 3.395539e-11 0.000000e+00 0.000000e+00 0.000000e+00 0.000000e+00 0.000000e+00 0.000000e+00 0.000000e+00 0.000000e+00 0.000000e+00 0.000000e+00 0.000000e+00 0.000000e+00 1.488278e+14 6.260193e+14 1.797736e+07 1.491403e+18 5.033963e-05 1.421257e-03 3.901758e-10 1.403355e-06 2.591236e+02 1.303265e+05 1.153220e-01 4.555698e+06 7.488596e-11 9.473910e-08 2.554145e-10 1.046192e-16 0.000000e+00 0.000000e+00 8.815543e-07 3.919571e-08 7.297191e-05 0.000000e+00 0.000000e+00 0.000000e+00 0.000000e+00 0.000000e+00 0.000000e+00 0.000000e+00 3.096765e-11 0.000000e+00 0.000000e+00 0.000000e+00 0.000000e+00 0.000000e+00 0.000000e+00 0.000000e+00 0.000000e+00 0.000000e+00 0.000000e+00 0.000000e+00 0.000000e+00 0.000000e+00 0.000000e+00 0.000000e+00 0.000000e+00 0.000000e+00 0.000000e+00 0.000000e+00 0.000000e+00 0.000000e+00 0.000000e+00 0.000000e+00 0.000000e+00 0.000000e+00 4.221734e-40 5.991693e-17 2.373976e-15 1.527042e-07 1.159977e-16 0.000000e+00
23.000000 22.000000 24.000000 176.172331 2.497748e+03 1.965079e+08 3.520965e+02 3.451279e+09 1.513730e+06 5.208565e+04 2.853009e+04 1.630176e+11 1.937787e-01 3.587425e-02 7.103112e-05 1.261786e+03 3.610382e+01 6.414427e-03 1.774059e-06 3.783455e-17 2.150479e-01 9.189792e-02 4.999083e-04 1.421340e-11 3.515195e+11 6.144732e+11 7.734377e+06 1.435587e-07 1.653474e+04 1.387306e-09 8.294966e-47 5.046898e-03 1.711689e-07 9.736100e-02 3.484102e-03 3.319934e+04 6.089787e-08 8.775670e+00 3.811919e-03 7.345220e+00 1.162699e-03 4.584908e+01 5.255117e-15 2.858032e-11 0.000000e+00 0.000000e+00 0.000000e+00 0.000000e+00 0.000000e+00 0.000000e+00 0.000000e+00 0.000000e+00 0.000000e+00 0.000000e+00 0.000000e+00 0.000000e+00 1.024548e+14 4.310935e+14 3.356700e+07 1.026892e+18 1.041226e-04 1.376461e-03 1.554335e-09 1.985370e-06 2.323183e+02 8.331983e+04 2.506341e-02 3.024925e+06 1.996715e-10 3.686631e-08 3.236865e-11 1.722878e-16 0.000000e+00 0.000000e+00 5.757817e-07 5.861829e-08 2.322948e-04 0.000000e+00 0.000000e+00 0.000000e+00 0.000000e+00 0.000000e+00 0.000000e+00 0.000000e+00 3.337183e-10 0.000000e+00 0.000000e+00 0.000000e+00 0.000000e+00 0.000000e+00 0.000000e+00 0.000000e+00 0.000000e+00 0.000000e+00 0.000000e+00 0.000000e+00 0.000000e+00 0.000000e+00 0.000000e+00 0.000000e+00 0.000000e+00 0.000000e+00 0.000000e+00 0.000000e+00 0.000000e+00 0.000000e+00 0.000000e+00 0.000000e+00 0.000000e+00 0.000000e+00 5.579537e-41 2.241122e-17 1.009407e-15 9.588159e-08 1.060103e-16 0.000000e+00
25.000000 24.000000 26.000000 176.332142 1.713050e+03 2.295997e+08 4.825170e+02 3.974359e+09 2.003874e+06 6.924491e+04 3.446352e+04 1.103884e+11 2.335409e-01 1.737384e-02 4.633777e-05 1.166525e+03 3.277811e+01 4.163441e-03 8.622688e-07 1.047923e-17 1.338639e-01 7.916238e-02 3.109847e-04 1.445076e-10 2.758066e+11 4.030110e+11 3.665188e+06 2.287769e-07 8.635267e+03 2.677787e-09 6.447677e-46 1.350447e-02 3.881617e-07 1.201358e-01 4.261261e-03 3.481191e+04 2.679059e-07 6.397660e+00 3.076555e-03 5.235425e+00 1.444727e-03 4.146061e+01 1.259390e-14 2.660916e-11 0.000000e+00 1.071524e-32 0.000000e+00 0.000000e+00 0.000000e+00 0.000000e+00 0.000000e+00 0.000000e+00 0.000000e+00 0.000000e+00 0.000000e+00 0.000000e+00 7.018679e+13 2.954326e+14 6.495370e+07 7.036430e+17 2.237938e-04 1.120469e-03 6.438924e-09 3.105711e-06 2.244348e+02 5.235948e+04 1.431259e-02 1.869992e+06 8.453436e-10 2.126171e-08 1.047837e-11 4.030585e-16 0.000000e+00 0.000000e+00 3.662324e-07 9.538831e-08 6.912223e-04 0.000000e+00 0.000000e+00 0.000000e+00 1.347872e-34 0.000000e+00 0.000000e+00 0.000000e+00 1.609121e-09 0.000000e+00 0.000000e+00 0.000000e+00 0.000000e+00 0.000000e+00 0.000000e+00 0.000000e+00 0.000000e+00 0.000000e+00 0.000000e+00 0.000000e+00 0.000000e+00 0.000000e+00 0.000000e+00 0.000000e+00 0.000000e+00 0.000000e+00 0.000000e+00 0.000000e+00 0.000000e+00 0.000000e+00 0.000000e+00 0.000000e+00 0.000000e+00 0.000000e+00 4.683005e-42 6.617026e-18 3.233988e-16 5.784597e-08 1.631490e-16 0.000000e+00
27.000000 26.000000 28.000000 176.715104 1.175928e+03 2.570300e+08 6.406379e+02 4.348055e+09 2.548030e+06 8.944526e+04 3.837018e+04 7.571788e+10 2.548608e-01 7.468138e-03 2.782333e-05 1.101999e+03 2.879389e+01 2.638335e-03 4.019080e-07 2.675991e-18 7.989038e-02 6.259170e-02 1.803674e-04 2.464553e-05 2.176801e+11 2.618493e+11 1.636288e+06 4.215094e-07 1.607748e+04 5.493801e-09 6.044595e-44 4.266596e-01 1.070968e-05 3.489702e+00 9.996784e-03 3.817197e+04 9.865066e-03 1.428259e+01 7.640957e-03 8.144455e+00 4.378761e-03 3.631998e+01 1.442099e-11 2.634135e-11 0.000000e+00 1.645323e-32 0.000000e+00 0.000000e+00 0.000000e+00 0.000000e+00 0.000000e+00 0.000000e+00 0.000000e+00 0.000000e+00 0.000000e+00 0.000000e+00 4.806097e+13 2.023916e+14 1.224816e+08 4.819713e+17 5.019548e-04 8.187653e-04 4.736556e-04 5.807812e-02 2.476887e+02 3.211018e+04 2.635239e-02 1.141600e+06 4.101930e-08 1.688990e-08 1.060661e-11 1.082389e-14 0.000000e+00 0.000000e+00 2.170434e-07 1.689354e-07 1.962885e-03 0.000000e+00 0.000000e+00 0.000000e+00 2.164828e-34 0.000000e+00 0.000000e+00 0.000000e+00 2.030728e-04 0.000000e+00 0.000000e+00 0.000000e+00 0.000000e+00 0.000000e+00 0.000000e+00 0.000000e+00 0.000000e+00 0.000000e+00 0.000000e+00 0.000000e+00 0.000000e+00 0.000000e+00 0.000000e+00 0.000000e+00 0.000000e+00 0.000000e+00 0.000000e+00 0.000000e+00 0.000000e+00 0.000000e+00 0.000000e+00 0.000000e+00 0.000000e+00 0.000000e+00 2.970262e-43 1.686413e-18 8.640877e-17 3.708088e-08 2.028972e-15 0.000000e+00
29.000000 28.000000 30.000000 176.829991 8.078605e+02 2.688386e+08 7.813608e+02 4.557936e+09 3.129255e+06 1.091599e+05 4.002826e+04 5.205454e+10 2.537282e-01 2.984715e-03 1.592597e-05 1.000504e+03 2.479170e+01 1.628557e-03 1.756390e-07 6.152198e-19 4.747764e-02 4.675735e-02 9.824283e-05 3.591520e-04 1.722952e+11 1.685648e+11 7.203348e+05 8.262609e-07 4.662416e+04 1.164638e-08 1.034716e-42 2.938071e+00 5.946231e-05 1.367008e+01 2.557821e-02 4.287553e+04 5.318290e-02 3.805005e+01 2.197328e-02 1.816783e+01 1.291216e-02 3.120074e+01 5.778672e-10 2.970071e-11 0.000000e+00 0.000000e+00 0.000000e+00 0.000000e+00 0.000000e+00 0.000000e+00 0.000000e+00 0.000000e+00 0.000000e+00 0.000000e+00 0.000000e+00 0.000000e+00 3.298470e+13 1.389760e+14 2.168529e+08 3.308980e+17 1.057470e-03 5.609343e-04 3.118475e-03 1.832099e-01 3.129519e+02 1.911307e+04 7.747682e-02 7.087037e+05 4.247531e-07 1.899608e-08 1.660599e-11 5.720175e-14 0.000000e+00 0.000000e+00 1.173734e-07 3.173061e-07 5.157727e-03 0.000000e+00 0.000000e+00 0.000000e+00 0.000000e+00 0.000000e+00 0.000000e+00 0.000000e+00 9.030159e-04 0.000000e+00 0.000000e+00 0.000000e+00 0.000000e+00 0.000000e+00 0.000000e+00 0.000000e+00 0.000000e+00 0.000000e+00 0.000000e+00 0.000000e+00 0.000000e+00 0.000000e+00 0.000000e+00 0.000000e+00 0.000000e+00 0.000000e+00 0.000000e+00 0.000000e+00 0.000000e+00 0.000000e+00 0.000000e+00 0.000000e+00 0.000000e+00 0.000000e+00 1.622808e-44 3.969241e-19 2.077560e-17 2.673560e-08 6.008859e-15 0.000000e+00
31.000000 30.000000 32.000000 176.675846 5.551050e+02 2.627647e+08 8.585209e+02 4.617034e+09 3.698252e+06 1.242922e+05 3.884803e+04 3.558478e+10 2.374887e-01 1.159482e-03 9.046547e-06 8.528402e+02 2.126603e+01 9.945975e-04 7.280586e-08 1.311407e-19 2.871130e-02 3.347605e-02 5.085412e-05 1.193463e-02 1.374935e+11 1.065656e+11 5.022851e+05 3.596561e-06 1.530655e+05 5.915469e-08 2.789219e-41 3.736610e+01 6.019226e-04 1.325877e+02 1.904835e-01 4.955230e+04 6.969635e-01 2.614100e+02 1.808259e-01 1.238430e+02 1.068582e-01 2.670413e+01 7.248660e-08 1.598383e-10 0.000000e+00 1.545533e-33 0.000000e+00 0.000000e+00 0.000000e+00 0.000000e+00 0.000000e+00 0.000000e+00 0.000000e+00 0.000000e+00 0.000000e+00 0.000000e+00 2.267490e+13 9.559766e+13 3.560238e+08 2.275683e+17 2.022411e-03 3.741747e-04 4.897702e-02 1.402825e+00 1.103029e+03 1.120784e+04 3.177994e-01 4.454253e+05 7.977272e-06 4.749607e-08 3.545904e-11 5.549279e-13 0.000000e+00 0.000000e+00 5.828474e-08 1.530340e-06 1.274172e-02 0.000000e+00 0.000000e+00 0.000000e+00 2.097457e-35 0.000000e+00 0.000000e+00 0.000000e+00 9.706090e-03 0.000000e+00 0.000000e+00 0.000000e+00 0.000000e+00 0.000000e+00 0.000000e+00 0.000000e+00 0.000000e+00 0.000000e+00 0.000000e+00 0.000000e+00 0.000000e+00 0.000000e+00 0.000000e+00 0.000000e+00 0.000000e+00 0.000000e+00 0.000000e+00 0.000000e+00 0.000000e+00 0.000000e+00 0.000000e+00 0.000000e+00 0.000000e+00 0.000000e+00 8.836701e-46 9.311019e-20 4.876980e-18 5.157816e-08 2.921209e-14 0.000000e+00
33.000000 32.000000 34.000000 176.493801 3.813671e+02 2.422656e+08 8.385460e+02 4.587047e+09 4.213120e+06 1.313034e+05 3.503632e+04 2.427916e+10 2.117521e-01 4.620495e-04 5.337450e-06 6.731825e+02 1.808935e+01 5.959276e-04 2.826421e-08 2.543852e-20 1.761028e-02 2.281862e-02 2.475651e-05 1.433557e-01 1.101637e+11 6.571608e+10 7.885844e+05 1.249695e-05 3.760390e+05 2.314990e-07 2.992168e-40 1.941674e+02 2.412588e-03 4.920392e+02 6.929124e-01 5.613713e+04 3.432005e+00 7.944711e+02 6.340319e-01 3.921466e+02 3.825057e-01 2.264009e+01 2.841265e-07 7.061350e-10 0.000000e+00 0.000000e+00 0.000000e+00 0.000000e+00 0.000000e+00 0.000000e+00 0.000000e+00 0.000000e+00 0.000000e+00 0.000000e+00 0.000000e+00 0.000000e+00 1.558610e+13 6.576107e+13 5.412508e+08 1.565048e+17 3.492799e-03 2.471886e-04 2.892558e-01 4.081915e+00 3.484509e+03 6.563434e+03 9.450176e-01 2.773769e+05 6.003329e-05 9.335119e-08 5.316034e-11 2.153010e-12 0.000000e+00 0.000000e+00 2.615166e-08 6.074669e-06 2.652894e-02 0.000000e+00 0.000000e+00 0.000000e+00 0.000000e+00 0.000000e+00 0.000000e+00 0.000000e+00 3.944509e-02 0.000000e+00 0.000000e+00 0.000000e+00 0.000000e+00 0.000000e+00 0.000000e+00 0.000000e+00 0.000000e+00 0.000000e+00 0.000000e+00 0.000000e+00 0.000000e+00 0.000000e+00 0.000000e+00 0.000000e+00 0.000000e+00 0.000000e+00 0.000000e+00 0.000000e+00 0.000000e+00 0.000000e+00 0.000000e+00 0.000000e+00 0.000000e+00 0.000000e+00 5.615347e-47 2.358361e-20 1.221376e-18 9.212397e-08 6.027256e-14 0.000000e+00
35.000000 34.000000 36.000000 176.491637 2.620195e+02 2.139925e+08 7.313238e+02 4.535191e+09 4.648328e+06 1.292967e+05 2.953385e+04 1.668572e+10 1.833405e-01 2.118430e-04 3.636156e-06 4.969288e+02 1.529404e+01 3.516780e-04 1.034028e-08 4.539730e-21 1.094471e-02 1.486423e-02 1.139079e-05 7.584809e-01 8.852857e+10 3.915424e+10 1.030037e+06 2.350455e-05 6.692795e+05 4.221246e-07 1.678547e-39 4.834548e+02 4.533783e-03 8.308431e+02 1.193508e+00 6.080778e+04 7.742637e+00 1.139172e+03 1.006930e+00 5.715196e+02 6.103705e-01 1.900100e+01 6.442185e-07 1.679184e-09 0.000000e+00 3.838862e-33 0.000000e+00 0.000000e+00 0.000000e+00 0.000000e+00 0.000000e+00 0.000000e+00 0.000000e+00 0.000000e+00 0.000000e+00 0.000000e+00 1.070177e+13 4.519446e+13 7.683593e+08 1.075284e+17 5.510962e-03 1.645822e-04 7.950265e-01 5.542882e+00 5.861666e+03 3.869076e+03 1.798967e+00 1.680995e+05 2.111067e-04 1.070686e-07 4.964483e-11 3.967218e-12 0.000000e+00 0.000000e+00 1.066956e-08 1.181865e-05 4.571476e-02 0.000000e+00 0.000000e+00 0.000000e+00 5.158341e-35 0.000000e+00 0.000000e+00 0.000000e+00 7.459989e-02 0.000000e+00 0.000000e+00 0.000000e+00 0.000000e+00 0.000000e+00 0.000000e+00 0.000000e+00 0.000000e+00 0.000000e+00 0.000000e+00 0.000000e+00 0.000000e+00 0.000000e+00 0.000000e+00 0.000000e+00 0.000000e+00 0.000000e+00 0.000000e+00 0.000000e+00 0.000000e+00 0.000000e+00 0.000000e+00 0.000000e+00 0.000000e+00 0.000000e+00 6.167593e-48 7.878961e-21 4.022499e-19 1.042347e-07 6.818198e-14 0.000000e+00
37.000000 36.000000 38.000000 176.804035 1.801236e+02 1.837426e+08 5.768258e+02 4.530367e+09 5.040373e+06 1.202232e+05 2.389260e+04 1.170793e+10 1.539058e-01 1.305611e-04 3.299882e-06 3.502382e+02 1.278830e+01 2.033313e-04 3.555048e-09 7.379952e-22 6.840499e-03 9.330484e-03 4.992318e-06 3.163317e+00 7.109358e+10 2.235161e+10 1.247615e+06 3.997662e-05 1.105593e+06 5.967929e-07 9.245569e-39 1.000473e+03 7.015516e-03 1.163527e+03 1.733756e+00 6.313153e+04 1.485409e+01 1.372295e+03 1.308042e+00 6.853290e+02 7.780187e-01 1.568966e+01 1.488145e-06 3.627931e-09 0.000000e+00 0.000000e+00 0.000000e+00 0.000000e+00 0.000000e+00 0.000000e+00 0.000000e+00 0.000000e+00 0.000000e+00 0.000000e+00 0.000000e+00 0.000000e+00 7.338037e+12 3.102296e+13 1.033836e+09 7.378918e+16 8.231298e-03 1.104635e-04 1.909889e+00 6.545050e+00 8.707693e+03 2.328251e+03 3.093615e+00 9.855141e+04 6.002591e-04 1.079617e-07 4.050651e-11 5.996776e-12 0.000000e+00 0.000000e+00 3.981292e-09 1.882152e-05 6.955003e-02 0.000000e+00 0.000000e+00 0.000000e+00 0.000000e+00 0.000000e+00 0.000000e+00 0.000000e+00 1.231337e-01 0.000000e+00 0.000000e+00 0.000000e+00 0.000000e+00 0.000000e+00 0.000000e+00 0.000000e+00 0.000000e+00 0.000000e+00 0.000000e+00 0.000000e+00 0.000000e+00 0.000000e+00 0.000000e+00 0.000000e+00 0.000000e+00 0.000000e+00 0.000000e+00 0.000000e+00 0.000000e+00 0.000000e+00 0.000000e+00 0.000000e+00 0.000000e+00 0.000000e+00 2.049465e-48 4.572422e-21 2.319369e-19 1.413313e-07 8.337594e-14 0.000000e+00
39.000000 38.000000 40.000000 177.419456 1.239687e+02 1.547573e+08 4.159201e+02 4.644925e+09 5.476706e+06 1.071548e+05 1.926433e+04 8.487098e+09 1.247253e-01 1.164106e-04 4.231349e-06 2.409172e+02 1.059211e+01 1.147986e-04 1.143207e-09 1.078178e-22 4.308105e-03 5.769044e-03 2.119398e-06 1.345107e+01 5.717736e+10 1.199305e+10 1.801573e+06 8.035444e-05 1.814160e+06 8.960374e-07 6.418864e-38 2.111264e+03 1.111168e-02 1.795961e+03 2.810150e+00 6.374469e+04 3.354877e+01 1.843254e+03 1.873833e+00 8.919734e+02 1.049262e+00 1.275352e+01 4.236522e-06 9.377800e-09 0.000000e+00 4.234856e-31 0.000000e+00 0.000000e+00 0.000000e+00 0.000000e+00 0.000000e+00 0.000000e+00 0.000000e+00 0.000000e+00 0.000000e+00 0.000000e+00 5.027748e+12 2.128371e+13 1.337948e+09 5.060866e+16 1.203244e-02 7.547632e-05 5.539646e+00 9.218164e+00 1.552237e+04 1.531575e+03 5.563399e+00 5.661730e+04 1.710441e-03 1.157642e-07 3.326240e-11 9.120633e-12 0.000000e+00 0.000000e+00 1.374217e-09 3.364639e-05 9.823302e-02 0.000000e+00 0.000000e+00 0.000000e+00 1.669611e-33 0.000000e+00 0.000000e+00 0.000000e+00 2.462672e-01 0.000000e+00 0.000000e+00 0.000000e+00 0.000000e+00 0.000000e+00 0.000000e+00 0.000000e+00 0.000000e+00 0.000000e+00 0.000000e+00 0.000000e+00 0.000000e+00 0.000000e+00 0.000000e+00 0.000000e+00 0.000000e+00 0.000000e+00 0.000000e+00 0.000000e+00 0.000000e+00 0.000000e+00 0.000000e+00 0.000000e+00 0.000000e+00 0.000000e+00 2.571411e-48 5.124823e-21 2.635268e-19 3.127947e-07 1.400685e-13 0.000000e+00
41.000000 40.000000 42.000000 178.088720 8.545944e+01 1.252363e+08 2.875191e+02 4.826039e+09 6.225404e+06 9.652956e+04 1.693104e+04 6.422781e+09 9.428808e-02 1.265982e-04 6.533256e-06 1.640996e+02 8.660439e+00 6.547404e-05 3.535661e-10 1.499867e-23 2.719492e-03 3.674174e-03 9.469637e-07 4.109151e+01 4.608768e+10 5.963941e+09 2.326329e+06 1.504964e-04 2.544653e+06 1.226675e-06 4.133966e-37 3.631793e+03 1.426853e-02 2.310154e+03 3.816173e+00 6.030695e+04 6.881728e+01 2.082979e+03 2.338454e+00 9.244276e+02 1.162139e+00 1.011934e+01 1.159760e-05 2.313932e-08 0.000000e+00 1.831622e-31 0.000000e+00 0.000000e+00 0.000000e+00 0.000000e+00 0.000000e+00 0.000000e+00 0.000000e+00 0.000000e+00 0.000000e+00 0.000000e+00 3.448367e+12 1.462099e+13 1.749719e+09 3.475663e+16 1.738785e-02 5.239147e-05 1.467114e+01 1.197689e+01 2.604672e+04 1.128003e+03 9.055564e+00 3.274968e+04 3.999358e-03 1.114629e-07 2.465075e-11 1.091558e-11 0.000000e+00 0.000000e+00 4.787958e-10 5.575599e-05 1.267131e-01 0.000000e+00 0.000000e+00 0.000000e+00 1.510921e-34 0.000000e+00 0.000000e+00 0.000000e+00 4.586182e-01 0.000000e+00 0.000000e+00 0.000000e+00 0.000000e+00 0.000000e+00 0.000000e+00 0.000000e+00 0.000000e+00 0.000000e+00 0.000000e+00 0.000000e+00 0.000000e+00 0.000000e+00 0.000000e+00 0.000000e+00 0.000000e+00 0.000000e+00 0.000000e+00 0.000000e+00 0.000000e+00 0.000000e+00 0.000000e+00 0.000000e+00 0.000000e+00 0.000000e+00 6.570673e-48 8.180885e-21 4.309352e-19 7.437819e-07 2.191205e-13 0.000000e+00
43.000000 42.000000 44.000000 178.345489 5.898877e+01 8.943284e+07 2.292052e+02 4.664464e+09 8.245062e+06 1.059042e+05 1.998554e+04 5.073032e+09 6.026409e-02 1.324458e-04 1.042031e-05 1.119121e+02 6.987439e+00 4.738668e-05 1.313317e-10 3.114904e-24 1.698798e-03 2.703890e-03 6.280128e-07 5.870457e+01 3.837419e+10 2.697741e+09 2.096949e+06 2.486545e-04 2.719497e+06 1.871354e-06 1.825035e-36 4.690201e+03 1.349751e-02 2.103890e+03 3.629079e+00 5.003864e+04 1.093521e+02 1.554675e+03 2.362278e+00 5.949497e+02 1.011710e+00 7.765699e+00 2.321314e-05 5.053404e-08 0.000000e+00 1.196052e-31 0.000000e+00 0.000000e+00 0.000000e+00 0.000000e+00 0.000000e+00 0.000000e+00 0.000000e+00 0.000000e+00 0.000000e+00 0.000000e+00 2.371628e+12 1.007976e+13 2.771086e+09 2.395638e+16 2.472882e-02 3.593255e-05 2.822894e+01 1.250221e+01 3.641230e+04 8.757426e+02 1.291297e+01 1.930957e+04 7.417170e-03 9.818134e-08 2.017168e-11 9.233170e-12 0.000000e+00 0.000000e+00 2.523629e-10 9.184993e-05 1.519256e-01 0.000000e+00 0.000000e+00 0.000000e+00 0.000000e+00 0.000000e+00 0.000000e+00 0.000000e+00 6.468299e-01 0.000000e+00 0.000000e+00 0.000000e+00 0.000000e+00 0.000000e+00 0.000000e+00 0.000000e+00 0.000000e+00 0.000000e+00 0.000000e+00 0.000000e+00 0.000000e+00 0.000000e+00 0.000000e+00 0.000000e+00 0.000000e+00 0.000000e+00 0.000000e+00 0.000000e+00 0.000000e+00 0.000000e+00 0.000000e+00 0.000000e+00 0.000000e+00 0.000000e+00 2.127328e-47 1.486531e-20 7.591104e-19 1.426398e-06 2.495968e-13 0.000000e+00
45.000000 44.000000 46.000000 177.686612 4.071279e+01 6.787313e+07 3.514502e+02 3.535733e+09 1.105001e+07 1.671362e+05 2.455342e+04 3.656465e+09 3.701974e-02 7.357915e-05 1.095491e-05 7.735258e+01 5.496106e+00 6.681724e-05 1.235093e-10 3.211763e-24 9.061187e-04 1.992459e-03 8.176837e-07 2.938471e+01 3.700190e+10 1.106490e+09 1.595122e+06 3.499820e-04 2.083425e+06 4.572608e-06 4.176053e-36 4.595312e+03 9.767467e-03 1.566697e+03 2.657838e+00 3.251258e+04 1.557012e+02 1.006442e+03 2.616416e+00 3.197250e+02 9.647697e-01 5.696293e+00 3.348594e-05 1.081786e-07 0.000000e+00 7.718311e-32 0.000000e+00 0.000000e+00 0.000000e+00 0.000000e+00 0.000000e+00 0.000000e+00 0.000000e+00 0.000000e+00 0.000000e+00 0.000000e+00 1.633260e+12 6.984184e+12 6.289977e+09 1.659549e+16 3.545794e-02 2.276626e-05 3.934049e+01 1.208043e+01 4.063960e+04 7.989210e+02 1.626895e+01 9.127467e+03 1.212779e-02 9.783670e-08 2.813151e-11 5.420475e-12 0.000000e+00 0.000000e+00 3.732941e-10 1.731994e-04 1.687816e-01 0.000000e+00 0.000000e+00 0.000000e+00 9.433817e-35 0.000000e+00 0.000000e+00 0.000000e+00 6.802041e-01 0.000000e+00 0.000000e+00 0.000000e+00 0.000000e+00 0.000000e+00 0.000000e+00 0.000000e+00 0.000000e+00 0.000000e+00 0.000000e+00 0.000000e+00 0.000000e+00 0.000000e+00 0.000000e+00 0.000000e+00 0.000000e+00 0.000000e+00 0.000000e+00 0.000000e+00 0.000000e+00 0.000000e+00 0.000000e+00 0.000000e+00 0.000000e+00 0.000000e+00 2.150843e-47 1.501828e-20 6.108543e-19 1.415081e-06 1.427271e-13 0.000000e+00
47.000000 46.000000 48.000000 175.809965 2.803013e+01 1.184406e+08 1.527236e+03 2.093508e+09 7.384350e+06 2.571781e+05 1.092930e+04 1.802353e+09 4.516517e-02 1.020670e-05 3.255678e-06 5.437416e+01 4.207511e+00 1.307851e-04 3.994098e-10 1.544459e-23 2.787305e-04 7.359782e-04 7.655538e-07 8.295824e+00 4.557590e+10 3.978917e+08 1.519729e+06 1.906513e-04 1.168215e+06 7.338931e-06 4.015750e-36 3.132439e+03 5.206429e-03 9.527999e+02 1.271448e+00 1.221898e+04 2.320680e+02 1.247374e+03 3.457872e+00 2.434644e+02 8.022069e-01 3.997797e+00 4.092184e-05 1.448218e-07 0.000000e+00 1.339136e-33 0.000000e+00 0.000000e+00 0.000000e+00 0.000000e+00 0.000000e+00 0.000000e+00 0.000000e+00 0.000000e+00 0.000000e+00 0.000000e+00 1.117020e+12 4.861656e+12 1.425452e+10 1.154770e+16 5.447589e-02 8.496197e-06 4.214558e+01 1.088711e+01 1.840714e+04 7.604985e+02 1.247227e+01 2.538204e+03 1.593866e-02 6.526951e-08 3.319155e-11 2.033668e-12 0.000000e+00 0.000000e+00 8.737910e-10 1.338754e-04 1.682778e-01 0.000000e+00 0.000000e+00 0.000000e+00 1.388465e-35 0.000000e+00 0.000000e+00 0.000000e+00 5.378201e-01 0.000000e+00 0.000000e+00 0.000000e+00 0.000000e+00 0.000000e+00 0.000000e+00 0.000000e+00 0.000000e+00 0.000000e+00 0.000000e+00 0.000000e+00 0.000000e+00 0.000000e+00 0.000000e+00 0.000000e+00 0.000000e+00 0.000000e+00 0.000000e+00 0.000000e+00 0.000000e+00 0.000000e+00 0.000000e+00 0.000000e+00 0.000000e+00 0.000000e+00 4.454178e-49 1.715846e-21 4.411323e-20 2.438548e-07 2.179709e-14 0.000000e+00
49.000000 48.000000 50.000000 172.830035 1.920129e+01 7.633462e+08 1.410279e+04 1.500362e+09 1.390762e+06 1.876834e+05 2.160190e+03 6.020432e+08 2.000159e-01 5.474618e-07 2.488875e-07 3.810017e+01 3.015810e+00 1.182860e-04 1.917704e-09 5.070939e-23 2.403340e-05 7.392778e-05 1.070661e-07 3.162106e+00 5.553284e+10 1.332020e+08 1.151033e+06 2.536841e-05 4.925166e+05 1.310295e-06 9.030000e-37 7.310676e+02 5.365573e-04 1.818008e+02 7.341057e-02 3.704749e+03 2.846976e+02 3.287081e+03 2.764137e+00 1.531775e+02 2.359782e-01 2.686716e+00 1.513278e-05 2.950623e-08 0.000000e+00 0.000000e+00 0.000000e+00 0.000000e+00 0.000000e+00 0.000000e+00 0.000000e+00 0.000000e+00 0.000000e+00 0.000000e+00 0.000000e+00 0.000000e+00 7.547486e+11 3.388773e+12 2.166423e+10 8.046837e+15 8.536687e-02 1.575456e-06 3.441407e+01 6.187958e+00 1.510264e+03 3.463875e+02 4.076845e+00 2.395349e+02 6.334465e-03 6.986385e-09 8.073361e-12 1.456250e-13 0.000000e+00 0.000000e+00 4.980459e-10 1.273541e-05 1.416176e-01 0.000000e+00 0.000000e+00 0.000000e+00 0.000000e+00 0.000000e+00 0.000000e+00 0.000000e+00 3.555228e-01 0.000000e+00 0.000000e+00 0.000000e+00 0.000000e+00 0.000000e+00 0.000000e+00 0.000000e+00 0.000000e+00 0.000000e+00 0.000000e+00 0.000000e+00 0.000000e+00 0.000000e+00 0.000000e+00 0.000000e+00 0.000000e+00 0.000000e+00 0.000000e+00 0.000000e+00 0.000000e+00 0.000000e+00 0.000000e+00 0.000000e+00 0.000000e+00 0.000000e+00 4.280931e-51 3.010819e-23 5.583224e-22 1.905466e-08 1.294047e-15 0.000000e+00
51.000000 50.000000 52.000000 169.274616 1.306016e+01 5.206497e+09 7.492689e+04 1.377852e+09 1.316255e+05 3.800477e+04 1.346089e+02 1.821567e+08 8.031317e-01 3.000695e-08 1.937424e-08 2.585919e+01 1.584864e+00 6.198577e-05 4.438592e-09 4.713387e-23 1.243775e-06 2.795668e-06 5.518065e-09 1.182666e+00 5.535013e+10 4.495265e+07 4.809983e+05 2.907978e-06 1.610761e+05 7.118991e-08 4.259139e-38 4.588697e+01 4.578996e-06 6.176672e+00 3.787697e-04 1.134850e+03 1.509471e+02 3.545810e+03 7.313547e-01 5.056184e+00 8.674705e-03 1.745954e+00 2.320408e-06 1.753192e-09 0.000000e+00 3.926493e-35 0.000000e+00 0.000000e+00 0.000000e+00 0.000000e+00 0.000000e+00 0.000000e+00 0.000000e+00 0.000000e+00 0.000000e+00 0.000000e+00 5.074037e+11 2.353614e+12 2.116974e+10 5.588185e+15 1.190251e-01 4.782896e-07 1.379465e+01 1.857514e+00 9.174663e+01 8.121482e+01 6.863612e-01 7.621098e+00 5.176374e-04 3.518638e-10 6.355563e-13 7.419901e-16 0.000000e+00 0.000000e+00 4.346400e-11 5.788856e-07 1.006217e-01 0.000000e+00 0.000000e+00 0.000000e+00 4.096196e-36 0.000000e+00 0.000000e+00 0.000000e+00 2.198132e-01 0.000000e+00 0.000000e+00 0.000000e+00 0.000000e+00 0.000000e+00 0.000000e+00 0.000000e+00 0.000000e+00 0.000000e+00 0.000000e+00 0.000000e+00 0.000000e+00 0.000000e+00 0.000000e+00 0.000000e+00 0.000000e+00 0.000000e+00 0.000000e+00 0.000000e+00 0.000000e+00 0.000000e+00 0.000000e+00 0.000000e+00 0.000000e+00 0.000000e+00 4.892101e-53 4.028093e-25 6.795895e-24 1.693772e-09 8.433697e-17 0.000000e+00
53.000000 52.000000 54.000000 165.871099 8.813657e+00 1.103450e+10 1.065580e+05 1.150477e+09 3.382329e+04 9.478663e+03 8.620968e+00 5.146863e+07 1.006672e+00 2.841517e-09 4.035023e-09 1.669571e+01 7.507187e-01 2.674373e-05 2.602696e-09 9.268082e-24 1.597239e-07 2.408459e-07 3.863180e-10 3.616700e-01 5.055420e+10 1.407985e+07 1.619275e+05 3.218454e-07 4.503905e+04 3.592621e-09 2.436885e-38 3.965079e+00 1.246449e-07 3.631872e-01 8.015040e-06 3.198585e+02 4.942583e+01 2.206843e+03 1.388667e-01 1.310347e-01 4.748188e-04 1.098099e+00 9.922191e-07 1.247835e-10 0.000000e+00 5.133370e-36 0.000000e+00 0.000000e+00 0.000000e+00 0.000000e+00 0.000000e+00 0.000000e+00 0.000000e+00 0.000000e+00 0.000000e+00 0.000000e+00 3.370303e+11 1.621120e+12 1.709245e+10 3.848570e+15 1.498525e-01 1.599818e-07 3.690059e+00 5.264557e-01 1.576167e+01 2.133468e+01 1.305518e-01 7.819300e-01 5.458744e-05 2.422777e-11 4.224968e-14 1.208412e-17 0.000000e+00 0.000000e+00 3.493731e-12 6.071102e-08 6.754517e-02 0.000000e+00 0.000000e+00 0.000000e+00 1.189631e-36 0.000000e+00 0.000000e+00 0.000000e+00 1.196390e-01 0.000000e+00 0.000000e+00 0.000000e+00 0.000000e+00 0.000000e+00 0.000000e+00 0.000000e+00 0.000000e+00 0.000000e+00 0.000000e+00 0.000000e+00 0.000000e+00 0.000000e+00 0.000000e+00 0.000000e+00 0.000000e+00 0.000000e+00 0.000000e+00 0.000000e+00 0.000000e+00 0.000000e+00 0.000000e+00 0.000000e+00 0.000000e+00 0.000000e+00 5.570024e-55 6.706851e-27 9.587577e-26 1.495673e-10 5.375412e-18 0.000000e+00
55.000000 54.000000 56.000000 163.647630 5.908624e+00 1.522049e+10 8.496985e+04 9.093495e+08 1.168077e+04 2.747569e+03 6.655919e-01 1.387712e+07 9.261927e-01 4.331143e-10 1.256540e-09 1.014994e+01 3.470333e-01 9.374153e-06 8.318899e-10 7.931110e-25 2.910458e-08 2.697887e-08 3.137254e-11 3.653642e-01 4.321453e+10 4.143711e+06 5.159687e+04 3.516032e-08 1.158829e+04 1.772299e-10 8.624577e-37 7.656814e-01 1.063049e-08 4.366113e-02 5.191176e-07 8.407901e+01 1.374938e+01 1.257006e+03 2.710049e-02 7.781330e-03 5.443878e-05 6.700047e-01 5.975774e-07 1.293768e-11 0.000000e+00 3.155981e-37 0.000000e+00 0.000000e+00 0.000000e+00 0.000000e+00 0.000000e+00 0.000000e+00 0.000000e+00 0.000000e+00 0.000000e+00 0.000000e+00 2.201557e+11 1.101870e+12 1.218959e+10 2.615113e+15 1.725448e-01 5.714870e-08 9.781061e-01 1.586280e-01 3.797303e+00 6.529388e+00 3.004058e-02 1.281300e-01 1.264743e-05 1.912083e-12 2.592489e-15 6.931648e-19 0.000000e+00 0.000000e+00 2.554156e-13 7.589422e-09 4.419387e-02 0.000000e+00 0.000000e+00 0.000000e+00 9.989754e-38 0.000000e+00 0.000000e+00 0.000000e+00 5.912021e-02 0.000000e+00 0.000000e+00 0.000000e+00 0.000000e+00 0.000000e+00 0.000000e+00 0.000000e+00 0.000000e+00 0.000000e+00 0.000000e+00 0.000000e+00 0.000000e+00 0.000000e+00 0.000000e+00 0.000000e+00 0.000000e+00 0.000000e+00 0.000000e+00 0.000000e+00 0.000000e+00 0.000000e+00 0.000000e+00 0.000000e+00 0.000000e+00 0.000000e+00 6.306659e-57 2.112206e-28 2.447690e-27 1.310749e-11 3.353174e-19 0.000000e+00
57.000000 56.000000 58.000000 164.449742 3.953766e+00 1.716427e+10 4.444942e+04 7.020434e+08 4.343339e+03 7.982186e+02 5.388820e-02 3.596821e+06 7.458800e-01 9.427305e-11 5.647886e-10 5.773846e+00 1.544376e-01 2.898133e-06 1.919654e-10 4.048231e-26 6.320433e-09 2.942049e-09 2.401852e-12 2.518973e+00 3.491878e+10 1.156884e+06 1.514154e+04 3.828965e-09 2.803015e+03 8.432964e-12 1.073178e-35 1.740619e-01 1.685922e-09 8.058414e-03 6.923152e-08 2.084437e+01 2.910290e+00 6.878124e+02 5.279477e-03 9.576087e-04 1.053599e-05 3.952681e-01 3.903079e-07 2.279336e-12 0.000000e+00 3.260876e-42 0.000000e+00 0.000000e+00 0.000000e+00 0.000000e+00 0.000000e+00 0.000000e+00 0.000000e+00 0.000000e+00 0.000000e+00 0.000000e+00 1.404579e+11 7.343037e+11 7.674941e+09 1.741373e+15 1.833696e-01 2.097523e-08 2.654020e-01 4.998594e-02 1.029634e+00 2.216930e+00 7.465803e-03 2.358438e-02 3.434977e-06 1.475205e-13 1.385261e-16 7.824131e-20 0.000000e+00 0.000000e+00 1.535175e-14 8.658753e-10 2.807040e-02 0.000000e+00 0.000000e+00 0.000000e+00 2.790519e-43 0.000000e+00 0.000000e+00 0.000000e+00 2.723931e-02 0.000000e+00 0.000000e+00 0.000000e+00 0.000000e+00 0.000000e+00 0.000000e+00 0.000000e+00 0.000000e+00 0.000000e+00 0.000000e+00 0.000000e+00 0.000000e+00 0.000000e+00 0.000000e+00 0.000000e+00 0.000000e+00 0.000000e+00 0.000000e+00 0.000000e+00 0.000000e+00 0.000000e+00 0.000000e+00 0.000000e+00 0.000000e+00 0.000000e+00 7.080871e-59 2.355067e-29 2.158394e-28 1.137089e-12 2.047265e-20 0.000000e+00
59.000000 58.000000 60.000000 170.562347 2.667194e+00 1.695719e+10 1.527974e+04 5.384050e+08 1.662156e+03 2.170735e+02 3.854440e-03 9.008415e+05 5.545787e-01 3.180924e-11 4.230718e-10 3.074973e+00 6.429546e-02 7.851305e-07 3.303221e-11 1.247912e-27 1.746498e-09 2.781493e-10 1.538853e-13 1.559601e+01 2.691959e+10 3.085794e+05 3.911920e+03 4.450150e-10 6.390288e+02 3.818841e-13 4.934540e-35 3.489654e-02 3.667260e-10 1.688329e-03 1.499683e-08 4.915402e+00 3.952396e-01 3.549514e+02 9.875848e-04 1.596826e-04 2.816437e-06 2.249852e-01 2.543578e-07 1.528401e-12 0.000000e+00 5.558231e-43 0.000000e+00 0.000000e+00 0.000000e+00 0.000000e+00 0.000000e+00 0.000000e+00 0.000000e+00 0.000000e+00 0.000000e+00 0.000000e+00 8.714933e+10 4.785478e+11 4.199484e+09 1.132623e+15 1.823379e-01 7.889555e-09 7.345917e-02 1.648477e-02 2.967727e-01 8.426947e-01 1.936556e-03 4.361860e-03 8.309871e-07 1.017109e-14 5.905385e-18 1.250754e-20 0.000000e+00 0.000000e+00 6.761214e-16 7.955755e-11 1.714378e-02 0.000000e+00 0.000000e+00 0.000000e+00 4.678125e-44 0.000000e+00 0.000000e+00 0.000000e+00 1.192192e-02 0.000000e+00 0.000000e+00 0.000000e+00 0.000000e+00 0.000000e+00 0.000000e+00 0.000000e+00 0.000000e+00 0.000000e+00 0.000000e+00 0.000000e+00 0.000000e+00 0.000000e+00 0.000000e+00 0.000000e+00 0.000000e+00 0.000000e+00 0.000000e+00 0.000000e+00 0.000000e+00 0.000000e+00 0.000000e+00 0.000000e+00 0.000000e+00 0.000000e+00 7.856408e-61 1.035749e-29 7.319453e-29 9.734930e-14 1.222763e-21 0.000000e+00
61.000000 60.000000 62.000000 182.960310 1.836265e+00 1.512323e+10 3.688802e+03 4.180853e+08 6.929102e+02 5.633866e+01 2.399511e-04 2.214504e+05 3.928745e-01 1.692953e-11 5.217419e-10 1.556076e+00 2.504643e-02 1.896296e-07 4.456358e-12 2.520674e-29 9.289099e-10 2.434454e-11 8.571598e-15 6.868869e+01 2.019855e+10 7.940073e+04 8.700715e+02 1.056744e-10 1.357631e+02 1.652575e-14 1.161846e-34 6.010309e-03 9.616151e-11 3.534649e-04 5.047880e-09 1.113875e+00 3.469261e-02 1.692610e+02 1.735996e-04 3.387327e-05 1.008979e-06 1.246282e-01 1.641705e-07 3.696357e-12 0.000000e+00 3.495243e-38 0.000000e+00 0.000000e+00 0.000000e+00 0.000000e+00 0.000000e+00 0.000000e+00 0.000000e+00 0.000000e+00 0.000000e+00 0.000000e+00 5.301221e+10 3.083498e+11 2.036013e+09 7.269289e+14 1.740999e-01 3.159240e-09 2.110013e-02 5.750525e-03 8.952166e-02 3.668180e-01 5.207958e-04 8.646901e-04 1.757934e-07 6.322695e-16 2.017951e-19 2.491453e-21 0.000000e+00 0.000000e+00 2.261772e-17 5.966829e-12 1.007837e-02 0.000000e+00 0.000000e+00 0.000000e+00 1.100066e-38 0.000000e+00 0.000000e+00 0.000000e+00 4.980166e-03 0.000000e+00 0.000000e+00 0.000000e+00 0.000000e+00 0.000000e+00 0.000000e+00 0.000000e+00 0.000000e+00 0.000000e+00 0.000000e+00 0.000000e+00 0.000000e+00 0.000000e+00 0.000000e+00 0.000000e+00 0.000000e+00 0.000000e+00 0.000000e+00 0.000000e+00 0.000000e+00 0.000000e+00 0.000000e+00 0.000000e+00 0.000000e+00 0.000000e+00 8.624887e-63 1.297682e-29 7.095379e-29 8.230984e-15 7.160545e-23 0.000000e+00
63.000000 62.000000 64.000000 200.072587 1.300790e+00 1.266457e+10 7.609229e+02 3.326780e+08 3.766166e+02 1.492883e+01 1.481821e-05 5.583155e+04 2.740756e-01 1.111252e-11 7.710340e-10 7.675425e-01 9.574603e-03 4.439708e-08 5.548609e-13 4.209960e-31 1.027284e-09 2.670018e-12 5.316798e-16 2.330412e+02 1.516886e+10 2.001838e+04 1.757947e+02 9.885138e-11 2.632992e+01 6.858249e-16 1.892598e-34 9.936030e-04 2.929699e-11 7.425030e-05 2.490481e-09 2.462266e-01 2.666266e-03 7.505271e+01 3.074295e-05 9.998553e-06 4.817795e-07 6.854282e-02 1.069547e-07 1.151434e-11 0.000000e+00 0.000000e+00 0.000000e+00 0.000000e+00 0.000000e+00 0.000000e+00 0.000000e+00 0.000000e+00 0.000000e+00 0.000000e+00 0.000000e+00 0.000000e+00 3.225710e+10 2.009348e+11 9.271921e+08 4.709049e+14 1.640430e-01 1.417068e-09 6.399633e-03 2.341688e-03 2.766735e-02 1.809338e-01 1.420369e-04 2.333225e-04 3.597951e-08 3.908185e-17 6.238116e-21 5.996371e-22 0.000000e+00 0.000000e+00 7.063216e-19 4.193207e-13 5.810721e-03 0.000000e+00 0.000000e+00 0.000000e+00 0.000000e+00 0.000000e+00 0.000000e+00 0.000000e+00 1.977389e-03 0.000000e+00 0.000000e+00 0.000000e+00 0.000000e+00 0.000000e+00 0.000000e+00 0.000000e+00 0.000000e+00 0.000000e+00 0.000000e+00 0.000000e+00 0.000000e+00 0.000000e+00 0.000000e+00 0.000000e+00 0.000000e+00 0.000000e+00 0.000000e+00 0.000000e+00 0.000000e+00 0.000000e+00 0.000000e+00 0.000000e+00 0.000000e+00 0.000000e+00 1.409836e-64 2.227076e-29 9.694519e-29 6.943947e-16 4.153209e-24 0.000000e+00
65.000000 64.000000 66.000000 209.440002 9.392555e-01 1.071665e+10 1.966223e+02 2.718258e+08 2.696196e+02 4.508612e+00 1.315233e-06 1.570123e+04 2.000391e-01 5.511617e-12 7.178800e-10 3.894728e-01 3.940082e-03 1.220681e-08 9.179644e-14 9.981063e-33 9.106075e-10 4.892299e-13 5.537731e-17 6.526810e+02 1.203084e+10 5.127441e+03 4.216904e+01 4.412298e-11 4.979281e+00 2.844782e-17 2.408065e-34 2.108022e-04 9.112695e-12 1.775645e-05 9.104346e-10 5.500469e-02 4.145324e-04 3.452841e+01 6.891877e-06 2.878685e-06 1.755551e-07 3.942598e-02 7.452855e-08 1.475507e-11 0.000000e+00 3.707110e-39 0.000000e+00 0.000000e+00 0.000000e+00 0.000000e+00 0.000000e+00 0.000000e+00 0.000000e+00 0.000000e+00 0.000000e+00 0.000000e+00 2.068221e+10 1.390520e+11 4.329553e+08 3.248164e+14 1.538767e-01 7.246780e-10 2.201228e-03 1.446415e-03 8.548466e-03 9.550019e-02 3.533244e-05 1.000892e-04 9.345625e-09 2.902411e-18 2.320839e-22 1.567465e-22 0.000000e+00 0.000000e+00 3.322594e-20 3.726589e-14 3.540990e-03 0.000000e+00 0.000000e+00 0.000000e+00 8.428560e-40 0.000000e+00 0.000000e+00 0.000000e+00 7.465293e-04 0.000000e+00 0.000000e+00 0.000000e+00 0.000000e+00 0.000000e+00 0.000000e+00 0.000000e+00 0.000000e+00 0.000000e+00 0.000000e+00 0.000000e+00 0.000000e+00 0.000000e+00 0.000000e+00 0.000000e+00 0.000000e+00 0.000000e+00 0.000000e+00 0.000000e+00 0.000000e+00 0.000000e+00 0.000000e+00 0.000000e+00 0.000000e+00 0.000000e+00 2.597584e-65 1.608463e-29 5.725955e-29 5.998900e-17 2.446120e-25 0.000000e+00
67.000000 66.000000 68.000000 209.440002 6.807539e-01 9.112241e+09 6.237133e+01 2.186098e+08 1.708965e+02 1.486282e+00 1.868445e-07 4.970247e+03 1.512306e-01 2.022119e-12 4.452993e-10 2.040146e-01 1.726734e-03 3.871674e-09 1.939178e-14 4.182462e-34 5.583890e-10 9.812379e-14 7.677976e-18 1.589316e+03 9.853751e+09 1.367977e+03 1.258962e+01 8.762242e-12 1.008711e+00 1.255498e-18 2.056809e-34 5.838745e-05 2.830862e-12 4.956709e-06 2.180806e-10 1.278549e-02 1.613429e-04 1.777673e+01 2.242776e-06 6.859394e-07 4.448469e-08 2.370420e-02 5.607881e-08 8.885097e-12 0.000000e+00 0.000000e+00 0.000000e+00 0.000000e+00 0.000000e+00 0.000000e+00 0.000000e+00 0.000000e+00 0.000000e+00 0.000000e+00 0.000000e+00 0.000000e+00 1.385603e+10 1.007393e+11 2.083062e+08 2.354206e+14 1.456483e-01 3.817907e-10 1.086067e-03 1.504548e-03 2.737968e-03 5.123117e-02 8.496960e-06 4.433938e-05 3.193928e-09 2.656814e-19 1.179778e-23 4.329410e-23 0.000000e+00 0.000000e+00 2.405840e-21 4.269728e-15 2.322866e-03 0.000000e+00 0.000000e+00 0.000000e+00 0.000000e+00 0.000000e+00 0.000000e+00 0.000000e+00 2.804115e-04 0.000000e+00 0.000000e+00 0.000000e+00 0.000000e+00 0.000000e+00 0.000000e+00 0.000000e+00 0.000000e+00 0.000000e+00 0.000000e+00 0.000000e+00 0.000000e+00 0.000000e+00 0.000000e+00 0.000000e+00 0.000000e+00 0.000000e+00 0.000000e+00 0.000000e+00 0.000000e+00 0.000000e+00 0.000000e+00 0.000000e+00 0.000000e+00 0.000000e+00 3.385588e-66 5.721985e-30 1.636734e-29 5.473827e-18 1.510844e-26 0.000000e+00
69.000000 68.000000 70.000000 209.440002 4.933967e-01 7.523289e+09 1.832078e+01 1.693301e+08 1.091910e+02 4.636470e-01 3.557288e-08 1.710629e+03 1.132362e-01 7.129574e-13 2.800879e-10 1.034965e-01 7.402420e-04 1.198828e-09 3.891432e-15 1.862106e-35 3.490771e-10 1.941363e-14 1.092125e-18 3.636145e+03 7.949982e+09 3.624864e+02 3.776385e+00 1.413688e-12 2.085665e-01 5.609119e-20 1.582956e-34 1.652673e-05 9.237993e-13 1.409714e-06 5.203968e-11 2.949373e-03 1.056529e-04 9.761634e+00 1.110958e-06 1.619851e-07 1.131736e-08 1.419130e-02 4.302103e-08 5.328446e-12 0.000000e+00 0.000000e+00 0.000000e+00 0.000000e+00 0.000000e+00 0.000000e+00 0.000000e+00 0.000000e+00 0.000000e+00 0.000000e+00 0.000000e+00 0.000000e+00 9.234382e+09 7.297720e+10 9.560982e+07 1.706279e+14 1.392537e-01 1.990613e-10 8.786915e-04 1.988443e-03 8.941513e-04 2.741683e-02 2.158655e-06 2.006473e-05 1.141720e-09 2.491897e-20 6.578717e-25 1.281300e-23 0.000000e+00 0.000000e+00 1.684056e-22 4.869870e-16 1.557643e-03 0.000000e+00 0.000000e+00 0.000000e+00 0.000000e+00 0.000000e+00 0.000000e+00 0.000000e+00 1.042112e-04 0.000000e+00 0.000000e+00 0.000000e+00 0.000000e+00 0.000000e+00 0.000000e+00 0.000000e+00 0.000000e+00 0.000000e+00 0.000000e+00 0.000000e+00 0.000000e+00 0.000000e+00 0.000000e+00 0.000000e+00 0.000000e+00 0.000000e+00 0.000000e+00 0.000000e+00 0.000000e+00 0.000000e+00 0.000000e+00 0.000000e+00 0.000000e+00 0.000000e+00 4.598444e-67 2.115130e-30 4.703104e-30 5.040187e-19 9.333213e-28 0.000000e+00
71.000000 70.000000 72.000000 209.440002 3.576040e-01 6.079920e+09 4.645703e+00 1.280584e+08 7.086475e+01 1.281884e-01 8.678250e-09 6.440193e+02 8.419998e-02 2.490277e-13 1.790138e-10 4.853466e-02 2.915642e-04 3.399081e-10 6.978711e-16 7.076300e-37 2.223313e-10 3.585748e-15 1.463106e-19 8.687087e+03 6.328568e+09 9.554477e+01 1.128442e+00 2.048918e-13 4.398098e-02 2.533386e-21 1.178133e-34 4.729949e-06 3.135879e-13 4.064501e-07 1.237588e-11 6.763764e-04 1.519114e-04 5.702827e+00 1.267932e-06 3.798491e-08 2.876953e-09 8.467293e-03 3.354382e-08 3.184573e-12 0.000000e+00 0.000000e+00 0.000000e+00 0.000000e+00 0.000000e+00 0.000000e+00 0.000000e+00 0.000000e+00 0.000000e+00 0.000000e+00 0.000000e+00 0.000000e+00 6.126310e+09 5.285939e+10 3.899657e+07 1.236678e+14 1.325876e-01 1.037634e-10 1.084007e-03 3.021109e-03 2.962424e-04 1.459416e-02 5.765479e-07 9.291261e-06 4.194380e-10 2.218446e-21 3.623653e-26 4.001931e-24 0.000000e+00 0.000000e+00 9.726000e-24 5.302926e-17 1.063995e-03 0.000000e+00 0.000000e+00 0.000000e+00 6.391365e-41 0.000000e+00 0.000000e+00 0.000000e+00 3.840962e-05 0.000000e+00 0.000000e+00 0.000000e+00 0.000000e+00 0.000000e+00 0.000000e+00 0.000000e+00 0.000000e+00 0.000000e+00 0.000000e+00 0.000000e+00 0.000000e+00 0.000000e+00 0.000000e+00 0.000000e+00 0.000000e+00 0.000000e+00 0.000000e+00 0.000000e+00 0.000000e+00 0.000000e+00 0.000000e+00 0.000000e+00 0.000000e+00 0.000000e+00 6.932797e-68 8.259249e-31 1.392467e-30 4.713935e-20 5.792938e-29 0.000000e+00
73.000000 72.000000 74.000000 209.440002 2.591845e-01 4.834252e+09 7.168344e-01 9.539071e+07 4.689051e+01 2.215730e-02 2.528751e-09 2.639735e+02 6.229770e-02 8.704950e-14 1.162537e-10 1.757921e-02 7.216091e-05 6.027833e-11 7.647665e-17 1.299195e-38 1.440407e-10 4.262852e-16 1.339003e-20 7.044778e+04 4.977679e+09 2.508177e+01 3.551245e-01 2.706144e-14 9.449139e-03 1.154692e-22 8.675327e-35 1.367628e-06 1.134786e-13 1.222159e-07 2.971371e-12 1.544160e-04 1.359440e-03 3.532192e+00 1.045637e-05 8.988967e-09 7.380860e-10 5.038560e-03 2.947141e-08 1.898013e-12 0.000000e+00 4.012267e-40 0.000000e+00 0.000000e+00 0.000000e+00 0.000000e+00 0.000000e+00 0.000000e+00 0.000000e+00 0.000000e+00 0.000000e+00 0.000000e+00 4.049311e+09 3.828042e+10 9.934794e+06 8.963205e+13 1.241704e-01 5.450459e-11 5.274020e-03 1.611373e-02 9.961886e-05 7.734422e-03 1.616619e-07 4.403803e-06 1.574708e-10 1.279664e-22 1.442068e-27 1.347602e-24 0.000000e+00 0.000000e+00 2.509871e-25 4.754073e-18 7.376356e-04 0.000000e+00 0.000000e+00 0.000000e+00 4.435115e-41 8.698975e-88 0.000000e+00 0.000000e+00 1.406738e-05 0.000000e+00 0.000000e+00 0.000000e+00 0.000000e+00 0.000000e+00 0.000000e+00 0.000000e+00 0.000000e+00 0.000000e+00 0.000000e+00 0.000000e+00 0.000000e+00 0.000000e+00 0.000000e+00 0.000000e+00 0.000000e+00 0.000000e+00 0.000000e+00 0.000000e+00 0.000000e+00 0.000000e+00 0.000000e+00 0.000000e+00 0.000000e+00 0.000000e+00 1.150715e-68 3.381250e-31 4.251425e-31 4.529430e-21 3.667264e-30 0.000000e+00
75.000000 74.000000 76.000000 209.440002 1.878518e-01 3.790986e+09 3.573549e-03 7.039918e+07 3.192280e+01 1.205197e-04 8.328244e-10 1.166986e+02 4.588105e-02 3.064517e-14 7.671832e-11 7.009939e-04 5.878823e-07 3.477680e-13 2.674271e-19 8.864922e-41 9.489290e-11 2.457082e-18 2.830366e-22 7.013803e+06 3.866772e+09 6.563987e+00 7.211904e-01 3.416687e-15 2.084538e-03 5.303736e-24 6.375915e-35 5.919340e-07 2.893047e-13 2.541497e-07 2.593959e-12 3.513289e-05 1.838726e-02 2.310540e+00 1.368436e-04 7.512262e-09 6.832571e-10 2.992013e-03 2.423330e-08 1.128639e-12 0.000000e+00 0.000000e+00 0.000000e+00 2.415409e-23 0.000000e+00 0.000000e+00 0.000000e+00 0.000000e+00 0.000000e+00 0.000000e+00 0.000000e+00 0.000000e+00 2.668852e+09 2.771509e+10 7.919793e+04 6.496352e+13 1.163065e-01 2.904499e-11 3.371488e-01 1.074726e+00 4.519645e-05 4.288194e-03 5.766012e-08 2.149751e-06 8.930977e-11 4.347479e-25 1.728130e-29 3.226488e-24 0.000000e+00 0.000000e+00 1.497105e-27 4.446763e-19 5.172882e-04 0.000000e+00 2.037041e-30 2.846971e-30 0.000000e+00 0.000000e+00 0.000000e+00 0.000000e+00 5.127650e-06 0.000000e+00 0.000000e+00 0.000000e+00 0.000000e+00 0.000000e+00 0.000000e+00 0.000000e+00 0.000000e+00 0.000000e+00 0.000000e+00 0.000000e+00 0.000000e+00 0.000000e+00 0.000000e+00 0.000000e+00 0.000000e+00 0.000000e+00 0.000000e+00 0.000000e+00 0.000000e+00 0.000000e+00 0.000000e+00 0.000000e+00 0.000000e+00 0.000000e+00 2.078983e-69 1.443108e-31 1.338970e-31 4.708999e-22 3.592650e-31 0.000000e+00
77.000000 76.000000 78.000000 209.440002 1.361514e-01 2.939081e+09 1.094744e-04 5.159662e+07 2.229522e+01 4.582605e-06 2.922842e-10 5.481137e+01 3.365772e-02 1.086763e-14 5.130379e-11 1.804035e-05 6.338880e-08 2.570447e-14 1.165328e-20 6.043516e-43 6.335482e-11 9.592237e-20 6.470777e-24 1.743036e+07 2.969209e+09 1.713822e+00 7.696884e-01 4.671753e-16 4.774925e-04 2.451881e-25 4.689074e-35 7.019422e-07 4.529780e-13 3.184618e-07 2.369774e-12 7.973032e-06 2.260719e-02 1.561143e+00 1.661768e-04 6.593732e-09 6.598453e-10 1.773882e-03 1.650440e-08 6.699234e-13 0.000000e+00 1.404917e-41 0.000000e+00 4.152399e-26 0.000000e+00 0.000000e+00 0.000000e+00 0.000000e+00 0.000000e+00 0.000000e+00 0.000000e+00 0.000000e+00 1.755338e+09 2.005843e+10 4.406249e+03 4.708429e+13 1.102874e-01 1.576189e-11 5.481729e-01 1.809362e+00 2.427838e-05 2.428993e-03 2.540953e-08 1.076058e-06 1.398221e-10 1.263792e-26 2.252858e-31 4.780143e-24 1.778133e-39 0.000000e+00 8.912907e-30 9.502585e-20 3.659459e-04 0.000000e+00 2.399743e-33 3.350720e-33 9.848131e-43 0.000000e+00 0.000000e+00 0.000000e+00 1.862588e-06 0.000000e+00 0.000000e+00 0.000000e+00 0.000000e+00 0.000000e+00 0.000000e+00 0.000000e+00 0.000000e+00 0.000000e+00 0.000000e+00 0.000000e+00 0.000000e+00 0.000000e+00 0.000000e+00 0.000000e+00 0.000000e+00 0.000000e+00 0.000000e+00 0.000000e+00 0.000000e+00 0.000000e+00 0.000000e+00 0.000000e+00 0.000000e+00 0.000000e+00 4.026440e-70 6.372323e-32 4.327497e-32 5.885360e-23 1.213043e-31 0.000000e+00
79.000000 78.000000 80.000000 209.440002 9.867987e-02 2.259878e+09 2.258566e-05 3.761194e+07 1.578632e+01 1.148687e-06 1.057107e-10 2.683272e+01 2.463436e-02 3.875221e-15 3.463265e-11 2.703033e-06 2.186733e-08 6.064769e-15 1.597123e-21 4.124670e-45 4.267438e-11 1.630457e-20 2.581954e-25 2.292978e+07 2.261117e+09 4.466907e-01 4.769800e-01 7.138957e-17 1.138365e-04 1.139289e-26 3.443039e-35 5.975762e-07 4.422950e-13 2.456091e-07 1.440167e-12 1.805952e-06 1.548282e-02 1.071413e+00 1.130193e-04 3.839587e-09 4.231943e-10 1.050436e-03 1.251922e-08 3.971396e-13 0.000000e+00 0.000000e+00 0.000000e+00 0.000000e+00 0.000000e+00 0.000000e+00 0.000000e+00 0.000000e+00 0.000000e+00 0.000000e+00 0.000000e+00 0.000000e+00 1.152845e+09 1.450976e+10 1.610400e+03 3.412579e+13 1.032332e-01 8.735076e-12 4.763926e-01 1.624488e+00 1.163650e-05 1.332113e-03 1.109979e-08 5.460069e-07 1.580182e-10 1.384990e-27 5.206849e-33 4.442835e-24 0.000000e+00 0.000000e+00 5.338960e-32 2.114307e-20 2.605812e-04 0.000000e+00 0.000000e+00 0.000000e+00 0.000000e+00 0.000000e+00 0.000000e+00 0.000000e+00 6.749517e-07 0.000000e+00 0.000000e+00 0.000000e+00 0.000000e+00 0.000000e+00 0.000000e+00 0.000000e+00 0.000000e+00 0.000000e+00 0.000000e+00 0.000000e+00 0.000000e+00 0.000000e+00 0.000000e+00 0.000000e+00 0.000000e+00 0.000000e+00 0.000000e+00 0.000000e+00 0.000000e+00 0.000000e+00 0.000000e+00 0.000000e+00 0.000000e+00 0.000000e+00 8.212779e-71 2.885676e-32 1.424654e-32 9.147956e-24 5.440133e-32 0.000000e+00
81.000000 80.000000 82.000000 209.440002 7.152125e-02 1.725180e+09 5.922289e-06 2.731232e+07 1.132692e+01 3.692104e-07 3.926025e-11 1.351666e+01 1.799674e-02 1.390386e-15 2.357138e-11 1.146757e-06 9.401990e-09 1.769089e-15 2.663986e-22 2.833506e-47 2.895922e-11 3.622578e-21 2.544380e-26 2.480045e+07 1.709715e+09 1.162748e-01 2.441886e-01 1.241609e-17 2.831019e-05 5.314950e-28 2.520619e-35 3.902874e-07 3.761850e-13 1.631887e-07 7.490044e-13 4.084867e-07 8.726713e-03 7.432844e-01 6.345053e-05 1.888058e-09 2.314935e-10 6.215136e-04 9.601231e-09 2.352089e-13 0.000000e+00 1.277433e-42 0.000000e+00 0.000000e+00 0.000000e+00 0.000000e+00 0.000000e+00 0.000000e+00 0.000000e+00 0.000000e+00 0.000000e+00 0.000000e+00 7.564779e+08 1.048885e+10 7.522897e+02 2.473372e+13 9.570383e-02 4.961333e-12 3.433607e-01 1.206579e+00 5.246044e-06 7.141822e-04 4.855362e-09 2.807682e-07 1.376596e-10 1.824090e-28 3.106953e-34 3.616207e-24 0.000000e+00 0.000000e+00 3.432521e-34 4.862043e-21 1.864551e-04 0.000000e+00 0.000000e+00 0.000000e+00 4.812932e-44 0.000000e+00 0.000000e+00 0.000000e+00 2.442191e-07 0.000000e+00 0.000000e+00 0.000000e+00 0.000000e+00 0.000000e+00 0.000000e+00 0.000000e+00 0.000000e+00 0.000000e+00 0.000000e+00 0.000000e+00 0.000000e+00 0.000000e+00 0.000000e+00 0.000000e+00 0.000000e+00 0.000000e+00 0.000000e+00 0.000000e+00 0.000000e+00 0.000000e+00 0.000000e+00 0.000000e+00 0.000000e+00 0.000000e+00 1.748749e-71 1.334710e-32 4.765701e-33 1.676423e-24 2.290387e-32 0.000000e+00
83.000000 82.000000 84.000000 209.440002 5.183722e-02 1.308742e+09 1.726191e-06 1.977741e+07 8.231183e+00 1.337892e-07 1.495423e-11 6.951217e+00 1.312786e-02 5.022065e-16 1.615634e-11 5.638313e-07 4.557675e-09 5.760756e-16 4.892171e-23 2.029724e-49 1.977057e-11 9.203908e-22 3.996203e-27 2.426286e+07 1.284957e+09 3.023760e-02 1.128454e-01 2.452984e-18 7.366344e-06 2.487154e-29 1.839866e-35 2.193966e-07 3.000733e-13 1.007756e-07 3.560699e-13 9.229960e-08 4.484628e-03 5.204222e-01 3.254087e-05 8.359781e-10 1.153651e-10 3.675479e-04 7.428732e-09 1.392222e-13 0.000000e+00 1.928040e-42 0.000000e+00 0.000000e+00 0.000000e+00 0.000000e+00 0.000000e+00 0.000000e+00 0.000000e+00 0.000000e+00 0.000000e+00 0.000000e+00 4.962035e+08 7.575172e+09 3.949849e+02 1.792650e+13 8.813211e-02 2.894821e-12 2.255502e-01 8.147192e-01 2.288739e-06 3.770802e-04 2.156099e-09 1.462501e-07 1.036546e-10 2.621678e-29 2.994849e-35 2.773699e-24 0.000000e+00 0.000000e+00 4.232632e-36 1.162156e-21 1.338915e-04 0.000000e+00 0.000000e+00 0.000000e+00 5.364614e-44 0.000000e+00 0.000000e+00 0.000000e+00 8.830496e-08 0.000000e+00 0.000000e+00 0.000000e+00 0.000000e+00 0.000000e+00 0.000000e+00 0.000000e+00 0.000000e+00 0.000000e+00 0.000000e+00 0.000000e+00 0.000000e+00 0.000000e+00 0.000000e+00 0.000000e+00 0.000000e+00 0.000000e+00 0.000000e+00 0.000000e+00 0.000000e+00 0.000000e+00 0.000000e+00 0.000000e+00 0.000000e+00 0.000000e+00 3.862412e-72 6.286006e-33 1.616328e-33 3.350240e-25 9.113044e-33 0.000000e+00
85.000000 84.000000 86.000000 209.440002 3.757061e-02 9.873591e+08 5.400861e-07 1.428786e+07 6.054455e+00 5.266551e-08 5.835245e-12 3.632220e+00 9.564516e-03 1.826414e-16 1.113835e-11 2.945896e-07 2.403413e-09 2.016661e-16 9.543921e-24 1.871419e-51 1.355720e-11 2.575679e-22 7.292905e-28 2.229165e+07 9.607073e+08 7.857819e-03 4.881006e-02 5.419276e-19 2.016326e-06 1.166625e-30 1.339830e-35 1.131595e-07 2.306663e-13 5.955482e-08 1.591499e-13 2.083972e-08 2.194634e-03 3.673113e-01 1.591198e-05 3.420462e-10 5.389692e-11 2.173357e-04 5.792804e-09 8.239288e-14 0.000000e+00 0.000000e+00 0.000000e+00 0.000000e+00 0.000000e+00 0.000000e+00 0.000000e+00 0.000000e+00 0.000000e+00 0.000000e+00 0.000000e+00 0.000000e+00 3.255369e+08 5.463995e+09 2.246818e+02 1.299279e+13 8.080962e-02 1.736492e-12 1.400158e-01 5.186953e-01 9.852396e-07 1.969906e-04 9.898129e-10 7.713122e-08 7.188590e-11 4.044153e-30 3.413638e-36 2.059039e-24 0.000000e+00 0.000000e+00 2.432060e-37 2.909785e-22 9.639686e-05 0.000000e+00 0.000000e+00 0.000000e+00 0.000000e+00 0.000000e+00 0.000000e+00 0.000000e+00 3.193114e-08 0.000000e+00 0.000000e+00 0.000000e+00 0.000000e+00 0.000000e+00 0.000000e+00 0.000000e+00 0.000000e+00 0.000000e+00 0.000000e+00 0.000000e+00 0.000000e+00 0.000000e+00 0.000000e+00 0.000000e+00 0.000000e+00 0.000000e+00 0.000000e+00 0.000000e+00 0.000000e+00 0.000000e+00 0.000000e+00 0.000000e+00 0.000000e+00 0.000000e+00 8.802941e-73 3.006811e-33 5.544782e-34 6.960608e-26 3.503505e-33 0.000000e+00
87.000000 86.000000 88.000000 209.440002 2.723045e-02 7.412461e+08 1.783246e-07 1.029814e+07 4.505454e+00 2.209060e-08 2.330382e-12 1.922703e+00 6.961452e-03 6.687155e-17 7.713561e-12 1.605275e-07 1.354103e-09 7.437637e-17 1.941763e-24 3.923391e-53 9.321057e-12 7.792154e-23 1.433614e-28 1.959743e+07 7.150476e+08 2.040946e-03 2.013890e-02 1.319576e-19 5.864561e-07 5.482029e-32 9.740927e-36 5.577456e-08 1.728423e-13 3.413702e-08 6.787658e-14 4.702661e-09 1.048316e-03 2.609831e-01 7.601296e-06 1.309663e-10 2.397472e-11 1.285753e-04 4.549747e-09 4.878260e-14 0.000000e+00 0.000000e+00 0.000000e+00 0.000000e+00 0.000000e+00 0.000000e+00 0.000000e+00 0.000000e+00 0.000000e+00 0.000000e+00 0.000000e+00 0.000000e+00 2.137562e+08 3.934448e+09 1.359189e+02 9.416926e+12 7.392555e-02 1.070021e-12 8.357445e-02 3.169335e-01 4.258724e-07 1.021149e-04 4.803100e-10 4.116970e-08 4.781206e-11 6.714789e-31 4.367163e-37 1.495823e-24 0.000000e+00 0.000000e+00 2.580070e-38 7.723998e-23 6.953423e-05 0.000000e+00 0.000000e+00 0.000000e+00 0.000000e+00 0.000000e+00 0.000000e+00 0.000000e+00 1.155587e-08 0.000000e+00 0.000000e+00 0.000000e+00 0.000000e+00 0.000000e+00 0.000000e+00 0.000000e+00 0.000000e+00 0.000000e+00 0.000000e+00 0.000000e+00 0.000000e+00 0.000000e+00 0.000000e+00 0.000000e+00 0.000000e+00 0.000000e+00 0.000000e+00 0.000000e+00 0.000000e+00 0.000000e+00 0.000000e+00 0.000000e+00 0.000000e+00 0.000000e+00 2.061782e-73 1.457817e-33 1.919094e-34 1.479422e-26 1.316479e-33 0.000000e+00
89.000000 88.000000 90.000000 209.440002 1.973610e-02 5.540024e+08 6.152394e-08 7.402580e+06 3.391058e+00 9.754971e-09 9.520020e-13 1.029026e+00 5.062704e-03 2.464488e-17 5.358751e-12 9.042932e-08 8.063791e-10 2.852444e-17 4.072727e-25 1.806603e-54 6.412681e-12 2.520267e-23 2.971927e-29 1.666001e+07 5.301018e+08 5.299039e-04 8.017719e-03 3.531215e-20 1.841463e-07 2.579568e-33 7.074262e-36 2.707202e-08 1.267909e-13 1.909928e-08 2.785161e-14 1.060768e-09 4.974935e-04 1.864279e-01 3.609953e-06 4.723297e-11 1.024878e-11 7.618089e-05 3.599630e-09 2.892695e-14 0.000000e+00 3.665936e-43 0.000000e+00 0.000000e+00 0.000000e+00 0.000000e+00 0.000000e+00 0.000000e+00 0.000000e+00 0.000000e+00 0.000000e+00 0.000000e+00 1.406210e+08 2.826456e+09 8.648017e+01 6.825205e+12 6.760441e-02 6.757843e-13 4.839785e-02 1.876270e-01 1.884462e-07 5.261121e-05 2.518360e-10 2.223647e-08 3.142558e-11 1.218668e-31 6.284000e-38 1.067706e-24 0.000000e+00 0.000000e+00 3.131408e-39 2.212761e-23 5.022697e-05 0.000000e+00 0.000000e+00 0.000000e+00 7.518105e-45 0.000000e+00 0.000000e+00 0.000000e+00 4.189131e-09 0.000000e+00 0.000000e+00 0.000000e+00 0.000000e+00 0.000000e+00 0.000000e+00 0.000000e+00 0.000000e+00 0.000000e+00 0.000000e+00 0.000000e+00 0.000000e+00 0.000000e+00 0.000000e+00 0.000000e+00 0.000000e+00 0.000000e+00 0.000000e+00 0.000000e+00 0.000000e+00 0.000000e+00 0.000000e+00 0.000000e+00 0.000000e+00 0.000000e+00 4.947665e-74 7.153694e-34 6.683827e-35 3.226294e-27 4.854832e-34 0.000000e+00
91.000000 90.000000 92.000000 209.440002 1.430434e-02 4.123280e+08 2.204375e-08 5.302868e+06 2.581652e+00 4.497624e-09 3.978845e-13 5.560762e-01 3.679352e-03 9.140284e-18 3.729372e-12 5.245014e-08 5.040244e-10 1.127185e-17 8.736078e-26 1.065766e-55 4.404550e-12 8.654446e-24 6.429104e-30 1.377905e+07 3.915969e+08 1.375459e-04 3.103869e-03 1.048478e-20 6.361377e-08 1.215117e-34 5.134029e-36 1.323134e-08 9.107858e-14 1.045446e-08 1.104076e-14 2.392060e-10 2.381817e-04 1.337252e-01 1.730532e-06 1.609609e-11 4.233687e-12 4.529711e-05 2.872666e-09 1.721463e-14 0.000000e+00 0.000000e+00 0.000000e+00 0.000000e+00 0.000000e+00 0.000000e+00 0.000000e+00 0.000000e+00 0.000000e+00 0.000000e+00 0.000000e+00 0.000000e+00 9.282565e+07 2.023994e+09 5.747006e+01 4.946772e+12 6.193948e-02 4.359955e-13 2.731171e-02 1.081614e-01 8.724862e-08 2.696205e-05 1.446825e-10 1.215581e-08 2.087219e-11 2.476773e-32 1.021637e-38 7.489236e-25 0.000000e+00 0.000000e+00 4.103439e-40 6.987261e-24 3.631749e-05 0.000000e+00 0.000000e+00 0.000000e+00 0.000000e+00 0.000000e+00 0.000000e+00 0.000000e+00 1.522771e-09 0.000000e+00 0.000000e+00 0.000000e+00 0.000000e+00 0.000000e+00 0.000000e+00 0.000000e+00 0.000000e+00 0.000000e+00 0.000000e+00 0.000000e+00 0.000000e+00 0.000000e+00 0.000000e+00 0.000000e+00 0.000000e+00 0.000000e+00 0.000000e+00 0.000000e+00 0.000000e+00 0.000000e+00 0.000000e+00 0.000000e+00 0.000000e+00 0.000000e+00 1.214378e-74 3.550008e-34 2.335977e-35 7.318535e-28 1.756388e-34 0.000000e+00
93.000000 92.000000 94.000000 209.440002 1.036751e-02 3.056252e+08 8.172901e-09 3.781107e+06 1.989329e+00 2.152744e-09 1.703480e-13 3.032095e-01 2.672458e-03 3.410311e-18 2.595964e-12 3.130704e-08 3.292383e-10 4.561248e-18 1.906146e-26 6.738903e-57 3.012090e-12 3.143618e-24 1.442542e-30 1.112421e+07 2.883248e+08 3.570057e-05 1.175077e-03 3.504099e-21 2.451102e-08 5.729390e-36 3.724234e-36 6.590468e-09 6.390752e-14 5.596725e-09 4.232400e-15 5.393334e-11 1.168898e-04 9.622749e-02 8.507711e-07 5.187949e-12 1.694782e-12 2.713746e-05 2.320780e-09 1.032324e-14 0.000000e+00 3.352141e-43 0.000000e+00 0.000000e+00 0.000000e+00 0.000000e+00 0.000000e+00 0.000000e+00 0.000000e+00 0.000000e+00 0.000000e+00 0.000000e+00 6.163783e+07 1.442970e+09 3.972693e+01 3.585324e+12 5.702315e-02 2.862047e-13 1.503964e-02 6.084222e-02 4.316459e-08 1.374569e-05 9.109562e-11 6.731128e-09 1.418204e-11 5.776113e-33 1.866517e-39 5.149519e-25 0.000000e+00 0.000000e+00 5.721467e-41 2.472849e-24 2.627963e-05 0.000000e+00 0.000000e+00 0.000000e+00 3.360520e-45 0.000000e+00 0.000000e+00 0.000000e+00 5.558750e-10 0.000000e+00 0.000000e+00 0.000000e+00 0.000000e+00 0.000000e+00 0.000000e+00 0.000000e+00 0.000000e+00 0.000000e+00 0.000000e+00 0.000000e+00 0.000000e+00 0.000000e+00 0.000000e+00 0.000000e+00 0.000000e+00 0.000000e+00 0.000000e+00 0.000000e+00 0.000000e+00 0.000000e+00 0.000000e+00 0.000000e+00 0.000000e+00 0.000000e+00 3.048972e-75 1.781729e-34 8.167636e-36 1.758642e-28 6.212226e-35 0.000000e+00
95.000000 94.000000 96.000000 209.440002 7.514168e-03 2.255662e+08 3.131998e-09 2.678678e+06 1.554035e+00 1.066026e-09 7.494770e-14 1.669758e-01 1.940124e-03 1.279123e-18 1.804097e-12 1.928676e-08 2.243883e-10 1.884352e-18 4.219551e-27 4.431083e-58 2.043923e-12 1.207801e-24 3.350979e-31 8.776873e+06 2.115987e+08 9.279541e-06 4.371030e-04 1.329504e-21 1.053827e-08 2.705413e-37 2.700724e-36 3.343376e-09 4.358913e-14 2.922827e-09 1.565734e-15 1.216868e-11 5.999043e-05 6.941352e-02 4.375931e-07 1.579906e-12 6.577967e-13 1.651046e-05 1.912810e-09 6.288059e-15 0.000000e+00 0.000000e+00 0.000000e+00 0.000000e+00 0.000000e+00 0.000000e+00 0.000000e+00 0.000000e+00 0.000000e+00 0.000000e+00 0.000000e+00 0.000000e+00 4.133320e+07 1.022432e+09 2.852970e+01 2.598574e+12 5.297604e-02 1.903256e-13 8.072129e-03 3.338576e-02 2.311426e-08 6.968105e-06 6.214869e-11 3.782509e-09 9.857321e-12 1.566243e-33 3.778293e-40 3.454835e-25 0.000000e+00 0.000000e+00 8.429724e-42 9.854505e-25 1.902677e-05 0.000000e+00 0.000000e+00 0.000000e+00 0.000000e+00 0.000000e+00 0.000000e+00 0.000000e+00 2.044413e-10 0.000000e+00 0.000000e+00 0.000000e+00 0.000000e+00 0.000000e+00 0.000000e+00 0.000000e+00 0.000000e+00 0.000000e+00 0.000000e+00 0.000000e+00 0.000000e+00 0.000000e+00 0.000000e+00 0.000000e+00 0.000000e+00 0.000000e+00 0.000000e+00 0.000000e+00 0.000000e+00 0.000000e+00 0.000000e+00 0.000000e+00 0.000000e+00 0.000000e+00 7.870623e-76 9.067800e-35 2.846678e-36 4.544836e-29 2.135033e-35 0.000000e+00
97.000000 96.000000 98.000000 209.440002 5.446123e-03 1.656814e+08 1.242848e-09 1.880349e+06 1.234682e+00 5.457083e-10 3.410710e-14 9.355406e-02 1.407786e-03 4.815485e-19 1.248843e-12 1.234850e-08 1.598431e-10 7.954521e-19 9.484424e-28 3.024020e-59 1.370168e-12 4.932873e-25 8.089139e-32 6.761867e+06 1.547569e+08 2.452840e-06 1.604643e-04 5.749538e-22 5.015108e-09 1.284002e-38 1.958059e-36 1.711165e-09 2.868898e-14 1.481898e-09 5.559726e-16 2.778377e-12 3.315326e-05 5.016644e-02 2.424647e-07 4.534984e-13 2.473247e-13 1.035257e-05 1.632695e-09 3.948894e-15 0.000000e+00 0.000000e+00 0.000000e+00 0.000000e+00 0.000000e+00 0.000000e+00 0.000000e+00 0.000000e+00 0.000000e+00 0.000000e+00 0.000000e+00 0.000000e+00 2.816262e+07 7.181995e+08 2.133054e+01 1.883395e+12 4.998080e-02 1.276358e-13 4.206576e-03 1.782144e-02 1.337939e-08 3.508329e-06 4.529895e-11 2.164706e-09 6.949054e-12 4.933702e-34 8.359946e-41 2.246331e-25 0.000000e+00 0.000000e+00 1.312099e-42 4.414420e-25 1.378149e-05 0.000000e+00 0.000000e+00 0.000000e+00 0.000000e+00 0.000000e+00 0.000000e+00 0.000000e+00 7.712294e-11 0.000000e+00 0.000000e+00 0.000000e+00 0.000000e+00 0.000000e+00 0.000000e+00 0.000000e+00 0.000000e+00 0.000000e+00 0.000000e+00 0.000000e+00 0.000000e+00 0.000000e+00 0.000000e+00 0.000000e+00 0.000000e+00 0.000000e+00 0.000000e+00 0.000000e+00 0.000000e+00 0.000000e+00 0.000000e+00 0.000000e+00 0.000000e+00 0.000000e+00 2.145697e-76 4.743898e-35 9.844812e-37 1.269831e-29 7.074330e-36 0.000000e+00
99.000000 98.000000 100.000000 209.440002 3.947244e-03 1.209913e+08 5.131119e-10 1.302491e+06 1.003252e+00 2.891528e-10 1.636495e-14 5.532283e-02 1.020983e-03 1.832647e-19 8.583186e-13 8.318735e-09 1.197407e-10 3.450605e-19 2.175575e-28 2.175531e-60 9.020069e-13 2.168063e-25 2.075251e-32 5.070275e+06 1.127346e+08 7.631656e-07 5.890887e-05 2.950834e-22 2.699776e-09 6.545201e-40 1.419374e-36 8.998861e-10 1.817854e-14 7.296959e-10 1.891830e-16 7.409958e-13 2.056226e-05 3.631182e-02 1.508295e-07 1.271242e-13 9.270760e-14 6.859389e-06 1.479913e-09 2.622162e-15 0.000000e+00 7.587070e-44 0.000000e+00 0.000000e+00 0.000000e+00 0.000000e+00 0.000000e+00 0.000000e+00 0.000000e+00 0.000000e+00 0.000000e+00 0.000000e+00 1.967249e+07 4.982544e+08 1.669373e+01 1.365048e+12 4.832629e-02 8.591630e-14 2.112998e-03 9.199926e-03 8.261151e-09 1.753747e-06 3.499760e-11 1.269585e-09 5.067812e-12 1.799662e-34 2.029860e-41 1.413656e-25 0.000000e+00 0.000000e+00 2.181780e-43 2.292489e-25 9.985643e-06 0.000000e+00 0.000000e+00 0.000000e+00 4.262460e-46 0.000000e+00 0.000000e+00 0.000000e+00 3.467254e-11 0.000000e+00 0.000000e+00 0.000000e+00 0.000000e+00 0.000000e+00 0.000000e+00 0.000000e+00 0.000000e+00 0.000000e+00 0.000000e+00 0.000000e+00 0.000000e+00 0.000000e+00 0.000000e+00 0.000000e+00 0.000000e+00 0.000000e+00 0.000000e+00 0.000000e+00 0.000000e+00 0.000000e+00 0.000000e+00 0.000000e+00 0.000000e+00 0.000000e+00 6.952689e-77 2.703975e-35 3.377907e-37 3.983814e-30 2.324787e-36 0.000000e+00
