# z		 z0		 z1		 T		 P		1		2		3		4		5		6		7		8		9		10		11		12		13		14		15		16		17		18		19		20		21		22		23		24		25		26		27		28		29		30		31		32		33		34		35		36		37		38		39		40		41		42		43		44		45		46		47		48		49		50		51		52		53		54		55		56		57		58		59		60		61		62		63		64		65		66		67		68		69		70		71		72		73		74		75		76		77		78		79		80		81		82		83		84		85		86		87		88		89		90		91		92		93		94		95		96		97		98		99		100		101		102		103		104		105		106		107		108		109		110		111		
#  km		 km		 km		 K		 Pa		
1.000000 0.000000 2.000000 276.781153 9.088785e+04 3.733932e+03 2.780898e-09 2.112901e+09 5.053500e+04 5.099881e-02 1.625144e+02 2.735149e+17 4.237878e-09 2.290294e-03 6.101038e-08 6.464354e+01 1.458587e+01 3.929369e-07 2.088188e-14 3.356664e-28 2.449418e+00 8.391043e-03 3.183546e-08 5.214242e-18 8.860471e+11 1.574722e+13 2.707760e+09 1.267794e-05 1.043633e+09 7.883237e-15 5.371068e-44 1.090827e-07 6.681494e-11 2.175096e-01 6.464608e-02 4.274868e+05 5.304609e-14 5.320917e+02 1.571328e+00 1.459188e+04 5.141717e-02 3.136930e+01 2.174115e-15 7.698994e-13 0.000000e+00 0.000000e+00 0.000000e+00 0.000000e+00 0.000000e+00 0.000000e+00 0.000000e+00 0.000000e+00 0.000000e+00 0.000000e+00 0.000000e+00 0.000000e+00 2.378391e+15 9.895642e+15 2.369265e+00 2.378390e+19 2.088760e-15 5.927988e-05 3.791750e-13 7.717990e-06 1.864374e+04 5.380335e+06 3.284571e+03 2.654114e+08 2.320235e-18 1.250668e-03 1.719518e-09 2.800839e-21 0.000000e+00 0.000000e+00 1.012751e-17 7.046107e-13 1.608945e-08 0.000000e+00 0.000000e+00 0.000000e+00 0.000000e+00 0.000000e+00 0.000000e+00 0.000000e+00 1.040316e-11 0.000000e+00 0.000000e+00 0.000000e+00 0.000000e+00 0.000000e+00 0.000000e+00 0.000000e+00 0.000000e+00 0.000000e+00 0.000000e+00 0.000000e+00 0.000000e+00 0.000000e+00 0.000000e+00 0.000000e+00 0.000000e+00 0.000000e+00 0.000000e+00 0.000000e+00 0.000000e+00 0.000000e+00 0.000000e+00 0.000000e+00 0.000000e+00 0.000000e+00 6.697477e-47 5.328262e-22 9.785951e-21 1.367447e-07 1.495529e-19 0.000000e+00
3.000000 2.000000 4.000000 264.521638 7.100784e+04 1.030057e+05 2.581237e-06 1.474227e+09 3.714327e+04 1.275968e+00 1.764395e+02 1.609194e+16 1.041320e-07 1.953352e-02 1.555530e-06 5.346559e+01 1.270048e+01 1.237434e-05 1.925225e-11 4.870555e-25 1.829917e+00 4.781918e-03 4.891369e-07 1.191549e-17 7.460029e+11 1.287205e+13 1.711000e+09 5.508585e-05 9.118234e+08 5.043838e-14 1.228906e-43 7.338038e-07 3.868069e-10 1.314316e-01 3.250485e-02 3.453039e+05 1.733964e-13 9.020552e+02 1.769879e+00 8.061695e+03 1.663704e-02 2.639596e+01 1.100336e-15 3.230823e-11 0.000000e+00 3.622244e-30 0.000000e+00 0.000000e+00 0.000000e+00 0.000000e+00 0.000000e+00 0.000000e+00 0.000000e+00 0.000000e+00 0.000000e+00 0.000000e+00 1.944257e+15 8.089443e+15 6.101443e+01 1.944279e+19 3.900688e-15 9.370756e-05 8.551855e-13 2.530625e-06 8.572728e+03 3.592838e+06 1.514233e+03 4.011423e+08 6.369437e-17 4.597435e-04 9.456089e-09 2.589177e-21 0.000000e+00 0.000000e+00 1.981159e-14 7.974338e-12 5.969636e-08 0.000000e+00 0.000000e+00 0.000000e+00 1.862002e-32 0.000000e+00 0.000000e+00 0.000000e+00 8.040964e-12 0.000000e+00 0.000000e+00 0.000000e+00 0.000000e+00 0.000000e+00 0.000000e+00 0.000000e+00 0.000000e+00 0.000000e+00 0.000000e+00 0.000000e+00 0.000000e+00 0.000000e+00 0.000000e+00 0.000000e+00 0.000000e+00 0.000000e+00 0.000000e+00 0.000000e+00 0.000000e+00 0.000000e+00 0.000000e+00 0.000000e+00 0.000000e+00 0.000000e+00 8.367961e-46 4.601612e-20 9.427493e-19 2.445512e-07 1.695150e-19 0.000000e+00
5.000000 4.000000 6.000000 249.985511 5.475389e+04 5.654085e+05 5.385134e-05 3.963502e+09 1.235951e+05 8.625436e+00 1.043905e+03 4.408049e+15 1.351198e-05 4.042043e-02 1.997460e-06 4.514243e+01 1.097636e+01 2.164276e-05 9.008513e-11 1.461177e-23 1.478822e+00 1.218005e-02 1.833106e-06 3.976136e-16 6.317041e+11 1.050168e+13 1.893832e+09 4.888776e-05 7.795176e+08 1.053642e-13 5.744128e-44 1.095360e-06 4.423092e-10 8.558942e-02 1.674472e-02 2.771215e+05 2.420003e-12 5.368245e+02 6.654170e-01 1.687128e+03 1.727197e-03 2.230989e+01 2.079105e-15 2.663290e-11 0.000000e+00 0.000000e+00 0.000000e+00 0.000000e+00 0.000000e+00 0.000000e+00 0.000000e+00 0.000000e+00 0.000000e+00 0.000000e+00 0.000000e+00 0.000000e+00 1.586362e+15 6.600427e+15 5.776356e+02 1.586404e+19 5.940393e-15 5.553069e-04 7.295279e-12 3.557695e-06 4.100694e+03 2.300395e+06 8.170878e+02 3.553969e+08 1.914383e-16 1.968382e-04 8.033870e-09 9.088393e-21 0.000000e+00 0.000000e+00 1.261312e-12 3.434330e-11 2.864111e-08 0.000000e+00 0.000000e+00 0.000000e+00 0.000000e+00 0.000000e+00 0.000000e+00 0.000000e+00 6.033686e-12 0.000000e+00 0.000000e+00 0.000000e+00 0.000000e+00 0.000000e+00 0.000000e+00 0.000000e+00 0.000000e+00 0.000000e+00 0.000000e+00 0.000000e+00 0.000000e+00 0.000000e+00 0.000000e+00 0.000000e+00 0.000000e+00 0.000000e+00 0.000000e+00 0.000000e+00 0.000000e+00 0.000000e+00 0.000000e+00 0.000000e+00 0.000000e+00 0.000000e+00 3.094949e-46 2.883778e-20 8.563968e-19 1.649393e-07 2.431955e-19 0.000000e+00
7.000000 6.000000 8.000000 232.772275 4.149897e+04 1.753612e+06 5.338759e-04 7.117070e+09 3.012829e+05 3.746607e+01 4.907691e+03 7.681345e+14 5.423401e-05 6.060447e-02 2.367817e-06 3.934248e+01 9.528881e+00 3.312727e-05 2.531549e-10 1.107475e-22 1.205733e+00 2.360458e-02 5.386146e-06 3.646153e-15 5.415916e+11 8.546756e+12 1.655350e+09 1.915467e-05 6.100911e+08 1.613362e-13 1.008888e-44 2.762083e-06 7.616872e-10 6.825513e-02 9.828740e-03 2.220493e+05 1.664714e-11 1.674907e+02 1.190425e-01 4.872287e+02 2.030036e-04 1.894302e+01 2.292299e-15 1.233869e-11 0.000000e+00 0.000000e+00 0.000000e+00 0.000000e+00 0.000000e+00 0.000000e+00 0.000000e+00 0.000000e+00 0.000000e+00 0.000000e+00 0.000000e+00 0.000000e+00 1.291217e+15 5.372492e+15 2.956350e+03 1.291277e+19 1.128052e-14 1.052917e-03 2.559080e-11 3.342961e-06 2.032829e+03 1.356995e+06 3.363758e+02 2.634915e+08 9.270073e-16 6.621582e-05 4.981554e-09 2.132431e-20 0.000000e+00 0.000000e+00 1.309672e-11 8.234397e-11 1.352602e-08 0.000000e+00 0.000000e+00 0.000000e+00 0.000000e+00 0.000000e+00 0.000000e+00 0.000000e+00 5.062621e-12 0.000000e+00 0.000000e+00 0.000000e+00 0.000000e+00 0.000000e+00 0.000000e+00 0.000000e+00 0.000000e+00 0.000000e+00 0.000000e+00 0.000000e+00 0.000000e+00 0.000000e+00 0.000000e+00 0.000000e+00 0.000000e+00 0.000000e+00 0.000000e+00 0.000000e+00 0.000000e+00 0.000000e+00 0.000000e+00 0.000000e+00 0.000000e+00 0.000000e+00 2.898101e-46 2.311287e-20 1.003181e-18 9.330659e-08 4.440932e-19 0.000000e+00
9.000000 8.000000 10.000000 213.999030 3.075435e+04 5.071398e+06 8.277000e-03 7.163231e+09 4.194586e+05 1.575466e+02 1.135161e+04 8.244297e+13 2.072798e-04 7.551248e-02 3.834005e-06 3.549905e+01 8.280531e+00 8.686746e-05 1.807055e-09 2.383941e-21 9.745936e-01 2.679677e-02 1.563673e-05 5.097127e-15 4.706793e+11 6.888159e+12 1.019913e+09 4.988761e-06 4.383672e+08 3.302403e-13 6.140124e-46 1.298230e-05 2.260253e-09 6.782393e-02 6.693247e-03 1.769212e+05 3.744940e-11 7.637696e+01 3.070114e-02 2.172674e+02 4.952438e-05 1.605555e+01 1.109810e-15 6.725123e-12 0.000000e+00 2.593890e-30 0.000000e+00 0.000000e+00 0.000000e+00 0.000000e+00 0.000000e+00 0.000000e+00 0.000000e+00 0.000000e+00 0.000000e+00 0.000000e+00 1.040818e+15 4.330732e+15 1.367294e+04 1.040899e+19 8.805986e-14 1.159613e-03 2.407507e-11 1.647780e-06 1.027986e+03 7.286346e+05 1.272555e+02 1.460552e+08 8.471942e-15 2.098856e-05 5.080131e-09 8.448298e-20 0.000000e+00 0.000000e+00 1.365290e-10 1.804312e-10 1.553247e-08 0.000000e+00 0.000000e+00 0.000000e+00 0.000000e+00 0.000000e+00 0.000000e+00 0.000000e+00 4.954749e-12 0.000000e+00 0.000000e+00 0.000000e+00 0.000000e+00 0.000000e+00 0.000000e+00 0.000000e+00 0.000000e+00 0.000000e+00 0.000000e+00 0.000000e+00 0.000000e+00 0.000000e+00 0.000000e+00 0.000000e+00 0.000000e+00 0.000000e+00 0.000000e+00 0.000000e+00 0.000000e+00 0.000000e+00 0.000000e+00 0.000000e+00 0.000000e+00 0.000000e+00 3.333715e-45 6.227076e-20 3.854943e-18 6.296875e-08 9.728038e-19 0.000000e+00
11.000000 10.000000 12.000000 198.609325 2.222039e+04 1.667824e+07 2.342948e-01 4.908636e+09 3.925906e+05 7.593695e+02 1.128325e+04 9.616393e+12 7.159513e-04 8.474935e-02 8.381335e-06 3.380901e+01 7.254264e+00 3.633806e-04 3.060204e-08 8.761743e-20 7.001469e-01 2.009445e-02 4.557242e-05 2.875052e-15 4.108315e+11 5.360679e+12 4.103009e+08 1.065861e-06 2.978491e+08 1.018095e-12 3.685118e-47 6.909746e-05 7.735912e-09 7.191767e-02 4.972116e-03 1.364433e+05 4.709119e-11 4.806782e+01 1.234415e-02 1.054810e+02 9.259306e-05 1.345873e+01 3.689277e-16 6.386182e-12 0.000000e+00 0.000000e+00 0.000000e+00 0.000000e+00 0.000000e+00 0.000000e+00 0.000000e+00 0.000000e+00 0.000000e+00 0.000000e+00 0.000000e+00 0.000000e+00 8.102318e+14 3.371427e+15 7.560688e+04 8.103375e+18 3.121211e-12 6.631175e-04 1.249971e-11 6.685587e-07 5.808993e+02 3.952079e+05 8.086543e+01 4.511393e+07 8.832235e-14 1.113970e-05 1.252294e-08 3.145104e-19 0.000000e+00 0.000000e+00 2.082173e-09 5.266325e-10 3.982526e-08 0.000000e+00 0.000000e+00 0.000000e+00 0.000000e+00 0.000000e+00 0.000000e+00 0.000000e+00 5.481928e-12 0.000000e+00 0.000000e+00 0.000000e+00 0.000000e+00 0.000000e+00 0.000000e+00 0.000000e+00 0.000000e+00 0.000000e+00 0.000000e+00 0.000000e+00 0.000000e+00 0.000000e+00 0.000000e+00 0.000000e+00 0.000000e+00 0.000000e+00 0.000000e+00 0.000000e+00 0.000000e+00 0.000000e+00 0.000000e+00 0.000000e+00 0.000000e+00 0.000000e+00 8.301084e-44 4.200259e-19 2.910568e-17 5.928596e-08 2.578842e-18 0.000000e+00
13.000000 12.000000 14.000000 189.896967 1.574165e+04 4.156492e+07 4.381638e+00 3.104109e+09 4.076353e+05 3.335764e+03 1.049281e+04 2.443848e+12 2.766382e-03 1.179019e-01 2.669059e-05 6.166586e+01 8.870286e+00 1.519919e-03 3.756703e-07 3.681778e-18 5.327813e-01 2.176053e-02 1.555156e-04 3.319390e-15 4.631399e+11 3.963784e+12 1.714294e+08 2.130775e-07 1.361252e+08 6.972771e-12 1.096884e-47 3.126932e-04 2.545094e-08 8.652407e-02 4.709656e-03 9.810694e+04 1.243298e-10 5.215192e+01 1.291483e-02 7.829847e+01 3.428304e-04 1.440360e+01 2.670639e-16 1.065235e-11 0.000000e+00 0.000000e+00 0.000000e+00 0.000000e+00 0.000000e+00 0.000000e+00 0.000000e+00 0.000000e+00 0.000000e+00 0.000000e+00 0.000000e+00 0.000000e+00 6.001789e+14 2.497878e+15 4.158534e+05 6.004075e+18 9.153648e-11 4.857530e-04 1.288972e-11 5.852499e-07 4.872554e+02 3.191341e+05 6.042067e+01 1.938817e+07 7.574293e-13 9.380479e-06 3.574274e-08 1.650683e-18 0.000000e+00 0.000000e+00 3.105433e-08 2.284695e-09 2.879749e-07 0.000000e+00 0.000000e+00 0.000000e+00 3.845279e-32 0.000000e+00 0.000000e+00 0.000000e+00 8.082863e-12 0.000000e+00 0.000000e+00 0.000000e+00 0.000000e+00 0.000000e+00 0.000000e+00 0.000000e+00 0.000000e+00 0.000000e+00 0.000000e+00 0.000000e+00 0.000000e+00 0.000000e+00 0.000000e+00 0.000000e+00 0.000000e+00 0.000000e+00 0.000000e+00 0.000000e+00 0.000000e+00 0.000000e+00 0.000000e+00 0.000000e+00 0.000000e+00 0.000000e+00 8.244392e-42 6.395038e-18 3.524971e-16 1.275271e-07 1.666279e-17 0.000000e+00
15.000000 14.000000 16.000000 184.346350 1.102133e+04 8.770742e+07 6.018683e+01 1.893968e+09 4.372589e+05 1.321303e+04 9.337921e+03 9.575202e+11 1.511457e-02 1.050964e-01 6.008459e-05 2.045953e+02 1.669418e+01 7.871066e-03 4.480284e-06 1.904788e-16 4.425799e-01 3.605478e-02 6.375314e-04 5.398730e-15 6.200659e+11 2.834912e+12 7.970486e+07 2.315392e-07 3.265536e+07 9.418166e-11 6.919989e-48 1.112236e-03 6.736840e-08 1.010615e-01 4.465635e-03 6.750333e+04 4.751483e-10 7.520085e+01 2.262694e-02 7.592889e+01 1.147893e-03 2.330764e+01 3.884235e-16 3.092485e-11 0.000000e+00 0.000000e+00 0.000000e+00 0.000000e+00 0.000000e+00 0.000000e+00 0.000000e+00 0.000000e+00 0.000000e+00 0.000000e+00 0.000000e+00 0.000000e+00 4.325986e+14 1.801321e+15 2.212270e+06 4.330262e+18 1.816808e-09 5.573247e-04 1.824310e-11 7.195555e-07 4.707733e+02 3.260534e+05 2.795898e+01 1.107276e+07 5.011045e-12 7.448559e-06 7.514303e-08 1.152657e-17 0.000000e+00 0.000000e+00 5.047169e-07 1.104899e-08 2.290580e-06 0.000000e+00 0.000000e+00 0.000000e+00 0.000000e+00 0.000000e+00 0.000000e+00 0.000000e+00 1.207630e-11 0.000000e+00 0.000000e+00 0.000000e+00 0.000000e+00 0.000000e+00 0.000000e+00 0.000000e+00 0.000000e+00 0.000000e+00 0.000000e+00 0.000000e+00 0.000000e+00 0.000000e+00 0.000000e+00 0.000000e+00 0.000000e+00 0.000000e+00 0.000000e+00 0.000000e+00 0.000000e+00 0.000000e+00 0.000000e+00 0.000000e+00 0.000000e+00 0.000000e+00 4.036154e-40 5.003168e-17 1.772906e-15 2.391619e-07 7.608695e-17 0.000000e+00
17.000000 16.000000 18.000000 180.244485 7.647102e+03 1.435391e+08 3.010257e+02 1.542236e+09 5.126383e+05 3.192204e+04 9.501102e+03 4.595038e+11 5.349792e-02 8.161800e-02 9.082290e-05 6.971354e+02 2.669656e+01 1.938885e-02 1.571899e-05 1.442530e-15 3.264831e-01 5.410651e-02 1.340379e-03 1.617738e-14 6.765439e+11 1.977520e+12 3.900387e+07 2.178012e-07 5.120817e+06 5.748894e-10 5.279442e-48 2.207113e-03 1.005553e-07 9.608294e-02 3.553947e-03 4.856320e+04 1.651431e-09 6.240768e+01 2.274824e-02 5.055693e+01 1.876502e-03 3.509302e+01 6.492115e-16 5.511075e-11 0.000000e+00 1.872625e-31 0.000000e+00 0.000000e+00 0.000000e+00 0.000000e+00 0.000000e+00 0.000000e+00 0.000000e+00 0.000000e+00 0.000000e+00 0.000000e+00 3.067850e+14 1.278176e+15 7.526125e+06 3.072902e+18 3.419026e-06 6.986698e-04 3.435415e-11 8.621732e-07 3.954556e+02 2.760436e+05 6.707038e+00 6.884103e+06 1.822806e-11 2.682855e-06 3.881980e-08 3.774917e-17 0.000000e+00 0.000000e+00 2.374510e-06 2.955730e-08 1.137246e-05 0.000000e+00 0.000000e+00 0.000000e+00 4.202630e-32 0.000000e+00 0.000000e+00 0.000000e+00 1.507070e-11 0.000000e+00 0.000000e+00 0.000000e+00 0.000000e+00 0.000000e+00 0.000000e+00 0.000000e+00 0.000000e+00 0.000000e+00 0.000000e+00 0.000000e+00 0.000000e+00 0.000000e+00 0.000000e+00 0.000000e+00 0.000000e+00 0.000000e+00 0.000000e+00 0.000000e+00 0.000000e+00 0.000000e+00 0.000000e+00 0.000000e+00 0.000000e+00 0.000000e+00 2.348145e-39 1.290445e-16 3.498897e-15 2.662094e-07 1.367594e-16 0.000000e+00
19.000000 18.000000 20.000000 177.829109 5.271531e+03 1.743516e+08 4.437096e+02 1.837953e+09 7.083820e+05 4.327301e+04 1.294561e+04 2.927543e+11 1.078832e-01 6.827725e-02 1.021642e-04 1.301438e+03 3.373497e+01 1.883335e-02 1.280497e-05 1.011983e-15 2.880204e-01 7.307447e-02 1.300032e-03 1.144006e-13 6.031413e+11 1.346878e+12 2.314860e+07 1.539779e-07 6.527672e+05 1.007815e-09 7.674853e-48 2.968449e-03 1.166218e-07 8.951655e-02 3.108880e-03 3.892885e+04 5.617683e-09 3.380312e+01 1.339297e-02 2.661111e+01 1.700779e-03 4.344621e+01 1.250344e-15 5.134847e-11 0.000000e+00 3.338904e-33 0.000000e+00 0.000000e+00 0.000000e+00 0.000000e+00 0.000000e+00 0.000000e+00 0.000000e+00 0.000000e+00 0.000000e+00 0.000000e+00 2.142591e+14 8.930871e+14 1.419928e+07 2.147077e+18 2.020041e-05 9.642370e-04 1.006057e-10 1.077329e-06 3.108221e+02 2.022294e+05 9.411576e-01 5.289144e+06 4.343238e-11 5.096614e-07 4.633236e-09 7.331926e-17 0.000000e+00 0.000000e+00 2.434794e-06 4.063079e-08 3.933052e-05 0.000000e+00 0.000000e+00 0.000000e+00 3.227792e-35 0.000000e+00 0.000000e+00 0.000000e+00 2.052308e-11 0.000000e+00 0.000000e+00 0.000000e+00 0.000000e+00 0.000000e+00 0.000000e+00 0.000000e+00 0.000000e+00 0.000000e+00 0.000000e+00 0.000000e+00 0.000000e+00 0.000000e+00 0.000000e+00 0.000000e+00 0.000000e+00 0.000000e+00 0.000000e+00 0.000000e+00 0.000000e+00 0.000000e+00 0.000000e+00 0.000000e+00 0.000000e+00 0.000000e+00 1.887530e-39 1.219598e-16 3.555936e-15 2.116464e-07 1.447016e-16 0.000000e+00
21.000000 20.000000 22.000000 176.313660 3.619706e+03 1.899592e+08 4.271322e+02 2.513763e+09 1.045562e+06 4.902302e+04 1.970068e+04 2.085715e+11 1.572042e-01 5.215287e-02 9.063809e-05 1.432909e+03 3.609021e+01 1.190333e-02 5.429377e-06 2.416617e-16 2.540588e-01 8.685737e-02 8.801297e-04 1.113654e-12 4.823326e+11 9.034335e+11 1.398486e+07 1.152782e-07 8.532536e+04 1.207032e-09 1.824629e-47 3.957106e-03 1.414094e-07 9.155018e-02 3.149105e-03 3.505506e+04 1.876298e-08 1.644141e+01 6.815979e-03 1.323155e+01 1.390545e-03 4.606966e+01 2.442415e-15 3.634465e-11 0.000000e+00 5.471171e-34 0.000000e+00 0.000000e+00 0.000000e+00 0.000000e+00 0.000000e+00 0.000000e+00 0.000000e+00 0.000000e+00 0.000000e+00 0.000000e+00 1.483507e+14 6.185660e+14 2.233374e+07 1.486967e+18 5.316256e-05 1.218116e-03 3.459933e-10 1.351463e-06 2.511023e+02 1.346958e+05 1.228902e-01 4.195168e+06 9.900268e-11 1.058851e-07 3.372224e-10 1.195552e-16 0.000000e+00 0.000000e+00 1.340218e-06 4.710821e-08 1.169363e-04 0.000000e+00 0.000000e+00 0.000000e+00 0.000000e+00 0.000000e+00 0.000000e+00 0.000000e+00 3.197900e-11 0.000000e+00 0.000000e+00 0.000000e+00 0.000000e+00 0.000000e+00 0.000000e+00 0.000000e+00 0.000000e+00 0.000000e+00 0.000000e+00 0.000000e+00 0.000000e+00 0.000000e+00 0.000000e+00 0.000000e+00 0.000000e+00 0.000000e+00 0.000000e+00 0.000000e+00 0.000000e+00 0.000000e+00 0.000000e+00 0.000000e+00 0.000000e+00 0.000000e+00 4.263677e-40 6.031906e-17 2.173862e-15 1.397538e-07 1.290306e-16 0.000000e+00
23.000000 22.000000 24.000000 175.714176 2.480454e+03 2.180389e+08 5.098051e+02 3.150694e+09 1.457550e+06 6.141221e+04 2.652377e+04 1.419729e+11 2.064762e-01 3.084238e-02 6.722497e-05 1.303966e+03 3.489794e+01 7.570073e-03 2.467988e-06 6.197908e-17 1.815043e-01 8.571259e-02 5.670820e-04 1.230873e-11 3.766319e+11 5.980622e+11 7.364884e+06 1.330859e-07 1.597616e+04 1.927289e-09 6.777555e-47 6.195645e-03 1.973762e-07 1.025290e-01 3.518184e-03 3.445333e+04 6.789211e-08 9.461782e+00 4.266790e-03 7.640055e+00 1.432015e-03 4.429971e+01 4.557979e-15 2.977949e-11 0.000000e+00 0.000000e+00 0.000000e+00 0.000000e+00 0.000000e+00 0.000000e+00 0.000000e+00 0.000000e+00 0.000000e+00 0.000000e+00 0.000000e+00 0.000000e+00 1.019844e+14 4.253783e+14 4.003748e+07 1.022442e+18 1.092609e-04 1.199295e-03 1.448456e-09 1.927424e-06 2.224769e+02 8.626672e+04 2.599098e-02 2.832993e+06 2.549797e-10 4.065335e-08 3.981143e-11 1.913733e-16 0.000000e+00 0.000000e+00 8.047239e-07 6.679220e-08 3.332902e-04 0.000000e+00 0.000000e+00 0.000000e+00 0.000000e+00 0.000000e+00 0.000000e+00 0.000000e+00 3.567478e-10 0.000000e+00 0.000000e+00 0.000000e+00 0.000000e+00 0.000000e+00 0.000000e+00 0.000000e+00 0.000000e+00 0.000000e+00 0.000000e+00 0.000000e+00 0.000000e+00 0.000000e+00 0.000000e+00 0.000000e+00 0.000000e+00 0.000000e+00 0.000000e+00 0.000000e+00 0.000000e+00 0.000000e+00 0.000000e+00 0.000000e+00 0.000000e+00 0.000000e+00 5.309126e-41 2.190610e-17 9.144018e-16 8.636481e-08 1.143776e-16 0.000000e+00
25.000000 24.000000 26.000000 175.955519 1.699611e+03 2.501799e+08 6.512275e+02 3.689219e+09 1.933460e+06 7.880640e+04 3.205500e+04 9.752159e+10 2.445265e-01 1.509639e-02 4.377065e-05 1.198028e+03 3.166918e+01 4.728487e-03 1.119639e-06 1.539380e-17 1.152471e-01 7.361052e-02 3.391654e-04 1.369538e-10 2.939431e+11 3.914037e+11 3.534812e+06 2.100337e-07 8.713472e+03 3.429128e-09 5.667597e-46 1.649805e-02 4.477944e-07 1.243331e-01 4.250785e-03 3.574060e+04 3.156200e-07 6.901506e+00 3.404848e-03 5.482947e+00 1.696454e-03 4.005345e+01 1.253256e-14 2.729846e-11 0.000000e+00 0.000000e+00 0.000000e+00 0.000000e+00 0.000000e+00 0.000000e+00 0.000000e+00 0.000000e+00 0.000000e+00 0.000000e+00 0.000000e+00 0.000000e+00 6.976563e+13 2.911091e+14 7.488366e+07 6.996172e+17 2.351323e-04 9.906849e-04 6.428709e-09 3.106064e-06 2.133017e+02 5.418431e+04 1.529665e-02 1.770322e+06 1.073847e-09 2.275544e-08 1.274168e-11 4.479567e-16 0.000000e+00 0.000000e+00 4.737397e-07 1.040871e-07 9.035187e-04 0.000000e+00 0.000000e+00 0.000000e+00 0.000000e+00 0.000000e+00 0.000000e+00 0.000000e+00 1.836875e-09 0.000000e+00 0.000000e+00 0.000000e+00 0.000000e+00 0.000000e+00 0.000000e+00 0.000000e+00 0.000000e+00 0.000000e+00 0.000000e+00 0.000000e+00 0.000000e+00 0.000000e+00 0.000000e+00 0.000000e+00 0.000000e+00 0.000000e+00 0.000000e+00 0.000000e+00 0.000000e+00 0.000000e+00 0.000000e+00 0.000000e+00 0.000000e+00 0.000000e+00 4.254405e-42 6.321797e-18 2.904802e-16 5.159291e-08 1.751889e-16 0.000000e+00
27.000000 26.000000 28.000000 176.427470 1.165884e+03 2.756237e+08 8.133413e+02 4.091129e+09 2.461725e+06 9.879506e+04 3.564948e+04 6.785564e+10 2.632851e-01 6.548910e-03 2.627957e-05 1.123136e+03 2.782070e+01 2.898311e-03 4.908168e-07 3.567691e-18 6.995436e-02 5.798353e-02 1.898116e-04 2.509079e-05 2.306174e+11 2.537213e+11 1.592108e+06 3.950626e-07 1.683855e+04 6.669169e-09 5.665318e-44 5.104814e-01 1.222792e-05 3.739325e+00 1.000951e-02 3.870503e+04 1.156561e-02 1.596998e+01 8.676905e-03 8.720602e+00 4.974968e-03 3.509369e+01 1.526602e-11 2.692521e-11 0.000000e+00 0.000000e+00 0.000000e+00 0.000000e+00 0.000000e+00 0.000000e+00 0.000000e+00 0.000000e+00 0.000000e+00 0.000000e+00 0.000000e+00 0.000000e+00 4.771370e+13 1.991879e+14 1.373007e+08 4.786339e+17 5.257974e-04 7.339141e-04 4.994318e-04 6.259490e-02 2.378835e+02 3.315976e+04 2.874446e-02 1.088075e+06 5.096717e-08 1.775080e-08 1.268629e-11 1.193004e-14 0.000000e+00 0.000000e+00 2.624148e-07 1.806774e-07 2.377740e-03 0.000000e+00 0.000000e+00 0.000000e+00 0.000000e+00 0.000000e+00 0.000000e+00 0.000000e+00 2.145607e-04 0.000000e+00 0.000000e+00 0.000000e+00 0.000000e+00 0.000000e+00 0.000000e+00 0.000000e+00 0.000000e+00 0.000000e+00 0.000000e+00 0.000000e+00 0.000000e+00 0.000000e+00 0.000000e+00 0.000000e+00 0.000000e+00 0.000000e+00 0.000000e+00 0.000000e+00 0.000000e+00 0.000000e+00 0.000000e+00 0.000000e+00 0.000000e+00 0.000000e+00 2.610623e-43 1.585314e-18 7.718481e-17 3.340639e-08 2.164747e-15 0.000000e+00
29.000000 28.000000 30.000000 176.635559 8.005986e+02 2.846923e+08 9.443762e+02 4.333674e+09 3.025198e+06 1.177642e+05 3.710882e+04 4.727303e+10 2.597252e-01 2.636698e-03 1.505486e-05 1.010671e+03 2.396271e+01 1.742523e-03 2.041547e-07 7.583372e-19 4.215509e-02 4.314693e-02 1.003601e-04 3.810224e-04 1.814985e+11 1.629192e+11 7.083196e+05 8.257802e-07 4.946896e+04 1.389975e-08 1.074009e-42 3.576888e+00 6.949889e-05 1.491020e+01 2.629710e-02 4.294829e+04 6.289228e-02 4.392052e+01 2.534547e-02 1.997206e+01 1.466640e-02 3.016042e+01 9.238334e-10 3.105828e-11 0.000000e+00 0.000000e+00 0.000000e+00 0.000000e+00 0.000000e+00 0.000000e+00 0.000000e+00 0.000000e+00 0.000000e+00 0.000000e+00 0.000000e+00 0.000000e+00 3.271360e+13 1.366420e+14 2.378713e+08 3.282845e+17 1.100221e-03 5.088184e-04 3.380824e-03 2.011291e-01 3.101404e+02 1.968327e+04 8.487291e-02 6.775398e+05 5.360197e-07 1.999629e-08 1.935158e-11 6.472022e-14 0.000000e+00 0.000000e+00 1.344065e-07 3.416939e-07 5.885021e-03 0.000000e+00 0.000000e+00 0.000000e+00 0.000000e+00 0.000000e+00 0.000000e+00 0.000000e+00 9.750011e-04 0.000000e+00 0.000000e+00 0.000000e+00 0.000000e+00 0.000000e+00 0.000000e+00 0.000000e+00 0.000000e+00 0.000000e+00 0.000000e+00 0.000000e+00 0.000000e+00 0.000000e+00 0.000000e+00 0.000000e+00 0.000000e+00 0.000000e+00 0.000000e+00 0.000000e+00 0.000000e+00 0.000000e+00 0.000000e+00 0.000000e+00 0.000000e+00 0.000000e+00 1.394128e-44 3.690174e-19 1.848748e-17 2.500739e-08 6.579444e-15 0.000000e+00
31.000000 30.000000 32.000000 176.566524 5.499143e+02 2.756997e+08 9.970172e+02 4.429928e+09 3.578227e+06 1.316368e+05 3.594708e+04 3.273197e+10 2.416081e-01 1.030620e-03 8.559134e-06 8.542675e+02 2.056677e+01 1.041505e-03 8.125038e-08 1.514326e-19 2.579361e-02 3.078494e-02 5.066166e-05 1.425687e-02 1.440463e+11 1.026701e+11 5.509469e+05 4.181139e-06 1.626744e+05 7.856624e-08 3.261023e-41 4.694304e+01 7.348708e-04 1.590298e+02 2.199354e-01 4.906244e+04 9.000055e-01 3.273885e+02 2.284164e-01 1.507489e+02 1.326133e-01 2.582887e+01 7.553521e-08 1.829361e-10 0.000000e+00 0.000000e+00 0.000000e+00 0.000000e+00 0.000000e+00 0.000000e+00 0.000000e+00 0.000000e+00 0.000000e+00 0.000000e+00 0.000000e+00 0.000000e+00 2.246902e+13 9.391282e+13 3.841175e+08 2.255799e+17 2.091554e-03 3.429899e-04 5.913389e-02 1.700727e+00 1.275944e+03 1.151377e+04 3.534831e-01 4.259426e+05 1.036752e-05 5.335894e-08 4.086568e-11 6.574435e-13 0.000000e+00 0.000000e+00 6.382792e-08 1.886359e-06 1.387352e-02 0.000000e+00 0.000000e+00 0.000000e+00 0.000000e+00 0.000000e+00 0.000000e+00 0.000000e+00 1.160664e-02 0.000000e+00 0.000000e+00 0.000000e+00 0.000000e+00 0.000000e+00 0.000000e+00 0.000000e+00 0.000000e+00 0.000000e+00 0.000000e+00 0.000000e+00 0.000000e+00 0.000000e+00 0.000000e+00 0.000000e+00 0.000000e+00 0.000000e+00 0.000000e+00 0.000000e+00 0.000000e+00 0.000000e+00 0.000000e+00 0.000000e+00 0.000000e+00 0.000000e+00 7.444801e-46 8.574931e-20 4.323315e-18 5.573186e-08 3.314288e-14 0.000000e+00
33.000000 32.000000 34.000000 176.461999 3.777445e+02 2.524416e+08 9.418645e+02 4.439030e+09 4.082420e+06 1.370174e+05 3.240573e+04 2.261272e+10 2.145258e-01 4.130440e-04 5.052242e-06 6.694290e+02 1.751094e+01 6.128104e-04 3.047664e-08 2.779251e-20 1.599498e-02 2.094324e-02 2.415194e-05 1.549638e-01 1.147882e+11 6.307824e+10 8.636144e+05 1.375234e-05 3.836867e+05 2.730451e-07 3.357466e-40 2.151587e+02 2.616003e-03 5.235766e+02 7.219636e-01 5.483853e+04 3.903085e+00 8.851078e+02 7.066042e-01 4.263460e+02 4.187336e-01 2.190940e+01 2.899146e-07 7.498588e-10 0.000000e+00 3.413986e-33 0.000000e+00 0.000000e+00 0.000000e+00 0.000000e+00 0.000000e+00 0.000000e+00 0.000000e+00 0.000000e+00 0.000000e+00 0.000000e+00 1.543517e+13 6.456416e+13 5.762918e+08 1.550461e+17 3.591104e-03 2.288697e-04 3.134853e-01 4.408096e+00 3.702151e+03 6.726244e+03 9.876869e-01 2.650178e+05 6.865101e-05 9.636028e-08 5.629765e-11 2.270272e-12 0.000000e+00 0.000000e+00 2.758794e-08 6.767148e-06 2.750209e-02 0.000000e+00 0.000000e+00 0.000000e+00 4.413891e-35 1.061592e-65 0.000000e+00 0.000000e+00 4.213725e-02 0.000000e+00 0.000000e+00 0.000000e+00 0.000000e+00 0.000000e+00 0.000000e+00 0.000000e+00 0.000000e+00 0.000000e+00 0.000000e+00 0.000000e+00 0.000000e+00 0.000000e+00 0.000000e+00 0.000000e+00 0.000000e+00 0.000000e+00 0.000000e+00 0.000000e+00 0.000000e+00 0.000000e+00 0.000000e+00 0.000000e+00 0.000000e+00 0.000000e+00 4.640925e-47 2.151750e-20 1.078288e-18 9.179558e-08 6.097813e-14 0.000000e+00
35.000000 34.000000 36.000000 176.531488 2.595262e+02 2.217386e+08 7.980627e+02 4.425946e+09 4.515457e+06 1.332867e+05 2.737023e+04 1.573402e+10 1.850608e-01 1.901509e-04 3.435698e-06 4.914359e+02 1.482101e+01 3.557887e-04 1.081457e-08 4.721793e-21 1.004700e-02 1.364357e-02 1.092019e-05 7.926832e-01 9.172349e+10 3.741525e+10 1.086715e+06 2.540070e-05 6.726076e+05 4.624498e-07 1.915959e-39 5.041595e+02 4.658538e-03 8.408302e+02 1.194549e+00 5.864582e+04 8.331308e+00 1.205129e+03 1.059865e+00 5.918511e+02 6.304111e-01 1.839018e+01 6.506931e-07 1.720653e-09 0.000000e+00 1.125074e-33 0.000000e+00 0.000000e+00 0.000000e+00 0.000000e+00 0.000000e+00 0.000000e+00 0.000000e+00 0.000000e+00 0.000000e+00 0.000000e+00 1.059344e+13 4.435318e+13 8.091050e+08 1.064811e+17 5.640599e-03 1.538421e-04 8.299922e-01 5.725258e+00 5.961772e+03 3.950894e+03 1.829719e+00 1.605140e+05 2.265097e-04 1.055035e-07 5.014857e-11 3.969574e-12 0.000000e+00 0.000000e+00 1.089703e-08 1.242892e-05 4.557883e-02 0.000000e+00 0.000000e+00 0.000000e+00 8.210828e-36 4.307195e-65 0.000000e+00 0.000000e+00 7.646954e-02 0.000000e+00 0.000000e+00 0.000000e+00 0.000000e+00 0.000000e+00 0.000000e+00 0.000000e+00 0.000000e+00 0.000000e+00 0.000000e+00 0.000000e+00 0.000000e+00 0.000000e+00 0.000000e+00 0.000000e+00 0.000000e+00 0.000000e+00 0.000000e+00 0.000000e+00 0.000000e+00 0.000000e+00 0.000000e+00 0.000000e+00 0.000000e+00 0.000000e+00 4.963029e-48 7.094575e-21 3.524129e-19 9.933194e-08 6.523734e-14 0.000000e+00
37.000000 36.000000 38.000000 176.898395 1.784229e+02 1.895102e+08 6.133968e+02 4.460004e+09 4.913886e+06 1.226478e+05 2.223955e+04 1.117382e+10 1.547489e-01 1.177912e-04 3.112327e-06 3.452043e+02 1.240658e+01 2.025023e-04 3.613464e-09 7.328316e-22 6.344897e-03 8.581268e-03 4.714311e-06 3.326838e+00 7.325333e+10 2.123872e+10 1.311452e+06 4.400288e-05 1.112725e+06 6.357682e-07 1.108899e-38 1.020984e+03 7.103375e-03 1.169965e+03 1.738329e+00 6.025046e+04 1.585271e+01 1.439869e+03 1.360645e+00 7.054270e+02 7.922362e-01 1.518337e+01 1.507149e-06 3.712748e-09 0.000000e+00 1.646201e-32 0.000000e+00 0.000000e+00 0.000000e+00 0.000000e+00 0.000000e+00 0.000000e+00 0.000000e+00 0.000000e+00 0.000000e+00 0.000000e+00 7.261932e+12 3.043837e+13 1.078159e+09 7.305348e+16 8.406994e-03 1.042058e-04 2.010184e+00 6.769606e+00 8.857898e+03 2.372614e+03 3.143290e+00 9.417095e+04 6.284206e-04 1.052834e-07 4.010969e-11 5.914468e-12 0.000000e+00 0.000000e+00 3.948413e-09 1.954607e-05 6.756931e-02 0.000000e+00 0.000000e+00 0.000000e+00 1.955597e-34 6.872598e-64 0.000000e+00 0.000000e+00 1.268862e-01 0.000000e+00 0.000000e+00 0.000000e+00 0.000000e+00 0.000000e+00 0.000000e+00 0.000000e+00 0.000000e+00 0.000000e+00 0.000000e+00 0.000000e+00 0.000000e+00 0.000000e+00 0.000000e+00 0.000000e+00 0.000000e+00 0.000000e+00 0.000000e+00 0.000000e+00 0.000000e+00 0.000000e+00 0.000000e+00 0.000000e+00 0.000000e+00 0.000000e+00 1.605814e-48 4.063725e-21 2.017996e-19 1.341839e-07 7.827810e-14 0.000000e+00
39.000000 38.000000 40.000000 177.555201 1.228294e+02 1.588435e+08 4.321738e+02 4.612281e+09 5.367333e+06 1.084031e+05 1.807951e+04 8.194338e+09 1.247851e-01 1.059734e-04 3.996406e-06 2.370814e+02 1.028702e+01 1.126343e-04 1.130968e-09 1.024639e-22 4.036625e-03 5.330577e-03 1.978135e-06 1.407226e+01 5.859795e+10 1.131323e+10 1.872920e+06 8.897588e-05 1.816467e+06 9.265614e-07 7.944153e-38 2.096479e+03 1.100873e-02 1.777242e+03 2.791865e+00 6.018977e+04 3.532131e+01 1.902907e+03 1.914302e+00 9.025476e+02 1.044107e+00 1.233481e+01 4.287243e-06 9.526150e-09 0.000000e+00 0.000000e+00 0.000000e+00 0.000000e+00 0.000000e+00 0.000000e+00 0.000000e+00 0.000000e+00 0.000000e+00 0.000000e+00 0.000000e+00 0.000000e+00 4.975639e+12 2.088307e+13 1.383874e+09 5.010521e+16 1.227881e-02 7.183364e-05 5.830835e+00 9.480098e+00 1.570884e+04 1.558252e+03 5.616401e+00 5.427924e+04 1.738369e-03 1.114975e-07 3.216032e-11 8.797396e-12 0.000000e+00 0.000000e+00 1.328262e-09 3.437854e-05 9.365317e-02 0.000000e+00 0.000000e+00 0.000000e+00 3.454143e-34 0.000000e+00 0.000000e+00 0.000000e+00 2.534410e-01 0.000000e+00 0.000000e+00 0.000000e+00 0.000000e+00 0.000000e+00 0.000000e+00 0.000000e+00 0.000000e+00 0.000000e+00 0.000000e+00 0.000000e+00 0.000000e+00 0.000000e+00 0.000000e+00 0.000000e+00 0.000000e+00 0.000000e+00 0.000000e+00 0.000000e+00 0.000000e+00 0.000000e+00 0.000000e+00 0.000000e+00 0.000000e+00 0.000000e+00 1.990293e-48 4.527114e-21 2.293575e-19 2.949817e-07 1.286169e-13 0.000000e+00
41.000000 40.000000 42.000000 178.245908 8.470130e+01 1.275780e+08 2.941417e+02 4.816953e+09 6.154575e+06 9.745381e+04 1.615279e+04 6.269192e+09 9.354004e-02 1.161301e-04 6.185364e-06 1.614435e+02 8.417032e+00 6.367737e-05 3.428068e-10 1.382658e-23 2.569980e-03 3.426219e-03 8.833317e-07 4.173342e+01 4.700710e+10 5.577531e+09 2.348088e+06 1.648384e-04 2.512443e+06 1.228804e-06 5.136522e-37 3.485927e+03 1.370214e-02 2.208312e+03 3.679382e+00 5.613703e+04 7.030937e+01 2.075785e+03 2.314268e+00 8.982824e+02 1.112015e+00 9.771657e+00 1.156149e-05 2.302601e-08 0.000000e+00 0.000000e+00 0.000000e+00 0.000000e+00 0.000000e+00 0.000000e+00 0.000000e+00 0.000000e+00 0.000000e+00 0.000000e+00 0.000000e+00 0.000000e+00 3.413268e+12 1.434864e+13 1.805149e+09 3.441792e+16 1.772499e-02 5.013371e-05 1.512415e+01 1.204671e+01 2.583778e+04 1.136849e+03 9.013742e+00 3.158698e+04 3.924383e-03 1.053699e-07 2.326107e-11 1.019393e-11 0.000000e+00 0.000000e+00 4.571843e-10 5.559557e-05 1.190562e-01 0.000000e+00 0.000000e+00 0.000000e+00 0.000000e+00 0.000000e+00 0.000000e+00 0.000000e+00 4.626271e-01 0.000000e+00 0.000000e+00 0.000000e+00 0.000000e+00 0.000000e+00 0.000000e+00 0.000000e+00 0.000000e+00 0.000000e+00 0.000000e+00 0.000000e+00 0.000000e+00 0.000000e+00 0.000000e+00 0.000000e+00 0.000000e+00 0.000000e+00 0.000000e+00 0.000000e+00 0.000000e+00 0.000000e+00 0.000000e+00 0.000000e+00 0.000000e+00 0.000000e+00 5.086778e-48 7.225855e-21 3.765096e-19 6.885477e-07 1.954590e-13 0.000000e+00
43.000000 42.000000 44.000000 178.496453 5.848703e+01 9.003185e+07 2.352200e+02 4.640885e+09 8.268846e+06 1.082701e+05 1.960565e+04 4.993997e+09 5.892453e-02 1.212592e-04 9.867708e-06 1.102101e+02 6.791731e+00 4.664850e-05 1.277993e-10 2.914974e-24 1.613048e-03 2.560580e-03 6.019140e-07 5.665663e+01 3.907624e+10 2.499625e+09 2.048949e+06 2.701532e-04 2.634038e+06 1.872397e-06 2.230096e-36 4.377019e+03 1.261660e-02 1.946009e+03 3.391959e+00 4.571354e+04 1.085436e+02 1.488614e+03 2.281187e+00 5.519617e+02 9.394236e-01 7.478949e+00 2.265672e-05 4.964328e-08 0.000000e+00 0.000000e+00 0.000000e+00 0.000000e+00 0.000000e+00 0.000000e+00 0.000000e+00 0.000000e+00 0.000000e+00 0.000000e+00 0.000000e+00 0.000000e+00 2.348267e+12 9.895922e+12 2.891937e+09 2.373253e+16 2.517869e-02 3.427123e-05 2.833219e+01 1.233204e+01 3.550648e+04 8.707340e+02 1.271123e+01 1.869640e+04 7.089566e-03 9.207885e-08 1.904650e-11 8.370593e-12 0.000000e+00 0.000000e+00 2.468204e-10 9.103768e-05 1.414430e-01 0.000000e+00 0.000000e+00 0.000000e+00 1.279965e-33 4.458747e-64 0.000000e+00 0.000000e+00 6.370053e-01 0.000000e+00 0.000000e+00 0.000000e+00 0.000000e+00 0.000000e+00 0.000000e+00 0.000000e+00 0.000000e+00 0.000000e+00 0.000000e+00 0.000000e+00 0.000000e+00 0.000000e+00 0.000000e+00 0.000000e+00 0.000000e+00 0.000000e+00 0.000000e+00 0.000000e+00 0.000000e+00 0.000000e+00 0.000000e+00 0.000000e+00 0.000000e+00 0.000000e+00 1.658948e-47 1.318208e-20 6.644152e-19 1.294463e-06 2.167035e-13 0.000000e+00
45.000000 44.000000 46.000000 177.814771 4.038033e+01 6.934162e+07 3.757787e+02 3.469605e+09 1.098310e+07 1.732179e+05 2.382848e+04 3.580257e+09 3.647869e-02 6.438509e-05 1.001416e-05 7.633885e+01 5.338784e+00 6.785940e-05 1.268617e-10 3.278545e-24 8.509375e-04 1.873016e-03 8.023358e-07 2.682290e+01 3.794014e+10 1.014627e+09 1.545339e+06 3.714513e-04 1.975706e+06 4.600898e-06 4.918689e-36 4.191632e+03 8.934276e-03 1.418836e+03 2.421984e+00 2.890388e+04 1.523522e+02 9.581953e+02 2.520547e+00 2.919598e+02 8.850211e-01 5.469481e+00 3.231157e-05 1.054657e-07 0.000000e+00 0.000000e+00 0.000000e+00 0.000000e+00 0.000000e+00 0.000000e+00 0.000000e+00 0.000000e+00 0.000000e+00 0.000000e+00 0.000000e+00 0.000000e+00 1.617354e+12 6.860022e+12 6.649860e+09 1.644810e+16 3.616881e-02 2.124068e-05 3.855967e+01 1.181203e+01 3.849722e+04 7.901667e+02 1.575925e+01 8.688761e+03 1.141127e-02 9.160444e-08 2.696811e-11 4.776068e-12 0.000000e+00 0.000000e+00 3.834230e-10 1.691099e-04 1.564695e-01 0.000000e+00 0.000000e+00 0.000000e+00 2.345836e-34 1.716542e-64 0.000000e+00 0.000000e+00 6.549849e-01 0.000000e+00 0.000000e+00 0.000000e+00 0.000000e+00 0.000000e+00 0.000000e+00 0.000000e+00 0.000000e+00 0.000000e+00 0.000000e+00 0.000000e+00 0.000000e+00 0.000000e+00 0.000000e+00 0.000000e+00 0.000000e+00 0.000000e+00 0.000000e+00 0.000000e+00 0.000000e+00 0.000000e+00 0.000000e+00 0.000000e+00 0.000000e+00 0.000000e+00 1.505634e-47 1.260383e-20 5.004892e-19 1.211056e-06 1.175671e-13 0.000000e+00
47.000000 46.000000 48.000000 175.897258 2.780746e+01 1.277624e+08 1.718351e+03 2.037032e+09 7.007077e+06 2.626842e+05 1.015789e+04 1.728292e+09 4.669125e-02 8.328472e-06 2.764815e-06 5.378896e+01 4.082281e+00 1.324762e-04 4.335434e-10 1.659142e-23 2.496805e-04 6.620156e-04 7.187920e-07 7.440176e+00 4.696882e+10 3.614207e+08 1.459226e+06 1.858035e-04 1.083732e+06 6.882157e-06 4.421690e-36 2.759927e+03 4.584679e-03 8.382333e+02 1.097605e+00 1.052421e+04 2.256799e+02 1.237293e+03 3.336573e+00 2.267279e+02 7.245424e-01 3.827702e+00 3.869258e-05 1.342366e-07 0.000000e+00 9.975278e-34 0.000000e+00 0.000000e+00 0.000000e+00 0.000000e+00 0.000000e+00 0.000000e+00 0.000000e+00 0.000000e+00 0.000000e+00 0.000000e+00 1.105702e+12 4.777389e+12 1.490533e+10 1.145028e+16 5.580332e-02 7.504598e-06 4.055806e+01 1.051890e+01 1.611683e+04 7.291968e+02 1.161851e+01 2.334018e+03 1.452854e-02 5.754357e-08 3.060055e-11 1.714605e-12 0.000000e+00 0.000000e+00 8.905719e-10 1.197717e-04 1.552173e-01 0.000000e+00 0.000000e+00 0.000000e+00 1.011563e-35 4.047346e-67 0.000000e+00 0.000000e+00 5.085748e-01 0.000000e+00 0.000000e+00 0.000000e+00 0.000000e+00 0.000000e+00 0.000000e+00 0.000000e+00 0.000000e+00 0.000000e+00 0.000000e+00 0.000000e+00 0.000000e+00 0.000000e+00 0.000000e+00 0.000000e+00 0.000000e+00 0.000000e+00 0.000000e+00 0.000000e+00 0.000000e+00 0.000000e+00 0.000000e+00 0.000000e+00 0.000000e+00 0.000000e+00 2.696098e-49 1.274307e-21 3.173004e-20 1.898713e-07 1.661464e-14 0.000000e+00
49.000000 48.000000 50.000000 172.876060 1.905009e+01 8.690530e+08 1.621967e+04 1.487259e+09 1.225669e+06 1.794069e+05 1.938668e+03 5.684420e+08 2.191067e-01 4.356478e-07 2.015671e-07 3.773044e+01 2.901073e+00 1.131262e-04 2.053182e-09 5.091803e-23 2.004906e-05 6.146939e-05 8.972149e-08 2.862218e+00 5.672811e+10 1.203916e+08 1.064649e+06 2.372388e-05 4.465617e+05 1.073942e-06 8.650902e-37 5.786492e+02 3.918675e-04 1.413785e+02 5.164446e-02 3.174801e+03 2.691108e+02 3.274291e+03 2.530672e+00 1.245907e+02 1.884489e-01 2.566376e+00 1.293210e-05 2.452309e-08 0.000000e+00 3.404638e-35 0.000000e+00 0.000000e+00 0.000000e+00 0.000000e+00 0.000000e+00 0.000000e+00 0.000000e+00 0.000000e+00 0.000000e+00 0.000000e+00 7.468654e+11 3.331008e+12 2.218232e+10 7.981348e+15 8.729224e-02 1.430750e-06 3.214937e+01 5.728898e+00 1.220162e+03 3.166993e+02 3.600163e+00 2.029215e+02 5.116827e-03 5.603633e-09 6.709192e-12 1.022775e-13 0.000000e+00 0.000000e+00 4.482760e-10 1.032475e-05 1.295752e-01 0.000000e+00 0.000000e+00 0.000000e+00 0.000000e+00 0.000000e+00 0.000000e+00 0.000000e+00 3.325362e-01 0.000000e+00 0.000000e+00 0.000000e+00 0.000000e+00 0.000000e+00 0.000000e+00 0.000000e+00 0.000000e+00 0.000000e+00 0.000000e+00 0.000000e+00 0.000000e+00 0.000000e+00 0.000000e+00 0.000000e+00 0.000000e+00 0.000000e+00 0.000000e+00 0.000000e+00 0.000000e+00 0.000000e+00 0.000000e+00 0.000000e+00 0.000000e+00 0.000000e+00 2.581039e-51 2.131385e-23 3.891240e-22 1.472306e-08 9.703237e-16 0.000000e+00
51.000000 50.000000 52.000000 169.297186 1.295863e+01 5.505088e+09 7.915302e+04 1.364429e+09 1.229938e+05 3.587248e+04 1.198882e+02 1.715030e+08 8.056025e-01 2.463244e-08 1.673492e-08 2.560513e+01 1.509672e+00 5.952204e-05 4.415007e-09 4.427616e-23 1.096130e-06 2.437624e-06 4.770378e-09 1.042003e+00 5.608817e+10 4.049792e+07 4.337162e+05 2.709874e-06 1.442693e+05 5.821586e-08 3.934539e-38 3.556750e+01 3.361531e-06 4.762936e+00 2.751004e-04 9.691142e+02 1.368195e+02 3.300964e+03 6.466621e-01 3.808558e+00 6.721367e-03 1.665951e+00 2.106829e-06 1.437789e-09 0.000000e+00 0.000000e+00 0.000000e+00 0.000000e+00 0.000000e+00 0.000000e+00 0.000000e+00 0.000000e+00 0.000000e+00 0.000000e+00 0.000000e+00 0.000000e+00 5.021474e+11 2.314034e+12 2.136808e+10 5.544002e+15 1.210648e-01 4.425403e-07 1.235957e+01 1.679753e+00 7.903915e+01 7.409142e+01 5.987145e-01 6.845447e+00 4.065814e-04 2.878469e-10 5.236703e-13 5.165635e-16 0.000000e+00 0.000000e+00 3.870318e-11 4.945567e-07 9.160701e-02 0.000000e+00 0.000000e+00 0.000000e+00 0.000000e+00 0.000000e+00 0.000000e+00 0.000000e+00 2.040946e-01 0.000000e+00 0.000000e+00 0.000000e+00 0.000000e+00 0.000000e+00 0.000000e+00 0.000000e+00 0.000000e+00 0.000000e+00 0.000000e+00 0.000000e+00 0.000000e+00 0.000000e+00 0.000000e+00 0.000000e+00 0.000000e+00 0.000000e+00 0.000000e+00 0.000000e+00 0.000000e+00 0.000000e+00 0.000000e+00 0.000000e+00 0.000000e+00 0.000000e+00 2.948341e-53 2.864771e-25 4.762743e-24 1.308274e-09 6.316366e-17 0.000000e+00
53.000000 52.000000 54.000000 165.884002 8.745797e+00 1.130367e+10 1.083865e+05 1.142510e+09 3.266317e+04 9.131028e+03 7.842607e+00 4.842826e+07 9.867549e-01 2.430825e-09 3.582756e-09 1.652071e+01 7.158223e-01 2.535903e-05 2.479837e-09 8.258301e-24 1.457527e-07 2.179325e-07 3.439326e-10 3.276180e-01 5.097509e+10 1.265284e+07 1.456843e+05 2.995547e-07 4.015811e+04 2.947924e-09 6.198033e-38 3.246541e+00 9.839445e-08 2.917542e-01 6.254599e-06 2.723950e+02 4.462865e+01 2.034473e+03 1.227452e-01 1.010053e-01 3.821231e-04 1.047309e+00 9.320613e-07 1.045399e-10 0.000000e+00 0.000000e+00 0.000000e+00 0.000000e+00 0.000000e+00 0.000000e+00 0.000000e+00 0.000000e+00 0.000000e+00 0.000000e+00 0.000000e+00 0.000000e+00 3.335463e+11 1.594076e+12 1.715273e+10 3.818642e+15 1.518427e-01 1.501124e-07 3.293337e+00 4.741383e-01 1.396210e+01 1.977266e+01 1.152537e-01 7.368230e-01 4.509047e-05 2.012622e-11 3.480319e-14 9.126900e-18 0.000000e+00 0.000000e+00 3.136056e-12 5.311086e-08 6.135779e-02 0.000000e+00 0.000000e+00 0.000000e+00 0.000000e+00 0.000000e+00 0.000000e+00 0.000000e+00 1.104928e-01 0.000000e+00 0.000000e+00 0.000000e+00 0.000000e+00 0.000000e+00 0.000000e+00 0.000000e+00 0.000000e+00 0.000000e+00 0.000000e+00 0.000000e+00 0.000000e+00 0.000000e+00 0.000000e+00 0.000000e+00 0.000000e+00 0.000000e+00 0.000000e+00 0.000000e+00 0.000000e+00 0.000000e+00 0.000000e+00 0.000000e+00 0.000000e+00 0.000000e+00 3.355978e-55 4.862824e-27 6.876592e-26 1.155055e-10 4.022070e-18 0.000000e+00
55.000000 54.000000 56.000000 163.689508 5.863228e+00 1.540225e+10 8.473844e+04 9.104025e+08 1.147039e+04 2.687635e+03 6.241387e-01 1.306187e+07 9.006340e-01 3.822363e-10 1.132542e-09 1.003279e+01 3.316626e-01 8.865610e-06 7.815514e-10 6.949263e-25 2.713976e-08 2.490738e-08 2.848372e-11 3.865064e-01 4.342174e+10 3.715944e+06 4.637033e+04 3.269455e-08 1.031054e+04 1.460055e-10 2.125226e-36 6.457674e-01 8.771329e-09 3.622986e-02 4.266592e-07 7.143806e+01 1.242808e+01 1.153782e+03 2.388198e-02 6.356178e-03 4.522095e-05 6.386954e-01 5.679682e-07 1.113293e-11 0.000000e+00 1.857201e-36 0.000000e+00 0.000000e+00 0.000000e+00 0.000000e+00 0.000000e+00 0.000000e+00 0.000000e+00 0.000000e+00 0.000000e+00 0.000000e+00 2.178243e+11 1.083333e+12 1.219195e+10 2.594356e+15 1.743463e-01 5.431231e-08 8.756669e-01 1.423602e-01 3.392942e+00 6.137713e+00 2.664467e-02 1.235833e-01 1.071356e-05 1.600283e-12 2.139751e-15 5.495747e-19 0.000000e+00 0.000000e+00 2.322292e-13 6.678158e-09 4.003748e-02 0.000000e+00 0.000000e+00 0.000000e+00 5.924894e-37 2.968562e-68 0.000000e+00 0.000000e+00 5.438444e-02 0.000000e+00 0.000000e+00 0.000000e+00 0.000000e+00 0.000000e+00 0.000000e+00 0.000000e+00 0.000000e+00 0.000000e+00 0.000000e+00 0.000000e+00 0.000000e+00 0.000000e+00 0.000000e+00 0.000000e+00 0.000000e+00 0.000000e+00 0.000000e+00 0.000000e+00 0.000000e+00 0.000000e+00 0.000000e+00 0.000000e+00 0.000000e+00 0.000000e+00 3.798129e-57 1.615552e-28 1.869209e-27 1.011915e-11 2.506446e-19 0.000000e+00
57.000000 56.000000 58.000000 164.588964 3.924160e+00 1.726532e+10 4.363930e+04 7.113484e+08 4.325948e+03 7.917568e+02 5.201941e-02 3.389577e+06 7.225792e-01 8.565496e-11 5.169404e-10 5.699938e+00 1.477911e-01 2.737272e-06 1.789332e-10 3.510895e-26 5.994580e-09 2.756426e-09 2.210157e-12 2.757809e+00 3.498994e+10 1.035687e+06 1.357682e+04 3.557031e-09 2.491631e+03 6.967302e-12 2.398708e-35 1.473674e-01 1.420610e-09 6.787741e-03 5.886575e-08 1.767744e+01 2.621890e+00 6.277263e+02 4.605926e-03 8.110434e-04 8.889420e-06 3.765740e-01 3.725233e-07 2.058825e-12 0.000000e+00 1.918361e-41 0.000000e+00 0.000000e+00 0.000000e+00 0.000000e+00 0.000000e+00 0.000000e+00 0.000000e+00 0.000000e+00 0.000000e+00 0.000000e+00 1.389036e+11 7.216936e+11 7.653566e+09 1.726872e+15 1.848892e-01 2.021746e-08 2.382818e-01 4.472333e-02 9.227726e-01 2.117658e+00 6.632397e-03 2.311162e-02 2.908755e-06 1.237330e-13 1.142428e-16 6.348004e-20 0.000000e+00 0.000000e+00 1.411785e-14 7.609968e-10 2.532153e-02 0.000000e+00 0.000000e+00 0.000000e+00 1.654738e-42 5.505905e-73 0.000000e+00 0.000000e+00 2.498736e-02 0.000000e+00 0.000000e+00 0.000000e+00 0.000000e+00 0.000000e+00 0.000000e+00 0.000000e+00 0.000000e+00 0.000000e+00 0.000000e+00 0.000000e+00 0.000000e+00 0.000000e+00 0.000000e+00 0.000000e+00 0.000000e+00 0.000000e+00 0.000000e+00 0.000000e+00 0.000000e+00 0.000000e+00 0.000000e+00 0.000000e+00 0.000000e+00 0.000000e+00 4.262348e-59 1.905285e-29 1.762794e-28 8.775335e-13 1.528858e-20 0.000000e+00
59.000000 58.000000 60.000000 170.807561 2.648386e+00 1.699731e+10 1.479450e+04 5.540585e+08 1.682294e+03 2.186829e+02 3.825307e-03 8.509662e+05 5.362281e-01 2.987565e-11 3.940673e-10 3.032732e+00 6.156302e-02 7.402778e-07 3.058688e-11 1.072167e-27 1.675744e-09 2.645075e-10 1.433059e-13 1.675347e+01 2.692409e+10 2.759423e+05 3.498213e+03 4.134841e-10 5.680209e+02 3.158830e-13 1.023975e-34 2.950761e-02 3.119763e-10 1.428370e-03 1.306596e-08 4.163261e+00 3.542175e-01 3.209068e+02 8.483420e-04 1.382016e-04 2.387716e-06 2.142955e-01 2.432541e-07 1.469077e-12 0.000000e+00 6.212922e-42 0.000000e+00 0.000000e+00 0.000000e+00 0.000000e+00 0.000000e+00 0.000000e+00 0.000000e+00 0.000000e+00 0.000000e+00 0.000000e+00 8.616308e+10 4.702912e+11 4.177616e+09 1.123022e+15 1.836215e-01 7.732988e-09 6.613844e-02 1.474066e-02 2.664118e-01 8.215714e-01 1.722465e-03 4.343769e-03 7.001460e-07 8.532142e-15 4.857022e-18 1.025796e-20 0.000000e+00 0.000000e+00 6.287888e-16 6.970716e-11 1.536341e-02 0.000000e+00 0.000000e+00 0.000000e+00 5.202716e-43 1.111256e-73 0.000000e+00 0.000000e+00 1.091624e-02 0.000000e+00 0.000000e+00 0.000000e+00 0.000000e+00 0.000000e+00 0.000000e+00 0.000000e+00 0.000000e+00 0.000000e+00 0.000000e+00 0.000000e+00 0.000000e+00 0.000000e+00 0.000000e+00 0.000000e+00 0.000000e+00 0.000000e+00 0.000000e+00 0.000000e+00 0.000000e+00 0.000000e+00 0.000000e+00 0.000000e+00 0.000000e+00 0.000000e+00 4.727422e-61 8.621458e-30 6.240021e-29 7.511295e-14 9.124627e-22 0.000000e+00
61.000000 60.000000 62.000000 183.069488 1.824202e+00 1.514194e+10 3.518180e+03 4.386558e+08 7.145151e+02 5.777347e+01 2.448759e-04 2.106040e+05 3.799480e-01 1.656960e-11 4.985736e-10 1.535729e+00 2.401962e-02 1.783443e-07 4.090501e-12 2.137058e-29 8.981809e-10 2.347695e-11 8.064256e-15 7.278266e+01 2.020084e+10 7.109822e+04 7.755668e+02 1.026175e-10 1.208601e+02 1.368978e-14 2.308535e-34 5.064723e-03 8.246287e-11 2.994152e-04 4.507482e-09 9.445363e-01 3.070394e-02 1.505646e+02 1.461942e-04 2.982242e-05 8.578234e-07 1.188846e-01 1.574323e-07 3.689520e-12 0.000000e+00 3.910770e-37 0.000000e+00 0.000000e+00 0.000000e+00 0.000000e+00 0.000000e+00 0.000000e+00 0.000000e+00 0.000000e+00 0.000000e+00 0.000000e+00 5.247612e+10 3.034766e+11 2.024527e+09 7.217229e+14 1.756803e-01 3.157388e-09 1.909793e-02 5.190780e-03 8.068719e-02 3.676160e-01 4.651248e-04 8.750979e-04 1.471040e-07 5.300326e-16 1.651459e-19 2.060809e-21 0.000000e+00 0.000000e+00 2.121035e-17 5.207848e-12 8.944411e-03 0.000000e+00 0.000000e+00 0.000000e+00 1.225080e-37 4.018808e-69 0.000000e+00 0.000000e+00 4.566400e-03 0.000000e+00 0.000000e+00 0.000000e+00 0.000000e+00 0.000000e+00 0.000000e+00 0.000000e+00 0.000000e+00 0.000000e+00 0.000000e+00 0.000000e+00 0.000000e+00 0.000000e+00 0.000000e+00 0.000000e+00 0.000000e+00 0.000000e+00 0.000000e+00 0.000000e+00 0.000000e+00 0.000000e+00 0.000000e+00 0.000000e+00 0.000000e+00 0.000000e+00 5.201670e-63 1.117503e-29 6.358438e-29 6.364206e-15 5.351595e-23 0.000000e+00
63.000000 62.000000 64.000000 199.414947 1.291901e+00 1.270549e+10 7.026970e+02 3.573839e+08 4.024514e+02 1.553364e+01 1.542434e-05 5.417657e+04 2.658139e-01 1.166583e-11 7.901531e-10 7.594498e-01 9.225007e-03 4.141056e-08 4.965142e-13 3.423284e-31 1.052169e-09 2.609979e-12 5.014722e-16 2.459587e+02 1.521091e+10 1.802573e+04 1.539606e+02 1.128303e-10 2.338181e+01 5.689545e-16 3.688613e-34 8.199957e-04 2.567081e-11 6.254325e-05 2.384965e-09 2.099051e-01 2.221550e-03 6.470513e+01 2.528143e-05 9.138992e-06 4.275953e-07 6.564272e-02 1.029047e-07 1.288933e-11 0.000000e+00 1.290930e-37 0.000000e+00 0.000000e+00 0.000000e+00 0.000000e+00 0.000000e+00 0.000000e+00 0.000000e+00 0.000000e+00 0.000000e+00 0.000000e+00 3.204016e+10 1.985813e+11 9.244521e+08 4.692295e+14 1.674566e-01 1.446785e-09 5.861628e-03 2.187803e-03 2.521395e-02 1.884576e-01 1.288932e-04 2.409148e-04 2.942911e-08 3.251979e-17 5.004955e-21 5.053765e-22 0.000000e+00 0.000000e+00 6.503343e-19 3.594531e-13 5.078394e-03 0.000000e+00 0.000000e+00 0.000000e+00 3.403531e-38 3.402503e-70 0.000000e+00 0.000000e+00 1.829154e-03 0.000000e+00 0.000000e+00 0.000000e+00 0.000000e+00 0.000000e+00 0.000000e+00 0.000000e+00 0.000000e+00 0.000000e+00 0.000000e+00 0.000000e+00 0.000000e+00 0.000000e+00 0.000000e+00 0.000000e+00 0.000000e+00 0.000000e+00 0.000000e+00 0.000000e+00 0.000000e+00 0.000000e+00 0.000000e+00 0.000000e+00 0.000000e+00 0.000000e+00 9.951409e-65 2.131038e-29 9.786134e-29 5.408915e-16 3.124398e-24 0.000000e+00
65.000000 64.000000 66.000000 208.190002 9.314681e-01 1.076221e+10 1.779479e+02 2.975440e+08 3.063519e+02 4.752611e+00 1.430684e-06 1.585790e+04 1.941802e-01 6.044744e-12 7.639871e-10 3.845604e-01 3.820066e-03 1.135197e-08 8.108582e-14 7.723298e-33 9.685042e-10 5.032327e-13 5.387149e-17 6.841639e+02 1.208044e+10 4.615616e+03 3.619684e+01 5.608708e-11 4.341091e+00 2.334751e-17 4.749167e-34 1.700577e-04 8.075640e-12 1.478393e-05 9.215753e-10 4.683376e-02 3.314233e-04 2.827709e+01 5.567661e-06 2.718999e-06 1.611953e-07 3.777303e-02 7.154946e-08 1.784489e-11 0.000000e+00 0.000000e+00 0.000000e+00 0.000000e+00 0.000000e+00 0.000000e+00 0.000000e+00 0.000000e+00 0.000000e+00 0.000000e+00 0.000000e+00 0.000000e+00 2.055191e+10 1.376508e+11 4.324140e+08 3.240575e+14 1.580044e-01 7.545231e-10 2.044472e-03 1.405560e-03 7.801531e-03 1.027256e-01 3.201624e-05 1.087156e-04 7.442878e-09 2.393602e-18 1.805377e-22 1.332179e-22 0.000000e+00 0.000000e+00 3.018247e-20 3.142002e-14 3.019667e-03 0.000000e+00 0.000000e+00 0.000000e+00 0.000000e+00 0.000000e+00 0.000000e+00 0.000000e+00 6.910549e-04 0.000000e+00 0.000000e+00 0.000000e+00 0.000000e+00 0.000000e+00 0.000000e+00 0.000000e+00 0.000000e+00 0.000000e+00 0.000000e+00 0.000000e+00 0.000000e+00 0.000000e+00 0.000000e+00 0.000000e+00 0.000000e+00 0.000000e+00 0.000000e+00 0.000000e+00 0.000000e+00 0.000000e+00 0.000000e+00 0.000000e+00 0.000000e+00 0.000000e+00 2.533449e-65 1.616481e-29 6.156691e-29 4.678612e-17 1.839652e-25 0.000000e+00
67.000000 66.000000 68.000000 208.190002 6.737682e-01 9.129430e+09 5.681001e+01 2.409863e+08 1.966025e+02 1.586176e+00 2.173953e-07 5.261480e+03 1.464685e-01 2.219573e-12 4.668395e-10 2.004609e-01 1.681664e-03 3.624232e-09 1.731023e-14 3.248420e-34 5.853683e-10 1.034047e-13 7.677439e-18 1.641197e+03 9.873681e+09 1.227272e+03 1.077963e+01 1.128024e-11 8.632747e-01 1.017479e-18 4.057963e-34 4.679537e-05 2.475929e-12 4.099710e-06 2.200351e-10 1.084125e-02 1.333352e-04 1.382159e+01 1.829074e-06 6.461813e-07 4.033211e-08 2.264789e-02 5.355769e-08 1.071464e-11 0.000000e+00 0.000000e+00 0.000000e+00 0.000000e+00 0.000000e+00 0.000000e+00 0.000000e+00 0.000000e+00 0.000000e+00 0.000000e+00 0.000000e+00 0.000000e+00 1.373060e+10 9.952215e+10 2.081490e+08 2.344038e+14 1.487897e-01 4.005069e-10 1.041512e-03 1.484519e-03 2.484011e-03 5.598569e-02 7.520357e-06 4.889778e-05 2.516469e-09 2.191832e-19 9.014067e-24 3.631797e-23 0.000000e+00 0.000000e+00 2.233889e-21 3.604878e-15 1.933017e-03 0.000000e+00 0.000000e+00 0.000000e+00 0.000000e+00 0.000000e+00 0.000000e+00 0.000000e+00 2.579687e-04 0.000000e+00 0.000000e+00 0.000000e+00 0.000000e+00 0.000000e+00 0.000000e+00 0.000000e+00 0.000000e+00 0.000000e+00 0.000000e+00 0.000000e+00 0.000000e+00 0.000000e+00 0.000000e+00 0.000000e+00 0.000000e+00 0.000000e+00 0.000000e+00 0.000000e+00 0.000000e+00 0.000000e+00 0.000000e+00 0.000000e+00 0.000000e+00 0.000000e+00 3.173318e-66 5.565269e-30 1.724143e-29 4.263284e-18 1.132540e-26 0.000000e+00
69.000000 68.000000 70.000000 208.190002 4.873639e-01 7.519278e+09 1.688019e+01 1.872367e+08 1.267907e+02 5.002927e-01 4.424169e-08 1.905584e+03 1.094277e-01 7.790998e-13 2.892427e-10 1.012864e-01 7.250080e-04 1.131682e-09 3.518603e-15 1.482414e-35 3.604988e-10 2.091499e-14 1.120015e-18 3.699055e+03 7.948134e+09 3.241384e+02 3.230136e+00 1.828997e-12 1.757613e-01 4.495387e-20 3.120425e-34 1.316951e-05 7.973242e-13 1.158746e-06 5.228994e-11 2.491136e-03 9.002340e-05 7.243696e+00 9.295649e-07 1.520685e-07 1.016247e-08 1.352211e-02 4.089125e-08 6.408270e-12 0.000000e+00 0.000000e+00 0.000000e+00 0.000000e+00 0.000000e+00 0.000000e+00 0.000000e+00 0.000000e+00 0.000000e+00 0.000000e+00 0.000000e+00 0.000000e+00 9.125800e+09 7.194999e+10 9.582031e+07 1.695535e+14 1.414257e-01 2.095027e-10 8.698302e-04 1.954907e-03 8.066041e-04 3.025276e-02 1.873893e-06 2.239480e-05 8.919515e-10 2.066127e-20 4.991459e-25 1.060886e-23 0.000000e+00 0.000000e+00 1.604963e-22 4.124153e-16 1.269800e-03 0.000000e+00 0.000000e+00 0.000000e+00 9.062700e-40 8.701255e-73 0.000000e+00 0.000000e+00 9.529639e-05 0.000000e+00 0.000000e+00 0.000000e+00 0.000000e+00 0.000000e+00 0.000000e+00 0.000000e+00 0.000000e+00 0.000000e+00 0.000000e+00 0.000000e+00 0.000000e+00 0.000000e+00 0.000000e+00 0.000000e+00 0.000000e+00 0.000000e+00 0.000000e+00 0.000000e+00 0.000000e+00 0.000000e+00 0.000000e+00 0.000000e+00 0.000000e+00 0.000000e+00 4.078183e-67 1.995157e-30 4.846207e-30 3.923688e-19 6.976307e-28 0.000000e+00
71.000000 70.000000 72.000000 208.190002 3.525300e-01 6.061873e+09 4.358220e+00 1.417151e+08 8.285766e+01 1.403151e-01 1.133733e-08 7.521117e+02 8.119040e-02 2.706549e-13 1.823716e-10 4.740633e-02 2.882969e-04 3.249405e-10 6.421236e-16 5.827725e-37 2.264989e-10 3.954933e-15 1.540264e-19 8.663514e+03 6.312274e+09 8.516286e+01 9.650337e-01 2.658832e-13 3.660436e-02 2.010708e-21 2.319998e-34 3.749030e-06 2.670885e-13 3.320358e-07 1.237736e-11 5.691706e-04 1.214504e-04 4.068059e+00 1.010568e-06 3.552432e-08 2.562893e-09 8.046307e-03 3.173928e-08 3.819957e-12 0.000000e+00 1.217868e-38 0.000000e+00 0.000000e+00 0.000000e+00 0.000000e+00 0.000000e+00 0.000000e+00 0.000000e+00 0.000000e+00 0.000000e+00 0.000000e+00 6.037986e+09 5.201024e+10 3.941316e+07 1.226451e+14 1.338348e-01 1.092601e-10 1.077378e-03 2.926437e-03 2.657320e-04 1.620019e-02 4.927981e-07 1.046967e-05 3.253245e-10 1.859341e-21 2.754876e-26 3.270667e-24 0.000000e+00 0.000000e+00 9.576845e-24 4.514985e-17 8.528848e-04 0.000000e+00 0.000000e+00 0.000000e+00 0.000000e+00 0.000000e+00 0.000000e+00 0.000000e+00 3.491809e-05 0.000000e+00 0.000000e+00 0.000000e+00 0.000000e+00 0.000000e+00 0.000000e+00 0.000000e+00 0.000000e+00 0.000000e+00 0.000000e+00 0.000000e+00 0.000000e+00 0.000000e+00 0.000000e+00 0.000000e+00 0.000000e+00 0.000000e+00 0.000000e+00 0.000000e+00 0.000000e+00 0.000000e+00 0.000000e+00 0.000000e+00 0.000000e+00 0.000000e+00 5.861369e-68 7.593939e-31 1.407440e-30 3.672814e-20 4.321713e-29 0.000000e+00
73.000000 72.000000 74.000000 208.190002 2.549992e-01 4.808103e+09 7.083361e-01 1.055022e+08 5.508686e+01 2.541790e-02 3.399133e-09 3.201590e+02 5.994076e-02 9.414160e-14 1.170605e-10 1.727968e-02 7.482199e-05 6.062196e-11 7.440510e-17 1.154261e-38 1.450299e-10 4.985667e-16 1.486073e-20 6.321715e+04 4.953047e+09 2.228558e+01 3.029479e-01 3.521376e-14 7.790166e-03 9.087070e-23 1.706832e-34 1.078324e-06 9.461604e-14 9.840813e-08 2.945674e-12 1.294778e-04 1.015809e-03 2.444740e+00 7.802365e-06 8.331508e-09 6.503529e-10 4.775228e-03 2.759323e-08 2.270863e-12 0.000000e+00 0.000000e+00 0.000000e+00 0.000000e+00 0.000000e+00 0.000000e+00 0.000000e+00 0.000000e+00 0.000000e+00 0.000000e+00 0.000000e+00 0.000000e+00 3.980341e+09 3.758953e+10 1.047537e+07 8.871414e+13 1.245933e-01 5.729828e-11 4.763990e-03 1.409510e-02 8.883267e-05 8.615582e-03 1.365544e-07 4.998961e-06 1.213249e-10 1.126273e-22 1.133688e-27 1.078458e-24 0.000000e+00 0.000000e+00 2.687896e-25 4.107639e-18 5.833215e-04 0.000000e+00 0.000000e+00 0.000000e+00 0.000000e+00 0.000000e+00 0.000000e+00 0.000000e+00 1.271485e-05 0.000000e+00 0.000000e+00 0.000000e+00 0.000000e+00 0.000000e+00 0.000000e+00 0.000000e+00 0.000000e+00 0.000000e+00 0.000000e+00 0.000000e+00 0.000000e+00 0.000000e+00 0.000000e+00 0.000000e+00 0.000000e+00 0.000000e+00 0.000000e+00 0.000000e+00 0.000000e+00 0.000000e+00 0.000000e+00 0.000000e+00 0.000000e+00 0.000000e+00 9.370586e-69 3.045962e-31 4.230572e-31 3.538814e-21 2.734812e-30 0.000000e+00
75.000000 74.000000 76.000000 208.190002 1.844513e-01 3.761763e+09 3.918449e-03 7.774477e+07 3.752769e+01 1.535634e-04 1.131926e-09 1.452666e+02 4.405439e-02 3.300488e-14 7.648247e-11 7.508918e-04 6.635278e-07 3.821985e-13 2.857418e-19 7.810364e-41 9.458880e-11 3.063495e-18 3.162709e-22 6.308752e+06 3.839111e+09 5.813878e+00 6.075477e-01 4.425974e-15 1.713056e-03 4.142825e-24 1.253698e-34 4.593859e-07 1.855610e-13 1.584773e-07 2.025773e-12 2.935703e-05 1.469381e-02 1.569753e+00 1.091714e-04 5.515073e-09 4.741617e-10 2.828068e-03 2.305066e-08 1.346922e-12 0.000000e+00 0.000000e+00 0.000000e+00 3.111124e-23 0.000000e+00 0.000000e+00 0.000000e+00 0.000000e+00 0.000000e+00 0.000000e+00 0.000000e+00 0.000000e+00 2.616509e+09 2.715997e+10 9.244264e+04 6.417056e+13 1.157693e-01 3.042535e-11 3.062135e-01 9.451195e-01 3.982942e-05 4.736849e-03 4.997813e-08 2.448404e-06 6.763937e-11 4.085076e-25 1.370170e-29 1.986851e-24 3.750806e-36 0.000000e+00 1.598986e-27 3.669433e-19 4.046706e-04 0.000000e+00 2.686047e-30 3.750730e-30 1.524392e-40 0.000000e+00 0.000000e+00 0.000000e+00 4.608187e-06 0.000000e+00 0.000000e+00 0.000000e+00 0.000000e+00 0.000000e+00 0.000000e+00 0.000000e+00 0.000000e+00 0.000000e+00 0.000000e+00 0.000000e+00 0.000000e+00 0.000000e+00 0.000000e+00 0.000000e+00 0.000000e+00 0.000000e+00 0.000000e+00 0.000000e+00 0.000000e+00 0.000000e+00 0.000000e+00 0.000000e+00 0.000000e+00 0.000000e+00 1.645165e-69 1.279147e-31 1.316000e-31 3.704933e-22 2.533724e-31 0.000000e+00
77.000000 76.000000 78.000000 208.190002 1.334210e-01 2.909451e+09 1.172420e-04 5.687588e+07 2.616745e+01 5.632716e-06 3.991461e-10 6.930905e+01 3.224906e-02 1.167514e-14 5.073485e-11 1.925970e-05 6.712474e-08 2.661204e-14 1.179582e-20 5.278642e-43 6.264514e-11 1.163485e-19 7.257351e-24 1.665890e+07 2.941086e+09 1.513219e+00 6.912089e-01 6.032998e-16 3.963602e-04 1.902671e-25 9.219204e-35 5.996058e-07 2.897940e-13 1.992543e-07 1.785133e-12 6.639752e-06 1.917208e-02 1.048986e+00 1.406425e-04 4.674073e-09 4.413937e-10 1.672204e-03 1.550191e-08 7.974458e-13 0.000000e+00 0.000000e+00 0.000000e+00 4.623362e-26 0.000000e+00 0.000000e+00 0.000000e+00 0.000000e+00 0.000000e+00 0.000000e+00 0.000000e+00 0.000000e+00 1.716426e+09 1.961693e+10 4.944696e+03 4.641708e+13 1.091455e-01 1.642910e-11 5.305862e-01 1.695881e+00 2.194367e-05 2.661991e-03 2.374796e-08 1.226762e-06 1.164091e-10 1.190326e-26 1.826014e-31 2.936790e-24 2.582232e-39 0.000000e+00 9.488198e-30 7.889169e-20 2.838146e-04 0.000000e+00 2.672837e-33 3.730193e-33 0.000000e+00 0.000000e+00 0.000000e+00 0.000000e+00 1.664403e-06 0.000000e+00 0.000000e+00 0.000000e+00 0.000000e+00 0.000000e+00 0.000000e+00 0.000000e+00 0.000000e+00 0.000000e+00 0.000000e+00 0.000000e+00 0.000000e+00 0.000000e+00 0.000000e+00 0.000000e+00 0.000000e+00 0.000000e+00 0.000000e+00 0.000000e+00 0.000000e+00 0.000000e+00 0.000000e+00 0.000000e+00 0.000000e+00 0.000000e+00 3.122293e-70 5.580470e-32 4.216446e-32 4.738075e-23 7.898845e-32 0.000000e+00
79.000000 78.000000 80.000000 208.190002 9.650888e-02 2.231837e+09 2.420693e-05 4.138067e+07 1.847553e+01 1.406315e-06 1.446282e-10 3.421139e+01 2.355368e-02 4.159427e-15 3.402639e-11 2.694247e-06 2.296150e-08 6.246763e-15 1.616923e-21 3.572260e-45 4.192374e-11 1.967082e-20 2.958432e-25 2.216551e+07 2.234485e+09 3.931724e-01 4.375067e-01 9.256723e-17 9.672202e-05 8.789550e-27 6.768662e-35 5.307220e-07 2.802410e-13 1.530298e-07 1.073507e-12 1.498961e-06 1.331170e-02 7.131088e-01 9.695876e-05 2.699963e-09 2.799854e-10 9.875801e-04 1.169070e-08 4.715238e-13 0.000000e+00 3.094943e-41 0.000000e+00 0.000000e+00 0.000000e+00 0.000000e+00 0.000000e+00 0.000000e+00 0.000000e+00 0.000000e+00 0.000000e+00 0.000000e+00 1.124368e+09 1.416169e+10 1.794494e+03 3.357540e+13 1.016048e-01 9.048221e-12 4.676999e-01 1.544673e+00 1.067450e-05 1.453622e-03 1.083759e-08 6.223081e-07 1.366009e-10 1.328640e-27 4.633172e-33 2.703998e-24 0.000000e+00 0.000000e+00 5.670315e-32 1.794786e-20 2.006994e-04 0.000000e+00 0.000000e+00 0.000000e+00 1.577606e-42 1.313838e-75 0.000000e+00 0.000000e+00 5.997281e-07 0.000000e+00 0.000000e+00 0.000000e+00 0.000000e+00 0.000000e+00 0.000000e+00 0.000000e+00 0.000000e+00 0.000000e+00 0.000000e+00 0.000000e+00 0.000000e+00 0.000000e+00 0.000000e+00 0.000000e+00 0.000000e+00 0.000000e+00 0.000000e+00 0.000000e+00 0.000000e+00 0.000000e+00 0.000000e+00 0.000000e+00 0.000000e+00 0.000000e+00 6.281576e-71 2.504624e-32 1.380272e-32 7.607590e-24 3.460261e-32 0.000000e+00
81.000000 80.000000 82.000000 208.190002 6.980882e-02 1.699836e+09 6.404607e-06 2.999025e+07 1.319982e+01 4.541416e-07 5.365549e-11 1.728896e+01 1.717132e-02 1.493064e-15 2.303650e-11 1.124740e-06 9.867419e-09 1.827277e-15 2.718981e-22 2.436631e-47 2.830078e-11 4.380303e-21 2.983423e-26 2.407583e+07 1.685665e+09 1.020239e-01 2.270160e-01 1.637860e-17 2.487806e-05 4.079014e-28 4.952753e-35 3.514302e-07 2.363183e-13 1.013113e-07 5.560672e-13 3.379368e-07 7.546836e-03 4.902004e-01 5.474387e-05 1.326685e-09 1.524768e-10 5.827611e-04 8.915284e-09 2.785430e-13 0.000000e+00 5.488834e-41 0.000000e+00 0.000000e+00 0.000000e+00 0.000000e+00 0.000000e+00 0.000000e+00 0.000000e+00 0.000000e+00 0.000000e+00 0.000000e+00 7.358880e+08 1.021649e+10 8.396995e+02 2.428646e+13 9.369281e-02 5.101410e-12 3.394536e-01 1.155604e+00 4.856987e-06 7.776258e-04 4.844604e-09 3.194490e-07 1.204817e-10 1.782883e-28 3.029659e-34 2.182594e-24 0.000000e+00 0.000000e+00 3.680694e-34 4.265053e-21 1.427983e-04 0.000000e+00 0.000000e+00 0.000000e+00 2.671066e-42 1.076278e-75 0.000000e+00 0.000000e+00 2.157776e-07 0.000000e+00 0.000000e+00 0.000000e+00 0.000000e+00 0.000000e+00 0.000000e+00 0.000000e+00 0.000000e+00 0.000000e+00 0.000000e+00 0.000000e+00 0.000000e+00 0.000000e+00 0.000000e+00 0.000000e+00 0.000000e+00 0.000000e+00 0.000000e+00 0.000000e+00 0.000000e+00 0.000000e+00 0.000000e+00 0.000000e+00 0.000000e+00 0.000000e+00 1.325756e-71 1.150903e-32 4.602107e-33 1.434251e-24 1.443857e-32 0.000000e+00
83.000000 82.000000 84.000000 208.190002 5.049553e-02 1.286581e+09 1.882999e-06 2.167357e+07 9.536082e+00 1.653620e-07 2.034978e-11 8.888400e+00 1.249976e-02 5.401617e-16 1.572072e-11 5.493044e-07 4.788518e-09 5.976732e-16 5.042084e-23 1.750172e-49 1.923777e-11 1.115502e-21 4.734122e-27 2.359487e+07 1.263971e+09 2.644863e-02 1.060027e-01 3.337389e-18 6.728571e-06 1.899688e-29 3.611478e-35 1.976390e-07 1.871012e-13 6.237733e-08 2.639716e-13 7.611037e-08 3.887148e-03 3.402984e-01 2.813540e-05 5.889776e-10 7.584968e-11 3.437083e-04 6.859012e-09 1.644443e-13 0.000000e+00 1.863014e-41 0.000000e+00 0.000000e+00 0.000000e+00 0.000000e+00 0.000000e+00 0.000000e+00 0.000000e+00 0.000000e+00 0.000000e+00 0.000000e+00 4.814564e+08 7.363516e+09 4.417111e+02 1.756736e+13 8.582965e-02 2.951961e-12 2.239647e-01 7.839436e-01 2.129839e-06 4.101997e-04 2.158679e-09 1.658441e-07 9.062284e-11 2.599933e-29 3.011740e-35 1.661959e-24 0.000000e+00 0.000000e+00 4.951723e-36 1.058895e-21 1.020633e-04 0.000000e+00 0.000000e+00 0.000000e+00 7.387395e-43 1.712262e-76 0.000000e+00 0.000000e+00 7.758141e-08 0.000000e+00 0.000000e+00 0.000000e+00 0.000000e+00 0.000000e+00 0.000000e+00 0.000000e+00 0.000000e+00 0.000000e+00 0.000000e+00 0.000000e+00 0.000000e+00 0.000000e+00 0.000000e+00 0.000000e+00 0.000000e+00 0.000000e+00 0.000000e+00 0.000000e+00 0.000000e+00 0.000000e+00 0.000000e+00 0.000000e+00 0.000000e+00 0.000000e+00 2.912686e-72 5.394261e-33 1.558500e-33 2.921886e-25 5.714549e-33 0.000000e+00
85.000000 84.000000 86.000000 208.190002 3.652546e-02 9.684613e+08 5.929845e-07 1.562648e+07 6.961652e+00 6.529262e-08 7.880049e-12 4.630648e+00 9.088141e-03 1.969513e-16 1.079802e-11 2.855311e-07 2.527184e-09 2.101270e-16 9.931005e-24 1.707772e-51 1.314433e-11 3.122911e-22 8.681279e-28 2.168869e+07 9.428630e+08 6.851669e-03 4.624405e-02 7.658114e-19 1.910479e-06 8.871398e-31 2.626166e-35 1.007664e-07 1.429165e-13 3.677852e-08 1.179991e-13 1.712901e-08 1.901320e-03 2.383641e-01 1.374878e-05 2.421859e-10 3.542695e-11 2.026956e-04 5.318374e-09 9.706594e-14 0.000000e+00 0.000000e+00 0.000000e+00 0.000000e+00 0.000000e+00 0.000000e+00 0.000000e+00 0.000000e+00 0.000000e+00 0.000000e+00 0.000000e+00 0.000000e+00 3.150538e+08 5.300578e+09 2.512999e+02 1.270719e+13 7.829299e-02 1.755134e-12 1.394629e-01 5.007925e-01 9.176101e-07 2.142660e-04 9.764681e-10 8.702756e-08 6.202765e-11 4.042559e-30 3.434532e-36 1.226181e-24 0.000000e+00 0.000000e+00 3.090048e-37 2.748411e-22 7.319212e-05 0.000000e+00 0.000000e+00 0.000000e+00 8.698991e-44 2.401535e-77 0.000000e+00 0.000000e+00 2.789540e-08 0.000000e+00 0.000000e+00 0.000000e+00 0.000000e+00 0.000000e+00 0.000000e+00 0.000000e+00 0.000000e+00 0.000000e+00 0.000000e+00 0.000000e+00 0.000000e+00 0.000000e+00 0.000000e+00 0.000000e+00 0.000000e+00 0.000000e+00 0.000000e+00 0.000000e+00 0.000000e+00 0.000000e+00 0.000000e+00 0.000000e+00 0.000000e+00 0.000000e+00 6.619481e-73 2.570894e-33 5.345439e-34 6.139062e-26 2.189840e-33 0.000000e+00
87.000000 86.000000 88.000000 208.190002 2.642036e-02 7.254459e+08 1.964887e-07 1.124047e+07 5.132978e+00 2.739860e-08 3.112319e-12 2.438548e+00 6.601174e-03 7.236032e-17 7.454075e-12 1.549217e-07 1.423172e-09 7.774817e-17 2.037732e-24 4.057679e-53 9.009645e-12 9.423362e-23 1.709158e-28 1.906273e+07 7.001808e+08 1.774039e-03 1.921920e-02 1.930591e-19 5.707526e-07 4.151517e-32 1.905974e-35 4.843095e-08 1.065414e-13 2.105007e-08 5.039266e-14 3.852894e-09 9.051780e-04 1.682652e-01 6.544798e-06 9.337214e-11 1.577338e-11 1.195945e-04 4.153680e-09 5.732005e-14 0.000000e+00 0.000000e+00 0.000000e+00 0.000000e+00 0.000000e+00 0.000000e+00 0.000000e+00 0.000000e+00 0.000000e+00 0.000000e+00 0.000000e+00 0.000000e+00 2.063474e+08 3.809096e+09 1.516505e+02 9.191637e+12 7.125805e-02 1.071785e-12 8.343829e-02 3.067965e-01 3.948552e-07 1.111154e-04 4.580475e-10 4.614114e-08 4.016225e-11 6.699594e-31 4.300540e-37 8.863674e-25 0.000000e+00 0.000000e+00 3.340667e-38 7.489313e-23 5.261620e-05 0.000000e+00 0.000000e+00 0.000000e+00 0.000000e+00 0.000000e+00 0.000000e+00 0.000000e+00 1.003833e-08 0.000000e+00 0.000000e+00 0.000000e+00 0.000000e+00 0.000000e+00 0.000000e+00 0.000000e+00 0.000000e+00 0.000000e+00 0.000000e+00 0.000000e+00 0.000000e+00 0.000000e+00 0.000000e+00 0.000000e+00 0.000000e+00 0.000000e+00 0.000000e+00 0.000000e+00 0.000000e+00 0.000000e+00 0.000000e+00 0.000000e+00 0.000000e+00 0.000000e+00 1.548360e-73 1.242874e-33 1.851599e-34 1.310654e-26 8.216149e-34 0.000000e+00
89.000000 88.000000 90.000000 208.190002 1.911092e-02 5.410024e+08 6.781577e-08 8.063895e+06 3.821379e+00 1.206852e-08 1.253115e-12 1.295818e+00 4.790898e-03 2.678290e-17 5.164011e-12 8.694355e-08 8.455524e-10 2.986789e-17 4.303616e-25 1.988764e-54 6.182357e-12 3.029256e-23 3.536815e-29 1.619347e+07 5.179178e+08 4.591596e-04 7.699627e-03 5.278274e-20 1.809105e-07 1.945872e-33 1.381541e-35 2.257770e-08 7.784765e-14 1.176941e-08 2.072643e-14 8.663049e-10 4.267268e-04 1.195414e-01 3.087064e-06 3.396241e-11 6.755539e-12 7.067177e-05 3.267959e-09 3.390071e-14 0.000000e+00 0.000000e+00 0.000000e+00 0.000000e+00 0.000000e+00 0.000000e+00 0.000000e+00 0.000000e+00 0.000000e+00 0.000000e+00 0.000000e+00 0.000000e+00 1.354060e+08 2.730956e+09 9.597208e+01 6.648682e+12 6.483545e-02 6.709698e-13 4.840722e-02 1.820105e-01 1.727227e-07 5.729332e-05 2.281144e-10 2.471272e-08 2.530966e-11 1.197140e-31 5.938063e-38 6.302937e-25 0.000000e+00 0.000000e+00 4.083181e-39 2.164678e-23 3.789231e-05 0.000000e+00 0.000000e+00 0.000000e+00 0.000000e+00 7.148701e-79 0.000000e+00 0.000000e+00 3.618352e-09 0.000000e+00 0.000000e+00 0.000000e+00 0.000000e+00 0.000000e+00 0.000000e+00 0.000000e+00 0.000000e+00 0.000000e+00 0.000000e+00 0.000000e+00 0.000000e+00 0.000000e+00 0.000000e+00 0.000000e+00 0.000000e+00 0.000000e+00 0.000000e+00 0.000000e+00 0.000000e+00 0.000000e+00 0.000000e+00 0.000000e+00 0.000000e+00 0.000000e+00 3.713677e-74 6.083620e-34 6.458892e-35 2.851354e-27 3.030169e-34 0.000000e+00
91.000000 90.000000 92.000000 208.190002 1.382369e-02 4.017761e+08 2.423048e-08 5.765332e+06 2.872758e+00 5.534073e-09 5.144223e-13 6.940033e-01 3.474742e-03 9.985015e-18 3.584927e-12 5.025993e-08 5.261619e-10 1.180146e-17 9.278348e-26 1.197166e-55 4.237068e-12 1.029922e-23 7.610676e-30 1.337849e+07 3.817479e+08 1.188086e-04 2.997066e-03 1.568006e-20 6.170430e-08 9.132117e-35 1.000615e-35 1.045460e-08 5.576607e-14 6.443251e-09 8.243427e-15 1.947298e-10 2.021655e-04 8.535677e-02 1.464122e-06 1.168783e-11 2.798084e-12 4.191137e-05 2.593585e-09 2.012217e-14 0.000000e+00 2.801741e-42 0.000000e+00 0.000000e+00 0.000000e+00 0.000000e+00 0.000000e+00 0.000000e+00 0.000000e+00 0.000000e+00 0.000000e+00 0.000000e+00 8.916248e+07 1.951798e+09 6.324799e+01 4.809256e+12 5.910514e-02 4.293337e-13 2.735769e-02 1.051102e-01 7.840299e-08 2.939266e-05 1.231328e-10 1.337356e-08 1.589813e-11 2.356300e-32 9.139718e-39 4.409490e-25 0.000000e+00 0.000000e+00 5.360444e-40 6.745652e-24 2.732453e-05 0.000000e+00 0.000000e+00 0.000000e+00 2.143920e-44 7.510857e-79 0.000000e+00 0.000000e+00 1.307763e-09 0.000000e+00 0.000000e+00 0.000000e+00 0.000000e+00 0.000000e+00 0.000000e+00 0.000000e+00 0.000000e+00 0.000000e+00 0.000000e+00 0.000000e+00 0.000000e+00 0.000000e+00 0.000000e+00 0.000000e+00 0.000000e+00 0.000000e+00 0.000000e+00 0.000000e+00 0.000000e+00 0.000000e+00 0.000000e+00 0.000000e+00 0.000000e+00 0.000000e+00 9.110960e-75 3.011460e-34 2.262295e-35 6.402240e-28 1.097989e-34 0.000000e+00
93.000000 92.000000 94.000000 208.190002 9.999242e-03 2.971615e+08 8.932031e-09 4.103131e+06 2.182149e+00 2.627190e-09 2.155847e-13 3.743944e-01 2.518735e-03 3.748480e-18 2.489910e-12 2.991000e-08 3.413995e-10 4.766015e-18 2.030875e-26 7.643975e-57 2.892407e-12 3.689331e-24 1.692502e-30 1.078601e+07 2.804567e+08 3.074029e-05 1.140142e-03 5.122828e-21 2.299397e-08 4.290885e-36 7.243658e-36 4.898989e-09 3.906683e-14 3.452695e-09 3.173386e-15 4.376534e-11 9.774113e-05 6.118754e-02 7.090056e-07 3.807998e-12 1.123773e-12 2.504491e-05 2.083900e-09 1.203595e-14 0.000000e+00 3.639246e-43 0.000000e+00 0.000000e+00 0.000000e+00 0.000000e+00 0.000000e+00 0.000000e+00 0.000000e+00 0.000000e+00 0.000000e+00 0.000000e+00 5.906301e+07 1.388893e+09 4.323507e+01 3.478730e+12 5.414493e-02 2.797267e-13 1.508421e-02 5.921766e-02 3.774324e-08 1.500379e-05 7.279887e-11 7.318505e-09 1.014424e-11 5.242408e-33 1.575652e-39 3.027458e-25 0.000000e+00 0.000000e+00 7.452621e-41 2.307954e-24 1.972314e-05 0.000000e+00 0.000000e+00 0.000000e+00 1.132289e-44 2.379254e-79 0.000000e+00 0.000000e+00 4.746191e-10 0.000000e+00 0.000000e+00 0.000000e+00 0.000000e+00 0.000000e+00 0.000000e+00 0.000000e+00 0.000000e+00 0.000000e+00 0.000000e+00 0.000000e+00 0.000000e+00 0.000000e+00 0.000000e+00 0.000000e+00 0.000000e+00 0.000000e+00 0.000000e+00 0.000000e+00 0.000000e+00 0.000000e+00 0.000000e+00 0.000000e+00 0.000000e+00 0.000000e+00 2.284771e-75 1.507074e-34 7.931543e-36 1.510769e-28 3.895205e-35 0.000000e+00
95.000000 94.000000 96.000000 208.190002 7.232859e-03 2.188516e+08 3.393906e-09 2.901724e+06 1.677493e+00 1.287123e-09 9.252016e-14 2.036544e-01 1.824840e-03 1.416123e-18 1.727049e-12 1.837683e-08 2.305895e-10 1.961205e-18 4.501073e-27 5.051355e-58 1.960137e-12 1.392235e-24 3.882352e-31 8.496500e+06 2.053792e+08 7.965136e-06 4.259589e-04 1.867136e-21 9.447308e-09 2.020060e-37 5.242194e-36 2.345402e-09 2.663600e-14 1.806429e-09 1.180056e-15 9.843097e-12 4.919661e-05 4.399540e-02 3.576326e-07 1.173087e-12 4.378099e-13 1.520008e-05 1.708373e-09 7.313029e-15 0.000000e+00 9.134812e-43 0.000000e+00 0.000000e+00 0.000000e+00 0.000000e+00 0.000000e+00 0.000000e+00 0.000000e+00 0.000000e+00 0.000000e+00 0.000000e+00 3.951481e+07 9.823971e+08 3.062271e+01 2.516308e+12 5.005804e-02 1.847833e-13 8.105644e-03 3.254107e-02 1.959590e-08 7.616579e-06 4.699978e-11 4.057278e-09 6.641846e-12 1.344994e-33 3.025820e-40 2.030601e-25 0.000000e+00 0.000000e+00 1.089987e-41 8.786449e-25 1.424673e-05 0.000000e+00 0.000000e+00 0.000000e+00 1.069536e-44 2.376070e-80 0.000000e+00 0.000000e+00 1.735224e-10 0.000000e+00 0.000000e+00 0.000000e+00 0.000000e+00 0.000000e+00 0.000000e+00 0.000000e+00 0.000000e+00 0.000000e+00 0.000000e+00 0.000000e+00 0.000000e+00 0.000000e+00 0.000000e+00 0.000000e+00 0.000000e+00 0.000000e+00 0.000000e+00 0.000000e+00 0.000000e+00 0.000000e+00 0.000000e+00 0.000000e+00 0.000000e+00 0.000000e+00 5.877949e-76 7.639282e-35 2.773412e-36 3.812974e-29 1.344712e-35 0.000000e+00
97.000000 96.000000 98.000000 208.190002 5.231818e-03 1.604110e+08 1.331976e-09 2.033807e+06 1.309169e+00 6.504329e-10 4.092094e-14 1.125697e-01 1.321474e-03 5.376001e-19 1.193587e-12 1.173797e-08 1.624072e-10 8.229797e-19 1.010895e-27 3.450222e-59 1.313053e-12 5.561836e-25 9.218992e-32 6.534310e+06 1.498890e+08 2.098885e-06 1.570032e-04 7.711342e-22 4.293929e-09 9.574567e-39 3.792945e-36 1.146371e-09 1.754814e-14 9.184280e-10 4.216811e-16 2.240311e-12 2.659971e-05 3.170920e-02 1.938895e-07 3.407650e-13 1.652582e-13 9.509167e-06 1.450559e-09 4.581542e-15 0.000000e+00 0.000000e+00 0.000000e+00 0.000000e+00 0.000000e+00 0.000000e+00 0.000000e+00 0.000000e+00 0.000000e+00 0.000000e+00 0.000000e+00 0.000000e+00 2.686427e+07 6.890218e+08 2.252510e+01 1.820146e+12 4.700384e-02 1.231990e-13 4.229249e-03 1.739571e-02 1.102298e-08 3.840573e-06 3.276361e-11 2.286632e-09 4.463314e-12 4.007354e-34 6.405945e-41 1.321715e-25 0.000000e+00 0.000000e+00 1.676991e-42 3.758366e-25 1.029665e-05 0.000000e+00 0.000000e+00 0.000000e+00 5.183469e-45 1.230348e-80 0.000000e+00 0.000000e+00 6.506005e-11 0.000000e+00 0.000000e+00 0.000000e+00 0.000000e+00 0.000000e+00 0.000000e+00 0.000000e+00 0.000000e+00 0.000000e+00 0.000000e+00 0.000000e+00 0.000000e+00 0.000000e+00 0.000000e+00 0.000000e+00 0.000000e+00 0.000000e+00 0.000000e+00 0.000000e+00 0.000000e+00 0.000000e+00 0.000000e+00 0.000000e+00 0.000000e+00 0.000000e+00 1.588581e-76 3.969795e-35 9.628847e-37 1.040155e-29 4.482778e-36 0.000000e+00
99.000000 98.000000 100.000000 208.190002 3.784387e-03 1.169012e+08 5.427155e-10 1.407185e+06 1.043046e+00 3.396617e-10 1.902478e-14 6.574043e-02 9.564695e-04 2.065543e-19 8.193924e-13 7.890819e-09 1.200128e-10 3.541637e-19 2.312281e-28 2.474064e-60 8.644843e-13 2.381325e-25 2.317836e-32 4.890341e+06 1.089624e+08 6.512463e-07 5.785724e-05 3.814619e-22 2.232124e-09 4.912959e-40 2.743939e-36 5.850514e-10 1.114280e-14 4.538098e-10 1.445459e-16 5.957998e-13 1.621360e-05 2.289832e-02 1.185656e-07 9.648405e-14 6.197991e-14 6.287381e-06 1.308119e-09 3.035131e-15 0.000000e+00 7.870907e-43 0.000000e+00 0.000000e+00 0.000000e+00 0.000000e+00 0.000000e+00 0.000000e+00 0.000000e+00 0.000000e+00 0.000000e+00 0.000000e+00 1.872649e+07 4.774564e+08 1.730724e+01 1.316586e+12 4.523789e-02 8.251001e-14 2.127543e-03 8.994835e-03 6.661834e-09 1.922380e-06 2.444122e-11 1.318334e-09 3.153017e-12 1.388176e-34 1.499870e-41 8.335894e-26 0.000000e+00 0.000000e+00 2.746198e-43 1.884568e-25 7.445130e-06 0.000000e+00 0.000000e+00 0.000000e+00 1.122562e-44 3.986645e-81 0.000000e+00 0.000000e+00 2.907071e-11 0.000000e+00 0.000000e+00 0.000000e+00 0.000000e+00 0.000000e+00 0.000000e+00 0.000000e+00 0.000000e+00 0.000000e+00 0.000000e+00 0.000000e+00 0.000000e+00 0.000000e+00 0.000000e+00 0.000000e+00 0.000000e+00 0.000000e+00 0.000000e+00 0.000000e+00 0.000000e+00 0.000000e+00 0.000000e+00 0.000000e+00 0.000000e+00 0.000000e+00 5.066610e-77 2.239448e-35 3.319505e-37 3.204862e-30 1.484015e-36 0.000000e+00
