1.000000		-3.771412e+211		1.775304e+211		-2.121131e+211		-1.917726e+211		-1.009577e+211		-1.913769e+211		-1.684427e+211		-5.159793e+211		inf		-8.419061e+211		inf		3.152264e+211		3.025937e+211		4.882736e+211		-4.266383e+209		-4.422643e+209		-1.464269e+211		-1.143202e+211		-1.085230e+212		1.787260e+211		-9.402229e+212		5.945593e+211		1.566286e+211		3.928313e+212		-9.236465e+210		3.397999e+211		-1.485422e+211		6.603526e+211		6.385518e+211		-5.697295e+211		1.474656e+212		-3.211092e+211		2.585787e+211		-1.011760e+211		7.051411e+211		-4.437936e+212		-1.839076e+212		-4.219003e+211		-2.806045e+211		-1.992679e+211		-1.165194e+211		-9.964323e+210		-4.805039e+211		4.220694e+212		4.225771e+212		4.229076e+212		-1.708179e+211		3.903479e+211		-6.060086e+211		8.762056e+211		-2.459414e+211		-7.161302e+211		-1.152974e+212		-1.081790e+212		-3.550835e+207		-1.768850e+207		6.050313e+211		1.297719e+212		1.420827e+212		3.077692e+211		-4.587033e+211		-4.325828e+211		-2.262754e+211		-1.128406e+211		-1.400647e+211		1.456216e+212		-1.248557e+211		-1.675021e+211		-1.648530e+211		2.733386e+211		-2.309553e+211		-6.776240e+211		6.266283e+211		-2.294991e+211		-2.327635e+211		1.387932e+212		2.544904e+211		4.400240e+211		6.313211e+210		1.920688e+211		4.773382e+211		-4.944149e+211		2.313464e+207		nan		nan		
3.000000		5.117930e+211		1.775262e+211		-1.282470e+213		-2.105506e+211		-2.249183e+211		-2.111192e+211		-4.125404e+211		1.027032e+213		1.040052e+217		-2.297487e+213		-5.498960e+215		3.170624e+211		3.239075e+211		1.083686e+211		-2.019091e+208		-2.020532e+208		2.977743e+211		-1.731987e+211		1.510418e+211		1.787244e+211		1.547353e+211		5.782925e+211		1.846848e+211		6.638594e+211		4.598521e+211		3.689030e+211		-2.221047e+211		-1.161169e+212		9.068856e+211		-2.424405e+213		1.693652e+213		-7.102110e+212		2.578126e+211		-1.993902e+211		3.124806e+211		2.266728e+211		1.780054e+212		1.795404e+212		1.917446e+211		1.059690e+211		6.826382e+210		5.309056e+210		5.847772e+211		1.353268e+212		1.352525e+212		1.352785e+212		-7.853539e+211		2.817917e+211		2.222535e+211		2.460839e+211		2.937478e+211		3.708528e+211		-1.670408e+212		-1.492372e+212		-3.550838e+207		-1.768850e+207		4.905694e+212		4.179516e+211		3.833699e+211		2.549664e+211		-4.587657e+211		-1.137665e+212		-4.313943e+211		-4.206807e+211		-2.369547e+211		3.129399e+211		-2.905468e+211		-2.142415e+211		-4.652458e+211		2.733463e+211		-2.542254e+211		4.481962e+211		6.663499e+211		2.399602e+211		-2.902769e+211		8.356193e+211		2.233586e+212		3.983796e+211		5.880458e+210		1.719531e+211		3.067232e+211		-4.906603e+211		9.831030e+206		nan		nan		
5.000000		4.301039e+211		1.775271e+211		3.110495e+212		-4.562121e+211		-4.158262e+211		-4.559427e+211		-3.932089e+211		6.292696e+212		1.385515e+217		4.254943e+212		-5.289467e+215		3.198509e+211		3.252846e+211		1.316408e+211		2.074175e+205		2.074174e+205		7.263188e+211		-2.058428e+211		1.878726e+211		1.787247e+211		4.042815e+211		5.648329e+211		3.346417e+211		6.283259e+211		3.426806e+211		3.350554e+211		-1.562415e+211		-3.194866e+211		9.457631e+211		1.438685e+212		1.923770e+212		1.290449e+212		2.574817e+211		5.437381e+209		3.113649e+211		2.860964e+212		1.407370e+212		3.887815e+211		2.378995e+211		1.103833e+211		7.538890e+210		5.513641e+210		4.926087e+211		7.398111e+211		7.397142e+211		7.397160e+211		-2.492194e+212		2.757108e+211		2.064870e+211		2.204212e+211		3.090987e+211		8.292649e+211		-2.950349e+212		-1.969874e+212		-3.550869e+207		-1.768854e+207		1.222627e+212		2.766540e+211		2.695789e+211		2.515075e+211		-4.587642e+211		-2.171477e+213		-8.072856e+211		-9.877817e+211		-4.524773e+211		2.415621e+211		-3.790785e+211		-2.452964e+211		-9.530716e+211		2.733422e+211		-2.265578e+211		4.994380e+211		7.110701e+211		2.445044e+211		-3.056990e+211		7.312917e+211		8.310456e+211		3.548331e+211		5.171759e+210		1.169403e+211		1.546831e+211		-4.529092e+211		1.785060e+206		nan		nan		
7.000000		4.828315e+211		1.775271e+211		7.226481e+212		-6.347689e+211		-5.977824e+211		-6.341328e+211		-3.938625e+211		3.750577e+212		1.028942e+216		2.152528e+212		2.002781e+216		3.237492e+211		3.217454e+211		1.500911e+211		-4.823031e+206		-4.823099e+206		8.389931e+211		-2.235611e+211		2.141307e+211		1.787244e+211		6.267848e+211		5.526977e+211		4.500805e+211		6.231529e+211		3.336579e+211		3.126126e+211		-1.286865e+211		-2.355030e+211		8.964925e+211		1.098502e+212		1.071427e+212		8.626213e+211		2.572389e+211		-4.873898e+210		3.083987e+211		-1.452043e+212		1.136633e+212		3.806720e+211		2.710541e+211		1.220673e+211		8.415480e+210		6.084900e+210		4.756637e+211		6.252604e+211		6.250502e+211		6.250543e+211		-9.368650e+212		2.744873e+211		2.245805e+211		2.181152e+211		4.774277e+211		1.374256e+212		-5.897613e+212		-2.556961e+212		-3.550917e+207		-1.768867e+207		7.467643e+211		2.107564e+211		2.039994e+211		2.407460e+211		-4.588404e+211		-4.676412e+212		-9.931134e+211		-1.245781e+212		-5.396401e+211		2.457498e+211		-3.628559e+211		-2.692850e+211		-1.347938e+212		2.733473e+211		-2.248908e+211		4.008918e+211		7.670029e+211		2.713006e+211		-3.274352e+211		6.687877e+211		4.767873e+211		3.216625e+211		4.610542e+210		9.560880e+210		1.012961e+211		-4.131091e+211		5.404921e+207		nan		nan		
9.000000		5.487480e+211		1.775281e+211		-1.004308e+213		-7.125291e+211		-7.780517e+211		-7.116683e+211		-4.088948e+211		2.429109e+212		-7.521326e+217		1.365909e+212		3.237443e+215		3.290752e+211		3.173334e+211		1.651402e+211		-2.792573e+211		-2.031389e+212		7.486921e+211		-2.427653e+211		2.277032e+211		1.787299e+211		7.526824e+211		5.416063e+211		5.324680e+211		6.198402e+211		3.218831e+211		2.921575e+211		-1.226329e+211		-2.283619e+211		8.178968e+211		8.542338e+211		7.304765e+211		6.611912e+211		2.570546e+211		-1.540109e+211		2.962086e+211		-1.007801e+212		9.107817e+211		4.018210e+211		2.844989e+211		1.272024e+211		8.789954e+210		6.354353e+210		4.405516e+211		5.816765e+211		5.816089e+211		5.816104e+211		-5.849581e+213		2.731753e+211		2.315239e+211		2.185404e+211		6.720448e+211		1.804321e+212		-1.269247e+213		-3.307600e+212		-3.550980e+207		-1.768885e+207		6.064426e+211		1.726473e+211		1.682961e+211		2.205013e+211		-4.589456e+211		-1.668533e+212		-1.005484e+212		-1.156491e+212		-5.370429e+211		2.916145e+211		-3.284296e+211		-2.887162e+211		-1.761049e+212		2.733697e+211		-2.305654e+211		3.211474e+211		8.399987e+211		2.944950e+211		-3.817481e+211		6.221017e+211		3.445270e+211		3.019924e+211		4.229921e+210		8.523649e+210		8.303330e+210		-4.067185e+211		1.040961e+209		nan		nan		
11.000000		6.178120e+211		1.775237e+211		-2.779516e+212		-7.100182e+211		-9.629149e+211		-7.090840e+211		-4.255654e+211		1.607570e+212		-1.265550e+217		9.188497e+211		1.733823e+215		3.362707e+211		3.130783e+211		1.790573e+211		-1.833769e+211		-3.577537e+211		6.438053e+211		-2.659494e+211		2.352409e+211		1.787295e+211		7.957309e+211		5.313888e+211		6.016284e+211		6.162640e+211		3.113112e+211		2.711771e+211		-1.211364e+211		-2.344103e+211		7.322683e+211		6.399297e+211		5.398457e+211		5.343449e+211		2.569282e+211		-1.544094e+211		2.835651e+211		-8.721669e+211		7.206880e+211		4.195579e+211		2.824564e+211		1.246957e+211		8.650667e+210		6.237523e+210		3.962409e+211		5.542025e+211		5.541657e+211		5.542157e+211		-8.919771e+213		2.716495e+211		2.252702e+211		2.130283e+211		7.426219e+211		2.043546e+212		-2.993210e+213		-4.328201e+212		-3.551060e+207		-1.768906e+207		5.802794e+211		1.483672e+211		1.476534e+211		2.020338e+211		-4.588486e+211		-1.047362e+212		-1.083831e+212		-1.015631e+212		-5.269606e+211		3.674395e+211		-3.025494e+211		-3.087594e+211		-3.376378e+212		2.733814e+211		-2.372866e+211		3.236692e+211		9.386587e+211		3.032319e+211		-5.554051e+211		5.837132e+211		2.751604e+211		2.918989e+211		3.967022e+210		7.899728e+210		7.382903e+210		-4.219214e+211		1.650271e+210		nan		nan		
13.000000		7.039045e+211		1.775197e+211		-1.398939e+212		-6.294792e+211		-1.156863e+212		-6.287078e+211		-4.371133e+211		1.047743e+212		4.540894e+216		6.315177e+211		1.491117e+215		3.460982e+211		3.107219e+211		1.939427e+211		-2.003064e+211		-3.237512e+211		5.697426e+211		-2.992620e+211		2.404983e+211		1.787251e+211		8.239554e+211		5.216619e+211		6.821213e+211		6.123150e+211		3.036076e+211		2.471266e+211		-1.211466e+211		-2.451826e+211		6.434718e+211		4.813493e+211		4.187534e+211		4.367876e+211		2.568048e+211		6.059689e+211		2.785027e+211		-8.398056e+211		5.647536e+211		4.374815e+211		2.678032e+211		1.130576e+211		7.949896e+210		5.659584e+210		3.468530e+211		5.356571e+211		5.356110e+211		5.356119e+211		-2.131641e+213		2.699610e+211		1.994919e+211		1.974866e+211		6.649781e+211		2.260623e+212		-1.646549e+214		-5.914538e+212		-3.551110e+207		-1.770002e+207		6.443596e+211		1.319787e+211		1.355092e+211		1.964381e+211		-4.582009e+211		-7.942226e+211		-1.406786e+212		-8.870481e+211		-5.439977e+211		4.633544e+211		-2.821362e+211		-3.366413e+211		5.150938e+212		2.734102e+211		-2.433819e+211		3.527007e+211		1.078512e+212		2.966461e+211		-1.326441e+212		5.429906e+211		2.302758e+211		2.857216e+211		3.787515e+210		7.499322e+210		6.823229e+210		-4.536762e+211		-1.686407e+212		nan		nan		
15.000000		8.476892e+211		1.775283e+211		-7.185025e+211		-4.689159e+211		-1.378407e+212		-4.684194e+211		-4.419748e+211		6.239625e+211		8.590423e+213		4.297690e+211		1.111945e+215		3.610694e+211		3.076972e+211		2.141012e+211		-2.967290e+211		-4.074070e+211		5.601646e+211		-3.788631e+211		2.433288e+211		1.787246e+211		8.969357e+211		5.114519e+211		8.105133e+211		6.075718e+211		2.954906e+211		2.165621e+211		-1.220114e+211		-2.645232e+211		5.403918e+211		3.658337e+211		3.295790e+211		3.342865e+211		2.566637e+211		-1.667544e+211		2.907647e+211		-6.992359e+211		4.473008e+211		4.588658e+211		2.381582e+211		8.964998e+210		6.513567e+210		4.497433e+210		2.872329e+211		5.184644e+211		5.183678e+211		5.183697e+211		-7.049787e+212		2.679182e+211		1.497633e+211		1.673554e+211		5.104964e+211		2.507423e+212		3.670598e+213		-9.470650e+212		-3.551143e+207		-1.770508e+207		9.080915e+211		1.189244e+211		1.261554e+211		2.026295e+211		-4.566677e+211		-6.758767e+211		-1.250019e+213		-8.117378e+211		-6.902580e+211		5.464843e+211		-2.675849e+211		-3.928554e+211		8.223845e+211		2.734401e+211		-2.478975e+211		3.391149e+211		1.307969e+212		2.581377e+211		4.523093e+212		4.900280e+211		1.914072e+211		2.808535e+211		3.663631e+210		7.228749e+210		6.388038e+210		-5.140522e+211		-2.840268e+211		nan		nan		
17.000000		1.116067e+212		1.775213e+211		-3.730423e+211		-3.024107e+211		-1.618941e+212		-3.022443e+211		-4.466396e+211		3.519839e+211		3.770165e+213		3.148958e+211		8.908248e+214		3.839849e+211		2.900847e+211		2.416389e+211		-2.252137e+211		-2.305160e+211		6.326710e+211		-7.561946e+211		2.285153e+211		1.787251e+211		9.905143e+211		5.018815e+211		1.008068e+212		6.022031e+211		2.660668e+211		1.821998e+211		-1.258009e+211		-3.076842e+211		4.209366e+211		2.548635e+211		2.435921e+211		2.321221e+211		2.565461e+211		-1.806812e+211		3.312675e+211		-4.538370e+211		3.635424e+211		4.737986e+211		1.920240e+211		6.197534e+210		4.688321e+210		3.240681e+210		2.177306e+211		4.933151e+211		4.930948e+211		4.931286e+211		-3.101019e+212		2.653061e+211		9.882349e+210		1.244194e+211		3.361910e+211		2.162744e+212		1.087429e+213		-2.722860e+213		-3.551165e+207		-1.770759e+207		2.878433e+212		1.091170e+211		1.152715e+211		2.032589e+211		-4.545052e+211		-6.099814e+211		1.026622e+212		-6.430522e+211		-1.041994e+212		4.696622e+211		-2.591937e+211		-4.936314e+211		3.749778e+211		2.735042e+211		-2.667754e+211		3.047978e+211		1.710965e+212		2.054305e+211		9.272315e+211		4.386923e+211		1.439413e+211		2.781274e+211		3.597626e+210		7.097223e+210		5.958909e+210		-6.451632e+211		-3.124645e+211		nan		nan		
19.000000		8.541322e+211		1.775338e+211		-3.267288e+211		-2.779440e+211		-1.869210e+212		-2.778276e+211		-6.944117e+211		2.696089e+211		2.249310e+213		2.835995e+211		6.798015e+214		4.190511e+211		2.386743e+211		2.386448e+211		-3.236757e+211		-2.514531e+211		4.063538e+211		-6.775481e+212		1.691532e+211		1.787204e+211		6.672332e+211		4.955372e+211		6.582939e+211		5.985094e+211		1.859846e+211		1.600703e+211		-1.488573e+211		-4.360406e+211		3.023181e+211		1.853394e+211		1.842711e+211		1.823902e+211		2.564902e+211		-2.422334e+211		3.788649e+211		-9.174183e+211		2.725142e+211		3.660301e+211		1.757812e+211		5.394948e+210		4.137844e+210		3.160403e+210		1.941873e+211		4.476994e+211		4.475314e+211		4.475723e+211		5.644962e+213		2.631573e+211		8.534940e+210		1.071687e+211		2.356526e+211		6.410477e+211		4.191848e+212		2.616445e+213		-3.551179e+207		-1.770880e+207		-2.540464e+212		1.068062e+211		1.197058e+211		2.219539e+211		-4.534258e+211		-5.554517e+211		-1.317194e+212		-2.786752e+211		-3.279722e+211		4.050792e+211		-3.087426e+211		-4.855376e+211		3.575183e+211		2.735987e+211		-6.062936e+211		2.830385e+211		2.496506e+212		2.492301e+211		1.102119e+212		4.140637e+211		1.239992e+211		2.775417e+211		3.606410e+210		7.231306e+210		5.987312e+210		-1.000990e+212		-5.193696e+211		nan		nan		
21.000000		6.455667e+211		1.775397e+211		-5.588774e+211		-4.399550e+211		-2.160748e+212		-4.398368e+211		-2.834940e+212		3.407423e+211		1.575443e+213		2.756521e+211		5.559088e+214		4.718455e+211		2.017841e+211		2.349770e+211		-1.307159e+212		-4.180994e+211		2.788516e+211		-2.808844e+212		1.512729e+211		1.787104e+211		4.389004e+211		4.936049e+211		4.390879e+211		5.978613e+211		1.626584e+211		1.531472e+211		-1.860870e+211		-7.535432e+211		2.375415e+211		1.876988e+211		1.877887e+211		1.895417e+211		2.565264e+211		-3.876257e+211		3.445155e+211		8.458591e+211		2.257284e+211		2.774511e+211		2.191323e+211		7.695887e+210		5.684357e+210		3.589894e+210		2.441529e+211		4.216261e+211		4.215667e+211		4.215945e+211		1.067771e+212		2.625503e+211		1.103201e+211		1.346936e+211		2.377233e+211		3.640520e+211		2.212781e+212		8.872172e+212		-3.551189e+207		-1.770928e+207		-7.068540e+211		1.086065e+211		1.659587e+211		4.187685e+211		-4.578119e+211		-4.891495e+211		-5.080534e+211		-2.874046e+211		-2.044878e+211		7.503771e+211		-4.140636e+211		-4.694341e+211		5.024894e+211		2.737791e+211		8.325533e+211		2.791119e+211		4.404921e+212		3.409358e+211		1.768491e+212		4.023130e+211		1.753098e+211		2.773866e+211		3.659668e+210		7.562218e+210		6.810861e+210		-2.022222e+212		-9.117103e+211		nan		nan		
23.000000		6.435514e+211		1.775419e+211		-7.779092e+211		-5.859202e+211		-2.547633e+212		-5.859857e+211		3.493464e+212		4.006243e+211		1.203686e+213		2.700620e+211		4.269465e+214		5.492550e+211		1.832685e+211		2.567289e+211		2.662873e+212		-7.171144e+211		2.423261e+211		-3.885182e+212		1.447224e+211		1.787000e+211		3.782635e+211		4.939721e+211		3.922286e+211		5.991568e+211		1.534411e+211		1.489437e+211		-2.235199e+211		-2.317128e+212		2.001054e+211		1.860665e+211		1.862396e+211		1.860455e+211		2.566053e+211		-4.194102e+211		3.115533e+211		4.562766e+211		2.060031e+211		2.467749e+211		2.482175e+211		9.525703e+210		6.883093e+210		5.208129e+210		2.752927e+211		4.113963e+211		4.113058e+211		4.113075e+211		7.028739e+211		2.628839e+211		1.252579e+211		1.546724e+211		2.319486e+211		2.975117e+211		1.614407e+212		5.698893e+212		-3.551195e+207		-1.770931e+207		-4.738526e+211		1.164583e+211		2.078448e+211		9.555443e+211		-4.647101e+211		-4.464471e+211		-4.487349e+211		-3.094990e+211		-1.877347e+211		1.589649e+212		-5.089750e+211		-4.881233e+211		1.183283e+212		2.740009e+211		3.419922e+211		2.783213e+211		1.317614e+213		4.140285e+211		2.140037e+212		3.908815e+211		2.197827e+211		2.772875e+211		3.729263e+210		8.045148e+210		8.932164e+210		-1.310049e+213		-5.392103e+212		nan		nan		
25.000000		7.122477e+211		1.775527e+211		-9.314539e+211		-6.968598e+211		-3.075384e+212		-6.972297e+211		1.548022e+212		4.581886e+211		9.733681e+212		2.681312e+211		3.584885e+214		6.603118e+211		1.745009e+211		2.957894e+211		1.102935e+212		-1.346829e+212		2.253539e+211		-6.931893e+212		1.410721e+211		1.786925e+211		3.589330e+211		4.951760e+211		3.936077e+211		6.013578e+211		1.478563e+211		1.448369e+211		-2.548989e+211		3.708030e+212		1.788646e+211		1.825101e+211		1.826822e+211		1.822139e+211		2.566944e+211		-2.817958e+211		2.935430e+211		3.590415e+211		1.971426e+211		2.368682e+211		2.671625e+211		1.050026e+211		7.537606e+210		5.739970e+210		2.927996e+211		4.079843e+211		4.080077e+211		4.080073e+211		5.974929e+211		2.638131e+211		1.366646e+211		1.698890e+211		2.280343e+211		2.717399e+211		1.372863e+212		4.482779e+212		-3.551199e+207		-1.770907e+207		-3.937298e+211		1.377313e+211		2.400200e+211		7.212965e+212		-4.717167e+211		-4.204147e+211		-4.215157e+211		-3.165578e+211		-1.826030e+211		8.309938e+212		-5.741193e+211		-5.209463e+211		1.846928e+214		2.743028e+211		2.663170e+211		2.785390e+211		-2.111274e+213		5.024986e+211		2.336695e+212		3.777976e+211		2.492085e+211		2.771781e+211		3.789742e+210		8.710621e+210		1.124814e+211		3.130213e+212		1.536218e+212		nan		nan		
27.000000		9.247345e+211		1.775610e+211		-1.167568e+212		-8.605791e+211		-3.787264e+212		-8.613245e+211		1.523967e+212		5.927742e+211		8.253261e+212		2.938668e+211		3.256895e+214		8.171209e+211		1.740871e+211		3.703383e+211		1.131165e+212		-2.354012e+212		2.251946e+211		-2.795226e+212		1.446311e+211		1.787010e+211		3.609391e+211		4.961555e+211		4.550009e+211		6.034759e+211		1.503757e+211		1.413967e+211		-2.619251e+211		1.434546e+212		1.763503e+211		1.890710e+211		1.898282e+211		1.896073e+211		2.567688e+211		-2.262466e+211		2.842119e+211		3.114919e+211		2.001519e+211		2.412760e+211		2.886778e+211		1.158829e+211		8.268522e+210		6.287349e+210		3.126021e+211		4.068658e+211		4.069386e+211		4.069127e+211		5.450274e+211		2.648766e+211		1.574644e+211		1.949091e+211		2.429037e+211		2.768065e+211		1.259993e+212		3.894801e+212		-3.551202e+207		-1.770865e+207		-3.591369e+211		1.744250e+211		2.700093e+211		-1.384549e+212		-4.779279e+211		-4.049801e+211		-4.058622e+211		-3.264723e+211		-1.814429e+211		-1.939285e+212		-5.514386e+211		-5.322030e+211		-1.503634e+212		2.746623e+211		2.836517e+211		2.795864e+211		-7.029117e+212		6.716589e+211		2.924437e+212		3.634587e+211		2.987399e+211		2.770975e+211		3.825770e+210		9.587748e+210		1.302650e+211		1.295017e+212		8.294985e+211		nan		nan		
29.000000		1.253298e+212		1.775754e+211		-1.371076e+212		-1.014134e+212		-4.730087e+212		-1.016042e+212		1.651221e+212		7.582678e+211		7.261081e+212		3.575621e+211		3.060996e+214		1.035712e+212		1.756749e+211		4.750701e+211		1.205152e+212		-6.169830e+212		2.282413e+211		-1.850432e+212		1.480717e+211		1.786964e+211		3.668425e+211		4.964632e+211		5.440266e+211		6.053028e+211		1.528550e+211		1.390560e+211		-2.566665e+211		1.107450e+212		1.821044e+211		1.961334e+211		1.965442e+211		1.964131e+211		2.568094e+211		-2.117087e+211		2.807563e+211		2.870689e+211		2.045694e+211		2.465828e+211		3.044498e+211		1.232286e+211		8.771822e+210		6.659109e+210		3.254594e+211		4.051641e+211		4.051641e+211		4.051452e+211		5.200151e+211		2.658897e+211		1.766512e+211		2.177378e+211		2.573076e+211		2.846485e+211		1.206482e+212		3.578312e+212		-3.551204e+207		-1.770811e+207		-3.381517e+211		2.129308e+211		2.939481e+211		-7.363213e+211		-4.828150e+211		-3.960696e+211		-3.969378e+211		-3.320400e+211		-1.810004e+211		-1.013508e+212		-5.218461e+211		-5.274674e+211		-8.848655e+211		2.750670e+211		3.874686e+211		2.806481e+211		-4.715414e+212		9.124185e+211		4.038838e+212		3.482069e+211		3.483629e+211		2.770341e+211		3.841467e+210		1.086055e+211		1.434085e+211		7.307131e+211		5.164384e+211		nan		nan		
31.000000		1.585398e+212		1.775905e+211		-1.334600e+212		-1.034306e+212		-6.029376e+212		-1.036206e+212		1.511515e+212		8.257470e+211		6.574147e+212		3.989358e+211		2.854235e+214		1.337963e+212		1.752333e+211		5.845853e+211		9.666702e+211		4.066213e+212		2.276075e+211		-1.984284e+212		1.469220e+211		1.786965e+211		3.703843e+211		4.960171e+211		6.061879e+211		6.073391e+211		1.505944e+211		1.366789e+211		-2.899894e+211		6.593607e+211		1.813030e+211		1.945706e+211		1.951745e+211		1.950298e+211		2.568760e+211		-2.130450e+211		2.819383e+211		2.726092e+211		2.024920e+211		2.473090e+211		3.096876e+211		1.230690e+211		8.806749e+210		6.684684e+210		3.265286e+211		4.051296e+211		4.051296e+211		4.051879e+211		5.197819e+211		2.666771e+211		1.814915e+211		2.255385e+211		2.574828e+211		2.792551e+211		1.182951e+212		3.395246e+212		-3.551205e+207		-1.770749e+207		-3.205290e+211		2.376586e+211		3.068830e+211		-5.878884e+211		-4.864071e+211		-3.903449e+211		-3.910837e+211		-3.285409e+211		-1.793566e+211		-8.517195e+211		-5.269753e+211		-5.298841e+211		-7.567666e+211		2.755195e+211		7.062374e+211		2.810505e+211		-3.816567e+212		1.211836e+212		5.682227e+212		3.328629e+211		3.611430e+211		2.769565e+211		3.847475e+210		1.284357e+211		1.510721e+211		4.617300e+211		3.163374e+211		nan		nan		
33.000000		1.396417e+212		1.776035e+211		-1.087102e+212		-8.890172e+211		-7.990099e+212		-8.907795e+211		9.889731e+211		6.659986e+211		6.123488e+212		3.563172e+211		2.647382e+214		1.751294e+212		1.707363e+211		5.946549e+211		5.147536e+211		9.045318e+211		2.183593e+211		-7.139993e+212		1.388481e+211		1.787075e+211		3.671328e+211		4.943852e+211		5.446209e+211		6.097646e+211		1.413054e+211		1.325894e+211		-4.728665e+211		3.617960e+211		1.703041e+211		1.815588e+211		1.823840e+211		1.821300e+211		2.569385e+211		-1.891727e+211		2.861903e+211		2.675523e+211		1.899310e+211		2.448597e+211		3.049906e+211		1.149199e+211		8.346938e+210		6.363424e+210		3.171544e+211		4.077376e+211		4.077711e+211		4.077932e+211		5.432783e+211		2.658772e+211		1.631921e+211		2.093751e+211		2.338953e+211		2.481322e+211		1.173189e+212		3.282159e+212		-3.551206e+207		-1.770683e+207		-3.090933e+211		2.390087e+211		3.019152e+211		-6.330463e+211		-4.889723e+211		-3.869101e+211		-3.866663e+211		-3.174113e+211		-1.760268e+211		-1.060238e+212		-6.312387e+211		-5.699568e+211		-8.737999e+211		2.759741e+211		1.014723e+212		2.802308e+211		-3.372338e+212		1.550165e+212		6.651576e+212		3.195362e+211		3.132090e+211		2.769136e+211		3.849961e+210		1.529734e+211		1.508947e+211		3.206793e+211		1.944360e+211		nan		nan		
35.000000		1.159311e+212		1.776111e+211		-1.066421e+212		-8.693224e+211		-1.127209e+213		-8.710974e+211		7.812291e+211		5.884983e+211		5.830461e+212		3.207577e+211		2.532260e+214		2.307591e+212		1.712852e+211		5.733016e+211		3.246757e+211		4.692975e+211		2.194992e+211		-6.871494e+212		1.379009e+211		1.787140e+211		3.638066e+211		4.911308e+211		5.028867e+211		6.117531e+211		1.396204e+211		1.302961e+211		-1.276873e+212		2.532494e+211		1.675771e+211		1.814560e+211		1.823998e+211		1.823183e+211		2.569522e+211		-6.423268e+210		2.882287e+211		2.773114e+211		1.873429e+211		2.579028e+211		3.075811e+211		1.150366e+211		8.372361e+210		6.427010e+210		3.162622e+211		4.116686e+211		4.117467e+211		4.117097e+211		5.684967e+211		2.579016e+211		1.547292e+211		2.020870e+211		2.219585e+211		2.302296e+211		1.169730e+212		3.210845e+212		-3.551207e+207		-1.770613e+207		-3.182837e+211		2.312085e+211		2.922502e+211		-7.510511e+211		-4.911949e+211		-3.867988e+211		-3.838495e+211		-3.196951e+211		-1.750314e+211		-1.280445e+212		-7.586374e+211		-6.263096e+211		-1.027597e+212		2.763941e+211		8.593030e+211		2.793814e+211		-3.125301e+212		2.197493e+212		6.751395e+212		3.109532e+211		3.024243e+211		2.768857e+211		3.851046e+210		1.678985e+211		1.474789e+211		2.529569e+211		1.424439e+211		nan		nan		
37.000000		1.002454e+212		1.776217e+211		-1.309946e+212		-1.006518e+212		-1.719615e+213		-1.009298e+212		7.421892e+211		5.912951e+211		5.665052e+212		3.106315e+211		2.346046e+214		3.048157e+212		1.808657e+211		5.687002e+211		2.411462e+211		3.233955e+211		2.357906e+211		-1.571482e+212		1.472999e+211		1.787296e+211		3.555619e+211		4.866199e+211		5.127983e+211		6.129223e+211		1.486043e+211		1.300653e+211		-5.729978e+212		2.260934e+211		1.816796e+211		1.992454e+211		2.001735e+211		2.002418e+211		2.569336e+211		-3.655807e+210		2.841238e+211		3.109874e+211		2.021089e+211		2.941849e+211		3.217201e+211		1.264098e+211		9.075170e+210		6.983317e+210		3.279143e+211		4.142003e+211		4.142203e+211		4.142199e+211		5.655381e+211		2.388641e+211		1.594073e+211		2.083907e+211		2.264647e+211		2.305219e+211		1.167855e+212		3.165297e+212		-3.551207e+207		-1.770540e+207		-3.441903e+211		2.241114e+211		2.872379e+211		-8.783562e+211		-4.932781e+211		-3.899577e+211		-3.852382e+211		-3.365128e+211		-1.781152e+211		-1.250218e+212		-8.177165e+211		-6.724065e+211		-1.072975e+212		2.767676e+211		6.327250e+211		2.787744e+211		-2.979746e+212		2.604086e+212		5.031623e+212		3.065913e+211		3.476071e+211		2.768849e+211		3.851529e+210		1.733405e+211		1.450428e+211		2.223003e+211		1.197108e+211		nan		nan		
39.000000		8.858544e+211		1.776297e+211		-1.842600e+212		-1.259867e+212		-2.845266e+213		-1.264297e+212		7.473299e+211		6.143853e+211		5.569642e+212		3.111078e+211		2.257839e+214		4.030681e+212		1.949184e+211		5.760431e+211		2.021144e+211		2.642602e+211		2.550256e+211		-8.502265e+211		1.619302e+211		1.787348e+211		3.422712e+211		4.817931e+211		5.462196e+211		6.135533e+211		1.629524e+211		1.304411e+211		-6.606625e+212		2.317302e+211		2.073159e+211		2.237127e+211		2.245043e+211		2.245281e+211		2.569029e+211		-3.999259e+210		2.745341e+211		3.600021e+211		2.251572e+211		3.411973e+211		3.411366e+211		1.434346e+211		1.009781e+211		7.740524e+210		3.453155e+211		4.131622e+211		4.131925e+211		4.131920e+211		5.352493e+211		2.138216e+211		1.685152e+211		2.193603e+211		2.369937e+211		2.378744e+211		1.166873e+212		3.136343e+212		-3.551207e+207		-1.770467e+207		-3.745471e+211		2.187288e+211		2.863991e+211		-1.005005e+212		-4.952001e+211		-3.956492e+211		-3.908552e+211		-3.576798e+211		-1.837591e+211		-1.171848e+212		-8.394583e+211		-7.065753e+211		-1.066884e+212		2.770583e+211		5.167230e+211		2.783765e+211		-2.895497e+212		2.183550e+212		3.184604e+212		3.044364e+211		4.267903e+211		2.768634e+211		3.851625e+210		1.771961e+211		1.441200e+211		2.066453e+211		1.091060e+211		nan		nan		
41.000000		8.327563e+211		1.776375e+211		-2.807990e+212		-1.626607e+212		-5.288230e+213		-1.633414e+212		7.799929e+211		6.529873e+211		5.518794e+212		3.171449e+211		2.257112e+214		5.316053e+212		2.053610e+211		6.050010e+211		1.877377e+211		2.434647e+211		2.648119e+211		-6.623743e+211		1.750344e+211		1.787317e+211		3.282541e+211		4.774476e+211		6.004700e+211		6.138049e+211		1.758361e+211		1.308290e+211		-3.491958e+212		2.434221e+211		2.304865e+211		2.421340e+211		2.427192e+211		2.426961e+211		2.568903e+211		-4.861362e+210		2.623944e+211		3.934000e+211		2.431135e+211		3.710335e+211		3.610941e+211		1.614241e+211		1.115505e+211		8.496403e+210		3.635506e+211		4.119492e+211		4.119950e+211		4.119621e+211		4.999108e+211		1.914855e+211		1.800125e+211		2.324973e+211		2.498725e+211		2.488240e+211		1.166047e+212		3.120062e+212		-3.551207e+207		-1.770392e+207		-4.022092e+211		2.155260e+211		2.871932e+211		-1.078684e+212		-4.969203e+211		-4.032550e+211		-3.992400e+211		-3.777129e+211		-1.902516e+211		-1.086160e+212		-8.352099e+211		-7.299370e+211		-1.035480e+212		2.772603e+211		4.840182e+211		2.780977e+211		-2.852144e+212		1.659098e+212		2.136193e+212		3.032503e+211		5.000480e+211		2.768570e+211		3.851638e+210		1.803097e+211		1.440296e+211		1.964802e+211		1.046790e+211		nan		nan		
43.000000		7.931410e+211		1.776369e+211		-4.420050e+212		-2.059489e+212		-1.257550e+214		-2.070747e+212		7.970068e+211		6.783151e+211		5.496178e+212		3.237063e+211		2.228456e+214		6.999025e+212		2.084985e+211		6.309048e+211		1.818740e+211		2.363996e+211		2.655027e+211		-6.055609e+211		1.823205e+211		1.787356e+211		3.156384e+211		4.738171e+211		6.485784e+211		6.138290e+211		1.830125e+211		1.310979e+211		-2.966548e+212		2.501656e+211		2.435098e+211		2.509859e+211		2.513711e+211		2.513535e+211		2.569069e+211		-6.136561e+210		2.500411e+211		4.144420e+211		2.516521e+211		3.828686e+211		3.763785e+211		1.757236e+211		1.197838e+211		9.073390e+210		3.774652e+211		4.097072e+211		4.097766e+211		4.097999e+211		4.707056e+211		1.753581e+211		1.887140e+211		2.420513e+211		2.581964e+211		2.564953e+211		1.166308e+212		3.109745e+212		-3.551208e+207		-1.770318e+207		-4.247131e+211		2.132328e+211		2.880567e+211		-1.154529e+212		-4.982666e+211		-4.119599e+211		-4.087876e+211		-3.946121e+211		-1.966360e+211		-1.065420e+212		-8.520164e+211		-7.506177e+211		-1.029798e+212		2.773867e+211		4.763866e+211		2.779702e+211		-2.846245e+212		1.304669e+212		1.577700e+212		3.025290e+211		5.388921e+211		2.768563e+211		3.851583e+210		1.835308e+211		1.442173e+211		1.877455e+211		1.022210e+211		nan		nan		
45.000000		7.736498e+211		1.776445e+211		-7.097000e+212		-2.568721e+212		-1.986309e+215		-2.585343e+212		8.093599e+211		6.996194e+211		5.475270e+212		3.300221e+211		2.294631e+214		9.178874e+212		2.068331e+211		6.572384e+211		2.843146e+211		4.494972e+211		2.647248e+211		-1.516535e+210		1.850966e+211		1.787348e+211		3.041564e+211		4.708045e+211		6.921428e+211		6.138481e+211		1.858208e+211		1.312761e+211		-2.761504e+212		2.536548e+211		2.499574e+211		2.546304e+211		2.548949e+211		2.548743e+211		2.569348e+211		-8.056019e+210		2.381111e+211		4.394255e+211		2.550376e+211		3.844289e+211		3.859465e+211		1.853165e+211		1.251996e+211		9.447012e+210		3.860319e+211		4.068270e+211		4.068798e+211		4.068788e+211		4.491483e+211		1.655284e+211		1.955468e+211		2.487400e+211		2.627361e+211		2.615919e+211		1.166720e+212		3.105187e+212		-3.551208e+207		-1.770245e+207		-4.427822e+211		2.117889e+211		2.888200e+211		-1.213585e+212		-4.993371e+211		-4.215525e+211		-4.190173e+211		-4.095219e+211		-2.027498e+211		-1.067167e+212		-8.783390e+211		-7.705147e+211		-1.039373e+212		2.774884e+211		6.818917e+212		2.778737e+211		-2.912725e+212		1.066374e+212		1.246737e+212		3.020603e+211		5.525720e+211		2.768439e+211		3.851588e+210		1.863729e+211		1.444932e+211		1.767620e+211		1.246204e+211		nan		nan		
47.000000		7.604258e+211		1.776495e+211		-1.149153e+213		-3.144970e+212		2.367813e+214		-3.171415e+212		8.111455e+211		7.124878e+211		5.468116e+212		3.353417e+211		2.125330e+214		1.199579e+213		2.032747e+211		6.775025e+211		1.977037e+211		2.669248e+211		2.618007e+211		-4.676848e+211		1.854823e+211		1.787441e+211		2.938108e+211		4.683836e+211		7.229915e+211		6.138540e+211		1.864442e+211		1.313876e+211		-2.011249e+212		2.555356e+211		2.531469e+211		2.560296e+211		2.562208e+211		2.561918e+211		2.569508e+211		-1.113796e+211		2.264062e+211		4.815985e+211		2.563055e+211		3.838149e+211		3.911993e+211		1.910383e+211		1.283564e+211		9.661656e+210		3.905741e+211		4.033470e+211		4.033470e+211		4.033470e+211		4.339646e+211		1.601044e+211		2.002862e+211		2.525492e+211		2.638848e+211		2.636784e+211		1.167142e+212		3.102924e+212		-3.551208e+207		-1.770175e+207		-4.574841e+211		2.109711e+211		2.901439e+211		-1.277167e+212		-5.001277e+211		-4.315989e+211		-4.295311e+211		-4.229814e+211		-2.085809e+211		-1.094883e+212		-9.192245e+211		-7.919377e+211		-1.067498e+212		2.775487e+211		6.300748e+211		2.778145e+211		-3.171121e+212		9.028888e+211		1.033057e+212		3.017679e+211		5.535000e+211		2.768322e+211		3.851521e+210		1.893072e+211		1.449116e+211		1.633819e+211		9.984753e+210		nan		nan		
49.000000		7.434485e+211		1.776472e+211		-1.878423e+213		-3.789146e+212		1.458564e+214		-3.825086e+212		7.978540e+211		7.125682e+211		5.464502e+212		3.390040e+211		2.044936e+214		1.568406e+213		1.993424e+211		6.851690e+211		1.440458e+211		1.784351e+211		1.833050e+211		-1.506179e+213		1.849006e+211		1.787490e+211		2.846319e+211		4.664961e+211		7.348719e+211		6.138259e+211		1.862944e+211		1.314643e+211		-6.838999e+211		2.556723e+211		2.539236e+211		2.554557e+211		2.556112e+211		2.566937e+211		2.569675e+211		-1.664587e+211		2.144400e+211		5.196100e+211		2.567404e+211		3.851172e+211		3.954413e+211		1.950188e+211		1.305937e+211		9.816180e+210		3.943563e+211		4.022209e+211		4.022527e+211		4.022763e+211		4.247646e+211		1.568556e+211		2.032985e+211		2.543202e+211		2.630647e+211		2.639104e+211		1.167473e+212		3.101756e+212		-3.551208e+207		-1.770112e+207		-4.696008e+211		2.105909e+211		2.928427e+211		-1.369610e+212		-5.006552e+211		-4.419096e+211		-4.402844e+211		-4.355629e+211		-2.142407e+211		-1.159797e+212		-9.860764e+211		-8.167560e+211		-1.122686e+212		2.775365e+211		2.908709e+211		2.777179e+211		-3.987721e+212		7.857461e+211		8.861476e+211		3.015967e+211		5.439685e+211		2.768436e+211		3.851461e+210		1.933033e+211		1.456761e+211		1.583617e+211		8.352429e+210		nan		nan		
51.000000		7.192406e+211		1.776539e+211		-3.119953e+213		-4.524385e+212		1.132760e+214		-4.544692e+212		7.705558e+211		6.995241e+211		5.472382e+212		3.406436e+211		2.053063e+214		2.023359e+213		1.944544e+211		6.785800e+211		1.430489e+211		1.782678e+211		1.790287e+211		-2.027380e+213		1.836740e+211		1.787545e+211		2.766501e+211		4.649129e+211		7.276855e+211		6.137928e+211		1.855905e+211		1.315177e+211		-5.909740e+211		2.565057e+211		2.550419e+211		2.391040e+211		2.392256e+211		2.568986e+211		2.569871e+211		-2.864206e+211		2.020027e+211		4.888514e+211		2.569148e+211		3.896337e+211		3.997627e+211		1.982863e+211		1.325337e+211		9.952885e+210		3.982751e+211		4.029747e+211		4.030004e+211		4.029998e+211		4.208197e+211		1.536239e+211		2.047712e+211		2.543482e+211		2.608502e+211		2.625297e+211		1.167919e+212		3.098351e+212		-3.551208e+207		-1.770066e+207		-4.797164e+211		2.105595e+211		2.976717e+211		-1.511439e+212		-5.011004e+211		-4.525065e+211		-4.512687e+211		-4.476226e+211		-2.198427e+211		-1.274812e+212		-1.089053e+212		-8.468121e+211		-1.216871e+212		2.774821e+211		2.870126e+211		2.776297e+211		-7.491381e+212		6.985487e+211		7.798274e+211		3.014289e+211		4.695336e+211		2.768398e+211		3.851402e+210		1.993051e+211		1.470588e+211		1.578868e+211		8.350361e+210		nan		nan		
53.000000		6.862505e+211		1.776536e+211		-5.392142e+213		-5.501076e+212		9.840219e+213		-5.378584e+212		7.309574e+211		6.732236e+211		5.472322e+212		3.401809e+211		2.090746e+214		2.602786e+213		1.848688e+211		6.540178e+211		1.417784e+211		1.783380e+211		1.788067e+211		-2.443193e+213		1.806333e+211		1.787576e+211		2.687230e+211		4.632666e+211		7.029215e+211		6.137149e+211		1.819133e+211		1.315726e+211		-5.771943e+211		2.569663e+211		2.556489e+211		1.708533e+211		1.708739e+211		2.569695e+211		2.570088e+211		-7.099242e+211		1.894202e+211		3.886505e+211		2.569767e+211		3.983439e+211		4.035338e+211		2.008455e+211		1.341063e+211		1.006541e+211		4.018024e+211		4.042800e+211		4.043226e+211		4.043217e+211		4.244559e+211		1.434816e+211		2.045980e+211		2.523123e+211		2.569567e+211		2.592012e+211		1.168346e+212		3.095126e+212		-3.551208e+207		-1.770066e+207		-4.881326e+211		2.107357e+211		3.048568e+211		-1.747610e+212		-5.014939e+211		-4.634231e+211		-4.623672e+211		-4.594685e+211		-2.254530e+211		-1.472712e+212		-1.253873e+212		-8.846451e+211		-1.375093e+212		2.773946e+211		2.837987e+211		2.775828e+211		2.497549e+213		6.152699e+211		6.947783e+211		3.011052e+211		2.615883e+211		2.768633e+211		3.851380e+210		2.084156e+211		1.493005e+211		1.580562e+211		8.365862e+210		nan		nan		
55.000000		6.427977e+211		1.776529e+211		-1.006588e+214		-7.652770e+212		8.600788e+213		-6.311605e+212		6.805606e+211		6.344861e+211		5.482332e+212		3.375138e+211		2.160241e+214		3.292481e+213		1.793245e+211		5.775282e+211		1.398596e+211		1.783474e+211		1.787140e+211		-2.912319e+213		1.787079e+211		1.787660e+211		2.535558e+211		4.609746e+211		6.631158e+211		6.136014e+211		1.788770e+211		1.316711e+211		-5.873373e+211		2.571686e+211		2.559265e+211		1.147093e+211		1.146658e+211		2.569846e+211		2.569929e+211		3.731649e+212		1.774085e+211		2.909362e+211		2.569775e+211		4.131224e+211		4.067105e+211		2.028595e+211		1.353496e+211		1.015554e+211		4.047174e+211		4.057779e+211		4.058145e+211		4.058137e+211		4.531839e+211		1.123642e+211		2.024454e+211		2.478173e+211		2.511384e+211		2.536549e+211		1.168727e+212		3.091053e+212		-3.551208e+207		-1.770066e+207		-4.951390e+211		2.104677e+211		3.127748e+211		-2.206464e+212		-5.020448e+211		-4.744348e+211		-4.734461e+211		-4.711776e+211		-2.311715e+211		-1.857062e+212		-1.541872e+212		-9.345656e+211		-1.661538e+212		2.772226e+211		2.807863e+211		2.775847e+211		3.874959e+212		4.622045e+211		5.949511e+211		3.000111e+211		1.490813e+211		2.768669e+211		3.851348e+210		2.217726e+211		1.523426e+211		1.583602e+211		8.380929e+210		nan		nan		
57.000000		5.904933e+211		1.776615e+211		-2.392574e+214		-1.909541e+213		7.886803e+213		-7.371946e+212		6.236115e+211		5.849324e+211		5.481886e+212		3.326548e+211		2.017113e+214		4.118371e+213		1.786784e+211		3.655800e+211		1.372934e+211		1.784224e+211		1.787672e+211		-3.097420e+213		1.785786e+211		1.787719e+211		2.164475e+211		4.564835e+211		6.130922e+211		6.134941e+211		1.782349e+211		1.318131e+211		-7.159287e+211		2.574175e+211		2.562108e+211		1.023868e+211		1.023375e+211		2.569485e+211		2.569987e+211		6.399083e+211		1.668029e+211		2.235769e+211		2.569532e+211		4.367128e+211		4.117086e+211		2.056303e+211		1.371365e+211		1.028751e+211		4.094347e+211		4.097054e+211		4.097384e+211		4.097089e+211		5.769516e+211		9.656780e+210		1.986881e+211		2.415849e+211		2.441324e+211		2.470669e+211		1.169111e+212		3.088687e+212		-3.551208e+207		-1.770066e+207		-5.008580e+211		2.085783e+211		3.179641e+211		-3.356780e+212		-5.028602e+211		-4.853060e+211		-4.845259e+211		-4.825013e+211		-2.370300e+211		-2.792211e+212		-2.135194e+212		-1.004391e+212		-2.282880e+212		2.769950e+211		2.785520e+211		2.776715e+211		2.009359e+212		3.185572e+211		4.318087e+211		2.960367e+211		1.286286e+211		2.768687e+211		3.851301e+210		2.400496e+211		1.554125e+211		1.588539e+211		8.400248e+210		nan		nan		
59.000000		5.331179e+211		1.776529e+211		-1.905684e+215		-1.700294e+214		7.321585e+213		-8.479523e+212		5.625894e+211		5.292589e+211		5.486885e+212		3.259091e+211		2.039752e+214		5.035013e+213		1.786743e+211		2.215526e+211		1.340394e+211		1.785418e+211		1.788399e+211		-3.157956e+213		1.786509e+211		1.787875e+211		1.889427e+211		4.464913e+211		5.564189e+211		6.131567e+211		1.783119e+211		1.315821e+211		-9.084865e+211		2.576594e+211		2.564908e+211		1.041644e+211		1.041223e+211		2.568722e+211		2.570027e+211		4.021553e+211		1.583373e+211		1.861526e+211		2.568309e+211		4.728844e+211		4.181240e+211		2.090114e+211		1.393477e+211		1.045136e+211		4.156612e+211		4.149418e+211		4.149729e+211		4.149722e+211		8.458658e+211		9.319105e+210		1.926722e+211		2.335431e+211		2.354855e+211		2.388414e+211		1.169420e+212		3.087475e+212		-3.551208e+207		-1.770066e+207		-5.054180e+211		2.034093e+211		3.154439e+211		-1.030929e+213		-5.040145e+211		-4.952330e+211		-4.944699e+211		-4.927846e+211		-2.427844e+211		-7.423699e+212		-3.933713e+212		-1.110727e+212		-4.292937e+212		2.767485e+211		2.769751e+211		2.775507e+211		1.362793e+212		2.855709e+211		3.195609e+211		2.851456e+211		1.311912e+211		2.768662e+211		3.851181e+210		2.621790e+211		1.565746e+211		1.595901e+211		8.425573e+210		nan		nan		
61.000000		4.763182e+211		1.776530e+211		4.907921e+214		2.229918e+214		6.723669e+213		-9.759408e+212		4.994693e+211		4.732205e+211		5.488008e+212		3.177055e+211		1.965909e+214		6.074302e+213		1.787390e+211		1.885238e+211		1.302127e+211		1.786223e+211		1.789048e+211		-3.094822e+213		1.787440e+211		1.787970e+211		1.814215e+211		4.262996e+211		4.959506e+211		6.121899e+211		1.783660e+211		1.302944e+211		-1.268466e+212		2.578570e+211		2.567062e+211		1.100824e+211		1.100500e+211		2.566794e+211		2.570087e+211		3.229374e+211		1.524638e+211		1.723155e+211		2.566197e+211		5.271823e+211		4.263195e+211		2.132190e+211		1.421328e+211		1.065924e+211		4.235724e+211		4.229701e+211		4.230013e+211		4.230006e+211		1.054240e+212		9.046545e+210		1.824761e+211		2.242313e+211		2.259668e+211		2.291884e+211		1.169324e+212		3.085683e+212		-3.551208e+207		-1.770066e+207		-5.090792e+211		1.939440e+211		3.028715e+211		6.689611e+212		-5.057509e+211		-5.032991e+211		-5.026258e+211		-5.010344e+211		-2.478980e+211		7.758791e+212		5.133934e+214		-1.297486e+212		8.345602e+213		2.764974e+211		2.757706e+211		2.768333e+211		1.056133e+212		2.786687e+211		2.873747e+211		2.643286e+211		1.404976e+211		2.768898e+211		3.851106e+210		2.839582e+211		1.535378e+211		1.606362e+211		8.458321e+210		nan		nan		
63.000000		4.257417e+211		1.776495e+211		2.678083e+214		1.589930e+214		6.341607e+213		-1.133427e+213		4.353360e+211		4.229908e+211		5.491485e+212		3.085894e+211		1.894905e+214		6.900589e+213		1.788187e+211		1.816935e+211		1.261875e+211		1.786989e+211		1.789836e+211		-2.999289e+213		1.788348e+211		1.787995e+211		1.796749e+211		3.927096e+211		4.333859e+211		6.103851e+211		1.785091e+211		1.280853e+211		-3.133319e+212		2.580290e+211		2.568795e+211		1.189008e+211		1.188747e+211		2.566265e+211		2.570155e+211		2.875391e+211		1.491748e+211		1.754189e+211		2.565078e+211		6.058642e+211		4.368571e+211		2.186009e+211		1.456921e+211		1.092625e+211		4.337452e+211		4.339405e+211		4.339737e+211		4.340341e+211		1.131536e+212		8.629698e+210		1.661090e+211		2.147951e+211		2.162175e+211		2.175351e+211		1.169394e+212		3.081142e+212		-3.551208e+207		-1.770066e+207		-5.119823e+211		1.809895e+211		2.830676e+211		2.300822e+212		-5.078969e+211		-5.090982e+211		-5.084587e+211		-5.070558e+211		-2.518202e+211		2.362340e+212		3.144063e+212		-1.711217e+212		3.564557e+212		2.762615e+211		2.749703e+211		2.759444e+211		8.888399e+211		2.761856e+211		2.789415e+211		2.365125e+211		1.549524e+211		2.768806e+211		3.851050e+210		2.993631e+211		1.458530e+211		1.619613e+211		8.497936e+210		nan		nan		
65.000000		3.844138e+211		1.776400e+211		2.004474e+214		1.608936e+214		6.114596e+213		-1.356351e+213		3.738444e+211		3.815645e+211		5.503076e+212		2.992646e+211		1.860668e+214		7.584892e+213		1.788689e+211		1.799487e+211		1.223540e+211		1.787761e+211		1.790445e+211		-2.892092e+213		1.788883e+211		1.788074e+211		1.792237e+211		3.485353e+211		3.727068e+211		6.079083e+211		1.786536e+211		1.257060e+211		2.728699e+212		2.581481e+211		2.570489e+211		1.306288e+211		1.306040e+211		2.565981e+211		2.570207e+211		2.697880e+211		1.480408e+211		1.913521e+211		2.564529e+211		7.154204e+211		4.472122e+211		2.238379e+211		1.491677e+211		1.118564e+211		4.438486e+211		4.463678e+211		4.464049e+211		4.464040e+211		1.154901e+212		8.147341e+210		1.485467e+211		2.057297e+211		2.065475e+211		2.036862e+211		1.169807e+212		3.070474e+212		-3.551208e+207		-1.770066e+207		-5.143354e+211		1.669132e+211		2.617145e+211		1.348883e+212		-5.102810e+211		-5.130384e+211		-5.124017e+211		-5.110926e+211		-2.545417e+211		1.364726e+212		1.409340e+212		-3.242566e+212		1.811367e+212		2.760240e+211		2.744200e+211		2.751720e+211		7.902859e+211		2.749327e+211		2.760660e+211		2.089668e+211		1.752531e+211		2.768764e+211		3.851009e+210		3.067673e+211		1.357519e+211		1.634196e+211		8.539931e+210		nan		nan		
67.000000		3.523983e+211		1.776307e+211		1.759838e+214		1.706945e+214		5.822213e+213		-1.737615e+213		3.208113e+211		3.490820e+211		5.503935e+212		2.902267e+211		1.738591e+214		8.136514e+213		1.788923e+211		1.794065e+211		1.189730e+211		1.788150e+211		1.790700e+211		-2.853760e+213		1.789252e+211		1.788114e+211		1.790786e+211		3.020102e+211		3.201419e+211		6.049087e+211		1.787948e+211		1.236717e+211		8.271976e+211		2.582640e+211		2.571593e+211		1.451299e+211		1.450904e+211		2.566503e+211		2.570189e+211		2.605651e+211		1.484301e+211		2.187093e+211		2.564450e+211		8.635755e+211		4.565950e+211		2.285613e+211		1.523155e+211		1.142169e+211		4.529142e+211		4.596825e+211		4.597261e+211		4.597661e+211		1.162761e+212		7.814914e+210		1.377593e+211		1.975872e+211		1.971345e+211		1.891786e+211		1.170289e+212		3.047756e+212		-3.551208e+207		-1.770066e+207		-5.162304e+211		1.539591e+211		2.427725e+211		9.497550e+211		-5.128577e+211		-5.157983e+211		-5.151455e+211		-5.140217e+211		-2.563955e+211		9.594929e+211		8.607882e+211		1.104989e+213		1.235417e+212		2.758076e+211		2.739442e+211		2.745905e+211		7.293245e+211		2.741785e+211		2.747165e+211		1.865629e+211		2.021191e+211		2.768456e+211		3.850930e+210		3.116916e+211		1.258765e+211		1.649501e+211		8.582843e+210		nan		nan		
69.000000		3.282435e+211		1.776322e+211		1.563569e+214		1.672653e+214		5.410666e+213		-2.428150e+213		2.794948e+211		3.241446e+211		5.498347e+212		2.816994e+211		1.693995e+214		8.505730e+213		1.789247e+211		1.792036e+211		1.161511e+211		1.788553e+211		1.790744e+211		-2.858789e+213		1.789571e+211		1.788159e+211		1.790093e+211		2.605261e+211		2.790740e+211		6.018170e+211		1.790650e+211		1.221512e+211		4.753100e+211		2.582834e+211		2.572204e+211		1.617410e+211		1.616798e+211		2.567482e+211		2.570274e+211		2.558732e+211		1.497232e+211		2.579727e+211		2.565002e+211		1.060247e+212		4.656741e+211		2.331508e+211		1.553729e+211		1.165026e+211		4.616065e+211		4.762651e+211		4.762651e+211		4.763164e+211		1.166182e+212		7.660339e+210		1.332530e+211		1.907673e+211		1.879528e+211		1.763453e+211		1.170501e+212		2.982725e+212		-3.551208e+207		-1.770066e+207		-5.178049e+211		1.431884e+211		2.275600e+211		7.382616e+211		-5.153415e+211		-5.179482e+211		-5.174041e+211		-5.164460e+211		-2.577713e+211		7.450661e+211		6.130640e+211		1.623395e+212		9.584511e+211		2.756398e+211		2.736460e+211		2.741391e+211		6.905865e+211		2.735563e+211		2.738588e+211		1.701606e+211		2.355593e+211		2.768289e+211		3.850842e+210		3.230855e+211		1.175702e+211		1.666105e+211		8.628822e+210		nan		nan		
71.000000		3.100854e+211		1.776425e+211		1.453214e+214		1.579438e+214		4.953826e+213		-3.935388e+213		2.486833e+211		3.050016e+211		5.494004e+212		2.730217e+211		1.539610e+214		9.166329e+213		1.789335e+211		1.791021e+211		1.138975e+211		1.788955e+211		1.791043e+211		-2.850780e+213		1.789849e+211		1.788182e+211		1.789846e+211		2.270651e+211		2.484427e+211		5.989185e+211		1.793572e+211		1.210894e+211		3.378872e+211		2.583627e+211		2.573209e+211		1.792569e+211		1.791434e+211		2.568527e+211		2.570210e+211		2.536852e+211		1.514344e+211		3.111906e+211		2.566031e+211		1.319308e+212		4.726840e+211		2.366810e+211		1.577118e+211		1.182570e+211		4.682103e+211		4.936670e+211		4.937022e+211		4.937013e+211		1.168139e+212		7.599508e+210		1.316333e+211		1.849161e+211		1.777789e+211		1.655809e+211		1.170898e+212		2.758842e+212		-3.551208e+207		-1.770066e+207		-5.191690e+211		1.346703e+211		2.158665e+211		6.095550e+211		-5.176455e+211		-5.197325e+211		-5.193578e+211		-5.185449e+211		-2.588791e+211		6.139535e+211		4.800201e+211		8.180608e+211		7.996981e+211		2.754908e+211		2.738624e+211		2.737356e+211		6.651274e+211		2.730617e+211		2.732484e+211		1.586377e+211		2.743446e+211		2.768276e+211		3.850736e+210		3.507326e+211		1.110288e+211		1.682864e+211		8.674737e+210		nan		nan		
73.000000		2.963567e+211		1.776445e+211		1.355378e+214		1.644467e+214		4.579879e+213		-9.327973e+213		2.262286e+211		2.900437e+211		5.484661e+212		2.617069e+211		1.468411e+214		9.584223e+213		1.789501e+211		1.790842e+211		1.142234e+211		1.789327e+211		1.791134e+211		-2.801349e+213		1.790113e+211		1.788279e+211		1.789806e+211		2.014321e+211		2.260701e+211		5.962777e+211		1.799033e+211		1.203810e+211		2.690863e+211		2.583468e+211		2.573666e+211		1.961572e+211		1.960035e+211		2.569663e+211		2.570386e+211		2.528660e+211		1.532318e+211		3.814716e+211		2.565712e+211		1.654864e+212		4.784420e+211		2.395700e+211		1.596322e+211		1.196943e+211		4.733249e+211		5.122182e+211		5.122182e+211		5.121730e+211		1.169533e+212		7.579005e+210		1.311712e+211		1.799018e+211		1.665731e+211		1.571210e+211		1.171188e+212		2.047491e+212		-3.551208e+207		-1.770066e+207		-5.203246e+211		1.280511e+211		2.069674e+211		5.233023e+211		-5.198371e+211		-5.213224e+211		-5.208541e+211		-5.201907e+211		-2.597553e+211		5.252674e+211		4.014840e+211		5.472077e+211		6.982078e+211		2.753674e+211		2.744318e+211		2.734722e+211		6.481562e+211		2.726967e+211		2.727904e+211		1.505983e+211		3.155994e+211		2.768225e+211		3.850704e+210		4.085400e+211		1.059899e+211		1.699487e+211		8.719466e+210		nan		nan		
75.000000		2.860186e+211		1.776433e+211		1.260429e+214		1.737225e+214		4.204796e+213		4.805707e+214		2.103131e+211		2.780792e+211		5.485156e+212		2.410549e+211		1.409542e+214		9.987807e+213		1.789681e+211		1.790716e+211		2.278789e+212		1.789761e+211		1.791334e+211		-2.784654e+213		1.790411e+211		1.788274e+211		1.789896e+211		1.822214e+211		2.102179e+211		5.938141e+211		1.791298e+211		1.199011e+211		2.299254e+211		2.583756e+211		2.574031e+211		2.111652e+211		2.109571e+211		2.570868e+211		2.570588e+211		2.527617e+211		1.549075e+211		4.717837e+211		2.563752e+211		2.067298e+212		4.817102e+211		2.412087e+211		1.607333e+211		1.205195e+211		4.761449e+211		5.324066e+211		5.324738e+211		5.324721e+211		1.169689e+212		7.571615e+210		1.310306e+211		1.754296e+211		1.557147e+211		1.509551e+211		1.171400e+212		1.012741e+212		-3.551208e+207		-1.770066e+207		-5.213400e+211		1.229287e+211		2.002570e+211		4.621726e+211		-5.217579e+211		-5.227080e+211		-5.222554e+211		-5.218619e+211		-2.605269e+211		4.615389e+211		3.530115e+211		4.245889e+211		6.279042e+211		2.752963e+211		2.760018e+211		2.732189e+211		6.367051e+211		2.723566e+211		2.724130e+211		1.449415e+211		3.559509e+211		2.768160e+211		3.850613e+210		5.262248e+211		1.021418e+211		1.716254e+211		8.865388e+210		nan		nan		
77.000000		2.782593e+211		1.776466e+211		1.258381e+214		1.992547e+214		3.886897e+213		8.013767e+213		1.995631e+211		2.680860e+211		5.484039e+212		2.011575e+211		1.410284e+214		1.042223e+214		1.789667e+211		1.790591e+211		6.572760e+213		1.789813e+211		1.791197e+211		-2.791816e+213		1.790506e+211		1.788254e+211		1.789878e+211		1.679350e+211		1.995190e+211		5.914226e+211		1.786366e+211		1.195342e+211		2.057961e+211		2.584015e+211		2.574677e+211		2.234536e+211		2.232072e+211		2.572142e+211		2.570831e+211		2.529940e+211		1.563694e+211		5.834852e+211		2.558158e+211		2.524994e+212		4.839570e+211		2.423333e+211		1.614796e+211		1.210745e+211		4.779206e+211		5.568277e+211		5.569774e+211		5.569736e+211		1.169575e+212		7.568601e+210		1.310038e+211		1.713908e+211		1.471792e+211		1.470914e+211		1.171503e+212		6.363795e+211		-3.551208e+207		-1.770066e+207		-5.222019e+211		1.189770e+211		1.952341e+211		4.170499e+211		-5.233746e+211		-5.238764e+211		-5.235026e+211		-5.233065e+211		-2.612242e+211		4.134377e+211		3.230736e+211		3.615330e+211		5.759202e+211		2.752279e+211		3.427956e+211		2.729411e+211		6.289832e+211		2.720620e+211		2.720838e+211		1.408903e+211		3.917834e+211		2.767991e+211		3.850562e+210		7.923879e+211		9.921447e+210		1.733784e+211		1.402064e+211		nan		nan		
79.000000		2.725551e+211		1.776476e+211		1.273273e+214		2.017483e+214		3.527022e+213		4.749253e+213		1.925047e+211		2.593722e+211		5.484329e+212		1.498791e+211		1.444356e+214		1.087353e+214		1.789486e+211		1.790325e+211		1.081935e+215		1.789941e+211		1.791050e+211		-2.772089e+213		1.790425e+211		1.788297e+211		1.789711e+211		1.573195e+211		1.924509e+211		5.885799e+211		1.679030e+211		1.191370e+211		1.900985e+211		2.583529e+211		2.574938e+211		2.329703e+211		2.326533e+211		2.572213e+211		2.570772e+211		2.533420e+211		1.575735e+211		7.142647e+211		2.549105e+211		2.944316e+212		4.854918e+211		2.430750e+211		1.619768e+211		1.214560e+211		4.788359e+211		5.878206e+211		5.879770e+211		5.879730e+211		1.169969e+212		7.567160e+210		1.310151e+211		1.676203e+211		1.414858e+211		1.451811e+211		1.171722e+212		5.893263e+211		-3.551208e+207		-1.770066e+207		-5.229523e+211		1.159344e+211		1.915326e+211		3.837372e+211		-5.247091e+211		-5.249719e+211		-5.245868e+211		-5.246569e+211		-2.618274e+211		3.763254e+211		3.044360e+211		3.267494e+211		5.351436e+211		2.751908e+211		-2.053970e+212		2.727006e+211		6.237035e+211		2.716849e+211		2.717453e+211		1.379395e+211		4.214895e+211		2.767820e+211		3.850513e+210		1.646792e+212		9.700482e+210		1.752607e+211		1.740264e+211		nan		nan		
81.000000		2.684417e+211		1.776530e+211		1.306122e+214		2.148075e+214		3.160714e+213		3.467745e+213		1.879393e+211		2.512471e+211		5.487686e+212		1.146070e+211		1.411751e+214		1.129355e+214		1.789313e+211		1.790221e+211		-1.161510e+214		1.790161e+211		1.791052e+211		-2.787900e+213		1.790363e+211		1.788275e+211		1.789658e+211		1.493860e+211		1.878867e+211		5.846480e+211		1.583914e+211		1.186914e+211		1.794654e+211		2.583210e+211		2.575041e+211		2.399611e+211		2.396127e+211		2.572624e+211		2.570726e+211		2.537032e+211		1.585320e+211		8.566889e+211		2.537697e+211		3.247912e+212		4.865960e+211		2.435781e+211		1.623231e+211		1.217228e+211		4.791228e+211		6.303740e+211		6.305042e+211		6.305630e+211		1.170022e+212		7.566908e+210		1.310509e+211		1.638791e+211		1.380256e+211		1.449457e+211		1.171898e+212		5.861232e+211		-3.551208e+207		-1.770066e+207		-5.236100e+211		1.135951e+211		1.888132e+211		3.599946e+211		-5.257517e+211		-5.260203e+211		-5.257125e+211		-5.260042e+211		-2.624000e+211		3.475563e+211		2.927416e+211		3.065056e+211		5.008671e+211		2.751726e+211		-5.891718e+211		2.725034e+211		6.200205e+211		2.713978e+211		2.714509e+211		1.357500e+211		4.444704e+211		2.767755e+211		3.850406e+210		2.194633e+214		9.534693e+210		1.773574e+211		1.777745e+211		nan		nan		
83.000000		2.655241e+211		1.776578e+211		1.324892e+214		2.312040e+214		2.760680e+213		2.720756e+213		1.849269e+211		2.431015e+211		5.493997e+212		9.932943e+210		1.417524e+214		1.145892e+214		1.789057e+211		1.790076e+211		-5.287529e+213		1.790232e+211		1.790740e+211		-2.825988e+213		1.790287e+211		1.788278e+211		1.789561e+211		1.433877e+211		1.848819e+211		5.789587e+211		1.486357e+211		1.181378e+211		1.720257e+211		2.582586e+211		2.574841e+211		2.450347e+211		2.446661e+211		2.572845e+211		2.570922e+211		2.540200e+211		1.592671e+211		9.976346e+211		2.524646e+211		3.354067e+212		4.870272e+211		2.437242e+211		1.624626e+211		1.217143e+211		4.785244e+211		6.857256e+211		6.858391e+211		6.858362e+211		1.170315e+212		7.565662e+210		1.310407e+211		1.599485e+211		1.359758e+211		1.458057e+211		1.171961e+212		5.857241e+211		-3.551208e+207		-1.770066e+207		-5.242084e+211		1.118093e+211		1.868690e+211		3.444838e+211		-5.266254e+211		-5.269742e+211		-5.267681e+211		-5.271909e+211		-2.629289e+211		3.255052e+211		2.850978e+211		2.941573e+211		4.699180e+211		2.751678e+211		-5.328938e+211		2.723035e+211		6.176037e+211		2.710917e+211		2.711697e+211		1.340894e+211		4.617086e+211		2.767576e+211		3.850349e+210		-1.992044e+212		9.413027e+210		1.796865e+211		1.805262e+211		nan		nan		
85.000000		2.634994e+211		1.776676e+211		1.344221e+214		2.221367e+214		2.394057e+213		2.253936e+213		1.829177e+211		2.346110e+211		5.500682e+212		9.373044e+210		1.454339e+214		1.142506e+214		1.789294e+211		1.790364e+211		-3.609139e+213		1.790318e+211		1.790865e+211		-2.817054e+213		1.790434e+211		1.788387e+211		1.789536e+211		1.387665e+211		1.828750e+211		5.704102e+211		1.417151e+211		1.174568e+211		1.666831e+211		2.582306e+211		2.575167e+211		2.486314e+211		2.482341e+211		2.572873e+211		2.570959e+211		2.542772e+211		1.598213e+211		1.118290e+212		2.508626e+211		3.232537e+212		4.870118e+211		2.436499e+211		-2.527252e+210		4.984099e+209		4.772987e+211		7.612009e+211		7.613036e+211		7.613989e+211		1.170656e+212		7.565382e+210		1.310527e+211		1.557667e+211		1.348046e+211		1.476492e+211		1.172019e+212		5.852908e+211		-3.551208e+207		-1.770066e+207		-5.247104e+211		1.104394e+211		1.854903e+211		3.367721e+211		-5.272754e+211		-5.278950e+211		-5.277850e+211		-5.284842e+211		-2.634467e+211		3.090103e+211		2.800390e+211		2.862299e+211		4.404450e+211		2.751706e+211		-5.222740e+211		2.721153e+211		6.159469e+211		2.708513e+211		2.708843e+211		1.328093e+211		4.741209e+211		2.767388e+211		3.850328e+210		-1.113539e+212		9.324739e+210		1.822896e+211		1.834744e+211		nan		nan		
87.000000		2.620872e+211		1.776751e+211		1.320362e+214		2.353133e+214		2.053858e+213		1.886181e+213		1.815225e+211		2.255463e+211		5.494509e+212		9.157407e+210		1.451764e+214		1.155425e+214		1.789139e+211		1.790452e+211		-2.752138e+213		1.790502e+211		1.790764e+211		-2.837413e+213		1.790620e+211		1.788487e+211		1.789762e+211		1.351349e+211		1.814947e+211		5.578449e+211		1.362426e+211		1.166375e+211		1.627552e+211		2.582073e+211		2.575164e+211		2.512232e+211		2.507871e+211		2.573060e+211		2.570952e+211		2.544751e+211		1.602222e+211		1.197644e+212		2.486722e+211		2.886310e+212		4.864910e+211		2.433062e+211		-2.331701e+205		1.387966e+205		4.753143e+211		8.512463e+211		8.512463e+211		8.512463e+211		1.170856e+212		7.563936e+210		1.310133e+211		1.513212e+211		1.341725e+211		1.497875e+211		1.172103e+212		5.842996e+211		-3.551208e+207		-1.770066e+207		-5.252211e+211		1.093670e+211		1.845352e+211		3.370123e+211		-5.278796e+211		-5.290634e+211		-5.289332e+211		-5.297958e+211		-2.639252e+211		2.967824e+211		2.764257e+211		2.808756e+211		4.113054e+211		2.751561e+211		-5.185859e+211		2.719560e+211		6.148172e+211		2.706188e+211		2.706212e+211		1.318135e+211		4.833276e+211		2.767211e+211		3.850439e+210		-8.398591e+211		9.262029e+210		1.851296e+211		1.866406e+211		nan		nan		
89.000000		2.611203e+211		1.776857e+211		1.359816e+214		2.580182e+214		1.728586e+213		1.581502e+213		1.805376e+211		2.160866e+211		5.494359e+212		9.060109e+210		1.422895e+214		1.172620e+214		1.788912e+211		1.790343e+211		-2.123176e+213		1.790569e+211		1.790455e+211		-2.905089e+213		1.790588e+211		1.788555e+211		1.789714e+211		1.321964e+211		1.805004e+211		5.394588e+211		1.329377e+211		1.156833e+211		1.598162e+211		2.581624e+211		2.574767e+211		2.530195e+211		2.525963e+211		2.573017e+211		2.570955e+211		2.546109e+211		1.605060e+211		1.220450e+212		2.456189e+211		2.393722e+212		4.860628e+211		2.429722e+211		-0.000000e+00		-0.000000e+00		4.728260e+211		9.416808e+211		9.418385e+211		9.416840e+211		1.170983e+212		7.561824e+210		1.309667e+211		1.467845e+211		1.338987e+211		1.516651e+211		1.171979e+212		5.814228e+211		-3.551208e+207		-1.770066e+207		-5.255272e+211		1.084611e+211		1.838566e+211		3.458571e+211		-5.285053e+211		-5.306962e+211		-5.306034e+211		-5.316534e+211		-2.644790e+211		2.876807e+211		2.736779e+211		2.770539e+211		3.825197e+211		2.751438e+211		-5.165712e+211		2.716174e+211		6.140587e+211		2.701802e+211		2.702449e+211		1.310126e+211		4.897015e+211		2.766843e+211		3.851148e+210		-7.154599e+211		9.217110e+210		1.880862e+211		1.900285e+211		nan		nan		
91.000000		2.604455e+211		1.776836e+211		1.454485e+214		2.383524e+214		1.419924e+213		1.312267e+213		1.797746e+211		2.066735e+211		5.489353e+212		9.005512e+210		1.386935e+214		1.209692e+214		1.788688e+211		1.790227e+211		-1.614542e+213		1.790485e+211		1.790244e+211		-2.905162e+213		1.790418e+211		1.788555e+211		1.789578e+211		1.297492e+211		1.797266e+211		5.134097e+211		1.300679e+211		1.145744e+211		1.576052e+211		2.580926e+211		2.574472e+211		2.542920e+211		2.538786e+211		2.572649e+211		2.571075e+211		2.546937e+211		1.606996e+211		1.187050e+212		2.415596e+211		1.883183e+212		4.857064e+211		2.422916e+211		2.334254e+199		-0.000000e+00		4.697130e+211		1.019110e+212		1.019110e+212		1.019230e+212		1.170773e+212		7.559575e+210		1.309282e+211		1.424169e+211		1.338387e+211		1.529803e+211		1.171778e+212		5.744071e+211		-3.551208e+207		-1.770066e+207		-5.257827e+211		1.075675e+211		1.833641e+211		3.646026e+211		-5.292024e+211		-5.332321e+211		-5.332300e+211		-5.343509e+211		-2.651672e+211		2.809139e+211		2.712757e+211		2.740406e+211		3.550501e+211		2.751326e+211		-5.147818e+211		2.712154e+211		6.135755e+211		2.694424e+211		2.696739e+211		1.303574e+211		4.941906e+211		2.766294e+211		3.854933e+210		-6.497914e+211		9.185532e+210		1.910251e+211		1.935628e+211		nan		nan		
93.000000		2.599750e+211		1.776873e+211		1.466067e+214		2.264402e+214		1.125528e+213		1.054434e+213		1.792390e+211		1.978172e+211		5.481603e+212		8.970844e+210		1.369744e+214		1.233094e+214		1.788525e+211		1.790070e+211		-1.195076e+213		1.790408e+211		1.790042e+211		-2.955883e+213		1.790190e+211		1.788544e+211		1.789345e+211		1.276440e+211		1.791984e+211		4.775649e+211		1.277507e+211		1.132746e+211		1.559285e+211		2.580677e+211		2.574379e+211		2.552045e+211		2.548039e+211		2.572824e+211		2.571246e+211		2.547397e+211		1.608318e+211		1.112302e+212		2.368005e+211		1.452709e+212		4.854735e+211		2.414758e+211		-4.363223e+199		3.029521e+200		4.655477e+211		1.077791e+212		1.077977e+212		1.077795e+212		1.170751e+212		7.557480e+210		1.309012e+211		1.384125e+211		1.338783e+211		1.538410e+211		1.171705e+212		5.563507e+211		-3.551208e+207		-1.770066e+207		-5.258641e+211		1.064715e+211		1.830207e+211		3.943942e+211		-5.300860e+211		-5.371814e+211		-5.372191e+211		-5.385576e+211		-2.660305e+211		2.756827e+211		2.690299e+211		2.714942e+211		3.296044e+211		2.751434e+211		-5.126101e+211		2.707193e+211		6.132811e+211		2.683722e+211		2.687922e+211		1.298218e+211		4.975190e+211		2.765670e+211		3.874022e+210		-6.127653e+211		9.163294e+210		1.938296e+211		1.972842e+211		nan		nan		
95.000000		2.596525e+211		1.776890e+211		1.510463e+214		2.054328e+214		8.621568e+212		8.184197e+212		1.788166e+211		1.898881e+211		5.477801e+212		8.945991e+210		1.370799e+214		1.257831e+214		1.788432e+211		1.790147e+211		-8.765742e+212		1.790376e+211		1.791048e+211		-2.703139e+213		1.790641e+211		1.788402e+211		1.789125e+211		1.257722e+211		1.787749e+211		4.299928e+211		1.257676e+211		1.116742e+211		1.546812e+211		2.579910e+211		2.573815e+211		2.558201e+211		2.553981e+211		2.572246e+211		2.571090e+211		2.547697e+211		1.609139e+211		1.020203e+212		2.322556e+211		1.132572e+212		4.853292e+211		2.368241e+211		4.100019e+199		0.000000e+00		4.598831e+211		1.114163e+212		1.114681e+212		1.114668e+212		1.170502e+212		7.554754e+210		1.308947e+211		1.349238e+211		1.339486e+211		1.542543e+211		1.171449e+212		5.109164e+211		-3.551208e+207		-1.770066e+207		-5.258493e+211		1.047887e+211		1.827731e+211		4.344143e+211		-5.313243e+211		-5.431429e+211		-5.431488e+211		-5.445854e+211		-2.670596e+211		2.713636e+211		2.666378e+211		2.690514e+211		3.068501e+211		2.751547e+211		-5.098474e+211		2.705235e+211		6.132090e+211		2.669833e+211		2.675336e+211		1.293552e+211		4.998275e+211		2.765172e+211		3.971008e+210		-5.917173e+211		9.147581e+210		1.963983e+211		2.011709e+211		nan		nan		
97.000000		2.594444e+211		1.776848e+211		1.525660e+214		1.933944e+214		6.592059e+212		6.330542e+212		1.785109e+211		1.829749e+211		5.470002e+212		8.928898e+210		1.310279e+214		1.325737e+214		1.786248e+211		1.788093e+211		-7.023017e+212		1.790210e+211		1.790351e+211		-2.847469e+213		1.790208e+211		1.788258e+211		1.788789e+211		1.241431e+211		1.784713e+211		3.728323e+211		1.240961e+211		1.094728e+211		1.538238e+211		2.579113e+211		2.573611e+211		2.562331e+211		2.558267e+211		2.572181e+211		2.571142e+211		2.548011e+211		1.609683e+211		9.341142e+211		2.299760e+211		9.193356e+211		4.851522e+211		2.373959e+211		0.000000e+00		0.000000e+00		4.523788e+211		1.131736e+212		1.132576e+212		1.132554e+212		1.170051e+212		7.542914e+210		1.307670e+211		1.318518e+211		1.340054e+211		1.543522e+211		1.171192e+212		4.078489e+211		-3.551208e+207		-1.770066e+207		-5.257628e+211		1.020326e+211		1.826303e+211		4.783873e+211		-5.326569e+211		-5.505718e+211		-5.506966e+211		-5.523654e+211		-2.682217e+211		2.672624e+211		2.642399e+211		2.665851e+211		2.863965e+211		2.751737e+211		-5.090032e+211		2.709749e+211		6.132091e+211		2.651519e+211		2.658756e+211		1.289406e+211		5.015335e+211		2.764267e+211		4.475981e+210		-5.803271e+211		9.136807e+210		1.987249e+211		2.047762e+211		nan		nan		
99.000000		2.593141e+211		1.776940e+211		1.608297e+214		2.360992e+214		5.446275e+212		5.270918e+212		1.783401e+211		1.762951e+211		5.466847e+212		8.919786e+210		1.313416e+214		1.337899e+214		1.768379e+211		1.770021e+211		-6.723868e+212		1.788358e+211		1.742698e+211		8.534029e+212		1.765248e+211		1.788293e+211		1.787380e+211		1.230151e+211		1.783053e+211		3.236305e+211		1.216070e+211		1.065377e+211		1.533473e+211		2.578548e+211		2.573454e+211		2.564053e+211		2.560301e+211		2.572598e+211		2.571108e+211		2.548224e+211		1.609973e+211		8.751616e+211		2.316443e+211		8.024754e+211		4.850351e+211		1.827038e+211		0.000000e+00		-0.000000e+00		4.459800e+211		1.138787e+212		1.138973e+212		1.138968e+212		1.170237e+212		7.489046e+210		1.297904e+211		1.287393e+211		1.340330e+211		1.543485e+211		1.171149e+212		4.078498e+211		-3.551208e+207		-1.770066e+207		-5.257483e+211		9.855135e+210		1.825133e+211		5.123080e+211		-5.336113e+211		-5.557946e+211		-5.559454e+211		-5.575899e+211		-2.693521e+211		2.611113e+211		2.626514e+211		2.645701e+211		2.672601e+211		2.751780e+211		-5.118784e+211		2.712299e+211		6.130840e+211		2.613402e+211		2.642546e+211		1.286079e+211		5.020565e+211		2.763373e+211		7.164363e+210		-5.754689e+211		9.129469e+210		2.007729e+211		2.072147e+211		nan		nan		
