z		z0		z1		T		P		1		2		3		4		5		6		7		8		9		10		11		12		13		14		15		16		17		18		19		20		21		22		23		24		25		26		27		28		29		30		31		32		33		34		35		36		37		38		39		40		41		42		43		44		45		46		47		48		49		50		51		52		53		54		55		56		57		58		59		60		61		62		63		64		65		66		67		68		69		70		71		72		73		74		75		76		77		78		79		80		81		82		83		84		85		86		87		88		89		90		91		92		93		94		95		96		97		98		99		100		101		102		103		104		105		106		107		108		109		110		111		
km		km		km		K		Pa		
1.000000	0.000000	2.000000	294.480000	9.031003e+04	1.638559e+03	4.593104e+11	2.023632e-01	1.867381e+06	1.940618e+08	6.620043e+09	2.221233e+17	3.454668e-07	1.940343e+09	4.134489e+03	4.131486e+12	6.485943e+08	1.622078e+09	1.853015e+05	2.563102e+02	2.522877e+00	8.187093e+07	9.223565e+08	3.294030e-33	2.601891e+12	3.442083e+13	7.271227e+09	4.261902e+08	5.230930e+02	4.561523e+02	8.348181e-62	7.011219e-11	6.171239e-15	2.301253e-06	1.982091e-07	7.177688e-03	1.995941e-16	1.556215e-06	1.130133e-06	1.021104e-04	7.064772e-14	5.343296e+05	7.226648e-09	3.500900e-06	3.555958e-11	2.157956e-10	3.125976e-04	5.496446e+09	3.635248e+01	9.543859e+07	9.277242e-03	2.107562e-06	6.566868e-04	4.226973e+09	3.665014e-19	0.000000e+00	7.774315e+15	1.177916e+13	4.442466e+18	1.776986e+19	2.049078e-03	7.143520e-08	2.930055e-19	6.881665e-10	1.081194e-01	7.008856e-03	5.669847e-08	4.907807e-02	4.042364e-27	7.886694e+00	1.010126e-01	4.368853e-25	5.144165e-03	0.000000e+00	1.453915e+06	7.465046e+00	1.201042e+03	6.031589e+08	4.159471e-04	4.040083e-03	3.254839e-31	7.560175e-29	5.523355e+09	9.416697e-57	3.194341e-36	0.000000e+00	0.000000e+00	0.000000e+00	0.000000e+00	0.000000e+00	0.000000e+00	0.000000e+00	0.000000e+00	0.000000e+00	0.000000e+00	0.000000e+00	0.000000e+00	0.000000e+00	0.000000e+00	0.000000e+00	0.000000e+00	0.000000e+00	0.000000e+00	0.000000e+00	0.000000e+00	0.000000e+00	0.000000e+00	0.000000e+00	0.000000e+00	0.000000e+00	1.982017e+05	1.904352e+03	1.152327e+06	2.527871e+02	1.420155e-11	0.000000e+00	
3.000000	2.000000	4.000000	283.440000	7.145737e+04	2.294090e+03	4.855548e+11	1.098712e-01	1.008307e+06	1.702317e+08	1.029511e+10	6.399167e+16	3.182363e-07	5.677430e+08	8.385284e+02	3.394503e+12	1.673011e+08	3.472137e+08	3.386421e+04	4.672010e+01	3.836730e-01	1.253059e+07	7.881857e+08	1.423785e-33	1.889947e+12	2.818645e+13	3.754011e+09	2.417064e+08	3.545295e+02	2.818714e+02	3.289082e-63	4.655787e-11	3.378181e-15	1.190614e-06	6.738751e-08	5.478089e-03	0.000000e+00	1.257212e-06	7.577170e-07	6.587172e-05	3.313944e-14	4.498492e+05	2.819682e-09	5.670409e-06	9.097657e-11	1.409695e-10	3.891712e-04	2.609665e+09	3.203751e+01	2.412205e+07	1.792746e-03	4.799827e-07	1.124001e-04	3.466237e+09	4.708423e-34	0.000000e+00	6.390985e+15	9.694832e+12	3.651991e+18	1.460797e+19	3.736459e-03	1.023729e-08	0.000000e+00	1.673051e-10	4.814486e-02	3.218469e-03	9.697968e-08	2.048748e-02	1.509358e-27	7.306720e-01	9.117299e-02	3.331378e-25	1.659443e-03	0.000000e+00	1.358210e+06	2.638605e+00	9.873804e+02	2.127321e+08	3.018258e-04	2.865361e-03	4.586791e-31	2.900285e-29	6.068682e+09	1.114889e-56	6.720315e-34	0.000000e+00	0.000000e+00	0.000000e+00	0.000000e+00	0.000000e+00	0.000000e+00	0.000000e+00	0.000000e+00	0.000000e+00	0.000000e+00	0.000000e+00	0.000000e+00	0.000000e+00	0.000000e+00	0.000000e+00	0.000000e+00	0.000000e+00	0.000000e+00	0.000000e+00	0.000000e+00	0.000000e+00	0.000000e+00	0.000000e+00	0.000000e+00	0.000000e+00	1.629095e+05	1.628488e+03	9.444401e+05	2.056463e+02	1.154710e-11	0.000000e+00	
5.000000	4.000000	6.000000	271.840000	5.600206e+04	3.281068e+03	5.035906e+11	9.321833e-02	8.646752e+05	1.475782e+08	1.055692e+10	2.922143e+16	3.945013e-07	2.471877e+08	3.353303e+02	2.772000e+12	6.355733e+07	1.054039e+08	7.991868e+03	1.900185e+01	1.489195e-01	2.739395e+06	6.098175e+08	1.093428e-33	1.389645e+12	2.297124e+13	2.033738e+09	1.271781e+08	2.353289e+02	1.613484e+02	1.799460e-64	2.963648e-11	1.617268e-15	6.225878e-07	3.626766e-08	4.179860e-03	0.000000e+00	1.445774e-06	8.436346e-07	4.063504e-05	2.455667e-14	3.785870e+05	1.445427e-09	8.963411e-06	1.168652e-10	7.985838e-11	5.575776e-04	1.306713e+09	2.991792e+01	6.620476e+06	6.231532e-04	2.010165e-07	3.404905e-05	2.825914e+09	3.605472e-34	0.000000e+00	5.222429e+15	7.929500e+12	2.984245e+18	1.193698e+19	5.794429e-03	4.695002e-09	0.000000e+00	9.763023e-11	3.305000e-02	2.143288e-03	1.485677e-07	1.376969e-02	6.427765e-28	1.424737e-01	8.848888e-02	2.448948e-25	9.100112e-04	0.000000e+00	2.185041e+06	1.417956e+00	8.069088e+02	1.064698e+08	2.215944e-04	2.099592e-03	2.828077e-31	8.485208e-30	5.677097e+09	1.251040e-56	5.823915e-29	0.000000e+00	0.000000e+00	0.000000e+00	0.000000e+00	0.000000e+00	0.000000e+00	0.000000e+00	0.000000e+00	0.000000e+00	0.000000e+00	0.000000e+00	0.000000e+00	0.000000e+00	0.000000e+00	0.000000e+00	0.000000e+00	0.000000e+00	0.000000e+00	0.000000e+00	0.000000e+00	0.000000e+00	0.000000e+00	0.000000e+00	0.000000e+00	0.000000e+00	1.330794e+05	1.439537e+03	7.687862e+05	1.667696e+02	9.349885e-12	0.000000e+00	
7.000000	6.000000	8.000000	259.120000	4.340083e+04	4.963666e+03	5.529246e+11	8.826681e-02	8.328462e+05	1.124465e+08	8.277436e+09	1.010222e+16	1.075596e-06	1.496876e+08	1.895019e+02	2.251888e+12	4.770197e+07	6.291912e+07	3.997726e+03	4.439919e+01	1.071646e-01	1.090895e+06	6.053879e+08	1.821414e-33	1.031450e+12	1.864059e+13	1.107557e+09	7.384770e+07	1.565527e+02	8.181086e+01	1.301776e-65	1.847701e-11	5.916465e-16	3.043529e-07	2.020690e-08	3.209532e-03	0.000000e+00	1.666177e-06	9.920751e-07	2.663994e-05	2.037930e-14	3.190865e+05	7.280684e-10	1.399099e-05	1.164061e-10	3.959124e-11	8.667721e-04	6.825685e+08	4.353431e+01	1.871581e+06	2.677932e-04	1.106766e-07	1.274599e-05	2.292227e+09	6.664474e-18	0.000000e+00	4.245990e+15	6.450668e+12	2.426280e+18	9.705121e+18	8.933646e-03	3.576498e-09	4.914425e-18	6.580148e-11	2.421051e-02	1.529149e-03	2.277026e-07	1.052474e-02	4.900800e-28	5.940620e-02	9.201636e-02	1.807583e-25	5.975467e-04	0.000000e+00	8.570186e+06	8.057976e-01	6.561169e+02	7.103862e+07	1.649346e-04	1.571238e-03	1.197864e-31	1.950652e-30	4.969845e+09	1.356142e-56	1.786644e-28	0.000000e+00	0.000000e+00	0.000000e+00	0.000000e+00	0.000000e+00	0.000000e+00	0.000000e+00	0.000000e+00	0.000000e+00	0.000000e+00	0.000000e+00	0.000000e+00	0.000000e+00	0.000000e+00	0.000000e+00	0.000000e+00	0.000000e+00	0.000000e+00	0.000000e+00	0.000000e+00	0.000000e+00	0.000000e+00	0.000000e+00	0.000000e+00	0.000000e+00	1.081403e+05	1.314690e+03	6.220551e+05	1.349282e+02	7.551452e-12	0.000000e+00	
9.000000	8.000000	10.000000	245.840000	3.319541e+04	7.681314e+03	6.191956e+11	8.432189e-02	7.989950e+05	7.730127e+07	5.259218e+09	2.954135e+15	4.878835e-06	1.068867e+08	1.220875e+02	1.813593e+12	5.448401e+07	5.568002e+07	3.243143e+03	3.550563e+02	9.664356e-02	6.336297e+05	6.335317e+08	4.509387e-33	7.729277e+11	1.500647e+13	5.646495e+08	4.712202e+07	1.054328e+02	3.694026e+01	6.953098e-66	1.174801e-11	1.897214e-16	1.385371e-07	1.073438e-08	2.479886e-03	4.321423e-17	1.206841e-06	6.573041e-07	1.378176e-05	1.684462e-14	2.686805e+05	3.256033e-10	1.493146e-05	9.678867e-11	1.700709e-11	1.419151e-03	3.791259e+08	7.961732e+01	5.663063e+05	1.342438e-04	7.265903e-08	5.586083e-06	1.843392e+09	2.391842e-23	0.000000e+00	3.423004e+15	5.201775e+12	1.956002e+18	7.824009e+18	1.350564e-02	3.357603e-09	1.699594e-23	4.073085e-11	1.686134e-02	1.024449e-03	3.429075e-07	8.114892e-03	4.003722e-27	3.544736e-02	1.007259e-01	1.382515e-25	4.245371e-04	0.000000e+00	5.725129e+07	4.302928e-01	5.290335e+02	5.225919e+07	1.282469e-04	1.234590e-03	3.693723e-32	3.435232e-31	4.174887e+09	1.430367e-56	6.657654e-24	0.000000e+00	0.000000e+00	0.000000e+00	0.000000e+00	0.000000e+00	0.000000e+00	0.000000e+00	0.000000e+00	0.000000e+00	0.000000e+00	0.000000e+00	0.000000e+00	0.000000e+00	0.000000e+00	0.000000e+00	0.000000e+00	0.000000e+00	0.000000e+00	0.000000e+00	0.000000e+00	0.000000e+00	0.000000e+00	0.000000e+00	0.000000e+00	0.000000e+00	8.711129e+04	1.233045e+03	4.984933e+05	1.083801e+02	6.054340e-12	0.000000e+00	
11.000000	10.000000	12.000000	231.220000	2.499304e+04	1.247044e+04	7.353469e+11	6.941835e-02	6.581802e+05	4.609988e+07	2.815549e+09	6.456553e+14	2.399379e-05	8.032980e+07	6.811555e+01	1.449534e+12	5.460734e+07	4.237364e+07	3.171122e+03	8.038063e+03	7.991611e-02	2.762234e+05	6.789780e+08	8.763273e-33	5.808772e+11	1.199618e+13	2.364560e+08	3.161784e+07	7.122653e+01	1.412666e+01	1.103660e-66	7.670494e-12	5.550918e-17	5.580111e-08	4.394127e-09	1.921769e-03	4.128899e-15	4.830771e-07	1.721936e-07	7.453811e-06	1.177053e-14	2.295459e+05	1.049079e-10	1.102726e-05	6.941726e-11	6.148315e-12	2.563515e-03	2.211238e+08	1.773504e+02	1.859937e+05	6.557508e-05	4.895370e-08	2.414876e-06	1.470562e+09	4.535605e-19	0.000000e+00	2.740158e+15	4.164187e+12	1.565804e+18	6.263217e+18	2.102563e-02	2.897449e-09	3.080323e-19	1.609783e-11	9.282845e-03	5.356867e-04	5.320611e-07	5.417685e-03	2.211422e-26	1.464365e-02	1.227612e-01	1.113230e-25	2.809517e-04	0.000000e+00	1.858484e+08	1.798950e-01	4.236311e+02	3.773210e+07	1.032651e-04	1.008679e-03	8.401521e-33	4.459664e-32	3.428038e+09	1.565781e-56	1.457476e-23	0.000000e+00	0.000000e+00	0.000000e+00	0.000000e+00	0.000000e+00	0.000000e+00	0.000000e+00	0.000000e+00	0.000000e+00	0.000000e+00	0.000000e+00	0.000000e+00	0.000000e+00	0.000000e+00	0.000000e+00	0.000000e+00	0.000000e+00	0.000000e+00	0.000000e+00	0.000000e+00	0.000000e+00	0.000000e+00	0.000000e+00	0.000000e+00	0.000000e+00	6.963522e+04	1.235694e+03	3.953014e+05	8.638529e+01	4.813015e-12	0.000000e+00	
13.000000	12.000000	14.000000	215.260000	1.845326e+04	4.075233e+04	1.768039e+12	4.741792e-02	4.992086e+05	1.214511e+07	4.432552e+08	9.657175e+13	1.009862e-03	5.428202e+07	1.475551e+01	1.139000e+12	1.833101e+08	1.860829e+08	9.311415e+03	4.956314e+05	5.914547e-02	5.773688e+05	1.540451e+09	1.351050e-31	3.864614e+11	9.454816e+12	7.821058e+07	1.621127e+07	3.636721e+01	1.955008e+00	1.768580e-68	3.632712e-12	5.399412e-18	9.181184e-09	7.284741e-10	1.418178e-03	3.723935e-14	4.343287e-08	5.806240e-09	3.312335e-06	7.044350e-15	2.500750e+05	3.113472e-11	1.825035e-06	4.019540e-11	3.087586e-12	9.920271e-03	8.127370e+07	3.386077e+02	2.582666e+04	2.394131e-05	4.961961e-08	7.882185e-07	1.143805e+09	6.968611e-17	0.000000e+00	2.173159e+15	3.299113e+12	1.241805e+18	4.967222e+18	6.648517e-02	2.063049e-09	4.544892e-17	4.525897e-12	4.275764e-03	2.201778e-04	1.670117e-06	2.969265e-03	3.763518e-26	2.948514e-02	3.430909e-01	1.280324e-25	1.123201e-04	0.000000e+00	3.994897e+08	6.209510e-02	3.366635e+02	2.099084e+07	5.256171e-05	5.193188e-04	2.456952e-33	1.375600e-32	2.825675e+09	3.205298e-56	6.525049e-24	0.000000e+00	0.000000e+00	0.000000e+00	0.000000e+00	0.000000e+00	0.000000e+00	0.000000e+00	0.000000e+00	0.000000e+00	0.000000e+00	0.000000e+00	0.000000e+00	0.000000e+00	0.000000e+00	0.000000e+00	0.000000e+00	0.000000e+00	0.000000e+00	0.000000e+00	0.000000e+00	0.000000e+00	0.000000e+00	0.000000e+00	0.000000e+00	0.000000e+00	5.470656e+04	2.291044e+03	2.959484e+05	6.693957e+01	3.672754e-12	0.000000e+00	
15.000000	14.000000	16.000000	203.790000	1.335911e+04	1.704764e+05	4.832502e+12	1.883137e-02	2.079169e+05	2.133957e+06	2.537874e+07	2.046689e+13	3.652797e-02	2.661609e+07	3.647898e+00	8.408097e+11	5.455715e+08	9.780929e+08	3.240627e+04	9.787058e+06	6.262172e-02	6.499920e+05	4.092487e+09	1.893216e-30	2.303873e+11	7.080200e+12	2.220596e+07	6.909081e+06	1.601980e+01	1.644967e-01	1.473262e-67	1.678606e-12	5.672834e-18	5.552064e-09	6.133552e-11	1.019545e-03	0.000000e+00	2.658909e-09	1.157946e-10	1.388943e-06	2.452865e-15	3.860950e+05	9.377166e-12	1.422648e-07	7.381324e-08	1.155207e-09	2.977596e-01	2.624988e+07	2.141147e+02	2.892060e+03	6.867387e-06	4.748540e-08	1.896629e-07	8.124085e+08	5.255835e-18	0.000000e+00	1.661792e+15	2.509209e+12	9.495952e+17	3.798381e+18	2.674895e-01	2.955025e-09	3.524919e-18	6.193884e-13	1.550632e-03	7.432448e-05	6.576584e-06	7.959755e-04	7.480158e-23	5.600400e-02	1.287795e+00	2.814051e-25	2.132912e-05	0.000000e+00	5.292392e+08	1.617739e-02	2.595317e+02	8.303273e+06	2.507458e-05	2.452452e-04	1.250599e-27	1.573333e-27	2.214166e+09	8.045804e-56	1.399203e-21	0.000000e+00	0.000000e+00	0.000000e+00	0.000000e+00	0.000000e+00	0.000000e+00	0.000000e+00	0.000000e+00	0.000000e+00	0.000000e+00	0.000000e+00	0.000000e+00	0.000000e+00	0.000000e+00	0.000000e+00	0.000000e+00	0.000000e+00	0.000000e+00	0.000000e+00	0.000000e+00	0.000000e+00	0.000000e+00	0.000000e+00	0.000000e+00	0.000000e+00	3.976211e+04	6.975039e+03	1.757000e+05	4.685173e+01	2.405675e-12	0.000000e+00	
17.000000	16.000000	18.000000	201.300000	9.566443e+03	5.506251e+05	8.202465e+12	2.454547e-02	2.468625e+05	2.151561e+06	6.578896e+06	1.427405e+13	2.122208e-01	7.273221e+06	2.009475e+00	5.676758e+11	7.497596e+08	2.035659e+09	8.792781e+04	5.095386e+07	1.189768e-01	8.960892e+05	6.728774e+09	2.818012e-29	1.219039e+11	4.928191e+12	2.400885e+07	2.170611e+06	7.254392e+00	1.219014e-01	2.587257e-67	5.456821e-13	5.908154e-19	3.671715e-10	2.952211e-11	7.275194e-04	1.243260e-17	2.291964e-10	5.148817e-11	1.369023e-06	2.849886e-15	5.570407e+05	1.748100e-11	1.265173e-07	4.427885e-07	2.861762e-09	1.054370e+00	9.492567e+06	1.215437e+02	1.845264e+02	8.361970e-06	1.333306e-07	1.710117e-07	5.036841e+08	7.462815e-19	0.000000e+00	1.204727e+15	1.797845e+12	6.884154e+17	2.753662e+18	7.972300e-01	7.524909e-09	5.826070e-19	1.509639e-12	2.517203e-03	1.232399e-04	1.882088e-05	5.264108e-04	1.621593e-22	1.846050e-01	3.113959e+00	2.139310e-25	1.181411e-05	0.000000e+00	8.204241e+08	1.770695e-02	1.911684e+02	4.978620e+06	1.488063e-05	1.397967e-04	1.358694e-26	7.317918e-27	1.626604e+09	1.342536e-55	6.032901e-21	0.000000e+00	0.000000e+00	0.000000e+00	0.000000e+00	0.000000e+00	0.000000e+00	0.000000e+00	0.000000e+00	0.000000e+00	0.000000e+00	0.000000e+00	0.000000e+00	0.000000e+00	0.000000e+00	0.000000e+00	0.000000e+00	0.000000e+00	0.000000e+00	0.000000e+00	0.000000e+00	0.000000e+00	0.000000e+00	0.000000e+00	0.000000e+00	0.000000e+00	2.312664e+04	9.961991e+03	7.008992e+04	2.813963e+01	1.237304e-12	0.000000e+00	
19.000000	18.000000	20.000000	203.300000	6.847775e+03	1.367223e+06	9.598842e+12	4.354170e-02	3.545997e+05	3.061666e+06	9.629991e+06	1.053721e+13	5.598746e-01	1.246836e+06	5.911543e-01	3.617842e+11	8.366673e+08	2.796051e+09	1.562256e+05	9.339198e+07	1.377682e-01	1.132295e+06	8.116758e+09	3.176735e-28	6.405409e+10	3.291627e+12	2.852632e+07	5.373237e+05	5.117226e+00	1.694915e-01	5.724328e-66	2.528959e-13	6.602171e-19	2.335565e-10	3.046347e-11	5.683016e-04	0.000000e+00	1.046947e-10	3.200155e-11	8.097793e-07	4.728257e-15	6.811499e+05	5.278602e-11	2.680908e-07	1.139503e-06	3.021078e-09	2.148099e+00	6.465430e+06	1.396427e+02	7.643093e+00	1.404813e-05	3.753183e-07	2.004224e-07	2.776914e+08	6.170699e-29	0.000000e+00	8.538745e+14	1.249992e+12	4.879283e+17	1.951713e+18	1.793560e+00	7.465530e-09	0.000000e+00	6.468310e-12	4.983802e-03	2.390028e-04	3.990872e-05	4.091194e-04	2.478916e-22	4.855268e-01	4.725114e+00	1.461452e-25	1.386763e-05	0.000000e+00	1.018574e+09	2.257858e-02	1.386855e+02	4.422880e+06	1.768960e-05	1.571507e-04	2.534361e-26	5.481639e-27	1.156121e+09	1.174444e-55	2.543404e-20	0.000000e+00	0.000000e+00	0.000000e+00	0.000000e+00	0.000000e+00	0.000000e+00	0.000000e+00	0.000000e+00	0.000000e+00	0.000000e+00	0.000000e+00	0.000000e+00	0.000000e+00	0.000000e+00	0.000000e+00	0.000000e+00	0.000000e+00	0.000000e+00	0.000000e+00	0.000000e+00	0.000000e+00	0.000000e+00	0.000000e+00	0.000000e+00	0.000000e+00	9.072024e+03	8.318962e+03	1.947677e+04	1.484779e+01	5.152520e-13	0.000000e+00	
21.000000	20.000000	22.000000	206.940000	4.924221e+03	2.710203e+06	8.672503e+12	8.554182e-02	5.267600e+05	4.299344e+06	1.460632e+07	7.781659e+12	1.077672e+00	1.703780e+05	1.342329e-01	2.242630e+11	9.134050e+08	3.072297e+09	1.938350e+05	8.839728e+07	1.691492e-01	1.374720e+06	8.023189e+09	2.757219e-27	3.633261e+10	2.165370e+12	2.963523e+07	1.182491e+05	4.927086e+00	1.995332e-01	2.502785e-64	3.571586e-13	2.422508e-18	4.952458e-10	4.903919e-11	5.052043e-04	2.418238e-18	1.266738e-10	4.109010e-11	8.371113e-07	9.290404e-15	7.238077e+05	1.672562e-10	6.537679e-07	1.873812e-06	1.977279e-09	3.174195e+00	5.308266e+06	1.920925e+02	2.491995e-01	2.404118e-05	8.429387e-07	2.354220e-07	1.410620e+08	7.118449e-19	0.000000e+00	6.032190e+14	8.600942e+11	3.446966e+17	1.378786e+18	3.171169e+00	4.480442e-09	1.033417e-18	2.837443e-11	9.240463e-03	4.142122e-04	6.572244e-05	3.497744e-04	8.618427e-22	9.564150e-01	5.038540e+00	8.901050e-25	1.934930e-05	0.000000e+00	9.406000e+08	2.604235e-02	1.007767e+02	4.367780e+06	2.570992e-05	2.162503e-04	1.843481e-26	1.522907e-27	8.079539e+08	8.388404e-56	1.159293e-19	0.000000e+00	0.000000e+00	0.000000e+00	0.000000e+00	0.000000e+00	0.000000e+00	0.000000e+00	0.000000e+00	0.000000e+00	0.000000e+00	0.000000e+00	0.000000e+00	0.000000e+00	0.000000e+00	0.000000e+00	0.000000e+00	0.000000e+00	0.000000e+00	0.000000e+00	0.000000e+00	0.000000e+00	0.000000e+00	0.000000e+00	0.000000e+00	0.000000e+00	2.636410e+03	5.418062e+03	4.433408e+03	7.219533e+00	1.914681e-13	0.000000e+00	
23.000000	22.000000	24.000000	212.220000	3.565837e+03	4.755519e+06	6.768469e+12	1.788324e-01	7.932994e+05	5.841340e+06	2.035745e+07	5.747967e+12	1.689565e+00	1.957887e+04	2.760182e-02	1.358491e+11	9.920742e+08	3.055330e+09	2.037402e+05	6.208954e+07	2.383806e-01	1.638602e+06	6.911133e+09	2.075225e-26	2.218439e+10	1.410629e+12	2.821327e+07	2.664547e+04	4.975064e+00	2.025721e-01	2.198907e-62	7.928261e-13	9.580536e-18	1.144791e-09	1.051132e-10	4.993233e-04	1.118969e-17	1.976573e-10	6.880737e-11	9.954301e-07	2.064230e-14	7.048502e+05	5.627136e-10	1.670128e-06	2.414982e-06	9.701895e-10	3.778677e+00	3.981549e+06	2.365515e+02	6.810321e-03	4.062938e-05	1.632564e-06	2.695931e-07	6.638316e+07	5.298311e-18	0.000000e+00	4.259485e+14	5.871277e+11	2.433992e+17	9.735966e+17	4.817186e+00	2.179333e-09	1.184339e-17	1.285959e-10	1.665520e-02	6.658540e-04	9.213708e-05	3.219495e-04	4.337258e-21	1.656813e+00	4.112075e+00	3.094371e-24	2.391730e-05	0.000000e+00	7.179665e+08	2.813780e-02	7.350522e+01	4.127283e+06	3.385093e-05	2.718024e-04	7.777592e-27	2.309681e-28	5.553158e+08	5.924325e-56	6.373038e-19	0.000000e+00	0.000000e+00	0.000000e+00	0.000000e+00	0.000000e+00	0.000000e+00	0.000000e+00	0.000000e+00	0.000000e+00	0.000000e+00	0.000000e+00	0.000000e+00	0.000000e+00	0.000000e+00	0.000000e+00	0.000000e+00	0.000000e+00	0.000000e+00	0.000000e+00	0.000000e+00	0.000000e+00	0.000000e+00	0.000000e+00	0.000000e+00	0.000000e+00	6.220211e+02	3.227529e+03	8.783603e+02	3.261131e+00	6.472086e-14	0.000000e+00	
25.000000	24.000000	26.000000	217.150000	2.602091e+03	7.811608e+06	5.044834e+12	3.876903e-01	1.207714e+06	7.404949e+06	2.486477e+07	4.282577e+12	2.626949e+00	1.812259e+03	5.223603e-03	8.126899e+10	1.115366e+09	2.947666e+09	1.933161e+05	3.809236e+07	3.428547e-01	2.013977e+06	5.311100e+09	1.368536e-25	1.438147e+10	9.214448e+11	2.580898e+07	1.008636e+04	5.008093e+00	1.834455e-01	1.937418e-60	1.978497e-12	4.026998e-17	2.877226e-09	2.530601e-10	5.349840e-04	5.024324e-17	3.293777e-10	1.187624e-10	1.153323e-06	4.555454e-14	6.535110e+05	1.690429e-09	3.689031e-06	2.815475e-06	3.905312e-10	4.598979e+00	2.743965e+06	2.673037e+02	2.519019e-04	6.178447e-05	2.683185e-06	2.820442e-07	2.907900e+07	3.239908e-17	0.000000e+00	3.037698e+14	4.018211e+11	1.735827e+17	6.943310e+17	6.832040e+00	1.128117e-09	1.205680e-16	5.615196e-10	2.946146e-02	1.032823e-03	1.197502e-04	3.167132e-04	2.600713e-20	2.745410e+00	2.751411e+00	1.212963e-23	2.722153e-05	0.000000e+00	4.765233e+08	2.959521e-02	5.434412e+01	3.749693e+06	3.996888e-05	3.091015e-04	2.474624e-27	2.413192e-29	3.790202e+08	4.225002e-56	4.209714e-18	0.000000e+00	0.000000e+00	0.000000e+00	0.000000e+00	0.000000e+00	0.000000e+00	0.000000e+00	0.000000e+00	0.000000e+00	0.000000e+00	0.000000e+00	0.000000e+00	0.000000e+00	0.000000e+00	0.000000e+00	0.000000e+00	0.000000e+00	0.000000e+00	0.000000e+00	0.000000e+00	0.000000e+00	0.000000e+00	0.000000e+00	0.000000e+00	0.000000e+00	1.236931e+02	1.922943e+03	1.528762e+02	1.367559e+00	1.950090e-14	0.000000e+00	
27.000000	26.000000	28.000000	221.380000	1.911382e+03	1.276305e+07	3.820721e+12	8.986221e-01	1.846262e+06	9.131461e+06	2.853288e+07	3.219655e+12	4.407265e+00	1.250639e+02	7.951732e-04	4.775753e+10	1.247475e+09	2.791599e+09	1.772668e+05	2.196111e+07	4.716601e-01	2.449156e+06	3.667694e+09	8.519969e-25	9.748945e+09	6.029898e+11	2.340109e+07	8.573961e+03	5.069728e+00	1.601331e-01	1.621990e-58	5.309204e-12	1.782751e-16	7.452198e-09	6.265357e-10	6.126300e-04	2.281553e-16	7.013778e-10	2.596294e-10	1.655745e-06	1.229993e-13	5.905841e+05	4.493593e-09	7.421078e-06	3.172320e-06	1.341120e-10	6.101085e+00	1.793276e+06	2.850844e+02	8.148402e-05	7.992673e-05	3.753700e-06	2.565014e-07	1.144128e+07	1.663522e-16	0.000000e+00	2.188724e+14	2.755385e+11	1.250700e+17	5.002798e+17	9.722674e+00	1.038600e-09	1.156498e-15	2.364113e-09	5.196947e-02	1.602345e-03	1.548907e-04	3.268174e-04	1.809883e-19	4.472704e+00	1.622007e+00	5.444703e-23	2.938654e-05	0.000000e+00	2.909003e+08	3.122242e-02	4.077014e+01	3.300850e+06	4.387992e-05	3.290443e-04	6.615400e-28	1.888148e-30	2.567254e+08	3.044201e-56	3.151961e-17	0.000000e+00	0.000000e+00	0.000000e+00	0.000000e+00	0.000000e+00	0.000000e+00	0.000000e+00	0.000000e+00	0.000000e+00	0.000000e+00	0.000000e+00	0.000000e+00	0.000000e+00	0.000000e+00	0.000000e+00	0.000000e+00	0.000000e+00	0.000000e+00	0.000000e+00	0.000000e+00	0.000000e+00	0.000000e+00	0.000000e+00	0.000000e+00	0.000000e+00	2.116287e+01	1.180166e+03	2.354275e+01	5.113334e-01	4.912618e-15	0.000000e+00	
29.000000	28.000000	30.000000	225.260000	1.411910e+03	2.120275e+07	2.958278e+12	2.299408e+00	2.740199e+06	1.103493e+07	3.104544e+07	2.433826e+12	7.549159e+00	7.056746e+00	9.894246e-05	2.749390e+10	1.338623e+09	2.541576e+09	1.594266e+05	1.157386e+07	5.839622e-01	2.746619e+06	2.270194e+09	4.857044e-24	6.885436e+09	3.944429e+11	2.093843e+07	1.015438e+04	5.091224e+00	1.377015e-01	1.348366e-56	1.484674e-11	8.330351e-16	1.921316e-08	1.509858e-09	7.375122e-04	1.067178e-15	1.536611e-09	5.533677e-10	2.238900e-06	3.083722e-13	5.238059e+05	1.080056e-08	1.479764e-05	3.270416e-06	3.672861e-11	8.038002e+00	1.110151e+06	2.755809e+02	4.858952e-05	8.311822e-05	4.267499e-06	1.924576e-07	3.896685e+06	6.930035e-16	0.000000e+00	1.588930e+14	1.888051e+11	9.079602e+16	3.631841e+17	1.423540e+01	2.033891e-09	1.048765e-14	9.359842e-09	9.079533e-02	2.460081e-03	2.045556e-04	3.407290e-04	1.304741e-18	6.950677e+00	9.067774e-01	2.593112e-22	2.875468e-05	0.000000e+00	1.647619e+08	3.272357e-02	3.095836e+01	2.774714e+06	4.522444e-05	3.301126e-04	1.306301e-28	9.561753e-32	1.721196e+08	2.209974e-56	2.334709e-16	0.000000e+00	0.000000e+00	0.000000e+00	0.000000e+00	0.000000e+00	0.000000e+00	0.000000e+00	0.000000e+00	0.000000e+00	0.000000e+00	0.000000e+00	0.000000e+00	0.000000e+00	0.000000e+00	0.000000e+00	0.000000e+00	0.000000e+00	0.000000e+00	0.000000e+00	0.000000e+00	0.000000e+00	0.000000e+00	0.000000e+00	0.000000e+00	0.000000e+00	3.616536e+00	7.531936e+02	3.750331e+00	1.654160e-01	1.014640e-15	0.000000e+00	
31.000000	30.000000	32.000000	230.260000	1.049120e+03	3.570306e+07	2.252688e+12	6.609311e+00	3.790526e+06	1.268175e+07	3.044652e+07	1.841059e+12	1.166776e+01	5.156208e-01	1.625871e-05	1.522896e+10	1.357851e+09	2.189103e+09	1.412412e+05	5.352130e+06	6.384981e-01	2.650649e+06	1.240962e+09	2.524514e-23	5.044306e+09	2.548424e+11	1.830754e+07	1.439916e+04	4.954852e+00	1.135232e-01	1.625778e-54	4.360589e-11	4.265080e-15	4.978563e-08	3.580439e-09	9.380549e-04	5.232770e-15	3.759193e-09	1.253369e-09	3.221464e-06	7.547443e-13	4.604334e+05	2.622865e-08	3.336032e-05	2.649785e-06	6.612196e-12	8.839939e+00	6.203386e+05	2.169232e+02	2.337774e-05	6.465300e-05	3.579200e-06	1.115354e-07	1.055700e+06	2.192393e-15	0.000000e+00	1.155017e+14	1.280399e+11	6.600098e+16	2.640039e+17	2.094993e+01	5.394252e-09	9.177580e-14	3.512287e-08	1.573725e-01	3.629807e-03	2.679388e-04	3.413069e-04	9.264142e-18	1.010272e+01	4.850975e-01	1.201211e-21	2.264941e-05	0.000000e+00	8.430563e+07	3.331347e-02	2.372018e+01	2.232273e+06	4.207844e-05	2.996165e-04	1.323095e-29	2.061746e-33	1.130437e+08	1.606463e-56	1.623536e-15	0.000000e+00	0.000000e+00	0.000000e+00	0.000000e+00	0.000000e+00	0.000000e+00	0.000000e+00	0.000000e+00	0.000000e+00	0.000000e+00	0.000000e+00	0.000000e+00	0.000000e+00	0.000000e+00	0.000000e+00	0.000000e+00	0.000000e+00	0.000000e+00	0.000000e+00	0.000000e+00	0.000000e+00	0.000000e+00	0.000000e+00	0.000000e+00	0.000000e+00	7.078739e-01	4.907809e+02	7.128943e-01	4.342083e-02	1.662146e-16	0.000000e+00	
33.000000	32.000000	34.000000	236.380000	7.850729e+02	5.988945e+07	1.657741e+12	2.063868e+01	4.865676e+06	1.343392e+07	2.572621e+07	1.393570e+12	1.667161e+01	9.124928e-02	6.515226e-06	8.177787e+09	1.305888e+09	1.741933e+09	1.184213e+05	2.072973e+06	6.122199e-01	2.212147e+06	6.022740e+08	1.234650e-22	3.805358e+09	1.631237e+11	1.553603e+07	2.226391e+04	4.588369e+00	8.669469e-02	2.468934e-52	1.272353e-10	2.193381e-14	1.215052e-07	7.924705e-09	1.232062e-03	2.609171e-14	9.928239e-09	2.979451e-09	4.765949e-06	1.718610e-12	4.013905e+05	6.491933e-08	8.292853e-05	1.562596e-06	7.056391e-13	7.669430e+00	3.045167e+05	1.352772e+02	8.510656e-06	3.626154e-05	2.092417e-06	5.085429e-08	2.218881e+05	4.916087e-15	0.000000e+00	8.419401e+13	8.614411e+10	4.811086e+16	1.924435e+17	3.014061e+01	1.535398e-08	7.487151e-13	1.229256e-07	2.685491e-01	5.043930e-03	3.391365e-04	3.249957e-04	6.045693e-17	1.329621e+01	2.456939e-01	5.173209e-21	1.386215e-05	0.000000e+00	3.736050e+07	3.243191e-02	1.836282e+01	1.844922e+06	3.418532e-05	2.378488e-04	5.751377e-31	1.545091e-35	7.292265e+07	1.171018e-56	9.713679e-15	0.000000e+00	0.000000e+00	0.000000e+00	0.000000e+00	0.000000e+00	0.000000e+00	0.000000e+00	0.000000e+00	0.000000e+00	0.000000e+00	0.000000e+00	0.000000e+00	0.000000e+00	0.000000e+00	0.000000e+00	0.000000e+00	0.000000e+00	0.000000e+00	0.000000e+00	0.000000e+00	0.000000e+00	0.000000e+00	0.000000e+00	0.000000e+00	0.000000e+00	1.665535e-01	3.233820e+02	1.666897e-01	9.303306e-03	2.292652e-17	0.000000e+00	
35.000000	34.000000	36.000000	242.240000	5.917653e+02	9.947852e+07	1.203659e+12	6.715799e+01	5.999313e+06	1.312374e+07	1.888976e+07	1.061474e+12	2.466575e+01	2.607418e-02	4.215826e-06	4.298279e+09	1.208942e+09	1.268485e+09	9.122267e+04	6.776150e+05	5.197400e-01	1.711590e+06	2.726587e+08	5.982429e-22	2.912823e+09	1.040907e+11	1.266322e+07	3.220337e+04	4.071398e+00	6.048441e-02	2.964682e-50	3.465036e-10	9.653797e-14	2.608098e-07	1.522452e-08	1.653048e-03	1.247776e-13	2.673651e-08	7.462236e-09	6.919768e-06	3.613349e-12	3.500099e+05	1.551602e-07	2.011310e-04	6.482237e-07	4.072776e-14	5.433484e+00	1.310442e+05	7.198906e+01	2.169927e-06	1.419976e-05	8.310893e-07	2.050602e-08	3.565026e+04	7.185380e-15	0.000000e+00	6.192779e+13	5.787900e+10	3.538731e+16	1.415492e+17	4.244115e+01	4.179991e-08	5.422512e-12	3.901120e-07	4.423497e-01	6.596694e-03	4.152679e-04	3.020933e-04	3.434188e-16	1.542894e+01	1.198729e-01	1.996208e-20	7.002874e-06	0.000000e+00	1.420877e+07	3.011118e-02	1.445503e+01	1.731383e+06	2.389177e-05	1.626720e-04	9.635191e-33	3.453028e-38	4.639932e+07	8.613267e-57	4.617493e-14	0.000000e+00	0.000000e+00	0.000000e+00	0.000000e+00	0.000000e+00	0.000000e+00	0.000000e+00	0.000000e+00	0.000000e+00	0.000000e+00	0.000000e+00	0.000000e+00	0.000000e+00	0.000000e+00	0.000000e+00	0.000000e+00	0.000000e+00	0.000000e+00	0.000000e+00	0.000000e+00	0.000000e+00	0.000000e+00	0.000000e+00	0.000000e+00	0.000000e+00	4.479789e-02	2.140223e+02	4.480075e-02	1.647429e-03	2.813727e-18	0.000000e+00	
37.000000	36.000000	38.000000	247.580000	4.489521e+02	1.648771e+08	8.685418e+11	2.262074e+02	7.348486e+06	1.207137e+07	1.243833e+07	8.125247e+11	3.830355e+01	8.530987e-03	3.702294e-06	2.247947e+09	1.087652e+09	8.472184e+08	6.509316e+04	1.914924e+05	4.183224e-01	1.283723e+06	1.195138e+08	2.954666e-21	2.233735e+09	6.659626e+10	1.000593e+07	4.238604e+04	3.536982e+00	3.931876e-02	2.559038e-48	8.400732e-10	3.396491e-13	4.969140e-07	2.455603e-08	2.221480e-03	5.863057e-13	7.179963e-08	1.999124e-08	9.667659e-06	7.189764e-12	3.042757e+05	3.632090e-07	4.558078e-04	1.982574e-07	1.341191e-15	3.412393e+00	5.303335e+04	3.908888e+01	4.065319e-07	4.121178e-06	2.395806e-07	9.413936e-09	4.514471e+03	7.183599e-15	0.000000e+00	4.596914e+13	3.901837e+10	2.626808e+16	1.050723e+17	5.895400e+01	1.077075e-07	3.673169e-11	1.173921e-06	7.166157e-01	8.374249e-03	4.986763e-04	2.806982e-04	1.633952e-15	1.611125e+01	5.680182e-02	6.488601e-20	3.277750e-06	0.000000e+00	4.653249e+06	2.736521e-02	1.153520e+01	1.863166e+06	1.534251e-05	1.022815e-04	6.891501e-35	2.573748e-41	2.912252e+07	6.393648e-57	1.700964e-13	0.000000e+00	0.000000e+00	0.000000e+00	0.000000e+00	0.000000e+00	0.000000e+00	0.000000e+00	0.000000e+00	0.000000e+00	0.000000e+00	0.000000e+00	0.000000e+00	0.000000e+00	0.000000e+00	0.000000e+00	0.000000e+00	0.000000e+00	0.000000e+00	0.000000e+00	0.000000e+00	0.000000e+00	0.000000e+00	0.000000e+00	0.000000e+00	0.000000e+00	1.313776e-02	1.413051e+02	1.313781e-02	2.533247e-04	3.322425e-19	0.000000e+00	
39.000000	38.000000	40.000000	252.660000	3.425709e+02	2.749281e+08	6.162505e+11	7.892852e+02	9.100301e+06	1.066349e+07	7.582774e+06	6.237945e+11	5.905972e+01	2.942522e-03	4.828418e-06	1.175779e+09	9.588702e+08	5.154450e+08	4.305876e+04	4.605167e+04	3.497666e-01	9.502728e+05	5.071972e+07	1.462291e-20	1.707920e+09	4.274099e+10	7.715432e+06	5.258695e+04	3.058367e+00	2.437140e-02	1.764322e-46	1.857511e-09	1.001596e-12	9.157581e-07	3.408013e-08	2.984104e-03	2.794088e-12	2.021028e-07	5.946421e-08	1.313421e-05	1.438398e-11	2.637932e+05	8.598600e-07	9.507914e-04	4.925028e-08	2.774671e-17	2.059705e+00	2.187758e+04	2.684539e+01	5.876561e-08	9.300005e-07	5.223955e-08	5.550796e-09	4.571552e+02	4.987271e-15	0.000000e+00	3.437130e+13	2.642689e+10	1.964074e+16	7.856297e+16	8.150153e+01	2.697837e-07	2.454982e-10	3.490135e-06	1.166284e+00	1.058153e-02	5.939980e-04	2.646373e-04	6.703934e-15	1.532802e+01	2.571782e-02	1.746407e-19	1.568928e-06	0.000000e+00	1.292000e+06	2.487802e-02	9.294244e+00	2.171782e+06	9.804906e-06	6.395148e-05	2.541733e-37	7.737798e-45	1.783716e+07	4.780554e-57	5.069912e-13	0.000000e+00	0.000000e+00	0.000000e+00	0.000000e+00	0.000000e+00	0.000000e+00	0.000000e+00	0.000000e+00	0.000000e+00	0.000000e+00	0.000000e+00	0.000000e+00	0.000000e+00	0.000000e+00	0.000000e+00	0.000000e+00	0.000000e+00	0.000000e+00	0.000000e+00	0.000000e+00	0.000000e+00	0.000000e+00	0.000000e+00	0.000000e+00	0.000000e+00	4.025789e-03	9.204946e+01	4.025784e-03	3.480764e-05	3.967663e-20	0.000000e+00	
41.000000	40.000000	42.000000	256.920000	2.626984e+02	4.631151e+08	4.282325e+11	2.792107e+03	1.132089e+07	9.310162e+06	4.565074e+06	4.806801e+11	8.888802e+01	1.074262e-03	8.600619e-06	6.240778e+08	8.318229e+08	2.786275e+08	2.588303e+04	9.260667e+03	3.264031e-01	6.970595e+05	2.027261e+07	6.734282e-20	1.309171e+09	2.775659e+10	5.782351e+06	5.936983e+04	2.622219e+00	1.494835e-02	8.512708e-45	3.805331e-09	2.544486e-12	1.702767e-06	4.086960e-08	3.940613e-03	1.284271e-11	6.107377e-07	1.957854e-07	1.691924e-05	2.930915e-11	2.282095e+05	1.915339e-06	1.694300e-03	1.488614e-08	5.491142e-19	1.349836e+00	1.014660e+04	2.610960e+01	6.702118e-09	1.679816e-07	8.806676e-09	4.163637e-09	3.872941e+01	2.291794e-15	0.000000e+00	2.592039e+13	1.813765e+10	1.481165e+16	5.924660e+16	1.133807e+02	6.427169e-07	1.541619e-09	9.758615e-06	1.876349e+00	1.327553e-02	7.143713e-04	2.541907e-04	2.385718e-14	1.274921e+01	1.097207e-02	3.921698e-19	8.545041e-07	0.000000e+00	3.112830e+05	2.258985e-02	7.539333e+00	2.565206e+06	6.858891e-06	4.368846e-05	1.108458e-39	2.166035e-48	1.053985e+07	3.605154e-57	1.247889e-12	0.000000e+00	0.000000e+00	0.000000e+00	0.000000e+00	0.000000e+00	0.000000e+00	0.000000e+00	0.000000e+00	0.000000e+00	0.000000e+00	0.000000e+00	0.000000e+00	0.000000e+00	0.000000e+00	0.000000e+00	0.000000e+00	0.000000e+00	0.000000e+00	0.000000e+00	0.000000e+00	0.000000e+00	0.000000e+00	0.000000e+00	0.000000e+00	0.000000e+00	1.262901e-03	5.885142e+01	1.262896e-03	4.512269e-06	6.117453e-21	0.000000e+00	
43.000000	42.000000	44.000000	260.360000	2.022479e+02	7.696180e+08	2.878271e+11	9.265376e+03	1.344222e+07	8.236161e+06	2.905104e+06	3.714100e+11	1.245984e+02	4.418121e-04	1.499299e-05	3.366638e+08	7.002833e+08	1.312822e+08	1.373121e+04	1.496697e+03	3.372776e-01	4.817500e+05	7.111747e+06	2.576073e-19	1.020806e+09	1.831703e+10	4.140407e+06	6.128208e+04	2.136853e+00	9.342300e-03	2.502357e-43	6.927500e-09	5.392060e-12	2.974687e-06	4.255536e-08	5.033732e-03	5.027511e-11	1.904714e-06	6.745111e-07	2.005356e-05	5.742720e-11	1.974465e+05	3.491875e-06	2.504777e-03	1.033955e-08	2.024464e-20	1.057014e+00	5.776230e+03	3.156171e+01	5.891622e-10	2.356180e-08	1.103784e-09	3.750869e-09	2.799590e+00	6.327125e-16	0.000000e+00	1.969208e+13	1.268564e+10	1.125262e+16	4.501048e+16	1.533725e+02	1.432925e-06	7.934918e-09	2.288760e-05	2.860255e+00	1.582946e-02	8.419375e-04	2.402111e-04	6.825384e-14	8.714433e+00	4.160787e-03	6.950374e-19	5.509072e-07	0.000000e+00	6.809016e+04	1.969522e-02	6.142447e+00	2.941906e+06	5.731475e-06	3.554535e-05	2.098896e-41	2.104325e-51	5.834178e+06	2.738886e-57	2.574795e-12	0.000000e+00	0.000000e+00	0.000000e+00	0.000000e+00	0.000000e+00	0.000000e+00	0.000000e+00	0.000000e+00	0.000000e+00	0.000000e+00	0.000000e+00	0.000000e+00	0.000000e+00	0.000000e+00	0.000000e+00	0.000000e+00	0.000000e+00	0.000000e+00	0.000000e+00	0.000000e+00	0.000000e+00	0.000000e+00	0.000000e+00	0.000000e+00	0.000000e+00	3.926917e-04	3.645129e+01	3.926866e-04	5.671941e-07	3.152966e-21	0.000000e+00	
45.000000	44.000000	46.000000	263.340000	1.562083e+02	1.189542e+09	1.847951e+11	2.584042e+04	1.441432e+07	7.339673e+06	1.970350e+06	2.870191e+11	1.550308e+02	2.258661e-04	2.048550e-05	1.875015e+08	5.651211e+08	5.569033e+07	6.311072e+03	1.956587e+02	3.459161e-01	2.960460e+05	2.137349e+06	8.405221e-19	8.228724e+08	1.240806e+10	2.810908e+06	5.888240e+04	1.577849e+00	5.940359e-03	3.835942e-42	1.034898e-08	8.962827e-12	4.344496e-06	3.884043e-08	6.001274e-03	1.460470e-10	5.398579e-06	2.100153e-06	2.100406e-05	9.768126e-11	1.700446e+05	4.502570e-06	3.125627e-03	1.361757e-08	1.323789e-21	1.037433e+00	4.240484e+03	3.949959e+01	4.163122e-11	2.613832e-09	1.087822e-10	3.873918e-09	1.867189e-01	1.079968e-16	0.000000e+00	1.503727e+13	9.118160e+09	8.592728e+15	3.437091e+16	1.882651e+02	2.866623e-06	2.876978e-08	4.085666e-05	3.986562e+00	1.715763e-02	9.184916e-04	2.143537e-04	1.389284e-13	4.891993e+00	1.356809e-03	9.232818e-19	4.156879e-07	0.000000e+00	1.403968e+04	1.582816e-02	5.004659e+00	3.111602e+06	6.003152e-06	3.609722e-05	1.348923e-42	6.574562e-54	2.966221e+06	2.091469e-57	4.401129e-12	0.000000e+00	0.000000e+00	0.000000e+00	0.000000e+00	0.000000e+00	0.000000e+00	0.000000e+00	0.000000e+00	0.000000e+00	0.000000e+00	0.000000e+00	0.000000e+00	0.000000e+00	0.000000e+00	0.000000e+00	0.000000e+00	0.000000e+00	0.000000e+00	0.000000e+00	0.000000e+00	0.000000e+00	0.000000e+00	0.000000e+00	0.000000e+00	0.000000e+00	1.201061e-04	2.181492e+01	1.201021e-04	7.512716e-08	3.500798e-21	0.000000e+00	
47.000000	46.000000	48.000000	265.400000	1.209470e+02	1.647934e+09	1.151819e+11	5.800850e+04	1.394258e+07	6.455043e+06	1.375984e+06	2.222490e+11	1.774352e+02	1.344731e-04	2.161420e-05	1.077288e+08	4.409474e+08	2.277127e+07	2.591126e+03	2.337312e+01	3.273360e-01	1.640664e+05	5.844858e+05	2.779221e-18	6.919135e+08	8.648322e+09	1.818997e+06	5.053337e+04	1.047580e+00	3.729643e-03	2.613363e-41	1.216558e-08	1.122181e-11	5.028920e-06	3.226186e-08	6.615959e-03	2.976858e-10	1.237210e-05	5.174073e-06	1.951712e-05	1.397595e-10	1.466389e+05	4.203556e-06	3.366568e-03	2.233881e-08	1.094520e-22	1.217698e+00	3.752265e+03	4.588145e+01	2.394986e-12	2.314497e-10	2.144782e-11	4.347113e-09	1.196591e-02	1.235783e-17	0.000000e+00	1.155250e+13	6.761666e+09	6.601429e+15	2.640572e+16	2.044874e+02	4.887349e-06	6.899724e-08	5.431327e-05	4.962886e+00	1.666027e-02	9.057325e-04	1.801695e-04	1.951161e-13	2.376426e+00	3.987224e-04	9.502719e-19	3.462625e-07	0.000000e+00	3.027508e+03	1.156555e-02	4.097165e+00	2.931178e+06	7.340887e-06	4.258264e-05	1.383649e-43	3.359495e-56	1.418078e+06	1.606787e-57	6.310551e-12	0.000000e+00	0.000000e+00	0.000000e+00	0.000000e+00	0.000000e+00	0.000000e+00	0.000000e+00	0.000000e+00	0.000000e+00	0.000000e+00	0.000000e+00	0.000000e+00	0.000000e+00	0.000000e+00	0.000000e+00	0.000000e+00	0.000000e+00	0.000000e+00	0.000000e+00	0.000000e+00	0.000000e+00	0.000000e+00	0.000000e+00	0.000000e+00	0.000000e+00	3.544309e-05	1.253373e+01	3.544068e-05	1.130121e-08	3.101237e-21	0.000000e+00	
49.000000	48.000000	50.000000	267.000000	9.381040e+01	2.071349e+09	7.072492e+10	1.094416e+05	1.252611e+07	5.539140e+06	9.560691e+05	1.721477e+11	1.902516e+02	8.241705e-05	1.904246e-05	6.386559e+07	3.370809e+08	9.465255e+06	1.002613e+03	2.775966e+00	2.872805e-01	8.454545e+04	1.553427e+05	8.737917e-18	6.056942e+08	6.184219e+09	1.146114e+06	3.996432e+04	6.425931e-01	2.280435e-03	1.043184e-40	1.223234e-08	1.177690e-11	4.990053e-06	2.536471e-08	6.783212e-03	4.759429e-10	2.226668e-05	9.703565e-06	1.661647e-05	1.738726e-10	1.265476e+05	3.372645e-06	3.361856e-03	3.857958e-08	1.027163e-23	1.535420e+00	3.611062e+03	4.923233e+01	1.437564e-13	2.180711e-11	3.340335e-11	4.883829e-09	7.727389e-04	1.144662e-18	0.000000e+00	8.906799e+12	5.160637e+09	5.089600e+15	2.035840e+16	1.997377e+02	7.366676e-06	1.234722e-07	5.968261e-05	5.735676e+00	1.499892e-02	8.209461e-04	1.454073e-04	2.157105e-13	1.098984e+00	1.119067e-04	8.474630e-19	2.933602e-07	0.000000e+00	6.860464e+02	7.915439e-03	3.370665e+00	2.522775e+06	9.487632e-06	5.276238e-05	1.708117e-44	2.234702e-58	6.664718e+05	1.238808e-57	7.855242e-12	0.000000e+00	0.000000e+00	0.000000e+00	0.000000e+00	0.000000e+00	0.000000e+00	0.000000e+00	0.000000e+00	0.000000e+00	0.000000e+00	0.000000e+00	0.000000e+00	0.000000e+00	0.000000e+00	0.000000e+00	0.000000e+00	0.000000e+00	0.000000e+00	0.000000e+00	0.000000e+00	0.000000e+00	0.000000e+00	0.000000e+00	0.000000e+00	0.000000e+00	9.997602e-06	6.910058e+00	9.996379e-06	2.321122e-09	2.098219e-21	0.000000e+00	
51.000000	50.000000	52.000000	267.160000	7.282349e+01	2.441886e+09	4.430770e+10	1.842128e+05	1.086754e+07	4.685349e+06	6.687925e+05	1.338396e+11	2.086113e+02	4.992293e-05	1.513102e-05	3.940874e+07	2.561791e+08	4.056230e+06	3.833319e+02	3.616638e-01	2.411990e-01	4.300562e+04	4.276911e+04	2.255239e-17	5.489438e+08	4.539145e+09	7.200325e+05	2.740629e+04	3.824383e-01	1.374506e-03	2.272336e-40	1.073812e-08	1.041411e-11	4.390281e-06	1.871757e-08	6.482528e-03	6.319976e-10	3.188260e-05	1.421621e-05	1.311949e-05	1.931531e-10	1.095786e+05	2.412789e-06	3.031494e-03	6.771232e-08	1.094145e-24	2.010461e+00	3.539100e+03	4.974043e+01	3.321230e-14	9.254189e-12	7.202155e-11	5.547593e-09	5.404905e-05	9.797145e-20	0.000000e+00	6.910063e+12	4.052740e+09	3.948607e+15	1.579443e+16	1.845395e+02	9.721834e-06	1.757848e-07	5.639149e-05	6.193411e+00	1.287015e-02	7.175370e-04	1.147463e-04	1.986140e-13	4.955540e-01	3.238565e-05	6.967594e-19	2.511052e-07	0.000000e+00	1.881414e+02	5.203511e-03	2.795985e+00	2.049523e+06	1.215084e-05	6.436763e-05	2.474388e-45	1.962822e-60	3.348232e+05	9.610906e-58	8.489792e-12	0.000000e+00	0.000000e+00	0.000000e+00	0.000000e+00	0.000000e+00	0.000000e+00	0.000000e+00	0.000000e+00	0.000000e+00	0.000000e+00	0.000000e+00	0.000000e+00	0.000000e+00	0.000000e+00	0.000000e+00	0.000000e+00	0.000000e+00	0.000000e+00	0.000000e+00	0.000000e+00	0.000000e+00	0.000000e+00	0.000000e+00	0.000000e+00	0.000000e+00	2.768617e-06	3.721913e+00	2.768073e-06	7.725273e-10	1.167929e-21	0.000000e+00	
53.000000	52.000000	54.000000	265.880000	5.650150e+01	2.764784e+09	2.840887e+10	2.893765e+05	9.287863e+06	3.935407e+06	4.724853e+05	1.043730e+11	2.386267e+02	2.768047e-05	1.057046e-05	2.430914e+07	1.931024e+08	1.771162e+06	1.459086e+02	4.993972e-02	1.964462e-01	2.185830e+04	1.200509e+04	4.819814e-17	5.265183e+08	3.373376e+09	4.520609e+05	1.610537e+04	2.227328e-01	8.141466e-04	2.990852e-40	8.401380e-09	7.931839e-12	3.497530e-06	1.324590e-08	5.939443e-03	7.598000e-10	3.895435e-05	1.753924e-05	9.933021e-06	2.001692e-10	9.708704e+04	1.615499e-06	2.548222e-03	1.237672e-07	1.239398e-25	2.782939e+00	3.573382e+03	4.870074e+01	2.814836e-14	1.314448e-11	1.561418e-10	6.615245e-09	3.593870e-06	7.100632e-21	0.000000e+00	5.387115e+12	3.274457e+09	3.078352e+15	1.231341e+16	1.655672e+02	1.174331e-05	2.113607e-07	4.746062e-05	6.296696e+00	1.062917e-02	6.132753e-04	9.179401e-05	1.588635e-13	2.166322e-01	9.589228e-06	5.377929e-19	2.242522e-07	0.000000e+00	6.169385e+01	3.306052e-03	2.368165e+00	1.619606e+06	1.568658e-05	7.860788e-05	4.032365e-46	1.995717e-62	1.763760e+05	7.492704e-58	8.300465e-12	0.000000e+00	0.000000e+00	0.000000e+00	0.000000e+00	0.000000e+00	0.000000e+00	0.000000e+00	0.000000e+00	0.000000e+00	0.000000e+00	0.000000e+00	0.000000e+00	0.000000e+00	0.000000e+00	0.000000e+00	0.000000e+00	0.000000e+00	0.000000e+00	0.000000e+00	0.000000e+00	0.000000e+00	0.000000e+00	0.000000e+00	0.000000e+00	0.000000e+00	6.582831e-07	1.838613e+00	6.580896e-07	3.334110e-10	5.279198e-22	0.000000e+00	
55.000000	54.000000	56.000000	263.750000	4.376606e+01	3.052755e+09	1.845566e+10	4.381079e+05	7.891969e+06	3.296450e+06	3.371061e+05	8.136500e+10	2.817833e+02	1.385532e-05	6.530109e-06	1.494914e+07	1.440351e+08	7.822135e+05	5.525275e+01	7.051017e-03	1.568042e-01	1.106352e+04	3.454490e+03	9.261780e-17	5.347684e+08	2.528514e+09	2.846218e+05	8.393125e+03	1.297916e-01	4.761576e-04	2.917244e-40	6.154178e-09	5.541071e-12	2.634645e-06	8.992155e-09	5.205042e-03	8.871759e-10	4.183185e-05	1.879776e-05	7.220972e-06	1.958699e-10	8.774384e+04	1.049793e-06	2.065568e-03	2.310107e-07	3.334980e-26	3.966258e+00	3.657411e+03	4.659739e+01	2.744688e-14	2.063142e-11	3.367062e-10	8.115501e-09	2.325085e-07	4.692630e-22	0.000000e+00	4.206559e+12	2.717805e+09	2.403748e+15	9.614992e+15	1.456404e+02	1.351398e-05	2.302900e-07	3.738942e-05	6.183568e+00	8.603281e-03	5.173446e-04	7.644215e-05	1.169995e-13	9.320750e-02	2.892962e-06	4.038648e-19	2.052346e-07	0.000000e+00	2.187255e+01	2.055525e-03	2.045902e+00	1.256780e+06	2.020189e-05	9.502279e-05	1.606958e-46	1.162061e-63	9.865699e+04	5.850720e-58	7.437438e-12	0.000000e+00	0.000000e+00	0.000000e+00	0.000000e+00	0.000000e+00	0.000000e+00	0.000000e+00	0.000000e+00	0.000000e+00	0.000000e+00	0.000000e+00	0.000000e+00	0.000000e+00	0.000000e+00	0.000000e+00	0.000000e+00	0.000000e+00	0.000000e+00	0.000000e+00	0.000000e+00	0.000000e+00	0.000000e+00	0.000000e+00	0.000000e+00	0.000000e+00	1.291377e-07	8.175069e-01	1.290831e-07	1.510288e-10	1.994758e-22	0.000000e+00	
57.000000	56.000000	58.000000	259.920000	3.380247e+01	3.305209e+09	1.225011e+10	6.456096e+05	6.733298e+06	2.775680e+06	2.471244e+05	6.352438e+10	3.621663e+02	6.226468e-06	3.556705e-06	9.200372e+06	1.064636e+08	3.464315e+05	2.089690e+01	1.025038e-03	1.235144e-01	5.693164e+03	1.029985e+03	1.546600e-16	5.757763e+08	1.914082e+09	1.815814e+05	3.681601e+03	7.848294e-02	2.774811e-04	1.731699e-40	4.091708e-09	3.364857e-12	1.835929e-06	5.728986e-09	4.357906e-03	9.849220e-10	3.931200e-05	1.740688e-05	5.012743e-06	1.792886e-10	8.093673e+04	6.304561e-07	1.536650e-03	4.517869e-07	6.314473e-26	5.971200e+00	3.786993e+03	4.382539e+01	2.776963e-14	3.349837e-11	7.512971e-10	1.066219e-08	1.521587e-08	2.885516e-23	0.000000e+00	3.296786e+12	2.322279e+09	1.883878e+15	7.535510e+15	1.275574e+02	1.425053e-05	2.213502e-07	2.686827e-05	5.741336e+00	6.791628e-03	4.368161e-04	6.804607e-05	7.753861e-14	3.833310e-02	9.064396e-07	2.938737e-19	1.976341e-07	0.000000e+00	8.454427e+00	1.243869e-03	1.807995e+00	9.662474e+05	2.589515e-05	1.135395e-04	4.801795e-46	3.440646e-63	5.874393e+04	4.585356e-58	6.003898e-12	0.000000e+00	0.000000e+00	0.000000e+00	0.000000e+00	0.000000e+00	0.000000e+00	0.000000e+00	0.000000e+00	0.000000e+00	0.000000e+00	0.000000e+00	0.000000e+00	0.000000e+00	0.000000e+00	0.000000e+00	0.000000e+00	0.000000e+00	0.000000e+00	0.000000e+00	0.000000e+00	0.000000e+00	0.000000e+00	0.000000e+00	0.000000e+00	0.000000e+00	2.035671e-08	3.230594e-01	2.034484e-08	6.371341e-11	6.301963e-23	0.000000e+00	
59.000000	58.000000	60.000000	255.240000	2.599582e+01	3.510662e+09	8.128147e+09	9.369661e+05	5.761226e+06	2.348676e+06	1.849530e+05	4.943818e+10	4.890516e+02	2.494013e-06	1.705327e-06	5.654092e+06	7.751414e+07	1.536159e+05	7.816653e+00	1.484145e-04	9.607427e-02	2.920118e+03	3.136827e+02	2.399409e-16	6.507108e+08	1.455357e+09	1.166985e+05	1.408599e+03	5.079608e-02	1.600432e-04	7.810750e-41	2.586030e-09	1.888687e-12	1.225208e-06	3.472604e-09	3.492299e-03	1.081057e-09	3.260650e-05	1.396059e-05	3.343560e-06	1.550769e-10	7.570340e+04	3.642189e-07	1.090113e-03	9.130719e-07	1.991403e-25	9.312175e+00	3.959352e+03	4.053708e+01	2.908466e-14	5.621694e-11	1.710931e-09	1.462728e-08	1.029686e-09	1.755299e-24	0.000000e+00	2.581884e+12	2.030815e+09	1.475362e+15	5.901449e+15	1.101620e+02	1.421563e-05	1.971450e-07	1.833638e-05	5.139823e+00	5.264617e-03	3.653954e-04	6.497818e-05	4.882873e-14	1.529335e-02	2.870768e-07	2.121587e-19	1.964742e-07	0.000000e+00	3.100396e+00	7.331474e-04	1.627088e+00	7.356253e+05	3.311457e-05	1.343333e-04	2.485502e-45	2.856226e-62	3.636152e+04	3.591030e-58	4.469153e-12	0.000000e+00	0.000000e+00	0.000000e+00	0.000000e+00	0.000000e+00	0.000000e+00	0.000000e+00	0.000000e+00	0.000000e+00	0.000000e+00	0.000000e+00	0.000000e+00	0.000000e+00	0.000000e+00	0.000000e+00	0.000000e+00	0.000000e+00	0.000000e+00	0.000000e+00	0.000000e+00	0.000000e+00	0.000000e+00	0.000000e+00	0.000000e+00	0.000000e+00	2.487389e-09	1.112145e-01	2.485427e-09	2.401624e-11	1.701981e-23	0.000000e+00	
61.000000	60.000000	62.000000	249.340000	1.988202e+01	3.648418e+09	5.382333e+09	1.340024e+06	4.960269e+06	2.005737e+06	1.427529e+05	3.835223e+10	7.043853e+02	8.933640e-07	7.210349e-07	3.474195e+06	5.546007e+07	6.838757e+04	2.904962e+00	2.177067e-05	7.384358e-02	1.500862e+03	9.830800e+01	3.375879e-16	7.656550e+08	1.110332e+09	7.584744e+04	4.602507e+02	3.743393e-02	9.148329e-05	2.407664e-41	1.535280e-09	9.514960e-13	7.738176e-07	1.991854e-09	2.688264e-03	1.147101e-09	2.381447e-05	9.616148e-06	2.149145e-06	1.263489e-10	7.174179e+04	1.971680e-07	7.157194e-04	1.949894e-06	7.442712e-25	1.537687e+01	4.207811e+03	3.685516e+01	3.275449e-14	1.014362e-10	4.075113e-09	2.153081e-08	7.361170e-11	1.069970e-25	0.000000e+00	2.021392e+12	1.814774e+09	1.155081e+15	4.620324e+15	9.393953e+01	1.303327e-05	1.596952e-07	1.171013e-05	4.372530e+00	3.979724e-03	3.027473e-04	6.632456e-05	2.911102e-14	5.851356e-03	9.257023e-08	1.503655e-19	2.056446e-07	0.000000e+00	1.089002e+00	4.176637e-04	1.491894e+00	5.547093e+05	4.250019e-05	1.585110e-04	1.627468e-44	3.394981e-61	2.332587e+04	2.811466e-58	3.060928e-12	0.000000e+00	0.000000e+00	0.000000e+00	0.000000e+00	0.000000e+00	0.000000e+00	0.000000e+00	0.000000e+00	0.000000e+00	0.000000e+00	0.000000e+00	0.000000e+00	0.000000e+00	0.000000e+00	0.000000e+00	0.000000e+00	0.000000e+00	0.000000e+00	0.000000e+00	0.000000e+00	0.000000e+00	0.000000e+00	0.000000e+00	0.000000e+00	0.000000e+00	2.279832e-10	3.268227e-02	2.277447e-10	7.985658e-12	3.972795e-24	0.000000e+00	
63.000000	62.000000	64.000000	242.220000	1.509818e+01	3.699976e+09	3.532358e+09	1.895403e+06	4.307611e+06	1.734600e+06	1.143627e+05	2.960397e+10	1.074128e+03	3.003749e-07	2.825089e-07	2.140004e+06	3.887213e+07	3.094296e+04	1.083871e+00	3.322691e-06	5.614980e-02	7.720701e+02	3.214868e+01	4.326477e-16	9.241234e+08	8.477991e+08	4.984718e+04	1.280518e+02	3.315554e-02	5.182277e-05	4.993244e-42	8.678119e-10	4.295932e-13	4.646578e-07	1.087729e-09	1.999615e-03	1.165067e-09	1.551464e-05	5.716911e-06	1.343387e-06	9.762433e-11	6.859832e+04	9.922987e-08	4.281439e-04	4.442859e-06	3.316093e-24	2.710068e+01	4.553311e+03	3.311590e+01	4.037100e-14	2.013508e-10	1.027087e-08	3.435305e-08	5.692018e-12	6.749595e-27	0.000000e+00	1.580143e+12	1.648893e+09	9.029389e+14	3.611756e+15	7.884600e+01	1.081993e-05	1.179897e-07	7.013469e-06	3.527667e+00	2.927489e-03	2.474102e-04	7.113268e-05	1.676322e-14	2.168182e-03	3.063078e-08	1.039926e-19	2.281616e-07	0.000000e+00	3.798000e-01	2.292860e-04	1.389328e+00	4.171936e+05	5.484868e-05	1.871088e-04	1.368559e-43	5.855557e-60	1.358306e+04	2.197752e-58	1.950831e-12	0.000000e+00	0.000000e+00	0.000000e+00	0.000000e+00	0.000000e+00	0.000000e+00	0.000000e+00	0.000000e+00	0.000000e+00	0.000000e+00	0.000000e+00	0.000000e+00	0.000000e+00	0.000000e+00	0.000000e+00	0.000000e+00	0.000000e+00	0.000000e+00	0.000000e+00	0.000000e+00	0.000000e+00	0.000000e+00	0.000000e+00	0.000000e+00	0.000000e+00	1.540960e-11	8.068566e-03	1.538847e-11	2.406606e-12	8.280326e-25	0.000000e+00	
65.000000	64.000000	66.000000	235.200000	1.137228e+01	3.663304e+09	2.237718e+09	2.695347e+06	3.773460e+06	1.520321e+06	9.425588e+04	2.257722e+10	1.611292e+03	1.097932e-07	1.200349e-07	1.317360e+06	2.650046e+07	1.451550e+04	4.085339e-01	5.281966e-07	4.237286e-02	3.870966e+02	1.095749e+01	5.569662e-16	1.127082e+09	6.427668e+08	3.236742e+04	3.210657e+01	3.475117e-02	2.851056e-05	1.019646e-42	5.052963e-10	1.922456e-13	2.793463e-07	5.863506e-10	1.442217e-03	1.197863e-09	9.550425e-06	3.056252e-06	8.293824e-07	7.356396e-11	6.573060e+04	5.034360e-08	2.510098e-04	1.044072e-05	1.613014e-23	4.896020e+01	5.001181e+03	2.935773e+01	5.221117e-14	4.274677e-10	2.650640e-08	5.663109e-08	4.725922e-13	4.622910e-28	0.000000e+00	1.225722e+12	1.509819e+09	7.004128e+14	2.801651e+15	6.407613e+01	8.712191e-06	8.565034e-08	4.174840e-06	2.775010e+00	2.111239e-03	1.959665e-04	7.816024e-05	1.011049e-14	8.129756e-04	1.014459e-08	7.184897e-20	2.601240e-07	0.000000e+00	1.352459e-01	1.210318e-04	1.305078e+00	3.120292e+05	7.116278e-05	2.208023e-04	1.287002e-42	1.200046e-58	6.732305e+03	1.704804e-58	1.342521e-11	0.000000e+00	0.000000e+00	0.000000e+00	0.000000e+00	0.000000e+00	0.000000e+00	0.000000e+00	0.000000e+00	0.000000e+00	0.000000e+00	0.000000e+00	0.000000e+00	0.000000e+00	0.000000e+00	0.000000e+00	0.000000e+00	0.000000e+00	0.000000e+00	0.000000e+00	0.000000e+00	0.000000e+00	0.000000e+00	0.000000e+00	0.000000e+00	0.000000e+00	7.472458e-13	1.619700e-03	7.458590e-13	7.153392e-13	1.679524e-25	0.000000e+00	
67.000000	66.000000	68.000000	228.380000	8.493672e+00	3.554832e+09	1.368051e+09	3.880018e+06	3.341986e+06	1.352030e+06	7.990811e+04	1.697765e+10	2.340871e+03	5.631604e-08	7.173360e-08	8.142277e+05	1.759400e+07	7.188836e+03	1.586751e-01	9.043656e-08	3.184575e-02	1.894562e+02	3.955910e+00	1.563981e-15	1.377896e+09	4.825972e+08	2.054646e+04	7.436921e+00	4.102728e-02	1.507101e-05	2.164284e-43	3.108108e-10	8.574133e-14	1.682112e-07	3.147273e-10	1.014335e-03	1.244281e-09	6.918213e-06	1.483297e-06	5.089358e-07	5.471667e-11	6.305445e+04	2.591354e-08	1.450327e-04	2.510459e-05	8.393895e-23	8.986132e+01	5.562917e+03	2.557754e+01	6.961465e-14	9.652921e-10	6.977410e-08	9.574200e-08	4.187962e-14	3.425579e-29	0.000000e+00	9.427995e+11	1.388450e+09	5.387426e+14	2.154970e+15	5.051853e+01	6.976943e-06	6.156107e-08	2.462458e-06	2.117351e+00	1.489985e-03	1.504504e-04	8.717432e-05	6.531371e-15	3.123260e-04	3.407696e-09	4.888663e-20	3.040372e-07	0.000000e+00	5.085843e-02	6.093411e-05	1.234905e+00	2.315013e+05	9.245969e-05	2.600158e-04	1.313739e-41	2.800339e-57	2.870618e+03	1.311299e-58	2.287665e-10	0.000000e+00	0.000000e+00	0.000000e+00	0.000000e+00	0.000000e+00	0.000000e+00	0.000000e+00	0.000000e+00	0.000000e+00	0.000000e+00	0.000000e+00	0.000000e+00	0.000000e+00	0.000000e+00	0.000000e+00	0.000000e+00	0.000000e+00	0.000000e+00	0.000000e+00	0.000000e+00	0.000000e+00	0.000000e+00	0.000000e+00	0.000000e+00	0.000000e+00	2.607713e-14	2.557676e-04	2.600810e-14	2.487296e-13	6.420805e-26	0.000000e+00	
69.000000	68.000000	70.000000	221.660000	6.288246e+00	3.417594e+09	8.157007e+08	5.665780e+06	2.975551e+06	1.209748e+06	6.854509e+04	1.256713e+10	3.266660e+03	4.186158e-08	6.145288e-08	5.105946e+05	1.147183e+07	3.764535e+03	6.421754e-02	1.692504e-08	2.382856e-02	9.087627e+01	1.509057e+00	5.007188e-14	1.679811e+09	3.580592e+08	1.266381e+04	1.607941e+00	5.189627e-02	7.546066e-06	9.119226e-44	3.963773e-10	3.975772e-14	1.061344e-07	1.668423e-10	6.994286e-04	1.671118e-09	2.034715e-05	7.160071e-07	3.089110e-07	4.033525e-11	6.055982e+04	1.328470e-08	8.192923e-05	6.125638e-05	4.553885e-22	1.661656e+02	6.231681e+03	2.179216e+01	9.276792e-14	2.271414e-09	1.856842e-07	1.637588e-07	4.448006e-15	3.083069e-30	0.000000e+00	7.191576e+11	1.278705e+09	4.109472e+14	1.643789e+15	3.907674e+01	5.808544e-06	4.418590e-08	1.399245e-06	1.550234e+00	1.029834e-03	1.129626e-04	9.755633e-05	8.775148e-15	1.218237e-04	1.174468e-09	3.355781e-20	3.611343e-07	0.000000e+00	2.018554e-02	2.899463e-05	1.176396e+00	1.698618e+05	1.193830e-04	3.041154e-04	1.408201e-40	7.078782e-56	1.077007e+03	1.000245e-58	4.241547e-08	0.000000e+00	0.000000e+00	0.000000e+00	0.000000e+00	0.000000e+00	0.000000e+00	0.000000e+00	0.000000e+00	0.000000e+00	0.000000e+00	0.000000e+00	0.000000e+00	0.000000e+00	0.000000e+00	0.000000e+00	0.000000e+00	0.000000e+00	0.000000e+00	0.000000e+00	0.000000e+00	0.000000e+00	0.000000e+00	0.000000e+00	0.000000e+00	0.000000e+00	6.896494e-16	3.066105e-05	6.869163e-16	1.133189e-13	1.641292e-25	0.000000e+00	
71.000000	70.000000	72.000000	216.860000	4.618995e+00	3.316215e+09	4.653374e+08	8.538333e+06	2.617659e+06	1.067941e+06	5.634080e+04	9.065863e+09	4.101914e+03	3.639295e-08	6.158017e-08	3.287492e+05	7.445452e+06	2.029417e+03	2.619194e-02	3.137757e-09	1.789190e-02	4.133925e+01	5.665610e-01	1.605973e-09	2.018536e+09	2.598186e+08	7.321840e+03	3.457146e-01	6.772304e-02	3.343883e-06	1.270023e-42	1.032376e-08	1.287724e-12	4.312259e-06	8.893749e-11	4.709639e-04	1.052725e-07	1.861978e-04	5.335059e-06	1.949946e-07	3.354063e-11	5.779395e+04	6.571647e-08	5.241997e-05	1.411069e-04	2.111667e-21	2.857846e+02	6.935739e+03	1.792052e+01	1.114826e-13	5.046685e-09	4.594329e-07	2.545827e-07	4.622514e-15	2.003325e-28	0.000000e+00	5.399456e+11	1.166625e+09	3.085403e+14	1.234161e+15	2.944385e+01	5.830725e-06	2.436219e-06	3.481761e-06	1.100211e+00	7.061298e-04	8.213417e-05	1.055025e-04	2.368902e-13	4.720172e-05	3.851238e-10	1.425657e-18	4.027586e-07	0.000000e+00	7.827391e-03	1.260180e-05	1.118924e+00	1.218523e+05	1.513579e-04	3.492540e-04	1.179887e-39	1.249445e-54	3.626636e+02	7.509868e-59	1.042096e-04	0.000000e+00	0.000000e+00	0.000000e+00	0.000000e+00	0.000000e+00	0.000000e+00	0.000000e+00	0.000000e+00	0.000000e+00	0.000000e+00	0.000000e+00	0.000000e+00	0.000000e+00	0.000000e+00	0.000000e+00	0.000000e+00	0.000000e+00	0.000000e+00	0.000000e+00	0.000000e+00	0.000000e+00	0.000000e+00	0.000000e+00	0.000000e+00	0.000000e+00	1.529169e-17	2.655486e-06	1.519724e-17	6.080009e-14	7.676851e-25	0.000000e+00	
73.000000	72.000000	74.000000	213.980000	3.374330e+00	3.328338e+09	2.601073e+08	1.327870e+07	2.237072e+06	9.110658e+05	4.258363e+04	6.358277e+09	4.800256e+03	3.320154e-08	6.670471e-08	2.242427e+05	4.970622e+06	1.094645e+03	1.067946e-02	5.526165e-10	1.363542e-02	1.812497e+01	1.997187e-01	1.213930e-08	2.399246e+09	1.838683e+08	3.993165e+03	7.654624e-02	9.263636e-02	1.252338e-06	7.335362e-42	6.425834e-08	5.556542e-12	2.136517e-05	4.657643e-11	3.099465e-04	1.037507e-06	1.466211e-03	1.851338e-05	1.504586e-07	3.994964e-11	5.509504e+04	2.717705e-07	3.894826e-05	3.069954e-04	8.154307e-21	4.581305e+02	7.673198e+03	1.416170e+01	1.191798e-13	1.032833e-08	1.043806e-06	3.546112e-07	2.757803e-14	8.488427e-27	0.000000e+00	3.997572e+11	1.054081e+09	2.284327e+14	9.137306e+14	2.211192e+01	6.940351e-06	1.635880e-05	1.491797e-05	7.318406e-01	4.864903e-04	5.888757e-05	1.087146e-04	1.464669e-12	1.706929e-05	1.184687e-10	7.235053e-18	4.131333e-07	0.000000e+00	2.823936e-03	4.844219e-06	1.067821e+00	8.507318e+04	1.878937e-04	3.944685e-04	7.537746e-39	1.458141e-53	1.121378e+02	5.560048e-59	6.458688e-04	0.000000e+00	0.000000e+00	0.000000e+00	0.000000e+00	0.000000e+00	0.000000e+00	0.000000e+00	0.000000e+00	0.000000e+00	0.000000e+00	0.000000e+00	0.000000e+00	0.000000e+00	0.000000e+00	0.000000e+00	0.000000e+00	0.000000e+00	0.000000e+00	0.000000e+00	0.000000e+00	0.000000e+00	0.000000e+00	0.000000e+00	0.000000e+00	0.000000e+00	3.137469e-19	1.567467e-07	3.107117e-19	3.394874e-14	3.592028e-24	0.000000e+00	
75.000000	74.000000	76.000000	211.260000	2.454893e+00	3.537664e+09	1.510485e+08	2.096785e+07	1.832752e+06	7.376247e+05	2.914906e+04	4.353903e+09	5.872921e+03	3.032677e-08	7.429894e-08	1.704757e+05	3.611129e+06	5.927887e+02	4.549147e-03	1.006555e-10	1.079342e-02	8.237217e+00	6.746979e-02	2.184914e-07	2.825241e+09	1.272887e+08	2.137934e+03	1.701995e-02	1.360696e-01	4.005026e-07	7.155404e-41	6.797851e-07	5.122931e-11	2.253407e-04	2.614343e-11	2.006374e-04	1.938698e-05	1.089720e-02	1.356258e-04	3.946600e-07	1.920131e-10	5.287620e+04	2.908730e-06	2.945446e-05	6.622001e-04	2.906413e-20	7.251788e+02	8.410849e+03	1.106900e+01	1.190662e-13	2.012886e-08	2.250046e-06	4.672209e-07	1.720461e-13	8.267043e-25	0.000000e+00	2.945759e+11	9.448827e+08	1.683291e+14	6.733163e+14	1.733023e+01	9.263355e-06	2.561781e-04	1.768090e-04	4.351995e-01	3.419445e-04	4.335293e-05	1.063253e-04	1.440629e-11	5.541300e-06	3.712483e-11	7.742090e-17	4.011111e-07	0.000000e+00	9.664384e-04	1.645110e-06	1.030607e+00	5.784390e+04	2.267103e-04	4.375752e-04	4.381062e-38	1.440771e-52	3.254640e+01	4.097128e-59	9.643147e-03	0.000000e+00	0.000000e+00	0.000000e+00	0.000000e+00	0.000000e+00	0.000000e+00	0.000000e+00	0.000000e+00	0.000000e+00	0.000000e+00	0.000000e+00	0.000000e+00	0.000000e+00	0.000000e+00	0.000000e+00	0.000000e+00	0.000000e+00	0.000000e+00	0.000000e+00	0.000000e+00	0.000000e+00	0.000000e+00	0.000000e+00	0.000000e+00	0.000000e+00	6.342739e-21	6.148522e-09	6.251536e-21	2.101583e-14	1.743827e-23	0.000000e+00	
77.000000	76.000000	78.000000	208.860000	1.779076e+00	3.880502e+09	8.794329e+07	3.414415e+07	1.489117e+06	5.896034e+05	1.973037e+04	2.887808e+09	1.590156e+04	4.036810e-08	9.925217e-08	1.488845e+05	3.022718e+06	3.566953e+02	2.184145e-03	2.252945e-11	9.789482e-03	4.240101e+00	2.491110e-02	3.804464e-06	3.276690e+09	8.526936e+07	1.204717e+03	3.867925e-03	2.139809e-01	1.234497e-07	6.332828e-40	5.875365e-06	3.919544e-10	1.948692e-03	4.889515e-11	1.260602e-04	2.648034e-04	6.255470e-02	7.977755e-04	1.974923e-06	1.409766e-09	5.100971e+04	3.096120e-05	2.413216e-05	1.388690e-03	9.638379e-20	1.110686e+03	9.064756e+03	1.094276e+01	1.333176e-13	4.007683e-08	4.559493e-06	5.899081e-07	8.875648e-13	5.620490e-23	0.000000e+00	2.159341e+11	8.329714e+08	1.233909e+14	4.935636e+14	1.369692e+01	2.634545e-05	3.514597e-03	1.900854e-03	2.530032e-01	2.637963e-04	3.179171e-05	1.014295e-04	1.106227e-10	1.954954e-06	1.273182e-11	1.477690e-15	3.766658e-07	0.000000e+00	3.591298e-04	5.376755e-07	1.003718e+00	3.771920e+04	2.642297e-04	4.743930e-04	2.285012e-37	1.219679e-51	8.694798e+00	3.003333e-59	1.336002e-01	0.000000e+00	0.000000e+00	0.000000e+00	0.000000e+00	0.000000e+00	0.000000e+00	0.000000e+00	0.000000e+00	0.000000e+00	0.000000e+00	0.000000e+00	0.000000e+00	0.000000e+00	0.000000e+00	0.000000e+00	0.000000e+00	0.000000e+00	0.000000e+00	0.000000e+00	0.000000e+00	0.000000e+00	0.000000e+00	0.000000e+00	0.000000e+00	0.000000e+00	1.276528e-22	1.530170e-10	1.345104e-22	2.760759e-14	8.404845e-23	0.000000e+00	
79.000000	78.000000	80.000000	206.620000	1.284680e+00	4.021190e+09	4.512390e+07	7.022483e+07	1.572178e+06	6.207305e+05	2.052379e+04	1.828910e+09	6.316463e+05	2.208882e-07	6.649957e-07	1.490551e+05	2.966141e+06	3.342183e+02	1.534387e-03	1.107113e-11	1.385067e-02	3.291146e+00	1.710065e-02	3.766482e-05	3.736978e+09	5.429858e+07	1.569193e+03	1.222237e-03	3.602337e-01	9.798106e-08	6.151818e-39	4.395018e-05	2.866989e-09	1.593474e-02	4.558553e-10	7.466658e-05	2.648369e-03	2.375900e-01	3.263542e-03	1.321193e-05	1.363131e-08	4.946496e+04	4.817044e-04	3.550413e-05	2.569059e-03	3.381133e-19	1.494801e+03	9.690464e+03	2.753268e+01	4.471173e-13	1.220485e-07	1.014931e-05	8.505790e-07	3.248302e-12	2.718152e-21	0.000000e+00	1.576176e+11	7.135975e+08	9.006717e+13	3.602687e+14	9.640079e+00	1.361010e-03	4.579761e-02	1.986973e-02	3.962065e-01	4.693005e-04	2.535743e-05	1.235486e-04	7.232831e-10	2.870922e-06	7.111043e-12	4.157339e-13	4.540987e-07	0.000000e+00	2.615969e-04	4.681399e-07	9.735190e-01	2.294116e+04	3.005992e-04	5.082232e-04	1.106004e-36	1.146863e-50	2.022039e+00	2.192234e-59	1.782514e+00	0.000000e+00	0.000000e+00	0.000000e+00	0.000000e+00	0.000000e+00	0.000000e+00	0.000000e+00	0.000000e+00	0.000000e+00	0.000000e+00	0.000000e+00	0.000000e+00	0.000000e+00	0.000000e+00	0.000000e+00	0.000000e+00	0.000000e+00	0.000000e+00	0.000000e+00	0.000000e+00	0.000000e+00	0.000000e+00	0.000000e+00	0.000000e+00	0.000000e+00	2.560970e-24	1.903627e-12	2.128469e-22	9.415078e-14	3.945223e-22	0.000000e+00	
81.000000	80.000000	82.000000	203.900000	9.240288e-01	2.324736e+10	9.858624e+07	2.439091e+08	7.759164e+05	2.008009e+05	2.949096e+03	1.043142e+09	4.125515e+07	3.616650e-07	3.470398e-06	1.646967e+05	1.682226e+06	1.786362e+01	1.682757e-04	1.789954e-13	3.438693e-03	7.017807e-01	8.458228e-04	2.348781e-04	4.234367e+09	3.175103e+07	2.461494e+03	3.722134e-04	6.227526e-01	2.038246e-08	6.613418e-41	3.002112e-06	3.403369e-10	2.352670e-03	2.887565e-11	3.885101e-05	5.302098e-03	3.040083e-01	8.037072e-04	2.689151e-07	1.414418e-09	4.827934e+04	1.594577e-03	1.594318e-05	5.863668e-03	1.525124e-19	2.478175e+03	9.551213e+03	1.009706e+02	2.245478e-13	5.521685e-08	1.040793e-05	7.228594e-07	2.714053e-13	5.860438e-23	0.000000e+00	1.148815e+11	5.544469e+08	6.564659e+13	2.625864e+14	2.920299e+01	5.262619e-02	6.416767e-02	2.138480e-02	3.366318e-01	3.106206e-03	5.378764e-05	6.991211e-05	1.027996e-11	1.355905e-07	7.273111e-13	5.622998e-13	2.366282e-07	0.000000e+00	6.058427e-06	2.223401e-07	8.081157e-01	1.224979e+04	3.108804e-04	5.009663e-04	8.522181e-37	1.827231e-51	3.668485e-01	1.597837e-59	1.410562e+01	0.000000e+00	0.000000e+00	0.000000e+00	0.000000e+00	0.000000e+00	0.000000e+00	0.000000e+00	0.000000e+00	0.000000e+00	0.000000e+00	0.000000e+00	0.000000e+00	0.000000e+00	0.000000e+00	0.000000e+00	0.000000e+00	0.000000e+00	0.000000e+00	0.000000e+00	0.000000e+00	0.000000e+00	0.000000e+00	0.000000e+00	0.000000e+00	0.000000e+00	5.126800e-26	6.952404e-15	2.806963e-21	2.014423e-13	2.138975e-22	0.000000e+00	
83.000000	82.000000	84.000000	200.700000	6.614233e-01	3.168540e+11	5.304296e+08	4.704063e+08	2.945928e+05	1.524775e+04	1.034742e+02	4.940926e+08	1.518525e+09	6.743792e-08	4.401040e-06	1.906969e+05	7.597094e+05	2.173035e+00	2.480975e-05	2.808319e-15	1.640983e-04	9.196397e-02	3.660780e-05	1.071373e-03	4.636259e+09	1.582910e+07	7.689641e+02	7.560401e-05	6.935233e-01	5.239068e-10	4.485480e-45	1.537926e-08	2.366646e-12	2.009032e-05	1.400972e-13	1.462118e-05	2.187801e-03	1.312339e-01	4.673144e-05	6.202398e-10	3.904869e-11	4.707878e+04	8.813758e-04	9.713005e-06	9.623530e-03	1.867731e-20	2.943445e+03	9.244351e+03	2.480749e+02	1.327019e-15	9.777893e-10	1.369083e-06	3.595996e-07	4.705458e-15	1.814398e-26	0.000000e+00	8.354377e+10	3.635765e+08	4.773930e+13	1.909572e+14	2.142748e+02	2.101349e-01	1.429858e-02	4.880670e-03	7.532150e-02	1.244516e-02	2.219892e-04	2.827220e-05	6.090685e-15	5.120610e-09	2.349619e-13	1.066721e-14	7.674192e-08	0.000000e+00	8.518483e-08	2.791672e-08	5.417107e-01	4.998391e+03	3.122157e-04	4.845252e-04	1.285685e-37	2.626206e-53	4.176447e-02	1.161974e-59	6.532156e+01	0.000000e+00	0.000000e+00	0.000000e+00	0.000000e+00	0.000000e+00	0.000000e+00	0.000000e+00	0.000000e+00	0.000000e+00	0.000000e+00	0.000000e+00	0.000000e+00	0.000000e+00	0.000000e+00	0.000000e+00	0.000000e+00	0.000000e+00	0.000000e+00	0.000000e+00	0.000000e+00	0.000000e+00	0.000000e+00	0.000000e+00	0.000000e+00	0.000000e+00	1.026049e-27	1.322451e-17	3.368285e-21	7.082575e-14	2.692712e-23	0.000000e+00	
85.000000	84.000000	86.000000	197.600000	4.709518e-01	2.591453e+12	2.072429e+09	5.576238e+08	1.441133e+05	1.163199e+03	1.288366e+00	1.684683e+08	2.677045e+10	2.129056e-08	4.061649e-06	2.148939e+05	5.075536e+05	1.013796e+00	9.058061e-06	1.273868e-16	1.608156e-05	2.252067e-02	2.855237e-06	3.093823e-02	4.792338e+09	5.859118e+06	3.734761e+02	1.641687e-05	7.670475e-01	2.709037e-12	1.523690e-49	2.700219e-10	3.341203e-14	3.389615e-07	2.068837e-14	2.524891e-06	9.087479e-04	6.003421e-02	5.256705e-06	9.122385e-11	5.956053e-11	4.424003e+04	7.884604e-04	6.674095e-06	5.859947e-03	1.962327e-23	1.270137e+03	9.644112e+03	4.581302e+02	1.359545e-18	6.466280e-12	6.278832e-08	1.121248e-07	1.374685e-17	5.328447e-30	0.000000e+00	6.041872e+10	2.154468e+08	3.452498e+13	1.380999e+14	4.407049e+03	3.890847e-01	5.101365e-03	1.773017e-03	3.076413e-02	2.750037e-02	1.387666e-03	9.883640e-06	4.812644e-17	4.826054e-09	3.271694e-13	3.278643e-16	1.338819e-08	0.000000e+00	1.507968e-09	6.307664e-09	3.535546e-01	1.099565e+03	3.353164e-04	5.052180e-04	8.783403e-41	0.000000e+00	1.937309e-03	8.403376e-60	3.306359e+02	0.000000e+00	0.000000e+00	0.000000e+00	0.000000e+00	0.000000e+00	0.000000e+00	0.000000e+00	0.000000e+00	0.000000e+00	0.000000e+00	0.000000e+00	0.000000e+00	0.000000e+00	0.000000e+00	0.000000e+00	0.000000e+00	0.000000e+00	0.000000e+00	0.000000e+00	0.000000e+00	0.000000e+00	0.000000e+00	0.000000e+00	0.000000e+00	0.000000e+00	2.086096e-29	2.140234e-20	2.220743e-21	2.363521e-14	2.614601e-24	0.000000e+00	
