z		z0		z1		T		P		1		2		3		4		5		6		7		8		9		10		11		12		13		14		15		16		17		18		19		20		21		22		23		24		25		26		27		28		29		30		31		32		33		34		35		36		37		38		39		40		41		42		43		44		45		46		47		48		49		50		51		52		53		54		55		56		57		58		59		60		61		62		63		64		65		66		67		68		69		70		71		72		73		74		75		76		77		78		79		80		81		82		83		84		85		86		87		88		89		90		91		92		93		94		95		96		97		98		99		100		101		102		103		104		105		106		107		108		109		110		111		
km		km		km		K		Pa		
1.000000	0.000000	2.000000	294.480000	9.031003e+04	1.638369e+03	4.592838e+11	2.023391e-01	1.867132e+06	1.940492e+08	6.620023e+09	2.221233e+17	3.454591e-07	1.940390e+09	4.127606e+03	4.132242e+12	6.485915e+08	1.622254e+09	1.853202e+05	2.563638e+02	2.522251e+00	8.189425e+07	9.223382e+08	3.290079e-33	2.602086e+12	3.442497e+13	7.273757e+09	4.261889e+08	5.230686e+02	4.561939e+02	5.081317e-65	4.275100e-14	7.943948e-15	2.301201e-06	1.982148e-07	7.178433e-03	1.203582e-16	1.556236e-06	1.130200e-06	1.020802e-04	7.064557e-14	5.338120e+05	7.217880e-09	3.493647e-06	3.556933e-11	2.158002e-10	3.125736e-04	5.496626e+09	3.634882e+01	9.544975e+07	9.277076e-03	2.107424e-06	6.566749e-04	4.227069e+09	1.408669e-18	0.000000e+00	7.774315e+15	1.177673e+13	4.442466e+18	1.776986e+19	2.049042e-03	6.784768e-08	1.126157e-18	6.880675e-10	1.081183e-01	7.009362e-03	5.670490e-08	4.907520e-02	2.460734e-30	7.890576e+00	1.010533e-01	3.327256e-25	5.143648e-03	0.000000e+00	1.453979e+06	7.464967e+00	1.198727e+03	6.031479e+08	4.159007e-04	4.039680e-03	3.256076e-31	7.561748e-29	5.522591e+09	9.284458e-66	3.219353e-36	0.000000e+00	0.000000e+00	0.000000e+00	0.000000e+00	0.000000e+00	0.000000e+00	0.000000e+00	0.000000e+00	0.000000e+00	0.000000e+00	0.000000e+00	0.000000e+00	0.000000e+00	0.000000e+00	0.000000e+00	0.000000e+00	0.000000e+00	0.000000e+00	0.000000e+00	0.000000e+00	0.000000e+00	0.000000e+00	0.000000e+00	0.000000e+00	0.000000e+00	1.976438e+05	1.903171e+03	1.148715e+06	2.523829e+02	1.847623e-11	0.000000e+00	
3.000000	2.000000	4.000000	283.440000	7.145737e+04	2.293836e+03	4.855276e+11	1.098622e-01	1.008184e+06	1.702255e+08	1.029609e+10	6.399167e+16	3.182571e-07	5.677716e+08	8.374759e+02	3.395125e+12	1.673075e+08	3.472641e+08	3.386885e+04	4.673328e+01	3.834931e-01	1.253482e+07	7.882002e+08	1.422140e-33	1.890110e+12	2.818986e+13	3.755754e+09	2.417081e+08	3.545197e+02	2.819105e+02	1.332080e-66	1.885865e-14	4.686374e-15	1.189437e-06	6.739062e-08	5.478701e-03	4.438281e-15	1.256878e-06	7.577710e-07	6.539674e-05	3.313885e-14	4.494134e+05	2.816240e-09	5.658295e-06	9.100121e-11	1.409748e-10	3.891432e-04	2.609836e+09	3.203573e+01	2.412654e+07	1.792850e-03	4.799849e-07	1.124065e-04	3.466317e+09	4.731561e-34	0.000000e+00	6.390985e+15	9.692835e+12	3.651991e+18	1.460797e+19	3.736560e-03	9.464342e-09	0.000000e+00	1.672848e-10	4.814488e-02	3.218975e-03	9.699398e-08	2.048677e-02	6.106096e-31	7.310480e-01	9.120787e-02	2.285645e-25	1.659350e-03	0.000000e+00	1.358358e+06	2.638606e+00	9.854771e+02	2.127282e+08	3.018202e-04	2.865285e-03	4.588575e-31	2.900967e-29	6.068053e+09	1.228524e-66	6.729745e-34	0.000000e+00	0.000000e+00	0.000000e+00	0.000000e+00	0.000000e+00	0.000000e+00	0.000000e+00	0.000000e+00	0.000000e+00	0.000000e+00	0.000000e+00	0.000000e+00	0.000000e+00	0.000000e+00	0.000000e+00	0.000000e+00	0.000000e+00	0.000000e+00	0.000000e+00	0.000000e+00	0.000000e+00	0.000000e+00	0.000000e+00	0.000000e+00	0.000000e+00	1.624510e+05	1.627439e+03	9.414805e+05	2.053180e+02	1.502893e-11	0.000000e+00	
5.000000	4.000000	6.000000	271.840000	5.600206e+04	3.280684e+03	5.035568e+11	9.321205e-02	8.645647e+05	1.475754e+08	1.055863e+10	2.922143e+16	3.945455e-07	2.472059e+08	3.350760e+02	2.772508e+12	6.356131e+07	1.054200e+08	7.992812e+03	1.900700e+01	1.488562e-01	2.740307e+06	6.098359e+08	1.118214e-33	1.389779e+12	2.297403e+13	2.034673e+09	1.271802e+08	2.353260e+02	1.613749e+02	9.164226e-68	1.531321e-14	2.471645e-15	6.291064e-07	3.626974e-08	4.180355e-03	1.551502e-13	1.443176e-06	8.434522e-07	3.687048e-05	2.455812e-14	3.782203e+05	1.443646e-09	8.943584e-06	1.168967e-10	7.986338e-11	5.575361e-04	1.306842e+09	2.991707e+01	6.622161e+06	6.232165e-04	2.010236e-07	3.405250e-05	2.825981e+09	2.435740e-16	0.000000e+00	5.222429e+15	7.927870e+12	2.984245e+18	1.193698e+19	5.794714e-03	3.822890e-09	1.854360e-16	9.761716e-11	3.304979e-02	2.143646e-03	1.485928e-07	1.376926e-02	3.318701e-31	1.425422e-01	8.851974e-02	1.241445e-25	9.099852e-04	0.000000e+00	2.185334e+06	1.417947e+00	8.053533e+02	1.064684e+08	2.216082e-04	2.099672e-03	2.829231e-31	8.487572e-30	5.676629e+09	9.588005e-68	5.826677e-29	0.000000e+00	0.000000e+00	0.000000e+00	0.000000e+00	0.000000e+00	0.000000e+00	0.000000e+00	0.000000e+00	0.000000e+00	0.000000e+00	0.000000e+00	0.000000e+00	0.000000e+00	0.000000e+00	0.000000e+00	0.000000e+00	0.000000e+00	0.000000e+00	0.000000e+00	0.000000e+00	0.000000e+00	0.000000e+00	0.000000e+00	0.000000e+00	0.000000e+00	1.327047e+05	1.438543e+03	7.663774e+05	1.665037e+02	1.217195e-11	0.000000e+00	
7.000000	6.000000	8.000000	259.120000	4.340083e+04	4.963032e+03	5.528789e+11	8.826247e-02	8.327420e+05	1.124463e+08	8.279301e+09	1.010222e+16	1.075719e-06	1.497011e+08	1.894334e+02	2.252301e+12	4.770446e+07	6.292686e+07	3.997946e+03	4.440711e+01	1.071430e-01	1.091204e+06	6.054050e+08	1.818574e-33	1.031558e+12	1.864285e+13	1.108036e+09	7.384991e+07	1.565530e+02	8.182601e+01	9.493150e-69	1.313853e-14	1.090120e-15	2.947836e-07	2.020853e-08	3.209930e-03	0.000000e+00	1.653304e-06	9.827691e-07	0.000000e+00	2.037583e-14	3.187774e+05	7.271712e-10	1.395895e-05	1.164372e-10	3.959411e-11	8.667048e-04	6.826610e+08	4.353478e+01	1.872180e+06	2.678277e-04	1.106817e-07	1.274763e-05	2.292282e+09	5.982450e-34	0.000000e+00	4.245990e+15	6.449345e+12	2.426280e+18	9.705121e+18	8.934195e-03	1.898118e-09	0.000000e+00	6.579300e-11	2.421043e-02	1.529405e-03	2.277441e-07	1.052452e-02	3.483474e-31	5.943149e-02	9.204487e-02	2.803257e-26	5.975529e-04	0.000000e+00	8.571236e+06	8.057947e-01	6.548520e+02	7.103900e+07	1.649571e-04	1.571394e-03	1.198358e-31	1.951225e-30	4.969520e+09	4.740053e-69	1.787698e-28	0.000000e+00	0.000000e+00	0.000000e+00	0.000000e+00	0.000000e+00	0.000000e+00	0.000000e+00	0.000000e+00	0.000000e+00	0.000000e+00	0.000000e+00	0.000000e+00	0.000000e+00	0.000000e+00	0.000000e+00	0.000000e+00	0.000000e+00	0.000000e+00	0.000000e+00	0.000000e+00	0.000000e+00	0.000000e+00	0.000000e+00	0.000000e+00	0.000000e+00	1.078358e+05	1.313695e+03	6.201065e+05	1.347133e+02	9.831809e-12	0.000000e+00	
9.000000	8.000000	10.000000	245.840000	3.319541e+04	7.680249e+03	6.191349e+11	8.432056e-02	7.989124e+05	7.730313e+07	5.260745e+09	2.954135e+15	4.879313e-06	1.068974e+08	1.220745e+02	1.813926e+12	5.448548e+07	5.568444e+07	3.243136e+03	3.550861e+02	9.664196e-02	6.337719e+05	6.335441e+08	4.504362e-33	7.730124e+11	1.500829e+13	5.648847e+08	4.712400e+07	1.054343e+02	3.694821e+01	6.195420e-69	1.025598e-14	3.906014e-16	1.364344e-07	1.073569e-08	2.480201e-03	0.000000e+00	1.200549e-06	6.545875e-07	1.139027e-05	1.684395e-14	2.684202e+05	3.252086e-10	1.489755e-05	9.681057e-11	1.700777e-11	1.419036e-03	3.791928e+08	7.962320e+01	5.665182e+05	1.342625e-04	7.266205e-08	5.586862e-06	1.843437e+09	2.354220e-23	0.000000e+00	3.423004e+15	5.200710e+12	1.956002e+18	7.824009e+18	1.350659e-02	6.530680e-10	1.672820e-23	4.072739e-11	1.686165e-02	1.024637e-03	3.429732e-07	8.114942e-03	3.492008e-30	3.546092e-02	1.007536e-01	0.000000e+00	4.245682e-04	0.000000e+00	5.725804e+07	4.303007e-01	5.280136e+02	5.226102e+07	1.282736e-04	1.234788e-03	3.694961e-32	3.436000e-31	4.174678e+09	1.403064e-70	6.653882e-24	0.000000e+00	0.000000e+00	0.000000e+00	0.000000e+00	0.000000e+00	0.000000e+00	0.000000e+00	0.000000e+00	0.000000e+00	0.000000e+00	0.000000e+00	0.000000e+00	0.000000e+00	0.000000e+00	0.000000e+00	0.000000e+00	0.000000e+00	0.000000e+00	0.000000e+00	0.000000e+00	0.000000e+00	0.000000e+00	0.000000e+00	0.000000e+00	0.000000e+00	8.686589e+04	1.232013e+03	4.969321e+05	1.082075e+02	7.882901e-12	0.000000e+00	
11.000000	10.000000	12.000000	231.220000	2.499304e+04	1.246854e+04	7.352617e+11	6.941928e-02	6.581249e+05	4.610285e+07	2.816591e+09	6.456553e+14	2.399436e-05	8.033813e+07	6.811901e+01	1.449800e+12	5.460452e+07	4.237281e+07	3.170980e+03	8.038924e+03	7.992368e-02	2.762485e+05	6.789826e+08	8.761671e-33	5.809422e+11	1.199764e+13	2.365543e+08	3.161940e+07	7.122820e+01	1.413040e+01	1.410447e-69	9.263611e-15	1.438443e-16	5.471409e-08	4.394830e-09	1.922016e-03	3.542090e-14	4.797109e-07	1.707095e-07	6.701956e-06	1.177037e-14	2.293235e+05	1.047826e-10	1.100353e-05	6.942026e-11	6.147507e-12	2.563309e-03	2.211772e+08	1.773785e+02	1.860715e+05	6.558351e-05	4.895433e-08	2.415187e-06	1.470599e+09	6.538029e-17	0.000000e+00	2.740158e+15	4.163335e+12	1.565804e+18	6.263217e+18	2.102719e-02	1.204150e-10	4.440143e-17	1.609708e-11	9.283197e-03	5.357963e-04	5.321657e-07	5.417836e-03	2.668072e-29	1.464786e-02	1.227909e-01	0.000000e+00	2.809960e-04	0.000000e+00	1.858720e+08	1.799018e-01	4.228143e+02	3.773501e+07	1.032959e-04	1.008922e-03	8.401366e-33	4.459120e-32	3.427928e+09	2.361576e-72	1.456670e-23	0.000000e+00	0.000000e+00	0.000000e+00	0.000000e+00	0.000000e+00	0.000000e+00	0.000000e+00	0.000000e+00	0.000000e+00	0.000000e+00	0.000000e+00	0.000000e+00	0.000000e+00	0.000000e+00	0.000000e+00	0.000000e+00	0.000000e+00	0.000000e+00	0.000000e+00	0.000000e+00	0.000000e+00	0.000000e+00	0.000000e+00	0.000000e+00	0.000000e+00	6.943891e+04	1.234527e+03	3.940637e+05	8.624788e+01	6.266749e-12	0.000000e+00	
13.000000	12.000000	14.000000	215.260000	1.845326e+04	4.074495e+04	1.767775e+12	4.742428e-02	4.992280e+05	1.214655e+07	4.434824e+08	9.657175e+13	1.009913e-03	5.428784e+07	1.475950e+01	1.139212e+12	1.833081e+08	1.860767e+08	9.311316e+03	4.957108e+05	5.916188e-02	5.774912e+05	1.540442e+09	1.349534e-31	3.865023e+11	9.455969e+12	7.824878e+07	1.621187e+07	3.636820e+01	1.955672e+00	4.098455e-78	0.000000e+00	0.000000e+00	0.000000e+00	7.287036e-10	1.418358e-03	0.000000e+00	4.291119e-08	5.655169e-09	3.051996e-06	6.965666e-15	2.498327e+05	3.110128e-11	1.821600e-06	4.017444e-11	3.086893e-12	9.919735e-03	8.134662e+07	3.389271e+02	2.583668e+04	2.394457e-05	4.961897e-08	7.883256e-07	1.143839e+09	4.322938e-32	0.000000e+00	2.173159e+15	3.298442e+12	1.241805e+18	4.967222e+18	6.648915e-02	1.136900e-11	0.000000e+00	4.526796e-12	4.276454e-03	2.202488e-04	1.670423e-06	2.969695e-03	5.312456e-77	2.949641e-02	3.431602e-01	0.000000e+00	1.124252e-04	0.000000e+00	3.995471e+08	6.210511e-02	3.360140e+02	2.099989e+07	5.261306e-05	5.197925e-04	2.455786e-33	1.375469e-32	2.825811e+09	3.733333e-69	6.522609e-24	0.000000e+00	0.000000e+00	0.000000e+00	0.000000e+00	0.000000e+00	0.000000e+00	0.000000e+00	0.000000e+00	0.000000e+00	0.000000e+00	0.000000e+00	0.000000e+00	0.000000e+00	0.000000e+00	0.000000e+00	0.000000e+00	0.000000e+00	0.000000e+00	0.000000e+00	0.000000e+00	0.000000e+00	0.000000e+00	0.000000e+00	0.000000e+00	0.000000e+00	5.455162e+04	2.288247e+03	2.950234e+05	6.683349e+01	4.782091e-12	0.000000e+00	
15.000000	14.000000	16.000000	203.790000	1.335911e+04	1.704387e+05	4.831564e+12	1.883415e-02	2.079298e+05	2.133948e+06	2.539382e+07	2.046689e+13	3.653118e-02	2.661983e+07	3.649018e+00	8.409731e+11	5.456039e+08	9.780744e+08	3.240252e+04	9.787187e+06	6.263898e-02	6.501821e+05	4.092515e+09	1.895604e-30	2.304090e+11	7.081075e+12	2.221700e+07	6.909218e+06	1.602011e+01	1.645510e-01	2.183627e-84	0.000000e+00	0.000000e+00	0.000000e+00	6.135896e-11	1.019674e-03	5.112071e-13	2.237938e-09	1.321923e-10	1.708045e-06	2.338223e-15	3.857209e+05	9.367353e-12	1.420188e-07	7.385488e-08	1.155714e-09	2.991160e-01	2.642899e+07	2.155927e+02	2.893037e+03	6.868228e-06	4.748208e-08	1.896863e-07	8.124457e+08	8.953087e-15	0.000000e+00	1.661792e+15	2.508705e+12	9.495952e+17	3.798381e+18	2.674972e-01	5.419192e-12	6.004266e-15	6.193428e-13	1.550907e-03	7.434839e-05	6.577595e-06	7.960998e-04	2.863455e-83	5.602645e-02	1.288047e+00	0.000000e+00	2.147599e-05	0.000000e+00	5.292692e+08	1.618026e-02	2.590300e+02	8.325488e+06	2.524825e-05	2.469293e-04	1.251934e-27	1.574930e-27	2.214682e+09	2.924743e-63	1.400411e-21	0.000000e+00	0.000000e+00	0.000000e+00	0.000000e+00	0.000000e+00	0.000000e+00	0.000000e+00	0.000000e+00	0.000000e+00	0.000000e+00	0.000000e+00	0.000000e+00	0.000000e+00	0.000000e+00	0.000000e+00	0.000000e+00	0.000000e+00	0.000000e+00	0.000000e+00	0.000000e+00	0.000000e+00	0.000000e+00	0.000000e+00	0.000000e+00	0.000000e+00	3.964718e+04	6.963951e+03	1.751553e+05	4.677863e+01	3.132428e-12	0.000000e+00	
17.000000	16.000000	18.000000	201.300000	9.566443e+03	5.504380e+05	8.199855e+12	2.454716e-02	2.468665e+05	2.151153e+06	6.578264e+06	1.427405e+13	2.122310e-01	7.276325e+06	2.009641e+00	5.677964e+11	7.498668e+08	2.035530e+09	8.790099e+04	5.094078e+07	1.189761e-01	8.963266e+05	6.729004e+09	2.815060e-29	1.219133e+11	4.928816e+12	2.401779e+07	2.170660e+06	7.254514e+00	1.219029e-01	1.661217e-75	0.000000e+00	0.000000e+00	0.000000e+00	2.953570e-11	7.276144e-04	0.000000e+00	1.862422e-09	6.816014e-10	2.233740e-05	2.840750e-15	5.565010e+05	1.746184e-11	1.263169e-07	4.426733e-07	2.860899e-09	1.059343e+00	9.589398e+06	1.227831e+02	1.845966e+02	8.362863e-06	1.333029e-07	1.710304e-07	5.037283e+08	7.086484e-30	0.000000e+00	1.204727e+15	1.797492e+12	6.884154e+17	2.753662e+18	7.971564e-01	5.669824e-12	0.000000e+00	1.509774e-12	2.517428e-03	1.232670e-04	1.882156e-05	5.264598e-04	2.079539e-74	1.846528e-01	3.114793e+00	0.000000e+00	1.193481e-05	0.000000e+00	8.202856e+08	1.770853e-02	1.907974e+02	5.000290e+06	1.503424e-05	1.412315e-04	1.358015e-26	7.314496e-27	1.627259e+09	4.781321e-62	6.032714e-21	0.000000e+00	0.000000e+00	0.000000e+00	0.000000e+00	0.000000e+00	0.000000e+00	0.000000e+00	0.000000e+00	0.000000e+00	0.000000e+00	0.000000e+00	0.000000e+00	0.000000e+00	0.000000e+00	0.000000e+00	0.000000e+00	0.000000e+00	0.000000e+00	0.000000e+00	0.000000e+00	0.000000e+00	0.000000e+00	0.000000e+00	0.000000e+00	0.000000e+00	2.305941e+04	9.943843e+03	6.988505e+04	2.809754e+01	1.611292e-12	0.000000e+00	
19.000000	18.000000	20.000000	203.300000	6.847775e+03	1.366538e+06	9.594200e+12	4.353942e-02	3.545862e+05	3.060469e+06	9.624156e+06	1.053721e+13	5.598632e-01	1.248105e+06	5.914187e-01	3.618707e+11	8.368737e+08	2.795696e+09	1.561403e+05	9.334003e+07	1.377794e-01	1.132550e+06	8.117379e+09	3.173064e-28	6.405682e+10	3.292061e+12	2.853231e+07	5.373576e+05	5.117029e+00	1.694373e-01	8.899830e-67	4.709184e-15	1.867950e-18	5.796182e-10	3.048078e-11	5.683797e-04	0.000000e+00	1.553264e-10	3.638915e-11	9.504767e-07	4.729220e-15	6.804900e+05	5.272601e-11	2.676669e-07	1.138896e-06	3.019692e-09	2.151963e+00	6.497778e+06	1.403340e+02	7.647273e+00	1.405006e-05	3.751903e-07	2.004504e-07	2.777387e+08	4.173007e-17	0.000000e+00	8.538745e+14	1.249755e+12	4.879283e+17	1.951713e+18	1.793080e+00	3.823288e-12	4.260166e-17	6.467806e-12	4.983597e-03	2.390203e-04	3.990333e-05	4.091214e-04	4.611097e-24	4.855549e-01	4.726570e+00	2.579669e-24	1.393648e-05	0.000000e+00	1.018154e+09	2.257765e-02	1.384149e+02	4.433699e+06	1.778026e-05	1.579473e-04	2.532002e-26	5.477346e-27	1.156696e+09	1.802128e-62	2.542545e-20	0.000000e+00	0.000000e+00	0.000000e+00	0.000000e+00	0.000000e+00	0.000000e+00	0.000000e+00	0.000000e+00	0.000000e+00	0.000000e+00	0.000000e+00	0.000000e+00	0.000000e+00	0.000000e+00	0.000000e+00	0.000000e+00	0.000000e+00	0.000000e+00	0.000000e+00	0.000000e+00	0.000000e+00	0.000000e+00	0.000000e+00	0.000000e+00	0.000000e+00	9.048203e+03	8.304225e+03	1.942772e+04	1.482738e+01	6.711655e-13	0.000000e+00	
21.000000	20.000000	22.000000	206.940000	4.924221e+03	2.708468e+06	8.667110e+12	8.552722e-02	5.267231e+05	4.296829e+06	1.459184e+07	7.781656e+12	1.077574e+00	1.706680e+05	1.343923e-01	2.243230e+11	9.137265e+08	3.071806e+09	1.936933e+05	8.833102e+07	1.691609e-01	1.375069e+06	8.023986e+09	2.753796e-27	3.633229e+10	2.165669e+12	2.963753e+07	1.182644e+05	4.926530e+00	1.994105e-01	7.798511e-66	9.833735e-15	2.805743e-18	5.001370e-10	4.907190e-11	5.052755e-04	2.274677e-18	1.275442e-10	4.112595e-11	8.379111e-07	9.290834e-15	7.231065e+05	1.670637e-10	6.526649e-07	1.872533e-06	1.976328e-09	3.175753e+00	5.320621e+06	1.925247e+02	2.493923e-01	2.404685e-05	8.426196e-07	2.354777e-07	1.411034e+08	7.114909e-19	0.000000e+00	6.032190e+14	8.599369e+11	3.446966e+17	1.378786e+18	3.169786e+00	1.923505e-12	1.032584e-18	2.836824e-11	9.239080e-03	4.141892e-04	6.570286e-05	3.497468e-04	2.370209e-23	9.563314e-01	5.039686e+00	1.032754e-24	1.939297e-05	0.000000e+00	9.400193e+08	2.603845e-02	1.005789e+02	4.372953e+06	2.577229e-05	2.167658e-04	1.841447e-26	1.521648e-27	8.083863e+08	9.020471e-64	1.158818e-19	0.000000e+00	0.000000e+00	0.000000e+00	0.000000e+00	0.000000e+00	0.000000e+00	0.000000e+00	0.000000e+00	0.000000e+00	0.000000e+00	0.000000e+00	0.000000e+00	0.000000e+00	0.000000e+00	0.000000e+00	0.000000e+00	0.000000e+00	0.000000e+00	0.000000e+00	0.000000e+00	0.000000e+00	0.000000e+00	0.000000e+00	0.000000e+00	0.000000e+00	2.630747e+03	5.409610e+03	4.424545e+03	7.210747e+00	2.494835e-13	0.000000e+00	
23.000000	22.000000	24.000000	212.220000	3.565837e+03	4.752266e+06	6.763993e+12	1.787907e-01	7.932466e+05	5.837331e+06	2.033336e+07	5.747967e+12	1.689303e+00	1.962326e+04	2.765770e-02	1.358889e+11	9.924648e+08	3.054856e+09	2.035811e+05	6.204158e+07	2.383889e-01	1.639075e+06	6.911836e+09	2.072558e-26	2.218326e+10	1.410833e+12	2.821432e+07	2.665003e+04	4.974434e+00	2.024207e-01	1.287518e-63	4.638545e-14	1.108251e-17	1.145381e-09	1.051881e-10	4.993967e-04	1.071480e-17	1.933672e-10	6.848848e-11	9.901312e-07	2.064335e-14	7.041674e+05	5.620775e-10	1.667214e-06	2.413474e-06	9.699326e-10	3.779432e+00	3.987278e+06	2.368744e+02	6.816983e-03	4.064548e-05	1.632147e-06	2.696997e-07	6.641246e+07	5.295758e-18	0.000000e+00	4.259485e+14	5.870248e+11	2.433992e+17	9.735966e+17	4.814652e+00	9.643695e-13	1.183224e-17	1.285653e-10	1.665231e-02	6.657894e-04	9.210182e-05	3.219116e-04	2.535093e-22	1.656634e+00	4.112410e+00	3.581498e-24	2.395012e-05	0.000000e+00	7.174549e+08	2.813292e-02	7.335994e+01	4.130215e+06	3.390158e-05	2.722017e-04	7.771132e-27	2.308770e-28	5.556184e+08	1.308226e-65	6.371340e-19	0.000000e+00	0.000000e+00	0.000000e+00	0.000000e+00	0.000000e+00	0.000000e+00	0.000000e+00	0.000000e+00	0.000000e+00	0.000000e+00	0.000000e+00	0.000000e+00	0.000000e+00	0.000000e+00	0.000000e+00	0.000000e+00	0.000000e+00	0.000000e+00	0.000000e+00	0.000000e+00	0.000000e+00	0.000000e+00	0.000000e+00	0.000000e+00	0.000000e+00	6.209660e+02	3.223346e+03	8.770046e+02	3.257685e+00	8.435422e-14	0.000000e+00	
25.000000	24.000000	26.000000	217.150000	2.602091e+03	7.807013e+06	5.042018e+12	3.876056e-01	1.207666e+06	7.400369e+06	2.483857e+07	4.282582e+12	2.626477e+00	1.816967e+03	5.237910e-03	8.129443e+10	1.115731e+09	2.947324e+09	1.931911e+05	3.806981e+07	3.428950e-01	2.014553e+06	5.311597e+09	1.366794e-25	1.438070e+10	9.215825e+11	2.581147e+07	1.008754e+04	5.007739e+00	1.833289e-01	2.374590e-61	2.427186e-13	4.713336e-17	2.878506e-09	2.532276e-10	5.350734e-04	4.852694e-17	2.001523e-10	6.308708e-11	5.597458e-07	2.004849e-14	6.528779e+05	1.688580e-09	3.682925e-06	2.814700e-06	3.906338e-10	4.600525e+00	2.746821e+06	2.675689e+02	2.521546e-04	6.181960e-05	2.683239e-06	2.822041e-07	2.909588e+07	3.239431e-17	0.000000e+00	3.037698e+14	4.017539e+11	1.735827e+17	6.943310e+17	6.828766e+00	4.712340e-13	1.204783e-16	5.614410e-10	2.945845e-02	1.032790e-03	1.197106e-04	3.166835e-04	3.188505e-21	2.745413e+00	2.751354e+00	1.420278e-23	2.724877e-05	0.000000e+00	4.762236e+08	2.959219e-02	5.423594e+01	3.751569e+06	4.001104e-05	3.094224e-04	2.474736e-27	2.414786e-29	3.792250e+08	9.229156e-68	4.209738e-18	0.000000e+00	0.000000e+00	0.000000e+00	0.000000e+00	0.000000e+00	0.000000e+00	0.000000e+00	0.000000e+00	0.000000e+00	0.000000e+00	0.000000e+00	0.000000e+00	0.000000e+00	0.000000e+00	0.000000e+00	0.000000e+00	0.000000e+00	0.000000e+00	0.000000e+00	0.000000e+00	0.000000e+00	0.000000e+00	0.000000e+00	0.000000e+00	0.000000e+00	1.235133e+02	1.920859e+03	1.526749e+02	1.366294e+00	2.542129e-14	0.000000e+00	
27.000000	26.000000	28.000000	221.380000	1.911382e+03	1.275784e+07	3.819304e+12	8.984701e-01	1.846220e+06	9.127597e+06	2.851312e+07	3.219664e+12	4.406424e+00	1.253957e+02	7.984003e-04	4.777323e+10	1.247726e+09	2.791444e+09	1.771962e+05	2.195467e+07	4.717661e-01	2.449736e+06	3.668039e+09	8.509161e-25	9.748764e+09	6.030822e+11	2.340546e+07	8.574747e+03	5.069787e+00	1.600745e-01	3.943453e-59	1.291664e-12	2.089795e-16	7.455064e-09	6.268721e-10	6.127539e-04	2.219446e-16	6.994223e-10	2.593694e-10	1.653960e-06	1.230197e-13	5.900119e+05	4.488750e-09	7.410263e-06	3.172869e-06	1.342277e-10	6.103773e+00	1.794611e+06	2.852872e+02	8.156431e-05	7.998247e-05	3.754955e-06	2.566792e-07	1.144920e+07	1.663946e-16	0.000000e+00	2.188724e+14	2.754948e+11	1.250700e+17	5.002798e+17	9.719420e+00	3.635432e-13	1.155978e-15	2.364058e-09	5.196937e-02	1.602460e-03	1.548624e-04	3.268039e-04	4.401663e-20	4.473421e+00	1.622018e+00	6.383588e-23	2.940775e-05	0.000000e+00	2.907839e+08	3.122236e-02	4.068835e+01	3.302000e+06	4.391182e-05	3.292802e-04	6.622631e-28	1.891662e-30	2.568607e+08	3.758311e-70	3.152520e-17	0.000000e+00	0.000000e+00	0.000000e+00	0.000000e+00	0.000000e+00	0.000000e+00	0.000000e+00	0.000000e+00	0.000000e+00	0.000000e+00	0.000000e+00	0.000000e+00	0.000000e+00	0.000000e+00	0.000000e+00	0.000000e+00	0.000000e+00	0.000000e+00	0.000000e+00	0.000000e+00	0.000000e+00	0.000000e+00	0.000000e+00	0.000000e+00	0.000000e+00	2.113265e+01	1.179040e+03	2.351139e+01	5.109091e-01	6.404819e-15	0.000000e+00	
29.000000	28.000000	30.000000	225.260000	1.411910e+03	2.119743e+07	2.957654e+12	2.299122e+00	2.740157e+06	1.103227e+07	3.103416e+07	2.433838e+12	7.547744e+00	7.071787e+00	1.011640e-04	2.750327e+10	1.338764e+09	2.541593e+09	1.593985e+05	1.157354e+07	5.841318e-01	2.747162e+06	2.270439e+09	4.850876e-24	6.885630e+09	3.945044e+11	2.094359e+07	1.015559e+04	5.091612e+00	1.376838e-01	5.639833e-57	6.213057e-12	9.566999e-16	1.921963e-08	1.510506e-09	7.376884e-04	1.046086e-15	1.536503e-09	5.532961e-10	2.238666e-06	3.084391e-13	5.232984e+05	1.078887e-08	1.477864e-05	3.272086e-06	3.677631e-11	8.040596e+00	1.110618e+06	2.756891e+02	4.864211e-05	8.318281e-05	4.269941e-06	1.926038e-07	3.899682e+06	6.933939e-16	0.000000e+00	1.588930e+14	1.887768e+11	9.079602e+16	3.631841e+17	1.423261e+01	5.798241e-13	1.048540e-14	9.360357e-09	9.080173e-02	2.460443e-03	2.045473e-04	3.407333e-04	5.458867e-19	6.952717e+00	9.068712e-01	2.978123e-22	2.876631e-05	0.000000e+00	1.647328e+08	3.272588e-02	3.089576e+01	2.775250e+06	4.524202e-05	3.302385e-04	1.308740e-28	9.587900e-32	1.722072e+08	6.523452e-73	2.335263e-16	0.000000e+00	0.000000e+00	0.000000e+00	0.000000e+00	0.000000e+00	0.000000e+00	0.000000e+00	0.000000e+00	0.000000e+00	0.000000e+00	0.000000e+00	0.000000e+00	0.000000e+00	0.000000e+00	0.000000e+00	0.000000e+00	0.000000e+00	0.000000e+00	0.000000e+00	0.000000e+00	0.000000e+00	0.000000e+00	0.000000e+00	0.000000e+00	0.000000e+00	3.611077e+00	7.525286e+02	3.744827e+00	1.652892e-01	1.322938e-15	0.000000e+00	
31.000000	30.000000	32.000000	230.260000	1.049120e+03	3.569744e+07	2.252418e+12	6.608717e+00	3.790509e+06	1.268006e+07	3.044118e+07	1.841072e+12	1.166603e+01	5.159844e-01	2.122266e-05	1.523431e+10	1.357941e+09	2.189226e+09	1.412360e+05	5.352862e+06	6.387068e-01	2.651176e+06	1.241124e+09	2.521395e-23	5.044634e+09	2.548827e+11	1.831254e+07	1.440116e+04	4.955442e+00	1.135242e-01	9.812996e-55	2.633069e-11	4.731344e-15	4.980188e-08	3.581810e-09	9.383055e-04	5.166356e-15	3.760820e-09	1.254021e-09	3.223398e-06	7.549409e-13	4.599873e+05	2.620014e-08	3.332069e-05	2.651659e-06	6.622445e-12	8.839803e+00	6.203360e+05	2.169188e+02	2.340433e-05	6.470669e-05	3.581761e-06	1.116190e-07	1.056561e+06	2.194050e-15	0.000000e+00	1.155017e+14	1.280219e+11	6.600098e+16	2.640039e+17	2.094763e+01	1.521828e-12	9.176967e-14	3.512671e-08	1.573907e-01	3.630505e-03	2.679517e-04	3.413276e-04	5.593068e-18	1.010661e+01	4.851878e-01	1.332506e-21	2.264922e-05	0.000000e+00	8.430247e+07	3.331732e-02	2.367179e+01	2.232344e+06	4.207691e-05	2.996035e-04	1.326158e-29	2.068422e-33	1.130989e+08	2.031873e-76	1.623981e-15	0.000000e+00	0.000000e+00	0.000000e+00	0.000000e+00	0.000000e+00	0.000000e+00	0.000000e+00	0.000000e+00	0.000000e+00	0.000000e+00	0.000000e+00	0.000000e+00	0.000000e+00	0.000000e+00	0.000000e+00	0.000000e+00	0.000000e+00	0.000000e+00	0.000000e+00	0.000000e+00	0.000000e+00	0.000000e+00	0.000000e+00	0.000000e+00	0.000000e+00	7.067598e-01	4.903673e+02	7.117788e-01	4.338917e-02	2.167306e-16	0.000000e+00	
33.000000	32.000000	34.000000	236.380000	7.850729e+02	5.988248e+07	1.657602e+12	2.063723e+01	4.865712e+06	1.343277e+07	2.572357e+07	1.393583e+12	1.667001e+01	9.163598e-02	2.025698e-05	8.180730e+09	1.305974e+09	1.742087e+09	1.184248e+05	2.073411e+06	6.124378e-01	2.212638e+06	6.023649e+08	1.233189e-22	3.805682e+09	1.631499e+11	1.554034e+07	2.226712e+04	4.589028e+00	8.670047e-02	1.876282e-52	9.672849e-11	2.353341e-14	1.215462e-07	7.927718e-09	1.232412e-03	2.590684e-14	9.931512e-09	2.980523e-09	4.768119e-06	1.719112e-12	4.010016e+05	6.484873e-08	8.283295e-05	1.563850e-06	7.068203e-13	7.665601e+00	3.043610e+05	1.352088e+02	8.520525e-06	3.629291e-05	2.094061e-06	5.088285e-08	2.220744e+05	4.920300e-15	0.000000e+00	8.419401e+13	8.613290e+10	4.811086e+16	1.924435e+17	3.013839e+01	5.152358e-12	7.487226e-13	1.229435e-07	2.685868e-01	5.045009e-03	3.391659e-04	3.250258e-04	4.595460e-17	1.330205e+01	2.457502e-01	5.550526e-21	1.385517e-05	0.000000e+00	3.736149e+07	3.243646e-02	1.832501e+01	1.844785e+06	3.416684e-05	2.377188e-04	5.765951e-31	1.550477e-35	7.295680e+07	7.997223e-81	9.716681e-15	0.000000e+00	0.000000e+00	0.000000e+00	0.000000e+00	0.000000e+00	0.000000e+00	0.000000e+00	0.000000e+00	0.000000e+00	0.000000e+00	0.000000e+00	0.000000e+00	0.000000e+00	0.000000e+00	0.000000e+00	0.000000e+00	0.000000e+00	0.000000e+00	0.000000e+00	0.000000e+00	0.000000e+00	0.000000e+00	0.000000e+00	0.000000e+00	0.000000e+00	1.662885e-01	3.231168e+02	1.664247e-01	9.296711e-03	2.989620e-17	0.000000e+00	
35.000000	34.000000	36.000000	242.240000	5.917653e+02	9.946848e+07	1.203569e+12	6.715359e+01	5.999388e+06	1.312286e+07	1.888824e+07	1.061485e+12	2.466466e+01	2.696551e-02	4.147555e-05	4.299860e+09	1.209036e+09	1.268621e+09	9.122789e+04	6.777777e+05	5.199513e-01	1.712004e+06	2.727032e+08	5.975643e-22	2.913097e+09	1.041077e+11	1.266665e+07	3.220811e+04	4.072026e+00	6.048971e-02	2.586246e-50	3.023714e-10	1.009380e-13	2.608779e-07	1.523043e-08	1.653534e-03	1.243739e-13	2.673880e-08	7.461891e-09	6.920188e-06	3.614457e-12	3.496708e+05	1.549909e-07	2.009015e-04	6.487612e-07	4.079781e-14	5.427821e+00	1.309068e+05	7.191821e+01	2.172455e-06	1.421231e-05	8.317662e-07	2.050578e-08	3.568058e+04	7.192145e-15	0.000000e+00	6.192779e+13	5.787214e+10	3.538731e+16	1.415492e+17	4.243842e+01	1.643635e-11	5.422938e-12	3.901743e-07	4.424163e-01	6.598131e-03	4.153090e-04	3.021256e-04	2.996367e-16	1.543611e+01	1.199025e-01	2.087407e-20	6.995619e-06	0.000000e+00	1.420956e+07	3.011571e-02	1.442497e+01	1.731225e+06	2.386609e-05	1.624963e-04	9.660312e-33	3.465383e-38	4.642013e+07	5.065914e-86	4.619020e-14	0.000000e+00	0.000000e+00	0.000000e+00	0.000000e+00	0.000000e+00	0.000000e+00	0.000000e+00	0.000000e+00	0.000000e+00	0.000000e+00	0.000000e+00	0.000000e+00	0.000000e+00	0.000000e+00	0.000000e+00	0.000000e+00	0.000000e+00	0.000000e+00	0.000000e+00	0.000000e+00	0.000000e+00	0.000000e+00	0.000000e+00	0.000000e+00	0.000000e+00	4.472682e-02	2.138497e+02	4.472969e-02	1.646287e-03	3.671675e-18	0.000000e+00	
37.000000	36.000000	38.000000	247.580000	4.489521e+02	1.648614e+08	8.684780e+11	2.261912e+02	7.348543e+06	1.207068e+07	1.243750e+07	8.125337e+11	3.830345e+01	1.016865e-02	9.891197e-05	2.248791e+09	1.087750e+09	8.473197e+08	6.509771e+04	1.915407e+05	4.185563e-01	1.284044e+06	1.195336e+08	2.951417e-21	2.233955e+09	6.660737e+10	1.000854e+07	4.239241e+04	3.537532e+00	3.932269e-02	2.403756e-48	7.894005e-10	3.485657e-13	4.970987e-07	2.456562e-08	2.222145e-03	5.854737e-13	7.181652e-08	1.999392e-08	9.670219e-06	7.191978e-12	3.039809e+05	3.628097e-07	4.552925e-04	1.984087e-07	1.343436e-15	3.405886e+00	5.293254e+04	3.902783e+01	4.070063e-07	4.124865e-06	2.397785e-07	9.402387e-09	4.518358e+03	7.190196e-15	0.000000e+00	4.596914e+13	3.901428e+10	2.626808e+16	1.050723e+17	5.895010e+01	4.636873e-11	3.673300e-11	1.174105e-06	7.167236e-01	8.376008e-03	4.987265e-04	2.807282e-04	1.535172e-15	1.611886e+01	5.681635e-02	6.660799e-20	3.271544e-06	0.000000e+00	4.653604e+06	2.736933e-02	1.151093e+01	1.863048e+06	1.531294e-05	1.020839e-04	6.908696e-35	2.582721e-41	2.913505e+07	2.118246e-91	1.701529e-13	0.000000e+00	0.000000e+00	0.000000e+00	0.000000e+00	0.000000e+00	0.000000e+00	0.000000e+00	0.000000e+00	0.000000e+00	0.000000e+00	0.000000e+00	0.000000e+00	0.000000e+00	0.000000e+00	0.000000e+00	0.000000e+00	0.000000e+00	0.000000e+00	0.000000e+00	0.000000e+00	0.000000e+00	0.000000e+00	0.000000e+00	0.000000e+00	0.000000e+00	1.311707e-02	1.411924e+02	1.311711e-02	2.531671e-04	4.420461e-19	0.000000e+00	
39.000000	38.000000	40.000000	252.660000	3.425709e+02	2.749025e+08	6.162062e+11	7.892185e+02	9.100260e+06	1.066298e+07	7.582405e+06	6.238015e+11	5.906115e+01	5.748235e-03	2.338679e-04	1.176229e+09	9.589653e+08	5.155112e+08	4.306221e+04	4.606381e+04	3.501214e-01	9.505066e+05	5.072788e+07	1.460718e-20	1.708096e+09	4.274830e+10	7.717350e+06	5.259507e+04	3.058828e+00	2.437415e-02	1.716690e-46	1.808085e-09	1.015081e-12	9.160587e-07	3.409318e-08	2.985007e-03	2.792753e-12	2.021449e-07	5.947227e-08	1.313802e-05	1.438826e-11	2.635376e+05	8.589051e-07	9.497363e-04	4.925266e-08	2.777414e-17	2.050197e+00	2.177692e+04	2.677352e+01	5.883455e-08	9.308425e-07	5.228331e-08	5.527190e-09	4.575571e+02	4.991995e-15	0.000000e+00	3.437130e+13	2.642456e+10	1.964074e+16	7.856297e+16	8.149563e+01	1.211090e-10	2.455058e-10	3.490626e-06	1.166453e+00	1.058359e-02	5.940568e-04	2.646637e-04	6.524609e-15	1.533523e+01	2.572456e-02	1.770129e-19	1.561702e-06	0.000000e+00	1.292127e+06	2.488162e-02	9.274413e+00	2.171710e+06	9.759514e-06	6.365521e-05	2.544513e-37	7.754339e-45	1.784458e+07	1.045776e-96	5.071512e-13	0.000000e+00	0.000000e+00	0.000000e+00	0.000000e+00	0.000000e+00	0.000000e+00	0.000000e+00	0.000000e+00	0.000000e+00	0.000000e+00	0.000000e+00	0.000000e+00	0.000000e+00	0.000000e+00	0.000000e+00	0.000000e+00	0.000000e+00	0.000000e+00	0.000000e+00	0.000000e+00	0.000000e+00	0.000000e+00	0.000000e+00	0.000000e+00	0.000000e+00	4.019510e-03	9.197661e+01	4.019504e-03	3.481433e-05	7.911879e-20	0.000000e+00	
41.000000	40.000000	42.000000	256.920000	2.626984e+02	4.630725e+08	4.282055e+11	2.791826e+03	1.132066e+07	9.309801e+06	4.564951e+06	4.806855e+11	8.889139e+01	5.399103e-03	4.890547e-04	6.243206e+08	8.319093e+08	2.786665e+08	2.588550e+04	9.263324e+03	3.270362e-01	6.972228e+05	2.027580e+07	6.727308e-20	1.309312e+09	2.776147e+10	5.783721e+06	5.937926e+04	2.622595e+00	1.495023e-02	8.413075e-45	3.762357e-09	2.560254e-12	1.703279e-06	4.088473e-08	3.941816e-03	1.284060e-11	6.108531e-07	1.958135e-07	1.692477e-05	2.931746e-11	2.279884e+05	1.913207e-06	1.692475e-03	1.479524e-08	5.463063e-19	1.333133e+00	1.002128e+04	2.600278e+01	6.710072e-09	1.681363e-07	8.814250e-09	4.112685e-09	3.876464e+01	2.294032e-15	0.000000e+00	2.592039e+13	1.813640e+10	1.481165e+16	5.924660e+16	1.133715e+02	2.751475e-10	1.541636e-09	9.759798e-06	1.876605e+00	1.327787e-02	7.144404e-04	2.542135e-04	2.358446e-14	1.275518e+01	1.097506e-02	3.946513e-19	8.439329e-07	0.000000e+00	3.113214e+05	2.259293e-02	7.522951e+00	2.565187e+06	6.773958e-06	4.314728e-05	1.096121e-39	2.144818e-48	1.054413e+07	6.466722e-102	1.248247e-12	0.000000e+00	0.000000e+00	0.000000e+00	0.000000e+00	0.000000e+00	0.000000e+00	0.000000e+00	0.000000e+00	0.000000e+00	0.000000e+00	0.000000e+00	0.000000e+00	0.000000e+00	0.000000e+00	0.000000e+00	0.000000e+00	0.000000e+00	0.000000e+00	0.000000e+00	0.000000e+00	0.000000e+00	0.000000e+00	0.000000e+00	0.000000e+00	0.000000e+00	1.260954e-03	5.880521e+01	1.260948e-03	4.557881e-06	7.862599e-20	0.000000e+00	
43.000000	42.000000	44.000000	260.360000	2.022479e+02	7.695500e+08	2.878144e+11	9.264355e+03	1.344181e+07	8.235901e+06	2.905077e+06	3.714139e+11	1.246042e+02	6.189873e-03	8.386945e-04	3.367969e+08	7.003578e+08	1.313029e+08	1.373286e+04	1.497190e+03	3.383187e-01	4.818583e+05	7.112921e+06	2.573778e-19	1.020920e+09	1.832034e+10	4.141357e+06	6.129215e+04	2.137152e+00	9.343593e-03	2.489404e-43	6.894495e-09	5.407244e-12	2.975548e-06	4.257075e-08	5.035292e-03	5.027241e-11	1.905029e-06	6.745989e-07	2.006033e-05	5.744308e-11	1.972551e+05	3.488096e-06	2.502170e-03	1.008032e-08	1.975790e-20	1.027832e+00	5.616929e+03	3.140376e+01	5.898760e-10	2.358410e-08	1.104725e-09	3.647351e-09	2.802250e+00	6.333629e-16	0.000000e+00	1.969208e+13	1.268506e+10	1.125262e+16	4.501048e+16	1.533595e+02	5.661249e-10	7.934993e-09	2.289022e-05	2.860632e+00	1.583205e-02	8.420234e-04	2.402314e-04	6.792024e-14	8.718588e+00	4.162020e-03	6.970889e-19	5.356976e-07	0.000000e+00	6.810044e+04	1.969782e-02	6.128771e+00	2.941958e+06	5.573209e-06	3.456359e-05	1.997195e-41	2.005245e-51	5.836557e+06	4.924476e-107	2.575454e-12	0.000000e+00	0.000000e+00	0.000000e+00	0.000000e+00	0.000000e+00	0.000000e+00	0.000000e+00	0.000000e+00	0.000000e+00	0.000000e+00	0.000000e+00	0.000000e+00	0.000000e+00	0.000000e+00	0.000000e+00	0.000000e+00	0.000000e+00	0.000000e+00	0.000000e+00	0.000000e+00	0.000000e+00	0.000000e+00	0.000000e+00	0.000000e+00	0.000000e+00	3.920941e-04	3.642294e+01	3.920890e-04	6.339481e-07	1.430808e-19	0.000000e+00	
45.000000	44.000000	46.000000	263.340000	1.562083e+02	1.189449e+09	1.847915e+11	2.583776e+04	1.441390e+07	7.339481e+06	1.970355e+06	2.870219e+11	1.550398e+02	6.607012e-03	1.152035e-03	1.875766e+08	5.651826e+08	5.570007e+07	6.312025e+03	1.957326e+02	3.473351e-01	2.961129e+05	2.137740e+06	8.400610e-19	8.229644e+08	1.241034e+10	2.811550e+06	5.889252e+04	1.578081e+00	5.941247e-03	3.826451e-42	1.032733e-08	8.975957e-12	4.345818e-06	3.885446e-08	6.003186e-03	1.460485e-10	5.399445e-06	2.100426e-06	2.101121e-05	9.770912e-11	1.698798e+05	4.497989e-06	3.122466e-03	1.300217e-08	1.265331e-21	9.902138e-01	4.047607e+03	3.929356e+01	4.168240e-11	2.616351e-09	1.086337e-10	3.697506e-09	1.869047e-01	1.081157e-16	0.000000e+00	1.503727e+13	9.117976e+09	8.592728e+15	3.437091e+16	1.882506e+02	1.100886e-09	2.877086e-08	4.086199e-05	3.987113e+00	1.716046e-02	9.186042e-04	2.143728e-04	1.386243e-13	4.894417e+00	1.357263e-03	9.247598e-19	3.967688e-07	0.000000e+00	1.404210e+04	1.583034e-02	4.993182e+00	3.111744e+06	5.729881e-06	3.445374e-05	1.231156e-42	6.008319e-54	2.967454e+06	4.752761e-112	4.402154e-12	0.000000e+00	0.000000e+00	0.000000e+00	0.000000e+00	0.000000e+00	0.000000e+00	0.000000e+00	0.000000e+00	0.000000e+00	0.000000e+00	0.000000e+00	0.000000e+00	0.000000e+00	0.000000e+00	0.000000e+00	0.000000e+00	0.000000e+00	0.000000e+00	0.000000e+00	0.000000e+00	0.000000e+00	0.000000e+00	0.000000e+00	0.000000e+00	0.000000e+00	1.199257e-04	2.179814e+01	1.199218e-04	1.501901e-07	1.953874e-19	0.000000e+00	
47.000000	46.000000	48.000000	265.400000	1.209470e+02	1.647829e+09	1.151821e+11	5.800350e+04	1.394228e+07	6.454903e+06	1.375998e+06	2.222508e+11	1.774474e+02	6.060512e-03	1.298515e-03	1.077725e+08	4.409962e+08	2.277549e+07	2.591582e+03	2.338281e+01	3.289368e-01	1.641046e+05	5.846025e+05	2.778652e-18	6.919916e+08	8.649934e+09	1.819416e+06	5.054248e+04	1.047746e+00	3.730240e-03	2.610004e-41	1.215410e-08	1.123227e-11	5.030573e-06	3.227364e-08	6.618138e-03	2.977047e-10	1.237440e-05	5.174928e-06	1.952398e-05	1.398018e-10	1.464968e+05	4.199532e-06	3.363224e-03	2.100061e-08	1.030091e-22	1.144755e+00	3.527608e+03	4.564042e+01	2.396676e-12	2.315299e-10	2.061027e-11	4.086621e-09	1.197834e-02	1.237234e-17	0.000000e+00	1.155250e+13	6.761721e+09	6.601429e+15	2.640572e+16	2.044742e+02	1.841138e-09	6.900249e-08	5.432161e-05	4.963625e+00	1.666316e-02	9.058725e-04	1.801874e-04	1.949184e-13	2.377643e+00	3.988721e-04	9.512840e-19	3.255237e-07	0.000000e+00	3.028069e+03	1.156728e-02	4.087445e+00	2.931355e+06	6.901100e-06	4.003120e-05	1.224262e-43	2.976241e-56	1.418674e+06	5.640581e-117	6.311921e-12	0.000000e+00	0.000000e+00	0.000000e+00	0.000000e+00	0.000000e+00	0.000000e+00	0.000000e+00	0.000000e+00	0.000000e+00	0.000000e+00	0.000000e+00	0.000000e+00	0.000000e+00	0.000000e+00	0.000000e+00	0.000000e+00	0.000000e+00	0.000000e+00	0.000000e+00	0.000000e+00	0.000000e+00	0.000000e+00	0.000000e+00	0.000000e+00	0.000000e+00	3.539059e-05	1.252421e+01	3.538819e-05	8.013482e-08	1.882646e-19	0.000000e+00	
49.000000	48.000000	50.000000	267.000000	9.381040e+01	2.071241e+09	7.072602e+10	1.094338e+05	1.252592e+07	5.539039e+06	9.560857e+05	1.721488e+11	1.902663e+02	5.008942e-03	1.318674e-03	6.389174e+07	3.371183e+08	9.467029e+06	1.002804e+03	2.777170e+00	2.889098e-01	8.456559e+04	1.553751e+05	8.737672e-18	6.057671e+08	6.185382e+09	1.146380e+06	3.997180e+04	6.427022e-01	2.280820e-03	1.042442e-40	1.222741e-08	1.178516e-11	4.991795e-06	2.537408e-08	6.785509e-03	4.759947e-10	2.227174e-05	9.705641e-06	1.662246e-05	1.739278e-10	1.264249e+05	3.369557e-06	3.358548e-03	3.587905e-08	9.563348e-24	1.427984e+00	3.358495e+03	4.897306e+01	1.420623e-13	2.148809e-11	3.109481e-11	4.542030e-09	7.735723e-04	1.146077e-18	0.000000e+00	8.906799e+12	5.160838e+09	5.089600e+15	2.035840e+16	1.997271e+02	2.794263e-09	1.234855e-07	5.969284e-05	5.736585e+00	1.500165e-02	8.211044e-04	1.454241e-04	2.156128e-13	1.099556e+00	1.119532e-04	8.481673e-19	2.728376e-07	0.000000e+00	6.861760e+02	7.916693e-03	3.362375e+00	2.522925e+06	8.823695e-06	4.906974e-05	1.479095e-44	1.937490e-58	6.667501e+05	8.125246e-122	7.856841e-12	0.000000e+00	0.000000e+00	0.000000e+00	0.000000e+00	0.000000e+00	0.000000e+00	0.000000e+00	0.000000e+00	0.000000e+00	0.000000e+00	0.000000e+00	0.000000e+00	0.000000e+00	0.000000e+00	0.000000e+00	0.000000e+00	0.000000e+00	0.000000e+00	0.000000e+00	0.000000e+00	0.000000e+00	0.000000e+00	0.000000e+00	0.000000e+00	0.000000e+00	9.982999e-06	6.904886e+00	9.981778e-06	5.791063e-08	1.431701e-19	0.000000e+00	
51.000000	50.000000	52.000000	267.160000	7.282349e+01	2.441779e+09	4.430877e+10	1.842018e+05	1.086742e+07	4.685275e+06	6.688073e+05	1.338401e+11	2.086283e+02	3.710163e-03	1.194951e-03	3.942501e+07	2.562074e+08	4.056984e+06	3.834074e+02	3.618237e-01	2.426786e-01	4.301600e+04	4.277817e+04	2.255346e-17	5.490207e+08	4.540003e+09	7.202004e+05	2.741158e+04	3.825063e-01	1.374747e-03	2.271439e-40	1.073693e-08	1.042019e-11	4.391876e-06	1.872453e-08	6.484768e-03	6.320957e-10	3.189111e-05	1.421990e-05	1.312429e-05	1.932165e-10	1.094723e+05	2.410653e-06	3.028526e-03	6.243558e-08	1.009802e-24	1.853844e+00	3.263499e+03	4.947237e+01	3.106277e-14	8.625586e-12	6.640901e-11	5.115375e-09	5.410930e-05	9.809763e-20	0.000000e+00	6.910063e+12	4.053028e+09	3.948607e+15	1.579443e+16	1.845313e+02	3.375225e-09	1.758077e-07	5.640177e-05	6.194433e+00	1.287256e-02	7.177056e-04	1.147621e-04	1.985849e-13	4.958127e-01	3.240036e-05	6.972537e-19	2.315483e-07	0.000000e+00	1.881771e+02	5.204370e-03	2.788858e+00	2.049619e+06	1.120417e-05	5.935240e-05	2.105806e-45	1.672158e-60	3.349586e+05	1.425914e-126	8.491399e-12	0.000000e+00	0.000000e+00	0.000000e+00	0.000000e+00	0.000000e+00	0.000000e+00	0.000000e+00	0.000000e+00	0.000000e+00	0.000000e+00	0.000000e+00	0.000000e+00	0.000000e+00	0.000000e+00	0.000000e+00	0.000000e+00	0.000000e+00	0.000000e+00	0.000000e+00	0.000000e+00	0.000000e+00	0.000000e+00	0.000000e+00	0.000000e+00	0.000000e+00	2.764629e-06	3.719166e+00	2.764085e-06	4.104877e-08	8.928789e-20	0.000000e+00	
53.000000	52.000000	54.000000	265.880000	5.650150e+01	2.764682e+09	2.840973e+10	2.893616e+05	9.287790e+06	3.935350e+06	4.724972e+05	1.043731e+11	2.386466e+02	2.551529e-03	1.003898e-03	2.431925e+07	1.931234e+08	1.771484e+06	1.459377e+02	4.996185e-02	1.976924e-01	2.186360e+04	1.200761e+04	4.820228e-17	5.266139e+08	3.374015e+09	4.521665e+05	1.610856e+04	2.227738e-01	8.142941e-04	2.990252e-40	8.401945e-09	7.935931e-12	3.498836e-06	1.325085e-08	5.941529e-03	7.599645e-10	3.896604e-05	1.754444e-05	9.936687e-06	2.002366e-10	9.699278e+04	1.614105e-06	2.545734e-03	1.130371e-07	1.126727e-25	2.541743e+00	3.263776e+03	4.841564e+01	2.573209e-14	1.201105e-11	1.426020e-10	6.041859e-09	3.597998e-06	7.110089e-21	0.000000e+00	5.387115e+12	3.274818e+09	3.078352e+15	1.231341e+16	1.655610e+02	3.330122e-09	2.113917e-07	4.746956e-05	6.297764e+00	1.063121e-02	6.134472e-04	9.181006e-05	1.588698e-13	2.167449e-01	9.593972e-06	5.381352e-19	2.048208e-07	0.000000e+00	6.170557e+01	3.306613e-03	2.361882e+00	1.619646e+06	1.432690e-05	7.179391e-05	3.348171e-46	1.649614e-62	1.764414e+05	2.516000e-131	8.301878e-12	0.000000e+00	0.000000e+00	0.000000e+00	0.000000e+00	0.000000e+00	0.000000e+00	0.000000e+00	0.000000e+00	0.000000e+00	0.000000e+00	0.000000e+00	0.000000e+00	0.000000e+00	0.000000e+00	0.000000e+00	0.000000e+00	0.000000e+00	0.000000e+00	0.000000e+00	0.000000e+00	0.000000e+00	0.000000e+00	0.000000e+00	0.000000e+00	0.000000e+00	6.573493e-07	1.837277e+00	6.571561e-07	2.710762e-08	4.680975e-20	0.000000e+00	
55.000000	54.000000	56.000000	263.750000	4.376606e+01	3.052659e+09	1.845631e+10	4.380879e+05	7.891919e+06	3.296403e+06	3.371150e+05	8.136469e+10	2.818067e+02	1.685297e-03	8.114684e-04	1.495541e+07	1.440504e+08	7.823509e+05	5.526373e+01	7.054108e-03	1.578142e-01	1.106619e+04	3.455197e+03	9.262802e-17	5.349015e+08	2.528994e+09	2.846883e+05	8.394823e+03	1.298164e-01	4.762458e-04	2.917020e-40	6.155285e-09	5.543705e-12	2.635648e-06	8.995516e-09	5.206892e-03	8.874425e-10	4.184547e-05	1.880385e-05	7.223650e-06	1.959370e-10	8.765860e+04	1.048905e-06	2.063553e-03	2.086219e-07	2.828790e-26	3.581963e+00	3.303137e+03	4.628930e+01	2.479223e-14	1.863243e-11	3.040690e-10	7.329136e-09	2.327828e-07	4.699063e-22	0.000000e+00	4.206559e+12	2.718229e+09	2.403748e+15	9.614992e+15	1.456358e+02	2.910600e-09	2.303268e-07	3.739658e-05	6.184636e+00	8.604963e-03	5.175163e-04	7.646027e-05	1.170180e-13	9.325558e-02	2.894522e-06	4.041031e-19	1.853534e-07	0.000000e+00	2.187669e+01	2.055880e-03	2.040238e+00	1.256777e+06	1.824434e-05	8.581464e-05	1.231017e-46	8.360910e-64	9.868719e+04	4.443865e-136	7.438517e-12	0.000000e+00	0.000000e+00	0.000000e+00	0.000000e+00	0.000000e+00	0.000000e+00	0.000000e+00	0.000000e+00	0.000000e+00	0.000000e+00	0.000000e+00	0.000000e+00	0.000000e+00	0.000000e+00	0.000000e+00	0.000000e+00	0.000000e+00	0.000000e+00	0.000000e+00	0.000000e+00	0.000000e+00	0.000000e+00	0.000000e+00	0.000000e+00	0.000000e+00	1.289577e-07	8.169232e-01	1.289032e-07	1.691071e-08	2.160103e-20	0.000000e+00	
57.000000	56.000000	58.000000	259.920000	3.380247e+01	3.305122e+09	1.225059e+10	6.455830e+05	6.733258e+06	2.775639e+06	2.471308e+05	6.352375e+10	3.621954e+02	1.033950e-03	6.019732e-04	9.204256e+06	1.064745e+08	3.464896e+05	2.090099e+01	1.025477e-03	1.242658e-01	5.694521e+03	1.030187e+03	1.546798e-16	5.759715e+08	1.914445e+09	1.816239e+05	3.682362e+03	7.849891e-02	2.775332e-04	1.731708e-40	4.092750e-09	3.366370e-12	1.836639e-06	5.731122e-09	4.359468e-03	9.853216e-10	3.932553e-05	1.741288e-05	5.014604e-06	1.793508e-10	8.085805e+04	6.299305e-07	1.535152e-03	4.027652e-07	5.031924e-26	5.323437e+00	3.376273e+03	4.348812e+01	2.476088e-14	2.986382e-11	6.697691e-10	9.505486e-09	1.523426e-08	2.889572e-23	0.000000e+00	3.296786e+12	2.322759e+09	1.883878e+15	7.535510e+15	1.275540e+02	1.975720e-09	2.213880e-07	2.687341e-05	5.742341e+00	6.792976e-03	4.369833e-04	6.806819e-05	7.755689e-14	3.835262e-02	9.069670e-07	2.940372e-19	1.761986e-07	0.000000e+00	8.456016e+00	1.244086e-03	1.802772e+00	9.662176e+05	2.308580e-05	1.012210e-04	3.411481e-46	2.185147e-63	5.875608e+04	4.107042e-138	6.004578e-12	0.000000e+00	0.000000e+00	0.000000e+00	0.000000e+00	0.000000e+00	0.000000e+00	0.000000e+00	0.000000e+00	0.000000e+00	0.000000e+00	0.000000e+00	0.000000e+00	0.000000e+00	0.000000e+00	0.000000e+00	0.000000e+00	0.000000e+00	0.000000e+00	0.000000e+00	0.000000e+00	0.000000e+00	0.000000e+00	0.000000e+00	0.000000e+00	0.000000e+00	2.032888e-08	3.228332e-01	2.031703e-08	9.680261e-09	8.567752e-21	0.000000e+00	
59.000000	58.000000	60.000000	255.240000	2.599582e+01	3.510588e+09	8.128502e+09	9.369305e+05	5.761187e+06	2.348636e+06	1.849572e+05	4.943729e+10	4.890885e+02	6.076583e-04	4.261176e-04	5.656491e+06	7.752169e+07	1.536400e+05	7.818131e+00	1.484756e-04	9.660744e-02	2.920798e+03	3.137403e+02	2.399749e-16	6.509983e+08	1.455633e+09	1.167259e+05	1.408896e+03	5.080797e-02	1.600735e-04	7.811206e-41	2.586815e-09	1.889506e-12	1.225687e-06	3.473892e-09	3.493558e-03	1.081622e-09	3.261818e-05	1.396562e-05	3.344797e-06	1.551312e-10	7.562974e+04	3.639178e-07	1.089051e-03	8.029622e-07	1.540260e-25	8.189421e+00	3.482080e+03	4.017108e+01	2.558169e-14	4.943768e-11	1.504592e-09	1.286361e-08	1.030958e-09	1.757823e-24	0.000000e+00	2.581884e+12	2.031343e+09	1.475362e+15	5.901449e+15	1.101596e+02	1.152649e-09	1.971806e-07	1.833984e-05	5.140731e+00	5.265679e-03	3.655554e-04	6.500604e-05	4.884267e-14	1.530098e-02	2.872563e-07	2.122712e-19	1.727895e-07	0.000000e+00	3.100959e+00	7.332770e-04	1.622193e+00	7.355815e+05	2.912173e-05	1.181348e-04	1.690687e-45	1.708894e-62	3.636453e+04	2.094815e-136	4.469488e-12	0.000000e+00	0.000000e+00	0.000000e+00	0.000000e+00	0.000000e+00	0.000000e+00	0.000000e+00	0.000000e+00	0.000000e+00	0.000000e+00	0.000000e+00	0.000000e+00	0.000000e+00	0.000000e+00	0.000000e+00	0.000000e+00	0.000000e+00	0.000000e+00	0.000000e+00	0.000000e+00	0.000000e+00	0.000000e+00	0.000000e+00	0.000000e+00	0.000000e+00	2.484063e-09	1.111384e-01	2.482104e-09	5.158409e-09	3.009819e-21	0.000000e+00	
61.000000	60.000000	62.000000	249.340000	1.988202e+01	3.648362e+09	5.382597e+09	1.339976e+06	4.960225e+06	2.005697e+06	1.427554e+05	3.835113e+10	7.044335e+02	3.352586e-04	2.797041e-04	3.475672e+06	5.546510e+07	6.839726e+04	2.905481e+00	2.177907e-05	7.419426e-02	1.501198e+03	9.832431e+01	3.376397e-16	7.660720e+08	1.110541e+09	7.586536e+04	4.603503e+02	3.744530e-02	9.150065e-05	2.407885e-41	1.535795e-09	9.518980e-13	7.741216e-07	1.992584e-09	2.689237e-03	1.147837e-09	2.382326e-05	9.619725e-06	2.149933e-06	1.263933e-10	7.167194e+04	1.970054e-07	7.150219e-04	1.693294e-06	5.612793e-25	1.335369e+01	3.654280e+03	3.646456e+01	2.844940e-14	8.808700e-11	3.538818e-09	1.869777e-08	7.370448e-11	1.071539e-25	0.000000e+00	2.021392e+12	1.815346e+09	1.155081e+15	4.620324e+15	9.393804e+01	5.340130e-10	1.597256e-07	1.171227e-05	4.373307e+00	3.980542e-03	3.028964e-04	6.635985e-05	2.912022e-14	5.854191e-03	9.263171e-08	1.504417e-19	1.785907e-07	0.000000e+00	1.089184e+00	4.177379e-04	1.487235e+00	5.546611e+05	3.690797e-05	1.376521e-04	1.065874e-44	1.931014e-61	2.332480e+04	2.283174e-134	3.061021e-12	0.000000e+00	0.000000e+00	0.000000e+00	0.000000e+00	0.000000e+00	0.000000e+00	0.000000e+00	0.000000e+00	0.000000e+00	0.000000e+00	0.000000e+00	0.000000e+00	0.000000e+00	0.000000e+00	0.000000e+00	0.000000e+00	0.000000e+00	0.000000e+00	0.000000e+00	0.000000e+00	0.000000e+00	0.000000e+00	0.000000e+00	0.000000e+00	0.000000e+00	2.276858e-10	3.266043e-02	2.274477e-10	2.509123e-09	9.280515e-22	0.000000e+00	
63.000000	62.000000	64.000000	242.220000	1.509818e+01	3.699946e+09	3.532555e+09	1.895338e+06	4.307554e+06	1.734555e+06	1.143635e+05	2.960269e+10	1.074190e+03	1.723125e-04	1.680844e-04	2.140911e+06	3.887530e+07	3.094666e+04	1.084047e+00	3.323843e-06	5.636075e-02	7.722328e+02	3.215314e+01	4.327181e-16	9.247119e+08	8.479581e+08	4.985912e+04	1.280804e+02	3.317016e-02	5.183253e-05	4.993787e-42	8.681188e-10	4.297706e-13	4.648401e-07	1.088119e-09	2.000341e-03	1.165943e-09	1.552050e-05	5.719090e-06	1.343871e-06	9.765859e-11	6.853150e+04	9.914772e-08	4.277266e-04	3.823530e-06	2.456011e-24	2.332351e+01	3.918797e+03	3.271133e+01	3.475178e-14	1.732795e-10	8.839074e-09	2.956468e-08	5.699323e-12	6.759648e-27	0.000000e+00	1.580143e+12	1.649501e+09	9.029389e+14	3.611756e+15	7.884531e+01	1.895352e-10	1.180130e-07	7.014679e-06	3.528296e+00	2.928106e-03	2.475445e-04	7.117694e-05	1.676876e-14	2.169184e-03	3.065199e-08	1.040425e-19	1.963642e-07	0.000000e+00	3.798538e-01	2.293269e-04	1.384842e+00	4.171464e+05	4.720362e-05	1.610259e-04	8.723551e-44	3.212413e-60	1.358122e+04	5.506773e-132	1.950790e-12	0.000000e+00	0.000000e+00	0.000000e+00	0.000000e+00	0.000000e+00	0.000000e+00	0.000000e+00	0.000000e+00	0.000000e+00	0.000000e+00	0.000000e+00	0.000000e+00	0.000000e+00	0.000000e+00	0.000000e+00	0.000000e+00	0.000000e+00	0.000000e+00	0.000000e+00	0.000000e+00	0.000000e+00	0.000000e+00	0.000000e+00	0.000000e+00	0.000000e+00	1.539004e-11	8.063325e-03	1.536898e-11	1.104421e-09	2.571825e-22	0.000000e+00	
65.000000	64.000000	66.000000	235.200000	1.137228e+01	3.663308e+09	2.237863e+09	2.695258e+06	3.773383e+06	1.520269e+06	9.425499e+04	2.257581e+10	1.611365e+03	8.864355e-05	1.001474e-04	1.317909e+06	2.650226e+07	1.451675e+04	4.085903e-01	5.283489e-07	4.249817e-02	3.871703e+02	1.095857e+01	5.570607e-16	1.127886e+09	6.428864e+08	3.237533e+04	3.211399e+01	3.477531e-02	2.851582e-05	1.019758e-42	5.054776e-10	1.923229e-13	2.794544e-07	5.865535e-10	1.442739e-03	1.198878e-09	9.554089e-06	3.057436e-06	8.296730e-07	7.358951e-11	6.566654e+04	5.030126e-08	2.507651e-04	8.955251e-06	1.186664e-23	4.199542e+01	4.289842e+03	2.895769e+01	4.479755e-14	3.666356e-10	2.273500e-08	4.857410e-08	4.732056e-13	4.629847e-28	0.000000e+00	1.225722e+12	1.510456e+09	7.004128e+14	2.801651e+15	6.407617e+01	6.259954e-11	8.566776e-08	4.175493e-06	2.775504e+00	2.111699e-03	1.960861e-04	7.821436e-05	1.011382e-14	8.133243e-04	1.015197e-08	7.188102e-20	2.231209e-07	0.000000e+00	1.352596e-01	1.210534e-04	1.300742e+00	3.119865e+05	6.103872e-05	1.893855e-04	8.121580e-43	6.495888e-59	6.730949e+03	1.957326e-129	1.342180e-11	0.000000e+00	0.000000e+00	0.000000e+00	0.000000e+00	0.000000e+00	0.000000e+00	0.000000e+00	0.000000e+00	0.000000e+00	0.000000e+00	0.000000e+00	0.000000e+00	0.000000e+00	0.000000e+00	0.000000e+00	0.000000e+00	0.000000e+00	0.000000e+00	0.000000e+00	0.000000e+00	0.000000e+00	0.000000e+00	0.000000e+00	0.000000e+00	0.000000e+00	7.463249e-13	1.618681e-03	7.449557e-13	4.590632e-10	9.459325e-23	0.000000e+00	
67.000000	66.000000	68.000000	228.380000	8.493672e+00	3.554883e+09	1.368157e+09	3.879889e+06	3.341880e+06	1.351966e+06	7.990533e+04	1.697615e+10	2.340939e+03	4.700981e-05	6.062284e-05	8.145524e+05	1.759483e+07	7.189101e+03	1.586909e-01	9.045468e-08	3.192072e-02	1.894862e+02	3.956061e+00	1.564686e-15	1.378962e+09	4.826859e+08	2.055162e+04	7.438699e+00	4.107482e-02	1.507367e-05	2.164473e-43	3.109182e-10	8.577431e-14	1.682739e-07	3.148293e-10	1.014699e-03	1.245437e-09	6.920705e-06	1.483874e-06	5.091050e-07	5.473520e-11	6.299297e+04	2.589104e-08	1.448913e-04	2.160431e-05	6.216221e-23	7.733418e+01	4.787483e+03	2.520161e+01	5.993284e-14	8.306512e-10	6.004504e-08	8.239244e-08	4.192720e-14	3.430125e-29	0.000000e+00	9.427995e+11	1.389107e+09	5.387426e+14	2.154970e+15	5.051923e+01	1.992409e-11	6.157368e-08	2.462779e-06	2.117724e+00	1.490322e-03	1.505560e-04	8.723892e-05	6.533362e-15	3.124439e-04	3.410311e-09	4.890615e-20	2.616481e-07	0.000000e+00	5.086047e-02	6.094484e-05	1.230701e+00	2.314648e+05	7.956846e-05	2.237577e-04	8.373060e-42	1.536047e-57	2.869883e+03	9.460787e-127	2.286969e-10	0.000000e+00	0.000000e+00	0.000000e+00	0.000000e+00	0.000000e+00	0.000000e+00	0.000000e+00	0.000000e+00	0.000000e+00	0.000000e+00	0.000000e+00	0.000000e+00	0.000000e+00	0.000000e+00	0.000000e+00	0.000000e+00	0.000000e+00	0.000000e+00	0.000000e+00	0.000000e+00	0.000000e+00	0.000000e+00	0.000000e+00	0.000000e+00	0.000000e+00	2.604599e-14	2.556124e-04	2.598204e-14	1.848706e-10	1.670296e-22	0.000000e+00	
69.000000	68.000000	70.000000	221.660000	6.288246e+00	3.417708e+09	8.157790e+08	5.665586e+06	2.975404e+06	1.209666e+06	6.854009e+04	1.256556e+10	3.266688e+03	2.654250e-05	3.868967e-05	5.107787e+05	1.147198e+07	3.764390e+03	6.422014e-02	1.692616e-08	2.387509e-02	9.088596e+01	1.508976e+00	5.010422e-14	1.681184e+09	3.581240e+08	1.266711e+04	1.608340e+00	5.199997e-02	7.547289e-06	9.118991e-44	3.964756e-10	3.977191e-14	1.061704e-07	1.668903e-10	6.996747e-04	1.672819e-09	2.035209e-05	7.162841e-07	3.090045e-07	4.034821e-11	6.050075e+04	1.327262e-08	8.184932e-05	5.321999e-05	3.437214e-22	1.443697e+02	5.414263e+03	2.145779e+01	8.063031e-14	1.973223e-09	1.613211e-07	1.422716e-07	4.404363e-15	3.053320e-30	0.000000e+00	7.191576e+11	1.279375e+09	4.109472e+14	1.643789e+15	3.907801e+01	6.370817e-12	4.419463e-08	1.399371e-06	1.550499e+00	1.030079e-03	1.130546e-04	9.763126e-05	8.776826e-15	1.218599e-04	1.175415e-09	3.356894e-20	3.137484e-07	0.000000e+00	2.018447e-02	2.899958e-05	1.172310e+00	1.698323e+05	1.037195e-04	2.642079e-04	9.235017e-41	4.033448e-56	1.076680e+03	5.568607e-124	4.239988e-08	0.000000e+00	0.000000e+00	0.000000e+00	0.000000e+00	0.000000e+00	0.000000e+00	0.000000e+00	0.000000e+00	0.000000e+00	0.000000e+00	0.000000e+00	0.000000e+00	0.000000e+00	0.000000e+00	0.000000e+00	0.000000e+00	0.000000e+00	0.000000e+00	0.000000e+00	0.000000e+00	0.000000e+00	0.000000e+00	0.000000e+00	0.000000e+00	0.000000e+00	6.888518e-16	3.064323e-05	6.878580e-16	7.470970e-11	7.345884e-22	0.000000e+00	
71.000000	70.000000	72.000000	216.860000	4.618995e+00	3.316415e+09	4.653945e+08	8.538019e+06	2.617463e+06	1.067837e+06	5.633345e+04	9.064263e+09	4.101822e+03	1.807668e-05	3.038725e-05	3.288433e+05	7.445088e+06	2.029102e+03	2.619053e-02	3.137313e-09	1.792683e-02	4.134007e+01	5.664515e-01	1.607165e-09	2.020247e+09	2.598645e+08	7.323804e+03	3.458022e-01	6.795681e-02	3.344330e-06	1.269931e-42	1.032606e-08	1.288123e-12	4.313567e-06	8.895798e-11	4.711229e-04	1.053876e-07	1.862300e-04	5.337259e-06	1.950435e-07	3.355016e-11	5.773755e+04	6.571363e-08	5.236884e-05	1.243469e-04	1.639680e-21	2.518471e+02	6.111966e+03	1.764601e+01	9.827249e-14	4.446575e-09	4.048515e-07	2.243336e-07	4.253247e-15	1.843525e-28	0.000000e+00	5.399456e+11	1.167300e+09	3.085403e+14	1.234161e+15	2.944560e+01	3.097061e-12	2.436676e-06	3.481814e-06	1.100385e+00	7.063071e-04	8.221769e-05	1.055840e-04	2.369239e-13	4.720959e-05	3.854659e-10	1.425980e-18	3.548954e-07	0.000000e+00	7.825851e-03	1.260379e-05	1.114973e+00	1.218296e+05	1.333758e-04	3.077537e-04	8.073942e-40	7.534437e-55	3.625392e+02	1.590006e-121	1.041639e-04	0.000000e+00	0.000000e+00	0.000000e+00	0.000000e+00	0.000000e+00	0.000000e+00	0.000000e+00	0.000000e+00	0.000000e+00	0.000000e+00	0.000000e+00	0.000000e+00	0.000000e+00	0.000000e+00	0.000000e+00	0.000000e+00	0.000000e+00	0.000000e+00	0.000000e+00	0.000000e+00	0.000000e+00	0.000000e+00	0.000000e+00	0.000000e+00	0.000000e+00	1.527453e-17	2.654022e-06	1.607458e-17	3.435552e-11	3.559979e-21	0.000000e+00	
73.000000	72.000000	74.000000	213.980000	3.374330e+00	3.328676e+09	2.601498e+08	1.327813e+07	2.236815e+06	9.109357e+05	4.257426e+04	6.356668e+09	4.799893e+03	1.445466e-05	2.862220e-05	2.242777e+05	4.969837e+06	1.094267e+03	1.067722e-02	5.523519e-10	1.366667e-02	1.812264e+01	1.996357e-01	1.214841e-08	2.401325e+09	1.838997e+08	3.994250e+03	7.656531e-02	9.316648e-02	1.252438e-06	7.333232e-42	6.426122e-08	5.558018e-12	2.137078e-05	4.658286e-11	3.100424e-04	1.038818e-06	1.466286e-03	1.852117e-05	1.504800e-07	3.995757e-11	5.504127e+04	2.717486e-07	3.891029e-05	2.751930e-04	6.551335e-21	4.106824e+02	6.878138e+03	1.395347e+01	1.068526e-13	9.256193e-09	9.356233e-07	3.178479e-07	2.535589e-14	7.805196e-27	0.000000e+00	3.997572e+11	1.054755e+09	2.284327e+14	9.137306e+14	2.211414e+01	2.392258e-12	1.636200e-05	1.491747e-05	7.319348e-01	4.866212e-04	5.896812e-05	1.087963e-04	1.464567e-12	1.706841e-05	1.185925e-10	7.235692e-18	3.702838e-07	0.000000e+00	2.822728e-03	4.844842e-06	1.064000e+00	8.505664e+04	1.684189e-04	3.535749e-04	5.428937e-39	9.413501e-54	1.120960e+02	1.941593e-119	6.455408e-04	0.000000e+00	0.000000e+00	0.000000e+00	0.000000e+00	0.000000e+00	0.000000e+00	0.000000e+00	0.000000e+00	0.000000e+00	0.000000e+00	0.000000e+00	0.000000e+00	0.000000e+00	0.000000e+00	0.000000e+00	0.000000e+00	0.000000e+00	0.000000e+00	0.000000e+00	0.000000e+00	0.000000e+00	0.000000e+00	0.000000e+00	0.000000e+00	0.000000e+00	3.134048e-19	1.566661e-07	2.132807e-18	2.522133e-11	1.762917e-20	0.000000e+00	
75.000000	74.000000	76.000000	211.260000	2.454893e+00	3.538208e+09	1.510811e+08	2.096676e+07	1.832446e+06	7.374743e+05	2.913904e+04	4.352289e+09	5.872784e+03	1.558603e-05	3.012097e-05	1.704703e+05	3.609924e+06	5.924187e+02	4.547109e-03	1.005563e-10	1.082480e-02	8.234286e+00	6.742003e-02	2.186502e-07	2.827713e+09	1.273093e+08	2.138519e+03	1.702388e-02	1.372619e-01	4.005021e-07	7.150287e-41	6.795698e-07	5.123783e-11	2.253789e-04	2.614345e-11	2.006890e-04	1.941416e-05	1.089610e-02	1.356777e-04	3.946168e-07	1.920165e-10	5.282459e+04	2.907794e-06	2.942585e-05	6.044678e-04	2.421133e-20	6.619730e+02	7.677091e+03	1.091993e+01	1.086964e-13	1.836765e-08	2.053674e-06	4.264273e-07	1.590523e-13	7.642765e-25	0.000000e+00	2.945759e+11	9.455581e+08	1.683291e+14	6.733163e+14	1.733288e+01	2.306396e-12	2.562205e-04	1.767896e-04	4.352371e-01	3.420464e-04	4.343198e-05	1.064005e-04	1.439948e-11	5.539241e-06	3.717023e-11	7.742014e-17	3.660573e-07	0.000000e+00	9.657020e-04	1.645252e-06	1.026878e+00	5.783233e+04	2.069246e-04	3.993790e-04	3.331575e-38	9.999596e-53	3.253360e+01	1.703322e-117	9.637217e-03	0.000000e+00	0.000000e+00	0.000000e+00	0.000000e+00	0.000000e+00	0.000000e+00	0.000000e+00	0.000000e+00	0.000000e+00	0.000000e+00	0.000000e+00	0.000000e+00	0.000000e+00	0.000000e+00	0.000000e+00	0.000000e+00	0.000000e+00	0.000000e+00	0.000000e+00	0.000000e+00	0.000000e+00	0.000000e+00	0.000000e+00	0.000000e+00	0.000000e+00	6.336014e-21	6.145650e-09	4.560295e-17	5.810507e-11	8.947645e-20	0.000000e+00	
77.000000	76.000000	78.000000	208.860000	1.779076e+00	3.881315e+09	8.796639e+07	3.414555e+07	1.488939e+06	5.895052e+05	1.971831e+04	2.886187e+09	1.597471e+04	8.499343e-05	6.967156e-05	1.488485e+05	3.020979e+06	3.563798e+02	2.182683e-03	2.249465e-11	9.868420e-03	4.237740e+00	2.488145e-02	3.807234e-06	3.279558e+09	8.528200e+07	1.204997e+03	3.868287e-03	2.166142e-01	1.234113e-07	6.318504e-40	5.865499e-06	3.919334e-10	1.948609e-03	4.888600e-11	1.260800e-04	2.651511e-04	6.253111e-02	7.978557e-04	1.973226e-06	1.409546e-09	5.095991e+04	3.094035e-05	2.410904e-05	1.290448e-03	8.320369e-20	1.032138e+03	8.422935e+03	1.083983e+01	1.239460e-13	3.723005e-08	4.236694e-06	5.481241e-07	8.255642e-13	5.227212e-23	0.000000e+00	2.159341e+11	8.336529e+08	1.233909e+14	4.935636e+14	1.369965e+01	5.263928e-12	3.514888e-03	1.900424e-03	2.530123e-01	2.638784e-04	3.187550e-05	1.015061e-04	1.104140e-10	1.953579e-06	1.275456e-11	1.484064e-15	3.499542e-07	0.000000e+00	3.587444e-04	5.376948e-07	1.000049e+00	3.771152e+04	2.455121e-04	4.407805e-04	1.833104e-37	9.090486e-52	8.691280e+00	1.083963e-115	1.334956e-01	0.000000e+00	0.000000e+00	0.000000e+00	0.000000e+00	0.000000e+00	0.000000e+00	0.000000e+00	0.000000e+00	0.000000e+00	0.000000e+00	0.000000e+00	0.000000e+00	0.000000e+00	0.000000e+00	0.000000e+00	0.000000e+00	0.000000e+00	0.000000e+00	0.000000e+00	0.000000e+00	0.000000e+00	0.000000e+00	0.000000e+00	0.000000e+00	0.000000e+00	1.275213e-22	1.529430e-10	1.650217e-15	2.594865e-10	4.631272e-19	0.000000e+00	
79.000000	78.000000	80.000000	206.620000	1.284680e+00	4.036152e+09	4.528879e+07	7.027012e+07	1.568376e+06	6.188668e+05	2.040557e+04	1.827259e+09	6.369438e+05	1.359932e-03	3.116862e-03	1.489924e+05	2.962845e+06	3.319107e+02	1.528297e-03	1.095402e-11	1.765247e-02	3.280046e+00	1.694812e-02	3.769239e-05	3.740243e+09	5.430534e+07	1.567771e+03	1.220416e-03	3.659316e-01	9.747216e-08	6.081772e-39	4.356613e-05	2.848579e-09	1.583711e-02	4.517019e-10	7.466343e-05	2.646580e-03	2.373872e-01	3.253769e-03	1.306629e-05	1.351731e-08	4.941667e+04	4.790974e-04	3.535725e-05	2.429490e-03	3.004680e-19	1.413629e+03	9.153612e+03	2.744552e+01	4.200370e-13	1.147889e-07	9.580526e-06	8.024583e-07	3.031156e-12	2.520586e-21	0.000000e+00	1.576176e+11	7.142858e+08	9.006717e+13	3.602687e+14	9.674460e+00	1.724593e-10	4.568038e-02	1.979872e-02	3.949753e-01	4.696466e-04	2.564810e-05	1.233574e-04	7.148163e-10	2.842743e-06	7.142671e-12	4.149845e-13	4.279018e-07	0.000000e+00	2.590844e-04	4.666852e-07	9.698634e-01	2.293644e+04	2.839355e-04	4.800435e-04	9.295192e-37	9.058304e-51	2.021209e+00	8.217405e-114	1.780746e+00	0.000000e+00	0.000000e+00	0.000000e+00	0.000000e+00	0.000000e+00	0.000000e+00	0.000000e+00	0.000000e+00	0.000000e+00	0.000000e+00	0.000000e+00	0.000000e+00	0.000000e+00	0.000000e+00	0.000000e+00	0.000000e+00	0.000000e+00	0.000000e+00	0.000000e+00	0.000000e+00	0.000000e+00	0.000000e+00	0.000000e+00	0.000000e+00	0.000000e+00	2.558410e-24	1.944567e-12	6.041343e-14	1.277447e-09	2.427540e-18	0.000000e+00	
81.000000	80.000000	82.000000	203.900000	9.240288e-01	2.347418e+10	9.966183e+07	2.432911e+08	7.703603e+05	1.983825e+05	2.894121e+03	1.041736e+09	4.155027e+07	8.763477e-03	8.516992e-02	1.646060e+05	1.674678e+06	1.755587e+01	1.660736e-04	1.761435e-13	1.092797e-01	6.937947e-01	8.333447e-04	2.350253e-04	4.237632e+09	3.175356e+07	2.445251e+03	3.704748e-04	6.337962e-01	2.003327e-08	6.380869e-41	2.932870e-06	3.337645e-10	2.307684e-03	2.799480e-11	3.883211e-05	5.278355e-03	3.029323e-01	7.980042e-04	2.602062e-07	1.379507e-09	4.823219e+04	1.574728e-03	1.587325e-05	5.630318e-03	1.385659e-19	2.379615e+03	9.148752e+03	1.007716e+02	2.090702e-13	5.178350e-08	9.878856e-06	6.891873e-07	2.523486e-13	5.344336e-23	0.000000e+00	1.148815e+11	5.553085e+08	6.564659e+13	2.625864e+14	2.951233e+01	3.842003e-08	6.354924e-02	2.118601e-02	3.335936e-01	3.110780e-03	5.576374e-05	6.946328e-05	9.964495e-12	1.321859e-07	7.392227e-13	5.500193e-13	2.250046e-07	0.000000e+00	5.933627e-06	2.203333e-07	8.047076e-01	1.224726e+04	2.977699e-04	4.798347e-04	7.435151e-37	1.508865e-51	3.666965e-01	1.762654e-115	1.408280e+01	0.000000e+00	0.000000e+00	0.000000e+00	0.000000e+00	0.000000e+00	0.000000e+00	0.000000e+00	0.000000e+00	0.000000e+00	0.000000e+00	0.000000e+00	0.000000e+00	0.000000e+00	0.000000e+00	0.000000e+00	0.000000e+00	0.000000e+00	0.000000e+00	0.000000e+00	0.000000e+00	0.000000e+00	0.000000e+00	0.000000e+00	0.000000e+00	0.000000e+00	5.121831e-26	4.057929e-13	2.123480e-12	5.189835e-09	4.243163e-18	0.000000e+00	
83.000000	82.000000	84.000000	200.700000	6.614233e-01	3.183789e+11	5.354220e+08	4.667632e+08	2.933641e+05	1.505748e+04	1.013732e+02	4.933108e+08	1.522836e+09	4.348742e-03	3.210315e-01	1.906168e+05	7.581765e+05	2.169043e+00	2.477342e-05	2.772564e-15	3.997922e-01	9.140138e-02	3.616743e-05	1.071872e-03	4.638856e+09	1.582891e+07	7.660118e+02	7.526128e-05	6.939987e-01	5.134500e-10	4.324771e-45	1.520561e-08	2.343469e-12	1.989367e-05	1.394784e-13	1.460215e-05	2.182224e-03	1.311229e-01	4.685790e-05	6.161648e-10	3.903372e-11	4.703318e+04	8.754366e-04	9.703603e-06	9.310678e-03	1.739740e-20	2.847828e+03	8.954873e+03	2.472154e+02	1.236903e-15	9.229475e-10	1.308098e-06	3.463785e-07	4.357625e-15	1.664013e-26	0.000000e+00	8.354377e+10	3.656447e+08	4.773930e+13	1.909572e+14	2.162355e+02	3.282295e-06	1.422721e-02	4.856521e-03	7.500193e-02	1.244822e-02	2.249440e-04	2.816387e-05	5.994619e-15	5.110932e-09	2.375252e-13	1.054199e-14	7.395457e-08	0.000000e+00	8.359381e-08	2.779821e-08	5.398694e-01	4.997342e+03	3.024287e-04	4.693335e-04	1.158712e-37	2.281007e-53	4.174685e-02	3.441168e-119	6.495108e+01	0.000000e+00	0.000000e+00	0.000000e+00	0.000000e+00	0.000000e+00	0.000000e+00	0.000000e+00	0.000000e+00	0.000000e+00	0.000000e+00	0.000000e+00	0.000000e+00	0.000000e+00	0.000000e+00	0.000000e+00	0.000000e+00	0.000000e+00	0.000000e+00	0.000000e+00	0.000000e+00	0.000000e+00	0.000000e+00	0.000000e+00	0.000000e+00	0.000000e+00	1.025701e-27	1.859157e-12	1.857245e-11	3.964663e-09	5.887149e-19	0.000000e+00	
85.000000	84.000000	86.000000	197.600000	4.709518e-01	2.596349e+12	2.089425e+09	5.516660e+08	1.434531e+05	1.148605e+03	1.260654e+00	1.681506e+08	2.679739e+10	2.892903e-03	5.920163e-01	2.148102e+05	5.069967e+05	1.012965e+00	9.050962e-06	1.268146e-16	7.370595e-01	2.239601e-02	2.833050e-06	3.095078e-02	4.794297e+09	5.858052e+06	3.728663e+02	1.634770e-05	7.585536e-01	2.651879e-12	1.493704e-49	2.688171e-10	3.327348e-14	3.375593e-07	2.064090e-14	2.518988e-06	9.080242e-04	6.017576e-02	5.301487e-06	9.101400e-11	5.961293e-11	4.419878e+04	7.863009e-04	6.667890e-06	5.698979e-03	1.251035e-21	1.235276e+03	9.396243e+03	4.552263e+02	1.269296e-18	6.135307e-12	6.029882e-08	1.083656e-07	1.270751e-17	4.912679e-30	0.000000e+00	6.041872e+10	2.184440e+08	3.452498e+13	1.380999e+14	4.416266e+03	6.424814e-05	5.090786e-03	1.769168e-03	3.071002e-02	2.747572e-02	1.389573e-03	9.835861e-06	4.782295e-17	4.825761e-09	3.271249e-13	3.262171e-16	1.296589e-08	0.000000e+00	1.483387e-09	6.296491e-09	3.525730e-01	1.099279e+03	3.266897e-04	4.922177e-04	3.834537e-39	1.097867e-55	1.936392e-03	6.274571e-124	3.261164e+02	0.000000e+00	0.000000e+00	0.000000e+00	0.000000e+00	0.000000e+00	0.000000e+00	0.000000e+00	0.000000e+00	0.000000e+00	0.000000e+00	0.000000e+00	0.000000e+00	0.000000e+00	0.000000e+00	0.000000e+00	0.000000e+00	0.000000e+00	0.000000e+00	0.000000e+00	0.000000e+00	0.000000e+00	0.000000e+00	0.000000e+00	0.000000e+00	0.000000e+00	2.335905e-29	3.932296e-12	4.623963e-11	2.439957e-09	5.819058e-20	0.000000e+00	
