
    OUTPUT FILES FOR THE Sun  

 Solar Constant= 1.000   F_CH4= 2.3091E-06  F_CO2= 3.4880E-04  F_O2= 1.9795E-01  F_N2= 7.9180E-01  F_H2= 8.8563E-07  F_AR= 0.0000E+00  IO3 =  1   IUP=  1
 ICONSERV= 1  FAC= 4.0  ND=101  SRFALB= 0.300  G= 980.0  IMW= 0  INVERSE= 0

 FNO2 = 1.000E-72

 NST=     1 JCONV= 89 CHG=5.82E-03 dt0=7.50E+03 DIVF(1)= 6.62E-02 DIVFrms= 5.44E-02 DT(ND)= 4.20E-02 T(ND)=2.8004E+02

 TIME= 5.000E+03  TIME IN DAYS = 5.787E-02

 PLANETARY ALBEDO:  ALBP = 0.2393

  J     P         ALT         T        CONVEC       DT          TOLD        FH20       FSAVE        FO3        TCOOL       THEAT
  1 1.0963E-05 6.3467E+01 1.8198E+02  0.00E+00   1.9830E+00  1.8000E+02  7.7313E-03  4.3798E-06  1.9060E-07 -4.1100E+01  8.1184E+01
  2 1.3167E-05 6.2475E+01 1.7969E+02  0.00E+00  -3.0814E-01  1.8000E+02  3.6135E-03  4.7532E-06  1.4303E-07 -3.2777E+01  1.9687E+01
  3 1.5792E-05 6.1501E+01 1.7895E+02  0.00E+00  -1.0478E+00  1.8000E+02  2.8208E-03  5.1720E-06  8.9664E-08 -2.5293E+01  6.2508E+00
  4 1.8914E-05 6.0537E+01 1.7902E+02  0.00E+00  -9.7730E-01  1.8000E+02  2.4454E-03  5.4254E-06  9.7597E-08 -1.8813E+01  3.1649E+00
  5 2.2622E-05 5.9579E+01 1.7931E+02  0.00E+00  -6.9138E-01  1.8000E+02  2.1521E-03  5.6938E-06  1.1144E-07 -1.3566E+01  2.5581E+00
  6 2.7019E-05 5.8628E+01 1.7957E+02  0.00E+00  -4.3336E-01  1.8000E+02  1.8807E-03  5.9810E-06  1.2626E-07 -9.5884E+00  2.4707E+00
  7 3.2227E-05 5.7683E+01 1.7975E+02  0.00E+00  -2.5425E-01  1.8000E+02  1.6264E-03  6.1761E-06  1.3646E-07 -6.7497E+00  2.4455E+00
  8 3.8384E-05 5.6746E+01 1.7986E+02  0.00E+00  -1.4235E-01  1.8000E+02  1.3934E-03  6.3948E-06  1.4791E-07 -4.8915E+00  2.4332E+00
  9 4.5654E-05 5.5816E+01 1.7992E+02  0.00E+00  -7.5759E-02  1.8000E+02  1.1862E-03  6.6076E-06  1.6101E-07 -3.7568E+00  2.4291E+00
 10 5.4226E-05 5.4893E+01 1.7996E+02  0.00E+00  -3.7205E-02  1.8000E+02  1.0060E-03  6.7668E-06  1.7634E-07 -3.0898E+00  2.4353E+00
 11 6.4319E-05 5.3978E+01 1.7999E+02  0.00E+00  -1.4331E-02  1.8000E+02  8.5186E-04  6.9453E-06  1.9353E-07 -2.7135E+00  2.4536E+00
 12 7.6183E-05 5.3070E+01 1.8000E+02  0.00E+00   1.2561E-03  1.8000E+02  7.2133E-04  7.0985E-06  2.1416E-07 -2.4812E+00  2.4916E+00
 13 9.0111E-05 5.2171E+01 1.8001E+02  0.00E+00   1.4001E-02  1.8000E+02  6.1135E-04  7.2272E-06  2.3854E-07 -2.3152E+00  2.5518E+00
 14 1.0644E-04 5.1279E+01 1.8003E+02  0.00E+00   2.5813E-02  1.8000E+02  5.1875E-04  7.3715E-06  2.6589E-07 -2.1905E+00  2.6343E+00
 15 1.2555E-04 5.0394E+01 1.8004E+02  0.00E+00   3.7440E-02  1.8000E+02  4.4077E-04  7.4768E-06  2.9565E-07 -2.0917E+00  2.7381E+00
 16 1.4788E-04 4.9518E+01 1.8005E+02  0.00E+00   4.9295E-02  1.8000E+02  3.7504E-04  7.5804E-06  3.2880E-07 -2.0131E+00  2.8639E+00
 17 1.7395E-04 4.8648E+01 1.8006E+02  0.00E+00   6.1393E-02  1.8000E+02  3.1958E-04  7.6905E-06  3.6543E-07 -1.9485E+00  3.0110E+00
 18 2.0432E-04 4.7787E+01 1.8007E+02  0.00E+00   7.4075E-02  1.8000E+02  2.7271E-04  7.7667E-06  4.0235E-07 -1.8862E+00  3.1651E+00
 19 2.3967E-04 4.6933E+01 1.8009E+02  0.00E+00   8.7651E-02  1.8000E+02  2.3309E-04  7.8521E-06  4.4376E-07 -1.8290E+00  3.3431E+00
 20 2.8074E-04 4.6087E+01 1.8010E+02  0.00E+00   1.0218E-01  1.8000E+02  1.9954E-04  7.9274E-06  4.8801E-07 -1.7713E+00  3.5372E+00
 21 3.2840E-04 4.5248E+01 1.8012E+02  0.00E+00   1.1798E-01  1.8000E+02  1.7109E-04  7.9906E-06  5.3539E-07 -1.7112E+00  3.7456E+00
 22 3.8360E-04 4.4417E+01 1.8013E+02  0.00E+00   1.3413E-01  1.8000E+02  1.4693E-04  8.0615E-06  5.8854E-07 -1.6498E+00  3.9723E+00
 23 4.4747E-04 4.3594E+01 1.8015E+02  0.00E+00   1.5044E-01  1.8000E+02  1.2633E-04  8.1091E-06  6.3935E-07 -1.5831E+00  4.1799E+00
 24 5.2125E-04 4.2778E+01 1.8017E+02  0.00E+00   1.6659E-01  1.8000E+02  1.0879E-04  8.1615E-06  6.9604E-07 -1.5135E+00  4.3924E+00
 25 6.0635E-04 4.1969E+01 1.8018E+02  0.00E+00   1.8178E-01  1.8000E+02  9.3790E-05  8.2075E-06  7.5347E-07 -1.4397E+00  4.5838E+00
 26 7.0437E-04 4.1169E+01 1.8020E+02  0.00E+00   1.9607E-01  1.8000E+02  8.0952E-05  8.2458E-06  8.1148E-07 -1.3616E+00  4.7465E+00
 27 8.1709E-04 4.0375E+01 1.8021E+02  0.00E+00   2.0890E-01  1.8000E+02  6.9958E-05  8.2866E-06  8.7572E-07 -1.2808E+00  4.8936E+00
 28 9.4653E-04 3.9590E+01 1.8022E+02  0.00E+00   2.2020E-01  1.8000E+02  6.0516E-05  8.3137E-06  9.4061E-07 -1.1982E+00  5.0007E+00
 29 1.0950E-03 3.8812E+01 1.8023E+02  0.00E+00   2.2953E-01  1.8000E+02  5.2408E-05  8.3442E-06  1.0134E-06 -1.1205E+00  5.0886E+00
 30 1.2649E-03 3.8041E+01 1.8024E+02  0.00E+00   2.3656E-01  1.8000E+02  4.5426E-05  8.3653E-06  1.0897E-06 -1.0490E+00  5.1367E+00
 31 1.4592E-03 3.7278E+01 1.8024E+02  0.00E+00   2.4105E-01  1.8000E+02  3.9411E-05  8.3852E-06  1.1736E-06 -9.8555E-01  5.1515E+00
 32 1.6810E-03 3.6523E+01 1.8024E+02  0.00E+00   2.4274E-01  1.8000E+02  3.4222E-05  8.4010E-06  1.2644E-06 -9.3320E-01  5.1297E+00
 33 1.9338E-03 3.5775E+01 1.8024E+02  0.00E+00   2.4185E-01  1.8000E+02  2.9743E-05  8.4117E-06  1.3625E-06 -8.9417E-01  5.0734E+00
 34 2.2216E-03 3.5035E+01 1.8024E+02  0.00E+00   2.3889E-01  1.8000E+02  2.5875E-05  8.4213E-06  1.4736E-06 -8.6831E-01  4.9947E+00
 35 2.5486E-03 3.4302E+01 1.8023E+02  0.00E+00   2.3391E-01  1.8000E+02  2.2534E-05  8.4240E-06  1.6013E-06 -8.5248E-01  4.8948E+00
 36 2.9197E-03 3.3578E+01 1.8023E+02  0.00E+00   2.2684E-01  1.8000E+02  1.9644E-05  8.4268E-06  1.7446E-06 -8.4269E-01  4.7630E+00
 37 3.3402E-03 3.2860E+01 1.8022E+02  0.00E+00   2.1760E-01  1.8000E+02  1.7141E-05  8.4222E-06  1.9065E-06 -8.3634E-01  4.5985E+00
 38 3.8160E-03 3.2150E+01 1.8021E+02  0.00E+00   2.0666E-01  1.8000E+02  1.4973E-05  8.4170E-06  2.0881E-06 -8.3360E-01  4.4039E+00
 39 4.3535E-03 3.1448E+01 1.8019E+02  0.00E+00   1.9443E-01  1.8000E+02  1.3094E-05  8.4065E-06  2.3004E-06 -8.3620E-01  4.1971E+00
 40 4.9597E-03 3.0754E+01 1.8018E+02  0.00E+00   1.8149E-01  1.8000E+02  1.1465E-05  8.3937E-06  2.5406E-06 -8.4544E-01  3.9815E+00
 41 5.6426E-03 3.0067E+01 1.8017E+02  0.00E+00   1.6863E-01  1.8000E+02  1.0053E-05  8.3750E-06  2.8166E-06 -8.6081E-01  3.7730E+00
 42 6.4106E-03 2.9388E+01 1.8016E+02  0.00E+00   1.5619E-01  1.8000E+02  8.8281E-06  8.3511E-06  3.1307E-06 -8.7950E-01  3.5785E+00
 43 7.2730E-03 2.8716E+01 1.8014E+02  0.00E+00   1.4436E-01  1.8000E+02  7.7640E-06  8.3216E-06  3.4682E-06 -8.9699E-01  3.3917E+00
 44 8.2399E-03 2.8052E+01 1.8013E+02  0.00E+00   1.3348E-01  1.8000E+02  6.8386E-06  8.2843E-06  3.8237E-06 -9.0874E-01  3.2128E+00
 45 9.3225E-03 2.7395E+01 1.8012E+02  0.00E+00   1.2312E-01  1.8000E+02  6.0331E-06  8.2412E-06  4.2068E-06 -9.1133E-01  3.0421E+00
 46 1.0533E-02 2.6746E+01 1.8011E+02  0.00E+00   1.1368E-01  1.8000E+02  5.3299E-06  8.1879E-06  4.5608E-06 -8.9668E-01  2.8551E+00
 47 1.1883E-02 2.6105E+01 1.8010E+02  0.00E+00   1.0417E-01  1.8000E+02  4.7163E-06  8.1280E-06  4.9580E-06 -8.6907E-01  2.6766E+00
 48 1.3389E-02 2.5471E+01 1.8009E+02  0.00E+00   9.4819E-02  1.8000E+02  4.1781E-06  8.0568E-06  5.2547E-06 -8.3370E-01  2.4693E+00
 49 1.5064E-02 2.4844E+01 1.8009E+02  0.00E+00   8.5999E-02  1.8000E+02  3.7075E-06  7.9766E-06  5.5764E-06 -7.9381E-01  2.2810E+00
 50 1.6925E-02 2.4225E+01 1.8008E+02  0.00E+00   7.8035E-02  1.8000E+02  3.2948E-06  7.8896E-06  5.8343E-06 -7.5152E-01  2.0994E+00
 51 1.8989E-02 2.3614E+01 1.8007E+02  0.00E+00   7.1362E-02  1.8000E+02  2.9329E-06  7.7936E-06  6.0672E-06 -7.0979E-01  1.9412E+00
 52 2.1276E-02 2.3010E+01 1.8007E+02  0.00E+00   6.5885E-02  1.8000E+02  2.6150E-06  7.6898E-06  6.2837E-06 -6.7064E-01  1.8104E+00
 53 2.3805E-02 2.2414E+01 1.8006E+02  0.00E+00   6.1745E-02  1.8000E+02  2.3353E-06  7.5810E-06  6.4383E-06 -6.3462E-01  1.6991E+00
 54 2.6598E-02 2.1825E+01 1.8006E+02  0.00E+00   5.8543E-02  1.8000E+02  2.0889E-06  7.4589E-06  6.6117E-06 -6.0162E-01  1.6153E+00
 55 2.9677E-02 2.1244E+01 1.8006E+02  0.00E+00   5.6112E-02  1.8000E+02  1.8713E-06  7.3432E-06  6.6982E-06 -5.7058E-01  1.5394E+00
 56 3.3066E-02 2.0670E+01 1.8005E+02  0.00E+00   5.4319E-02  1.8000E+02  1.6789E-06  7.2134E-06  6.7949E-06 -5.4056E-01  1.4793E+00
 57 3.6792E-02 2.0104E+01 1.8005E+02  0.00E+00   5.2946E-02  1.8000E+02  1.5085E-06  7.0842E-06  6.8641E-06 -5.1078E-01  1.4261E+00
 58 4.0880E-02 1.9545E+01 1.8005E+02  0.00E+00   5.1937E-02  1.8000E+02  1.3574E-06  6.9512E-06  6.9132E-06 -4.8014E-01  1.3770E+00
 59 4.5360E-02 1.8993E+01 1.8005E+02  0.00E+00   5.1074E-02  1.8000E+02  1.2231E-06  6.8070E-06  6.9589E-06 -4.4720E-01  1.3310E+00
 60 5.0261E-02 1.8449E+01 1.8005E+02  0.00E+00   5.0410E-02  1.8000E+02  1.1037E-06  6.6793E-06  6.9472E-06 -4.1114E-01  1.2813E+00
 61 5.5613E-02 1.7913E+01 1.8005E+02  0.00E+00   4.9930E-02  1.8000E+02  9.9739E-07  6.5360E-06  6.9340E-06 -3.7052E-01  1.2335E+00
 62 6.1451E-02 1.7384E+01 1.8005E+02  0.00E+00   4.9539E-02  1.8000E+02  9.0258E-07  6.4015E-06  6.8686E-06 -3.2595E-01  1.1824E+00
 63 6.7807E-02 1.6862E+01 1.8005E+02  0.00E+00   4.9287E-02  1.8000E+02  8.1793E-07  6.2679E-06  6.7617E-06 -2.7843E-01  1.1297E+00
 64 7.4716E-02 1.6348E+01 1.8005E+02  0.00E+00   4.9184E-02  1.8000E+02  7.4228E-07  6.1194E-06  6.6418E-06 -2.2931E-01  1.0792E+00
 65 8.2215E-02 1.5841E+01 1.8005E+02  0.00E+00   4.9158E-02  1.8000E+02  6.7457E-07  6.0001E-06  6.5076E-06 -1.8095E-01  1.0309E+00
 66 9.0342E-02 1.5342E+01 1.8005E+02  0.00E+00   4.8981E-02  1.8000E+02  6.1390E-07  5.8661E-06  6.3571E-06 -1.3348E-01  9.8456E-01
 67 9.9133E-02 1.4850E+01 1.8005E+02  0.00E+00   5.0263E-02  1.8000E+02  5.5949E-07  5.7326E-06  6.2203E-06 -8.6699E-02  9.4314E-01
 68 1.0863E-01 1.4366E+01 1.8005E+02  0.00E+00   5.1880E-02  1.8000E+02  5.1085E-07  5.6095E-06  6.1182E-06 -1.6216E-03  9.0638E-01
 69 1.1887E-01 1.3889E+01 1.8005E+02  0.00E+00   5.3140E-02  1.8000E+02  4.6692E-07  5.4714E-06  6.0037E-06  4.8682E-02  8.7100E-01
 70 1.2990E-01 1.3419E+01 1.8005E+02  0.00E+00   5.4406E-02  1.8000E+02  4.2740E-07  5.3494E-06  5.9086E-06  1.0478E-01  8.3946E-01
 71 1.4175E-01 1.2957E+01 1.8006E+02  0.00E+00   5.8594E-02  1.8000E+02  3.9186E-07  5.2264E-06  5.8159E-06  1.7781E-01  8.0988E-01
 72 1.5446E-01 1.2503E+01 1.7961E+02  0.00E+00  -3.8589E-01  1.8000E+02  3.6002E-07  5.0885E-06  5.7120E-06  3.1486E-01  7.7999E-01
 73 1.6809E-01 1.2055E+01 1.8096E+02  0.00E+00   9.6076E-01  1.8000E+02  3.9482E-07  4.9792E-06  5.5353E-06  3.5243E-01  7.4449E-01
 74 1.8266E-01 1.1611E+01 1.8321E+02  0.00E+00  -3.9166E-01  1.8360E+02  5.9240E-07  4.8578E-06  5.3354E-06  2.6041E-01  7.0796E-01
 75 1.9822E-01 1.1165E+01 1.8802E+02  0.00E+00   5.0417E-02  1.8797E+02  1.1856E-06  4.7297E-06  5.0940E-06  2.0312E-01  6.6809E-01
 76 2.1481E-01 1.0716E+01 1.9241E+02  0.00E+00   4.5496E-02  1.9237E+02  2.3035E-06  4.6281E-06  4.7318E-06  1.6775E-01  6.1842E-01
 77 2.3246E-01 1.0264E+01 1.9683E+02  0.00E+00   4.0761E-02  1.9679E+02  4.3503E-06  4.5142E-06  4.3254E-06  1.3889E-01  5.6547E-01
 78 2.5121E-01 9.8108E+00 2.0126E+02  0.00E+00   3.6074E-02  2.0122E+02  7.9935E-06  4.4014E-06  3.8716E-06  1.1365E-01  5.0970E-01
 79 2.7110E-01 9.3556E+00 2.0570E+02  0.00E+00   3.1202E-02  2.0567E+02  1.4304E-05  4.3123E-06  3.3677E-06  8.8229E-02  4.5094E-01
 80 2.9215E-01 8.8990E+00 2.1015E+02  0.00E+00   2.5616E-02  2.1012E+02  2.4943E-05  4.2123E-06  2.8024E-06  5.3864E-02  3.8878E-01
 81 3.1441E-01 8.4413E+00 2.1459E+02  0.00E+00   1.9621E-02  2.1457E+02  4.2415E-05  4.1644E-06  2.2644E-06  7.8246E-03  3.3122E-01
 82 3.3789E-01 7.9830E+00 2.1902E+02  0.00E+00   1.3559E-02  2.1901E+02  7.0359E-05  4.2170E-06  1.8203E-06 -4.8511E-02  2.8281E-01
 83 3.6262E-01 7.5244E+00 2.2343E+02  0.00E+00   5.5135E-03  2.2342E+02  1.1383E-04  4.2760E-06  1.3220E-06 -1.3815E-01  2.3343E-01
 84 3.8862E-01 7.0660E+00 2.2778E+02  0.00E+00  -7.1916E-03  2.2779E+02  1.7952E-04  6.0011E-06  9.3121E-07 -3.2628E-01  2.0201E-01
 85 4.1590E-01 6.6082E+00 2.3207E+02  0.00E+00  -2.3862E-02  2.3210E+02  2.7588E-04  9.7982E-06  6.8156E-07 -6.0382E-01  1.9148E-01
 86 4.4449E-01 6.1516E+00 2.3627E+02  0.00E+00  -4.2347E-02  2.3632E+02  4.1298E-04  1.4058E-05  4.0148E-07 -9.1709E-01  1.8532E-01
 87 4.7437E-01 5.6967E+00 2.4035E+02  0.00E+00  -7.5984E-02  2.4042E+02  6.0090E-04  3.0795E-05  2.5961E-07 -1.5439E+00  2.3089E-01
 88 5.0557E-01 5.2440E+00 2.4432E+02  0.00E+00  -7.7080E-02  2.4440E+02  8.5362E-04  5.5648E-05  1.8801E-07 -1.9577E+00  2.8909E-01
 89 5.3806E-01 4.7941E+00 2.4814E+02  1.00E+00  -7.4848E-02  2.4821E+02  1.1798E-03  8.5300E-05  1.1045E-07 -2.1272E+00  3.3755E-01
 90 5.7185E-01 4.3475E+00 2.5178E+02  1.00E+00  -7.0127E-02  2.5185E+02  1.5868E-03  1.6711E-04  9.8910E-08 -2.5059E+00  4.5388E-01
 91 6.0692E-01 3.9049E+00 2.5523E+02  1.00E+00  -6.3319E-02  2.5529E+02  2.0785E-03  2.5889E-04  8.5969E-08 -2.4262E+00  5.3004E-01
 92 6.4325E-01 3.4670E+00 2.5849E+02  1.00E+00  -5.4856E-02  2.5854E+02  2.6547E-03  4.1831E-04  7.5909E-08 -2.4295E+00  6.1865E-01
 93 6.8080E-01 3.0341E+00 2.6155E+02  1.00E+00  -4.5147E-02  2.6159E+02  3.3120E-03  6.4250E-04  6.8206E-08 -2.3858E+00  6.8232E-01
 94 7.1954E-01 2.6070E+00 2.6443E+02  1.00E+00  -3.4550E-02  2.6446E+02  4.0442E-03  9.3852E-04  6.0478E-08 -2.3112E+00  7.2795E-01
 95 7.5944E-01 2.1862E+00 2.6712E+02  1.00E+00  -2.3373E-02  2.6715E+02  4.8432E-03  1.4224E-03  5.4928E-08 -2.2974E+00  7.9742E-01
 96 8.0043E-01 1.7721E+00 2.6966E+02  1.00E+00  -1.1898E-02  2.6967E+02  5.6999E-03  1.9666E-03  4.8759E-08 -2.1739E+00  8.2312E-01
 97 8.4246E-01 1.3651E+00 2.7203E+02  1.00E+00  -4.0201E-04  2.7203E+02  6.6051E-03  2.6468E-03  4.4881E-08 -2.0508E+00  8.3772E-01
 98 8.8547E-01 9.6568E-01 2.7440E+02  1.00E+00   1.0859E-02  2.7439E+02  7.6413E-03  3.4099E-03  4.0530E-08 -1.9713E+00  8.6375E-01
 99 9.2938E-01 5.7393E-01 2.7673E+02  1.00E+00   2.1684E-02  2.7671E+02  8.5912E-03  6.1386E-03  3.6451E-08 -2.4898E+00  1.1270E+00
100 9.7412E-01 1.9019E-01 2.7896E+02  1.00E+00   3.2282E-02  2.7893E+02  9.5476E-03  9.4198E-03  3.1969E-08 -2.6759E+00  1.3030E+00
101 9.9694E-01 0.0000E+00 2.8004E+02  1.00E+00   4.1973E-02  2.8000E+02  1.0101E-02  9.8975E-03  3.1316E-08 -3.7575E+00  7.2120E+00
  J     P         ALT         T        CONVEC       DT          TOLD        FH20       FSAVE        FO3        TCOOL       THEAT

 FCO2
  3.49E-04 3.49E-04 3.49E-04 3.49E-04 3.49E-04 3.49E-04 3.49E-04 3.49E-04 3.49E-04 3.49E-04
  3.49E-04 3.49E-04 3.49E-04 3.49E-04 3.49E-04 3.49E-04 3.49E-04 3.49E-04 3.49E-04 3.49E-04
  3.49E-04 3.49E-04 3.49E-04 3.49E-04 3.49E-04 3.49E-04 3.49E-04 3.49E-04 3.49E-04 3.49E-04
  3.49E-04 3.49E-04 3.49E-04 3.49E-04 3.49E-04 3.49E-04 3.49E-04 3.49E-04 3.49E-04 3.49E-04
  3.49E-04 3.49E-04 3.49E-04 3.49E-04 3.49E-04 3.49E-04 3.49E-04 3.49E-04 3.49E-04 3.49E-04
  3.49E-04 3.49E-04 3.49E-04 3.49E-04 3.49E-04 3.49E-04 3.49E-04 3.49E-04 3.49E-04 3.49E-04
  3.49E-04 3.49E-04 3.49E-04 3.49E-04 3.49E-04 3.49E-04 3.49E-04 3.49E-04 3.49E-04 3.49E-04
  3.49E-04 3.49E-04 3.49E-04 3.49E-04 3.49E-04 3.49E-04 3.49E-04 3.49E-04 3.49E-04 3.49E-04
  3.49E-04 3.49E-04 3.49E-04 3.49E-04 3.49E-04 3.49E-04 3.49E-04 3.49E-04 3.49E-04 3.49E-04
  3.49E-04 3.49E-04 3.49E-04 3.49E-04 3.49E-04 3.49E-04 3.49E-04 3.49E-04 3.49E-04 3.49E-04
  3.49E-04

  J    PF         ALT       FTOTAL       FTIR       FDNIR       FUPIR       FTSOL       FDNSOL       FUPSOL       DIVF
  1 1.0000E-05 6.3467E+01  1.6134E+04 -2.4386E+05  0.0000E+00  2.4386E+05  2.5999E+05  3.4178E+05  8.1786E+04  6.6160E-02
  2 1.2019E-05 6.2475E+01  1.6124E+04 -2.4385E+05  1.0002E+01  2.4386E+05  2.5997E+05  3.4176E+05  8.1786E+04  6.6120E-02
  3 1.4425E-05 6.1501E+01  1.6128E+04 -2.4384E+05  1.9508E+01  2.4386E+05  2.5997E+05  3.4175E+05  8.1786E+04  6.6136E-02
  4 1.7289E-05 6.0537E+01  1.6134E+04 -2.4383E+05  2.8235E+01  2.4386E+05  2.5996E+05  3.4175E+05  8.1786E+04  6.6162E-02
  5 2.0692E-05 5.9579E+01  1.6141E+04 -2.4382E+05  3.5949E+01  2.4386E+05  2.5996E+05  3.4175E+05  8.1786E+04  6.6189E-02
  6 2.4732E-05 5.8628E+01  1.6146E+04 -2.4382E+05  4.2548E+01  2.4386E+05  2.5996E+05  3.4175E+05  8.1786E+04  6.6211E-02
  7 2.9519E-05 5.7683E+01  1.6150E+04 -2.4381E+05  4.8074E+01  2.4386E+05  2.5996E+05  3.4175E+05  8.1786E+04  6.6228E-02
  8 3.5183E-05 5.6746E+01  1.6153E+04 -2.4381E+05  5.2676E+01  2.4386E+05  2.5996E+05  3.4174E+05  8.1786E+04  6.6240E-02
  9 4.1876E-05 5.5816E+01  1.6155E+04 -2.4380E+05  5.6617E+01  2.4386E+05  2.5996E+05  3.4174E+05  8.1785E+04  6.6248E-02
 10 4.9773E-05 5.4893E+01  1.6156E+04 -2.4380E+05  6.0187E+01  2.4386E+05  2.5995E+05  3.4174E+05  8.1785E+04  6.6253E-02
 11 5.9078E-05 5.3978E+01  1.6157E+04 -2.4379E+05  6.3646E+01  2.4386E+05  2.5995E+05  3.4174E+05  8.1785E+04  6.6256E-02
 12 7.0024E-05 5.3070E+01  1.6157E+04 -2.4379E+05  6.7219E+01  2.4386E+05  2.5995E+05  3.4173E+05  8.1785E+04  6.6257E-02
 13 8.2883E-05 5.2171E+01  1.6157E+04 -2.4379E+05  7.1057E+01  2.4386E+05  2.5994E+05  3.4173E+05  8.1784E+04  6.6257E-02
 14 9.7968E-05 5.1279E+01  1.6157E+04 -2.4378E+05  7.5257E+01  2.4386E+05  2.5994E+05  3.4172E+05  8.1784E+04  6.6255E-02
 15 1.1564E-04 5.0394E+01  1.6156E+04 -2.4378E+05  7.9911E+01  2.4386E+05  2.5993E+05  3.4172E+05  8.1783E+04  6.6252E-02
 16 1.3630E-04 4.9518E+01  1.6154E+04 -2.4377E+05  8.5107E+01  2.4386E+05  2.5993E+05  3.4171E+05  8.1782E+04  6.6245E-02
 17 1.6044E-04 4.8648E+01  1.6152E+04 -2.4377E+05  9.0948E+01  2.4386E+05  2.5992E+05  3.4170E+05  8.1782E+04  6.6235E-02
 18 1.8859E-04 4.7787E+01  1.6148E+04 -2.4376E+05  9.7539E+01  2.4386E+05  2.5991E+05  3.4169E+05  8.1781E+04  6.6220E-02
 19 2.2137E-04 4.6933E+01  1.6143E+04 -2.4375E+05  1.0497E+02  2.4386E+05  2.5990E+05  3.4168E+05  8.1780E+04  6.6200E-02
 20 2.5948E-04 4.6087E+01  1.6136E+04 -2.4374E+05  1.1334E+02  2.4386E+05  2.5988E+05  3.4166E+05  8.1779E+04  6.6171E-02
 21 3.0374E-04 4.5248E+01  1.6127E+04 -2.4374E+05  1.2276E+02  2.4386E+05  2.5986E+05  3.4164E+05  8.1777E+04  6.6133E-02
 22 3.5505E-04 4.4417E+01  1.6114E+04 -2.4372E+05  1.3331E+02  2.4386E+05  2.5984E+05  3.4162E+05  8.1776E+04  6.6081E-02
 23 4.1445E-04 4.3594E+01  1.6098E+04 -2.4371E+05  1.4508E+02  2.4386E+05  2.5981E+05  3.4159E+05  8.1774E+04  6.6014E-02
 24 4.8312E-04 4.2778E+01  1.6077E+04 -2.4370E+05  1.5813E+02  2.4386E+05  2.5978E+05  3.4155E+05  8.1772E+04  6.5926E-02
 25 5.6239E-04 4.1969E+01  1.6049E+04 -2.4369E+05  1.7254E+02  2.4386E+05  2.5973E+05  3.4150E+05  8.1770E+04  6.5814E-02
 26 6.5375E-04 4.1169E+01  1.6015E+04 -2.4367E+05  1.8834E+02  2.4386E+05  2.5968E+05  3.4145E+05  8.1767E+04  6.5673E-02
 27 7.5890E-04 4.0375E+01  1.5972E+04 -2.4365E+05  2.0553E+02  2.4386E+05  2.5963E+05  3.4139E+05  8.1764E+04  6.5498E-02
 28 8.7973E-04 3.9590E+01  1.5920E+04 -2.4363E+05  2.2412E+02  2.4386E+05  2.5955E+05  3.4131E+05  8.1761E+04  6.5284E-02
 29 1.0184E-03 3.8812E+01  1.5857E+04 -2.4361E+05  2.4409E+02  2.4386E+05  2.5947E+05  3.4123E+05  8.1757E+04  6.5025E-02
 30 1.1773E-03 3.8041E+01  1.5781E+04 -2.4359E+05  2.6549E+02  2.4386E+05  2.5937E+05  3.4113E+05  8.1752E+04  6.4716E-02
 31 1.3590E-03 3.7278E+01  1.5693E+04 -2.4357E+05  2.8843E+02  2.4386E+05  2.5926E+05  3.4101E+05  8.1748E+04  6.4351E-02
 32 1.5667E-03 3.6523E+01  1.5589E+04 -2.4355E+05  3.1307E+02  2.4386E+05  2.5913E+05  3.4088E+05  8.1742E+04  6.3927E-02
 33 1.8036E-03 3.5775E+01  1.5470E+04 -2.4352E+05  3.3970E+02  2.4386E+05  2.5899E+05  3.4073E+05  8.1736E+04  6.3439E-02
 34 2.0734E-03 3.5035E+01  1.5335E+04 -2.4349E+05  3.6879E+02  2.4386E+05  2.5883E+05  3.4056E+05  8.1729E+04  6.2886E-02
 35 2.3803E-03 3.4302E+01  1.5184E+04 -2.4346E+05  4.0095E+02  2.4386E+05  2.5864E+05  3.4036E+05  8.1722E+04  6.2266E-02
 36 2.7288E-03 3.3578E+01  1.5016E+04 -2.4342E+05  4.3683E+02  2.4386E+05  2.5844E+05  3.4015E+05  8.1713E+04  6.1575E-02
 37 3.1240E-03 3.2860E+01  1.4831E+04 -2.4338E+05  4.7710E+02  2.4386E+05  2.5821E+05  3.3992E+05  8.1704E+04  6.0816E-02
 38 3.5714E-03 3.2150E+01  1.4630E+04 -2.4334E+05  5.2240E+02  2.4386E+05  2.5797E+05  3.3966E+05  8.1694E+04  5.9992E-02
 39 4.0773E-03 3.1448E+01  1.4414E+04 -2.4329E+05  5.7352E+02  2.4386E+05  2.5770E+05  3.3939E+05  8.1683E+04  5.9107E-02
 40 4.6483E-03 3.0754E+01  1.4185E+04 -2.4323E+05  6.3148E+02  2.4386E+05  2.5742E+05  3.3909E+05  8.1671E+04  5.8167E-02
 41 5.2920E-03 3.0067E+01  1.3944E+04 -2.4317E+05  6.9763E+02  2.4386E+05  2.5711E+05  3.3877E+05  8.1658E+04  5.7179E-02
 42 6.0165E-03 2.9388E+01  1.3692E+04 -2.4309E+05  7.7355E+02  2.4387E+05  2.5678E+05  3.3843E+05  8.1644E+04  5.6147E-02
 43 6.8306E-03 2.8716E+01  1.3430E+04 -2.4301E+05  8.6085E+02  2.4387E+05  2.5644E+05  3.3807E+05  8.1629E+04  5.5071E-02
 44 7.7441E-03 2.8052E+01  1.3158E+04 -2.4291E+05  9.6094E+02  2.4387E+05  2.5607E+05  3.3768E+05  8.1614E+04  5.3956E-02
 45 8.7676E-03 2.7395E+01  1.2877E+04 -2.4280E+05  1.0748E+03  2.4387E+05  2.5567E+05  3.3727E+05  8.1598E+04  5.2802E-02
 46 9.9125E-03 2.6746E+01  1.2586E+04 -2.4267E+05  1.2029E+03  2.4388E+05  2.5526E+05  3.3684E+05  8.1582E+04  5.1609E-02
 47 1.1191E-02 2.6105E+01  1.2288E+04 -2.4254E+05  1.3446E+03  2.4388E+05  2.5482E+05  3.3639E+05  8.1565E+04  5.0383E-02
 48 1.2618E-02 2.5471E+01  1.1980E+04 -2.4239E+05  1.4988E+03  2.4389E+05  2.5437E+05  3.3592E+05  8.1548E+04  4.9122E-02
 49 1.4206E-02 2.4844E+01  1.1671E+04 -2.4223E+05  1.6646E+03  2.4390E+05  2.5390E+05  3.3543E+05  8.1530E+04  4.7851E-02
 50 1.5972E-02 2.4225E+01  1.1358E+04 -2.4206E+05  1.8416E+03  2.4391E+05  2.5342E+05  3.3494E+05  8.1513E+04  4.6566E-02
 51 1.7933E-02 2.3614E+01  1.1043E+04 -2.4189E+05  2.0296E+03  2.4392E+05  2.5293E+05  3.3443E+05  8.1495E+04  4.5273E-02
 52 2.0107E-02 2.3010E+01  1.0724E+04 -2.4170E+05  2.2286E+03  2.4393E+05  2.5243E+05  3.3391E+05  8.1478E+04  4.3964E-02
 53 2.2513E-02 2.2414E+01  1.0398E+04 -2.4151E+05  2.4395E+03  2.4395E+05  2.5191E+05  3.3337E+05  8.1460E+04  4.2622E-02
 54 2.5171E-02 2.1825E+01  1.0061E+04 -2.4131E+05  2.6632E+03  2.4398E+05  2.5137E+05  3.3281E+05  8.1442E+04  4.1237E-02
 55 2.8105E-02 2.1244E+01  9.7070E+03 -2.4110E+05  2.9010E+03  2.4400E+05  2.5081E+05  3.3223E+05  8.1424E+04  3.9782E-02
 56 3.1337E-02 2.0670E+01  9.3344E+03 -2.4088E+05  3.1538E+03  2.4404E+05  2.5022E+05  3.3162E+05  8.1406E+04  3.8250E-02
 57 3.4891E-02 2.0104E+01  8.9373E+03 -2.4065E+05  3.4227E+03  2.4408E+05  2.4959E+05  3.3098E+05  8.1387E+04  3.6617E-02
 58 3.8796E-02 1.9545E+01  8.5122E+03 -2.4042E+05  3.7081E+03  2.4412E+05  2.4893E+05  3.3030E+05  8.1369E+04  3.4868E-02
 59 4.3077E-02 1.8993E+01  8.0555E+03 -2.4017E+05  4.0101E+03  2.4418E+05  2.4823E+05  3.2958E+05  8.1350E+04  3.2990E-02
 60 4.7764E-02 1.8449E+01  7.5629E+03 -2.3992E+05  4.3281E+03  2.4425E+05  2.4749E+05  3.2882E+05  8.1332E+04  3.0964E-02
 61 5.2888E-02 1.7913E+01  7.0328E+03 -2.3967E+05  4.6603E+03  2.4433E+05  2.4671E+05  3.2802E+05  8.1313E+04  2.8784E-02
 62 5.8480E-02 1.7384E+01  6.4591E+03 -2.3943E+05  5.0037E+03  2.4443E+05  2.4589E+05  3.2718E+05  8.1294E+04  2.6425E-02
 63 6.4573E-02 1.6862E+01  5.8388E+03 -2.3919E+05  5.3551E+03  2.4455E+05  2.4503E+05  3.2630E+05  8.1274E+04  2.3876E-02
 64 7.1203E-02 1.6348E+01  5.1681E+03 -2.3897E+05  5.7110E+03  2.4468E+05  2.4414E+05  3.2539E+05  8.1253E+04  2.1122E-02
 65 7.8403E-02 1.5841E+01  4.4409E+03 -2.3877E+05  6.0692E+03  2.4484E+05  2.4322E+05  3.2445E+05  8.1230E+04  1.8138E-02
 66 8.6213E-02 1.5342E+01  3.6524E+03 -2.3861E+05  6.4297E+03  2.4504E+05  2.4226E+05  3.2346E+05  8.1206E+04  1.4905E-02
 67 9.4668E-02 1.4850E+01  2.7976E+03 -2.3847E+05  6.7934E+03  2.4527E+05  2.4127E+05  3.2245E+05  8.1179E+04  1.1406E-02
 68 1.0381E-01 1.4366E+01  1.8679E+03 -2.3838E+05  7.1627E+03  2.4554E+05  2.4025E+05  3.2140E+05  8.1150E+04  7.6071E-03
 69 1.1367E-01 1.3889E+01  8.0798E+02 -2.3838E+05  7.5400E+03  2.4592E+05  2.3918E+05  3.2030E+05  8.1120E+04  3.2856E-03
 70 1.2430E-01 1.3419E+01 -3.5271E+02 -2.3844E+05  7.9227E+03  2.4636E+05  2.3809E+05  3.1917E+05  8.1089E+04 -1.4317E-03
 71 1.3574E-01 1.2957E+01 -1.6345E+03 -2.3858E+05  8.3142E+03  2.4689E+05  2.3695E+05  3.1800E+05  8.1057E+04 -6.6201E-03
 72 1.4802E-01 1.2503E+01 -3.0742E+03 -2.3884E+05  8.7156E+03  2.4755E+05  2.3577E+05  3.1679E+05  8.1024E+04 -1.2418E-02
 73 1.6119E-01 1.2055E+01 -4.7852E+03 -2.3933E+05  9.1265E+03  2.4846E+05  2.3455E+05  3.1554E+05  8.0991E+04 -1.9260E-02
 74 1.7528E-01 1.1611E+01 -6.6199E+03 -2.3992E+05  9.8567E+03  2.4978E+05  2.3330E+05  3.1426E+05  8.0955E+04 -2.6503E-02
 75 1.9035E-01 1.1165E+01 -8.3510E+03 -2.4039E+05  1.0929E+04  2.5132E+05  2.3204E+05  3.1295E+05  8.0916E+04 -3.3229E-02
 76 2.0642E-01 1.0716E+01 -1.0013E+04 -2.4077E+05  1.2257E+04  2.5303E+05  2.3076E+05  3.1163E+05  8.0870E+04 -3.9571E-02
 77 2.2353E-01 1.0264E+01 -1.1610E+04 -2.4111E+05  1.3821E+04  2.5494E+05  2.2950E+05  3.1032E+05  8.0812E+04 -4.5541E-02
 78 2.4174E-01 9.8108E+00 -1.3132E+04 -2.4141E+05  1.5628E+04  2.5704E+05  2.2828E+05  3.0902E+05  8.0739E+04 -5.1088E-02
 79 2.6105E-01 9.3556E+00 -1.4562E+04 -2.4168E+05  1.7683E+04  2.5936E+05  2.2711E+05  3.0776E+05  8.0645E+04 -5.6145E-02
 80 2.8153E-01 8.8990E+00 -1.5873E+04 -2.4189E+05  1.9980E+04  2.6187E+05  2.2602E+05  3.0654E+05  8.0525E+04 -6.0612E-02
 81 3.0318E-01 8.4413E+00 -1.7011E+04 -2.4203E+05  2.2525E+04  2.6455E+05  2.2502E+05  3.0539E+05  8.0371E+04 -6.4301E-02
 82 3.2605E-01 7.9830E+00 -1.7932E+04 -2.4205E+05  2.5335E+04  2.6739E+05  2.2412E+05  3.0430E+05  8.0182E+04 -6.7065E-02
 83 3.5016E-01 7.5244E+00 -1.8603E+04 -2.4191E+05  2.8441E+04  2.7035E+05  2.2331E+05  3.0327E+05  7.9958E+04 -6.8811E-02
 84 3.7552E-01 7.0660E+00 -1.8890E+04 -2.4149E+05  3.1873E+04  2.7337E+05  2.2260E+05  3.0230E+05  7.9693E+04 -6.9103E-02
 85 4.0217E-01 6.6082E+00 -1.8497E+04 -2.4046E+05  3.6007E+04  2.7647E+05  2.2196E+05  3.0136E+05  7.9391E+04 -6.6904E-02
 86 4.3011E-01 6.1516E+00 -1.7127E+04 -2.3846E+05  4.1250E+04  2.7971E+05  2.2133E+05  3.0039E+05  7.9059E+04 -6.1233E-02
 87 4.5935E-01 5.6967E+00 -1.4583E+04 -2.3527E+05  4.7655E+04  2.8292E+05  2.2068E+05  2.9938E+05  7.8695E+04 -5.1544E-02
 88 4.8989E-01 5.2440E+00 -9.8128E+03 -2.2966E+05  5.6727E+04  2.8638E+05  2.1984E+05  2.9815E+05  7.8307E+04 -3.4264E-02
 89 5.2174E-01 4.7941E+00 -3.4903E+03 -2.2224E+05  6.7867E+04  2.9011E+05  2.1875E+05  2.9665E+05  7.7901E+04 -1.2031E-02
 90 5.5489E-01 4.3475E+00  3.5692E+03 -2.1385E+05  8.0109E+04  2.9396E+05  2.1742E+05  2.9490E+05  7.7478E+04  1.2142E-02
 91 5.8933E-01 3.9049E+00  1.1979E+04 -2.0358E+05  9.4644E+04  2.9822E+05  2.1556E+05  2.9260E+05  7.7045E+04  4.0169E-02
 92 6.2504E-01 3.4670E+00  2.0039E+04 -1.9327E+05  1.0944E+05  3.0270E+05  2.1331E+05  2.8991E+05  7.6604E+04  6.6198E-02
 93 6.6199E-01 3.0341E+00  2.8005E+04 -1.8258E+05  1.2485E+05  3.0743E+05  2.1058E+05  2.8674E+05  7.6160E+04  9.1092E-02
 94 7.0015E-01 2.6070E+00  3.5745E+04 -1.7174E+05  1.4062E+05  3.1235E+05  2.0748E+05  2.8320E+05  7.5718E+04  1.1444E-01
 95 7.3948E-01 2.1862E+00  4.3162E+04 -1.6091E+05  1.5648E+05  3.1740E+05  2.0407E+05  2.7936E+05  7.5285E+04  1.3599E-01
 96 7.7993E-01 1.7721E+00  5.0391E+04 -1.4984E+05  1.7277E+05  3.2261E+05  2.0023E+05  2.7511E+05  7.4876E+04  1.5620E-01
 97 8.2146E-01 1.3651E+00  5.7074E+04 -1.3908E+05  1.8884E+05  3.2792E+05  1.9616E+05  2.7066E+05  7.4503E+04  1.7405E-01
 98 8.6400E-01 9.6568E-01  6.3224E+04 -1.2869E+05  2.0474E+05  3.3343E+05  1.9191E+05  2.6610E+05  7.4186E+04  1.8962E-01
 99 9.0748E-01 5.7393E-01  6.8964E+04 -1.1847E+05  2.2038E+05  3.3885E+05  1.8743E+05  2.6140E+05  7.3962E+04  2.0352E-01
100 9.5182E-01 1.9019E-01  7.6171E+04 -1.0530E+05  2.3881E+05  3.4411E+05  1.8147E+05  2.5552E+05  7.4048E+04  2.2135E-01
101 9.9694E-01 0.0000E+00  8.3564E+04 -9.0894E+04  2.5579E+05  3.4668E+05  1.7446E+05  2.4923E+05  7.4768E+04  2.4104E-01

 NST=     2 JCONV= 75 CHG=5.88E-02 dt0=3.75E+03 DIVF(1)= 1.82E-01 DIVFrms= 1.64E-01 DT(ND)= 7.54E-02 T(ND)=2.8012E+02
 NST=     3 JCONV= 84 CHG=2.81E-02 dt0=1.88E+03 DIVF(1)= 1.82E-01 DIVFrms= 1.55E-01 DT(ND)= 1.93E-04 T(ND)=2.8012E+02
 NST=     4 JCONV= 83 CHG=9.99E-03 dt0=2.81E+03 DIVF(1)= 1.82E-01 DIVFrms= 1.56E-01 DT(ND)=-1.95E-02 T(ND)=2.8010E+02
 NST=     5 JCONV= 83 CHG=1.19E-02 dt0=2.81E+03 DIVF(1)= 1.82E-01 DIVFrms= 1.56E-01 DT(ND)= 3.56E-03 T(ND)=2.8010E+02
 NST=     6 JCONV= 75 CHG=9.68E-03 dt0=4.22E+03 DIVF(1)= 1.82E-01 DIVFrms= 1.64E-01 DT(ND)= 3.40E-03 T(ND)=2.8011E+02
 NST=     7 JCONV= 82 CHG=1.24E-02 dt0=4.22E+03 DIVF(1)= 1.82E-01 DIVFrms= 1.57E-01 DT(ND)= 2.23E-02 T(ND)=2.8013E+02
 NST=     8 JCONV= 82 CHG=1.03E-02 dt0=4.22E+03 DIVF(1)= 1.81E-01 DIVFrms= 1.57E-01 DT(ND)= 1.49E-02 T(ND)=2.8014E+02
 NST=     9 JCONV= 82 CHG=8.68E-03 dt0=6.33E+03 DIVF(1)= 1.81E-01 DIVFrms= 1.57E-01 DT(ND)= 1.11E-02 T(ND)=2.8015E+02
 NST=    10 JCONV= 82 CHG=1.18E-02 dt0=6.33E+03 DIVF(1)= 1.81E-01 DIVFrms= 1.57E-01 DT(ND)= 3.71E-02 T(ND)=2.8019E+02
 NST=    11 JCONV= 81 CHG=1.00E-02 dt0=6.33E+03 DIVF(1)= 1.81E-01 DIVFrms= 1.57E-01 DT(ND)= 2.46E-02 T(ND)=2.8021E+02
 NST=    12 JCONV= 81 CHG=8.96E-03 dt0=9.49E+03 DIVF(1)= 1.81E-01 DIVFrms= 1.57E-01 DT(ND)= 2.25E-02 T(ND)=2.8024E+02
 NST=    13 JCONV= 81 CHG=1.23E-02 dt0=9.49E+03 DIVF(1)= 1.80E-01 DIVFrms= 1.57E-01 DT(ND)= 6.11E-02 T(ND)=2.8030E+02
 NST=    14 JCONV= 75 CHG=1.08E-02 dt0=9.49E+03 DIVF(1)= 1.80E-01 DIVFrms= 1.62E-01 DT(ND)= 4.00E-02 T(ND)=2.8034E+02
 NST=    15 JCONV= 81 CHG=1.01E-02 dt0=9.49E+03 DIVF(1)= 1.79E-01 DIVFrms= 1.56E-01 DT(ND)= 2.86E-02 T(ND)=2.8037E+02
 NST=    16 JCONV= 81 CHG=8.89E-03 dt0=1.00E+04 DIVF(1)= 1.79E-01 DIVFrms= 1.56E-01 DT(ND)= 2.18E-02 T(ND)=2.8039E+02
 NST=    17 JCONV= 81 CHG=8.85E-03 dt0=1.00E+04 DIVF(1)= 1.79E-01 DIVFrms= 1.56E-01 DT(ND)= 2.42E-02 T(ND)=2.8041E+02
 NST=    18 JCONV= 81 CHG=8.28E-03 dt0=1.00E+04 DIVF(1)= 1.79E-01 DIVFrms= 1.56E-01 DT(ND)= 1.86E-02 T(ND)=2.8043E+02
 NST=    19 JCONV= 81 CHG=7.24E-03 dt0=1.00E+04 DIVF(1)= 1.78E-01 DIVFrms= 1.55E-01 DT(ND)= 1.78E-02 T(ND)=2.8045E+02
 NST=    20 JCONV= 81 CHG=7.06E-03 dt0=1.00E+04 DIVF(1)= 1.78E-01 DIVFrms= 1.55E-01 DT(ND)= 1.53E-02 T(ND)=2.8046E+02

 TIME= 1.334E+05  TIME IN DAYS = 1.544E+00

 PLANETARY ALBEDO:  ALBP = 0.2309

  J     P         ALT         T        CONVEC       DT          TOLD        FH20       FSAVE        FO3        TCOOL       THEAT
  1 1.0963E-05 6.3469E+01 1.6497E+02  0.00E+00  -1.1734E-03  1.6497E+02  2.3960E-04  2.3994E-04  1.9060E-07 -8.3596E+01  8.5986E+01
  2 1.3167E-05 6.2578E+01 1.6075E+02  0.00E+00  -1.1817E-01  1.6087E+02  6.8245E-05  6.9979E-05  1.4303E-07 -2.3960E+01  2.1711E+01
  3 1.5792E-05 6.1712E+01 1.5846E+02  0.00E+00  -2.4455E-01  1.5870E+02  3.1986E-05  3.3978E-05  8.9664E-08 -1.1340E+01  7.1638E+00
  4 1.8914E-05 6.0859E+01 1.5822E+02  0.00E+00  -3.4567E-01  1.5856E+02  2.6162E-05  2.8507E-05  9.7597E-08 -7.4578E+00  3.7723E+00
  5 2.2622E-05 6.0011E+01 1.5935E+02  0.00E+00  -4.0879E-01  1.5976E+02  2.9610E-05  3.2701E-05  1.1144E-07 -6.4149E+00  3.1916E+00
  6 2.7019E-05 5.9162E+01 1.6112E+02  0.00E+00  -4.4374E-01  1.6156E+02  3.8100E-05  4.2310E-05  1.2626E-07 -6.6028E+00  3.3076E+00
  7 3.2227E-05 5.8310E+01 1.6311E+02  0.00E+00  -4.7555E-01  1.6359E+02  5.0629E-05  5.6439E-05  1.3646E-07 -7.3059E+00  3.6043E+00
  8 3.8384E-05 5.7455E+01 1.6518E+02  0.00E+00  -5.1750E-01  1.6570E+02  6.7840E-05  7.6247E-05  1.4791E-07 -8.2586E+00  4.0328E+00
  9 4.5654E-05 5.6595E+01 1.6739E+02  0.00E+00  -5.9238E-01  1.6798E+02  9.3066E-05  1.0594E-04  1.6101E-07 -9.5251E+00  4.6592E+00
 10 5.4226E-05 5.5730E+01 1.6992E+02  0.00E+00  -7.6332E-01  1.7068E+02  1.3553E-04  1.5850E-04  1.7634E-07 -1.1938E+01  5.7117E+00
 11 6.4319E-05 5.4858E+01 1.7329E+02  0.00E+00  -1.0691E+00  1.7436E+02  2.2418E-04  2.7523E-04  1.9353E-07 -1.7863E+01  7.8182E+00
 12 7.6183E-05 5.3972E+01 1.7818E+02  0.00E+00  -1.2664E+00  1.7945E+02  4.6944E-04  5.9906E-04  2.1416E-07 -2.6870E+01  1.2279E+01
 13 9.0111E-05 5.3068E+01 1.8334E+02  0.00E+00  -7.3759E-01  1.8408E+02  1.1489E-03  1.3729E-03  2.3854E-07 -2.3611E+01  1.7814E+01
 14 1.0644E-04 5.2151E+01 1.8644E+02  0.00E+00   5.5791E-02  1.8638E+02  1.8298E-03  1.7764E-03  2.6589E-07 -1.1341E+01  1.6201E+01
 15 1.2555E-04 5.1233E+01 1.8716E+02  0.00E+00   5.3055E-01  1.8663E+02  1.6360E-03  1.4693E-03  2.9565E-07 -6.1708E+00  1.1535E+01
 16 1.4788E-04 5.0322E+01 1.8664E+02  0.00E+00   6.4797E-01  1.8600E+02  1.2278E-03  1.0929E-03  3.2880E-07 -3.6975E+00  8.4428E+00
 17 1.7395E-04 4.9423E+01 1.8589E+02  0.00E+00   5.8544E-01  1.8531E+02  9.1421E-04  8.2591E-04  3.6543E-07 -2.5436E+00  6.7599E+00
 18 2.0432E-04 4.8534E+01 1.8535E+02  0.00E+00   4.8971E-01  1.8486E+02  7.1279E-04  6.5467E-04  4.0235E-07 -2.0524E+00  5.8647E+00
 19 2.3967E-04 4.7656E+01 1.8508E+02  0.00E+00   4.2319E-01  1.8466E+02  5.8314E-04  5.4117E-04  4.4376E-07 -1.8366E+00  5.3953E+00
 20 2.8074E-04 4.6786E+01 1.8501E+02  0.00E+00   3.9225E-01  1.8462E+02  4.9311E-04  4.5969E-04  4.8801E-07 -1.7312E+00  5.1519E+00
 21 3.2840E-04 4.5924E+01 1.8506E+02  0.00E+00   3.8390E-01  1.8468E+02  4.2520E-04  3.9683E-04  5.3539E-07 -1.6774E+00  5.0416E+00
 22 3.8360E-04 4.5070E+01 1.8516E+02  0.00E+00   3.8572E-01  1.8478E+02  3.7069E-04  3.4586E-04  5.8854E-07 -1.6536E+00  5.0235E+00
 23 4.4747E-04 4.4223E+01 1.8529E+02  0.00E+00   3.9093E-01  1.8490E+02  3.2509E-04  3.0309E-04  6.3935E-07 -1.6487E+00  5.0370E+00
 24 5.2125E-04 4.3383E+01 1.8544E+02  0.00E+00   3.9701E-01  1.8504E+02  2.8623E-04  2.6662E-04  6.9604E-07 -1.6549E+00  5.0925E+00
 25 6.0635E-04 4.2551E+01 1.8558E+02  0.00E+00   4.0337E-01  1.8518E+02  2.5244E-04  2.3491E-04  7.5347E-07 -1.6643E+00  5.1548E+00
 26 7.0437E-04 4.1725E+01 1.8572E+02  0.00E+00   4.0987E-01  1.8531E+02  2.2277E-04  2.0708E-04  8.1148E-07 -1.6708E+00  5.2104E+00
 27 8.1709E-04 4.0907E+01 1.8585E+02  0.00E+00   4.1634E-01  1.8544E+02  1.9657E-04  1.8254E-04  8.7572E-07 -1.6694E+00  5.2683E+00
 28 9.4653E-04 4.0097E+01 1.8597E+02  0.00E+00   4.2247E-01  1.8555E+02  1.7324E-04  1.6071E-04  9.4061E-07 -1.6557E+00  5.3007E+00
 29 1.0950E-03 3.9293E+01 1.8607E+02  0.00E+00   4.2775E-01  1.8564E+02  1.5238E-04  1.4123E-04  1.0134E-06 -1.6306E+00  5.3273E+00
 30 1.2649E-03 3.8498E+01 1.8613E+02  0.00E+00   4.3165E-01  1.8570E+02  1.3352E-04  1.2368E-04  1.0897E-06 -1.5923E+00  5.3248E+00
 31 1.4592E-03 3.7710E+01 1.8617E+02  0.00E+00   4.3365E-01  1.8573E+02  1.1641E-04  1.0780E-04  1.1736E-06 -1.5426E+00  5.2969E+00
 32 1.6810E-03 3.6929E+01 1.8616E+02  0.00E+00   4.3336E-01  1.8572E+02  1.0088E-04  9.3418E-05  1.2644E-06 -1.4875E+00  5.2395E+00
 33 1.9338E-03 3.6157E+01 1.8611E+02  0.00E+00   4.3054E-01  1.8567E+02  8.6876E-05  8.0486E-05  1.3625E-06 -1.4327E+00  5.1538E+00
 34 2.2216E-03 3.5393E+01 1.8601E+02  0.00E+00   4.2502E-01  1.8559E+02  7.4380E-05  6.8971E-05  1.4736E-06 -1.3805E+00  5.0511E+00
 35 2.5486E-03 3.4637E+01 1.8588E+02  0.00E+00   4.1669E-01  1.8546E+02  6.3312E-05  5.8788E-05  1.6013E-06 -1.3286E+00  4.9315E+00
 36 2.9197E-03 3.3890E+01 1.8570E+02  0.00E+00   4.0548E-01  1.8530E+02  5.3563E-05  4.9828E-05  1.7446E-06 -1.2737E+00  4.7834E+00
 37 3.3402E-03 3.3151E+01 1.8548E+02  0.00E+00   3.9148E-01  1.8509E+02  4.5046E-05  4.2004E-05  1.9065E-06 -1.2148E+00  4.6055E+00
 38 3.8160E-03 3.2421E+01 1.8523E+02  0.00E+00   3.7498E-01  1.8486E+02  3.7693E-05  3.5245E-05  2.0881E-06 -1.1552E+00  4.4001E+00
 39 4.3535E-03 3.1700E+01 1.8495E+02  0.00E+00   3.5654E-01  1.8460E+02  3.1435E-05  2.9485E-05  2.3004E-06 -1.1003E+00  4.1848E+00
 40 4.9597E-03 3.0987E+01 1.8466E+02  0.00E+00   3.3687E-01  1.8432E+02  2.6180E-05  2.4638E-05  2.5406E-06 -1.0543E+00  3.9626E+00
 41 5.6426E-03 3.0284E+01 1.8437E+02  0.00E+00   3.1678E-01  1.8405E+02  2.1823E-05  2.0609E-05  2.8166E-06 -1.0187E+00  3.7492E+00
 42 6.4106E-03 2.9589E+01 1.8408E+02  0.00E+00   2.9696E-01  1.8378E+02  1.8242E-05  1.7286E-05  3.1307E-06 -9.9160E-01  3.5510E+00
 43 7.2730E-03 2.8903E+01 1.8381E+02  0.00E+00   2.7788E-01  1.8353E+02  1.5304E-05  1.4550E-05  3.4682E-06 -9.6824E-01  3.3615E+00
 44 8.2399E-03 2.8226E+01 1.8355E+02  0.00E+00   2.5970E-01  1.8329E+02  1.2893E-05  1.2297E-05  3.8237E-06 -9.4372E-01  3.1807E+00
 45 9.3225E-03 2.7557E+01 1.8331E+02  0.00E+00   2.4228E-01  1.8307E+02  1.0901E-05  1.0429E-05  4.2068E-06 -9.1405E-01  3.0086E+00
 46 1.0533E-02 2.6897E+01 1.8307E+02  0.00E+00   2.2541E-01  1.8285E+02  9.2423E-06  8.8684E-06  4.5608E-06 -8.7226E-01  2.8207E+00
 47 1.1883E-02 2.6245E+01 1.8284E+02  0.00E+00   2.0896E-01  1.8263E+02  7.8533E-06  7.5576E-06  4.9580E-06 -8.2120E-01  2.6417E+00
 48 1.3389E-02 2.5602E+01 1.8261E+02  0.00E+00   1.9302E-01  1.8242E+02  6.6846E-06  6.4513E-06  5.2547E-06 -7.6490E-01  2.4341E+00
 49 1.5064E-02 2.4967E+01 1.8240E+02  0.00E+00   1.7794E-01  1.8222E+02  5.7114E-06  5.5269E-06  5.5764E-06 -7.0732E-01  2.2457E+00
 50 1.6925E-02 2.4341E+01 1.8221E+02  0.00E+00   1.6416E-01  1.8204E+02  4.9034E-06  4.7568E-06  5.8343E-06 -6.5100E-01  2.0641E+00
 51 1.8989E-02 2.3722E+01 1.8204E+02  0.00E+00   1.5208E-01  1.8189E+02  4.2362E-06  4.1186E-06  6.0672E-06 -5.9926E-01  1.9059E+00
 52 2.1276E-02 2.3112E+01 1.8190E+02  0.00E+00   1.4192E-01  1.8176E+02  3.6848E-06  3.5891E-06  6.2837E-06 -5.5383E-01  1.7752E+00
 53 2.3805E-02 2.2510E+01 1.8179E+02  0.00E+00   1.3370E-01  1.8165E+02  3.2264E-06  3.1473E-06  6.4383E-06 -5.1448E-01  1.6642E+00
 54 2.6598E-02 2.1916E+01 1.8170E+02  0.00E+00   1.2724E-01  1.8157E+02  2.8425E-06  2.7760E-06  6.6117E-06 -4.8037E-01  1.5806E+00
 55 2.9677E-02 2.1329E+01 1.8164E+02  0.00E+00   1.2228E-01  1.8151E+02  2.5168E-06  2.4602E-06  6.6982E-06 -4.4922E-01  1.5050E+00
 56 3.3066E-02 2.0750E+01 1.8159E+02  0.00E+00   1.1854E-01  1.8147E+02  2.2384E-06  2.1895E-06  6.7949E-06 -4.1997E-01  1.4454E+00
 57 3.6792E-02 2.0179E+01 1.8155E+02  0.00E+00   1.1580E-01  1.8143E+02  1.9978E-06  1.9552E-06  6.8641E-06 -3.9126E-01  1.3927E+00
 58 4.0880E-02 1.9616E+01 1.8152E+02  0.00E+00   1.1370E-01  1.8141E+02  1.7885E-06  1.7510E-06  6.9132E-06 -3.6195E-01  1.3441E+00
 59 4.5360E-02 1.9060E+01 1.8150E+02  0.00E+00   1.1184E-01  1.8139E+02  1.6051E-06  1.5720E-06  6.9589E-06 -3.3065E-01  1.2988E+00
 60 5.0261E-02 1.8512E+01 1.8148E+02  0.00E+00   1.1011E-01  1.8137E+02  1.4432E-06  1.4139E-06  6.9472E-06 -2.9604E-01  1.2498E+00
 61 5.5613E-02 1.7971E+01 1.8146E+02  0.00E+00   1.0847E-01  1.8135E+02  1.2998E-06  1.2738E-06  6.9340E-06 -2.5753E-01  1.2028E+00
 62 6.1451E-02 1.7438E+01 1.8144E+02  0.00E+00   1.0877E-01  1.8134E+02  1.1726E-06  1.1493E-06  6.8686E-06 -2.1608E-01  1.1526E+00
 63 6.7807E-02 1.6912E+01 1.8144E+02  0.00E+00   1.0853E-01  1.8133E+02  1.0609E-06  1.0395E-06  6.7617E-06 -1.7364E-01  1.1008E+00
 64 7.4716E-02 1.6394E+01 1.8144E+02  0.00E+00   1.0779E-01  1.8133E+02  9.6267E-07  9.4362E-07  6.6418E-06 -1.3180E-01  1.0512E+00
 65 8.2215E-02 1.5883E+01 1.8143E+02  0.00E+00   1.0504E-01  1.8133E+02  8.7495E-07  8.5779E-07  6.5076E-06 -9.1307E-02  1.0037E+00
 66 9.0342E-02 1.5380E+01 1.8142E+02  0.00E+00   1.0593E-01  1.8132E+02  7.9448E-07  7.7943E-07  6.3571E-06 -5.2321E-02  9.5807E-01
 67 9.9133E-02 1.4885E+01 1.8139E+02  0.00E+00   9.6795E-02  1.8129E+02  7.2007E-07  7.0609E-07  6.2203E-06 -1.2390E-02  9.1729E-01
 68 1.0863E-01 1.4397E+01 1.8132E+02  0.00E+00   1.0339E-01  1.8122E+02  6.4929E-07  6.3843E-07  6.1182E-06  6.0697E-02  8.8152E-01
 69 1.1887E-01 1.3917E+01 1.8127E+02  0.00E+00   9.5746E-02  1.8117E+02  5.8805E-07  5.7542E-07  6.0037E-06  1.0270E-01  8.4707E-01
 70 1.2990E-01 1.3444E+01 1.8134E+02  0.00E+00   1.4251E-01  1.8120E+02  5.4130E-07  5.3131E-07  5.9086E-06  1.3890E-01  8.1638E-01
 71 1.4175E-01 1.2978E+01 1.8156E+02  0.00E+00   8.9327E-02  1.8147E+02  5.2199E-07  5.1572E-07  5.8159E-06  1.7873E-01  7.8774E-01
 72 1.5446E-01 1.2519E+01 1.8202E+02  0.00E+00   1.7674E-01  1.8184E+02  5.2048E-07  5.0684E-07  5.7120E-06  2.4394E-01  7.5880E-01
 73 1.6809E-01 1.2066E+01 1.8256E+02  0.00E+00   7.3948E-02  1.8249E+02  5.3186E-07  5.2038E-07  5.5353E-06  3.0036E-01  7.2433E-01
 74 1.8266E-01 1.1618E+01 1.8465E+02  0.00E+00   1.0915E-01  1.8454E+02  7.0933E-07  6.9554E-07  5.3354E-06  2.5344E-01  6.8966E-01
 75 1.9822E-01 1.1169E+01 1.8892E+02  0.00E+00   9.0662E-02  1.8883E+02  1.3853E-06  1.3639E-06  5.0940E-06  1.2830E-01  6.5502E-01
 76 2.1481E-01 1.0718E+01 1.9318E+02  0.00E+00   7.0780E-02  1.9311E+02  2.6154E-06  2.5851E-06  4.7318E-06 -2.7212E-03  6.1426E-01
 77 2.3246E-01 1.0265E+01 1.9734E+02  0.00E+00   4.7354E-02  1.9729E+02  4.7139E-06  4.6788E-06  4.3254E-06 -1.6610E-01  5.7523E-01
 78 2.5121E-01 9.8108E+00 2.0147E+02  0.00E+00   2.1280E-02  2.0145E+02  8.2513E-06  8.2248E-06  3.8716E-06 -3.5612E-01  5.3998E-01
 79 2.7110E-01 9.3554E+00 2.0557E+02  0.00E+00  -6.0895E-03  2.0558E+02  1.4035E-05  1.4047E-05  3.3677E-06 -5.6211E-01  5.0950E-01
 80 2.9215E-01 8.8993E+00 2.0986E+02  0.00E+00   6.5479E-03  2.0985E+02  2.3957E-05  2.3935E-05  2.8024E-06 -8.0618E-01  4.8677E-01
 81 3.1441E-01 8.4422E+00 2.1430E+02  1.00E+00   6.6613E-03  2.1430E+02  4.0814E-05  4.0777E-05  2.2644E-06 -1.0786E+00  4.8193E-01
 82 3.3789E-01 7.9845E+00 2.1874E+02  1.00E+00   6.8859E-03  2.1874E+02  6.7873E-05  6.7813E-05  1.8203E-06 -1.3293E+00  4.9568E-01
 83 3.6262E-01 7.5265E+00 2.2316E+02  1.00E+00   7.2106E-03  2.2315E+02  1.1018E-04  1.1008E-04  1.3220E-06 -1.5403E+00  5.1210E-01
 84 3.8862E-01 7.0686E+00 2.2754E+02  1.00E+00   7.6173E-03  2.2754E+02  1.7452E-04  1.7436E-04  9.3121E-07 -1.6967E+00  5.4178E-01
 85 4.1590E-01 6.6113E+00 2.3187E+02  1.00E+00   8.0809E-03  2.3186E+02  2.6961E-04  2.6936E-04  6.8156E-07 -1.8235E+00  5.9155E-01
 86 4.4449E-01 6.1550E+00 2.3612E+02  1.00E+00   8.5717E-03  2.3611E+02  4.0592E-04  4.0553E-04  4.0148E-07 -1.9207E+00  6.4480E-01
 87 4.7437E-01 5.7003E+00 2.4026E+02  1.00E+00   9.0596E-03  2.4025E+02  5.9512E-04  5.9455E-04  2.5961E-07 -1.9661E+00  6.9731E-01
 88 5.0557E-01 5.2478E+00 2.4427E+02  1.00E+00   9.5203E-03  2.4426E+02  8.4908E-04  8.4825E-04  1.8801E-07 -2.0020E+00  7.3758E-01
 89 5.3806E-01 4.7979E+00 2.4812E+02  1.00E+00   9.9397E-03  2.4811E+02  1.1784E-03  1.1773E-03  1.1045E-07 -2.0421E+00  7.6669E-01
 90 5.7185E-01 4.3513E+00 2.5180E+02  1.00E+00   1.0316E-02  2.5179E+02  1.5913E-03  1.5897E-03  9.8910E-08 -2.0356E+00  7.9397E-01
 91 6.0692E-01 3.9087E+00 2.5530E+02  1.00E+00   1.0658E-02  2.5529E+02  2.0922E-03  2.0901E-03  8.5969E-08 -1.9925E+00  8.1180E-01
 92 6.4325E-01 3.4705E+00 2.5860E+02  1.00E+00   1.0981E-02  2.5858E+02  2.6817E-03  2.6790E-03  7.5909E-08 -1.9323E+00  8.1713E-01
 93 6.8080E-01 3.0375E+00 2.6170E+02  1.00E+00   1.1300E-02  2.6169E+02  3.3568E-03  3.3534E-03  6.8206E-08 -1.8303E+00  8.1202E-01
 94 7.1954E-01 2.6101E+00 2.6461E+02  1.00E+00   1.1634E-02  2.6460E+02  4.1113E-03  4.1071E-03  6.0478E-08 -1.6842E+00  8.0036E-01
 95 7.5944E-01 2.1889E+00 2.6735E+02  1.00E+00   1.1997E-02  2.6734E+02  4.9371E-03  4.9320E-03  5.4928E-08 -1.5254E+00  7.8429E-01
 96 8.0043E-01 1.7744E+00 2.6991E+02  1.00E+00   1.2398E-02  2.6990E+02  5.8250E-03  5.8189E-03  4.8759E-08 -1.3861E+00  7.6478E-01
 97 8.4246E-01 1.3670E+00 2.7232E+02  1.00E+00   1.2837E-02  2.7231E+02  6.7649E-03  6.7577E-03  4.4881E-08 -1.3235E+00  7.4520E-01
 98 8.8547E-01 9.6708E-01 2.7475E+02  1.00E+00   1.3334E-02  2.7473E+02  7.8437E-03  7.8358E-03  4.0530E-08 -1.3787E+00  7.3489E-01
 99 9.2938E-01 5.7479E-01 2.7710E+02  1.00E+00   1.3922E-02  2.7709E+02  8.7990E-03  8.7911E-03  3.6451E-08 -1.5366E+00  7.2388E-01
100 9.7412E-01 1.9049E-01 2.7936E+02  1.00E+00   1.4578E-02  2.7934E+02  9.8369E-03  9.8262E-03  3.1969E-08 -1.6964E+00  7.3655E-01
101 9.9694E-01 0.0000E+00 2.8046E+02  1.00E+00   1.5349E-02  2.8045E+02  1.0403E-02  1.0392E-02  3.1316E-08 -3.1750E+00  6.9664E+00
  J     P         ALT         T        CONVEC       DT          TOLD        FH20       FSAVE        FO3        TCOOL       THEAT

 FCO2
  3.49E-04 3.49E-04 3.49E-04 3.49E-04 3.49E-04 3.49E-04 3.49E-04 3.49E-04 3.49E-04 3.49E-04
  3.49E-04 3.49E-04 3.49E-04 3.49E-04 3.49E-04 3.49E-04 3.49E-04 3.49E-04 3.49E-04 3.49E-04
  3.49E-04 3.49E-04 3.49E-04 3.49E-04 3.49E-04 3.49E-04 3.49E-04 3.49E-04 3.49E-04 3.49E-04
  3.49E-04 3.49E-04 3.49E-04 3.49E-04 3.49E-04 3.49E-04 3.49E-04 3.49E-04 3.49E-04 3.49E-04
  3.49E-04 3.49E-04 3.49E-04 3.49E-04 3.49E-04 3.49E-04 3.49E-04 3.49E-04 3.49E-04 3.49E-04
  3.49E-04 3.49E-04 3.49E-04 3.49E-04 3.49E-04 3.49E-04 3.49E-04 3.49E-04 3.49E-04 3.49E-04
  3.49E-04 3.49E-04 3.49E-04 3.49E-04 3.49E-04 3.49E-04 3.49E-04 3.49E-04 3.49E-04 3.49E-04
  3.49E-04 3.49E-04 3.49E-04 3.49E-04 3.49E-04 3.49E-04 3.49E-04 3.49E-04 3.49E-04 3.49E-04
  3.49E-04 3.49E-04 3.49E-04 3.49E-04 3.49E-04 3.49E-04 3.49E-04 3.49E-04 3.49E-04 3.49E-04
  3.49E-04 3.49E-04 3.49E-04 3.49E-04 3.49E-04 3.49E-04 3.49E-04 3.49E-04 3.49E-04 3.49E-04
  3.49E-04

  J    PF         ALT       FTOTAL       FTIR       FDNIR       FUPIR       FTSOL       FDNSOL       FUPSOL       DIVF
  1 1.0000E-05 6.3469E+01  3.9746E+04 -2.2311E+05  0.0000E+00  2.2311E+05  2.6286E+05  3.4178E+05  7.8921E+04  1.7815E-01
  2 1.2019E-05 6.2578E+01  3.9746E+04 -2.2309E+05  2.0992E+01  2.2311E+05  2.6284E+05  3.4176E+05  7.8921E+04  1.7814E-01
  3 1.4425E-05 6.1712E+01  3.9746E+04 -2.2308E+05  2.8994E+01  2.2311E+05  2.6283E+05  3.4175E+05  7.8921E+04  1.7814E-01
  4 1.7289E-05 6.0859E+01  3.9748E+04 -2.2308E+05  3.4312E+01  2.2311E+05  2.6283E+05  3.4175E+05  7.8921E+04  1.7815E-01
  5 2.0692E-05 6.0011E+01  3.9749E+04 -2.2308E+05  3.9181E+01  2.2312E+05  2.6283E+05  3.4175E+05  7.8921E+04  1.7815E-01
  6 2.4732E-05 5.9162E+01  3.9751E+04 -2.2307E+05  4.4528E+01  2.2312E+05  2.6282E+05  3.4174E+05  7.8921E+04  1.7816E-01
  7 2.9519E-05 5.8310E+01  3.9753E+04 -2.2307E+05  5.1043E+01  2.2312E+05  2.6282E+05  3.4174E+05  7.8920E+04  1.7817E-01
  8 3.5183E-05 5.7455E+01  3.9755E+04 -2.2306E+05  5.9396E+01  2.2312E+05  2.6282E+05  3.4174E+05  7.8920E+04  1.7817E-01
  9 4.1876E-05 5.6595E+01  3.9759E+04 -2.2306E+05  7.0410E+01  2.2313E+05  2.6282E+05  3.4174E+05  7.8920E+04  1.7819E-01
 10 4.9773E-05 5.5730E+01  3.9763E+04 -2.2305E+05  8.5374E+01  2.2313E+05  2.6281E+05  3.4173E+05  7.8920E+04  1.7820E-01
 11 5.9078E-05 5.4858E+01  3.9770E+04 -2.2304E+05  1.0687E+02  2.2314E+05  2.6281E+05  3.4173E+05  7.8919E+04  1.7823E-01
 12 7.0024E-05 5.3972E+01  3.9783E+04 -2.2301E+05  1.4052E+02  2.2315E+05  2.6280E+05  3.4171E+05  7.8919E+04  1.7828E-01
 13 8.2883E-05 5.3068E+01  3.9806E+04 -2.2297E+05  1.9198E+02  2.2316E+05  2.6278E+05  3.4170E+05  7.8919E+04  1.7837E-01
 14 9.7968E-05 5.2151E+01  3.9816E+04 -2.2293E+05  2.4057E+02  2.2317E+05  2.6274E+05  3.4166E+05  7.8918E+04  1.7841E-01
 15 1.1564E-04 5.1233E+01  3.9806E+04 -2.2290E+05  2.6498E+02  2.2317E+05  2.6271E+05  3.4163E+05  7.8918E+04  1.7837E-01
 16 1.3630E-04 5.0322E+01  3.9793E+04 -2.2289E+05  2.7832E+02  2.2317E+05  2.6268E+05  3.4160E+05  7.8917E+04  1.7831E-01
 17 1.6044E-04 4.9423E+01  3.9779E+04 -2.2288E+05  2.8730E+02  2.2317E+05  2.6266E+05  3.4157E+05  7.8916E+04  1.7825E-01
 18 1.8859E-04 4.8534E+01  3.9765E+04 -2.2287E+05  2.9514E+02  2.2316E+05  2.6263E+05  3.4155E+05  7.8915E+04  1.7819E-01
 19 2.2137E-04 4.7656E+01  3.9750E+04 -2.2286E+05  3.0332E+02  2.2316E+05  2.6261E+05  3.4153E+05  7.8914E+04  1.7812E-01
 20 2.5948E-04 4.6786E+01  3.9733E+04 -2.2285E+05  3.1239E+02  2.2317E+05  2.6259E+05  3.4150E+05  7.8913E+04  1.7805E-01
 21 3.0374E-04 4.5924E+01  3.9715E+04 -2.2284E+05  3.2257E+02  2.2317E+05  2.6256E+05  3.4147E+05  7.8912E+04  1.7796E-01
 22 3.5505E-04 4.5070E+01  3.9695E+04 -2.2283E+05  3.3405E+02  2.2317E+05  2.6253E+05  3.4144E+05  7.8910E+04  1.7787E-01
 23 4.1445E-04 4.4223E+01  3.9671E+04 -2.2282E+05  3.4708E+02  2.2317E+05  2.6249E+05  3.4140E+05  7.8909E+04  1.7776E-01
 24 4.8312E-04 4.3383E+01  3.9643E+04 -2.2281E+05  3.6195E+02  2.2317E+05  2.6245E+05  3.4136E+05  7.8907E+04  1.7763E-01
 25 5.6239E-04 4.2551E+01  3.9610E+04 -2.2279E+05  3.7898E+02  2.2317E+05  2.6240E+05  3.4131E+05  7.8904E+04  1.7749E-01
 26 6.5375E-04 4.1725E+01  3.9572E+04 -2.2277E+05  3.9847E+02  2.2317E+05  2.6235E+05  3.4125E+05  7.8902E+04  1.7731E-01
 27 7.5890E-04 4.0907E+01  3.9527E+04 -2.2275E+05  4.2071E+02  2.2317E+05  2.6228E+05  3.4118E+05  7.8899E+04  1.7711E-01
 28 8.7973E-04 4.0097E+01  3.9475E+04 -2.2273E+05  4.4594E+02  2.2317E+05  2.6220E+05  3.4110E+05  7.8895E+04  1.7688E-01
 29 1.0184E-03 3.9293E+01  3.9415E+04 -2.2270E+05  4.7434E+02  2.2318E+05  2.6212E+05  3.4101E+05  7.8891E+04  1.7661E-01
 30 1.1773E-03 3.8498E+01  3.9344E+04 -2.2267E+05  5.0602E+02  2.2318E+05  2.6201E+05  3.4090E+05  7.8887E+04  1.7629E-01
 31 1.3590E-03 3.7710E+01  3.9263E+04 -2.2264E+05  5.4104E+02  2.2318E+05  2.6190E+05  3.4078E+05  7.8882E+04  1.7593E-01
 32 1.5667E-03 3.6929E+01  3.9170E+04 -2.2260E+05  5.7939E+02  2.2318E+05  2.6177E+05  3.4064E+05  7.8877E+04  1.7551E-01
 33 1.8036E-03 3.6157E+01  3.9063E+04 -2.2256E+05  6.2118E+02  2.2318E+05  2.6162E+05  3.4049E+05  7.8871E+04  1.7503E-01
 34 2.0734E-03 3.5393E+01  3.8943E+04 -2.2251E+05  6.6663E+02  2.2318E+05  2.6145E+05  3.4032E+05  7.8864E+04  1.7450E-01
 35 2.3803E-03 3.4637E+01  3.8809E+04 -2.2246E+05  7.1607E+02  2.2317E+05  2.6127E+05  3.4012E+05  7.8856E+04  1.7389E-01
 36 2.7288E-03 3.3890E+01  3.8659E+04 -2.2240E+05  7.6975E+02  2.2317E+05  2.6106E+05  3.3991E+05  7.8848E+04  1.7322E-01
 37 3.1240E-03 3.3151E+01  3.8493E+04 -2.2234E+05  8.2778E+02  2.2317E+05  2.6084E+05  3.3967E+05  7.8838E+04  1.7248E-01
 38 3.5714E-03 3.2421E+01  3.8312E+04 -2.2228E+05  8.9023E+02  2.2317E+05  2.6059E+05  3.3942E+05  7.8828E+04  1.7167E-01
 39 4.0773E-03 3.1700E+01  3.8115E+04 -2.2221E+05  9.5725E+02  2.2317E+05  2.6032E+05  3.3914E+05  7.8817E+04  1.7080E-01
 40 4.6483E-03 3.0987E+01  3.7905E+04 -2.2213E+05  1.0293E+03  2.2316E+05  2.6004E+05  3.3884E+05  7.8805E+04  1.6985E-01
 41 5.2920E-03 3.0284E+01  3.7682E+04 -2.2205E+05  1.1074E+03  2.2316E+05  2.5973E+05  3.3853E+05  7.8792E+04  1.6886E-01
 42 6.0165E-03 2.9589E+01  3.7446E+04 -2.2196E+05  1.1925E+03  2.2316E+05  2.5941E+05  3.3819E+05  7.8778E+04  1.6780E-01
 43 6.8306E-03 2.8903E+01  3.7197E+04 -2.2187E+05  1.2862E+03  2.2315E+05  2.5906E+05  3.3783E+05  7.8764E+04  1.6669E-01
 44 7.7441E-03 2.8226E+01  3.6936E+04 -2.2176E+05  1.3892E+03  2.2315E+05  2.5870E+05  3.3745E+05  7.8748E+04  1.6552E-01
 45 8.7676E-03 2.7557E+01  3.6663E+04 -2.2165E+05  1.5023E+03  2.2315E+05  2.5831E+05  3.3704E+05  7.8732E+04  1.6430E-01
 46 9.9125E-03 2.6897E+01  3.6377E+04 -2.2152E+05  1.6253E+03  2.2315E+05  2.5790E+05  3.3661E+05  7.8716E+04  1.6302E-01
 47 1.1191E-02 2.6245E+01  3.6080E+04 -2.2139E+05  1.7576E+03  2.2315E+05  2.5747E+05  3.3617E+05  7.8699E+04  1.6169E-01
 48 1.2618E-02 2.5602E+01  3.5770E+04 -2.2125E+05  1.8975E+03  2.2315E+05  2.5702E+05  3.3570E+05  7.8682E+04  1.6030E-01
 49 1.4206E-02 2.4967E+01  3.5454E+04 -2.2110E+05  2.0441E+03  2.2315E+05  2.5656E+05  3.3522E+05  7.8664E+04  1.5888E-01
 50 1.5972E-02 2.4341E+01  3.5130E+04 -2.2096E+05  2.1968E+03  2.2315E+05  2.5609E+05  3.3473E+05  7.8647E+04  1.5743E-01
 51 1.7933E-02 2.3722E+01  3.4800E+04 -2.2080E+05  2.3551E+03  2.2316E+05  2.5560E+05  3.3423E+05  7.8629E+04  1.5594E-01
 52 2.0107E-02 2.3112E+01  3.4462E+04 -2.2065E+05  2.5194E+03  2.2317E+05  2.5511E+05  3.3372E+05  7.8611E+04  1.5442E-01
 53 2.2513E-02 2.2510E+01  3.4112E+04 -2.2049E+05  2.6906E+03  2.2318E+05  2.5460E+05  3.3319E+05  7.8593E+04  1.5285E-01
 54 2.5171E-02 2.1916E+01  3.3748E+04 -2.2033E+05  2.8697E+03  2.2320E+05  2.5408E+05  3.3265E+05  7.8575E+04  1.5120E-01
 55 2.8105E-02 2.1329E+01  3.3364E+04 -2.2016E+05  3.0579E+03  2.2322E+05  2.5352E+05  3.3208E+05  7.8556E+04  1.4947E-01
 56 3.1337E-02 2.0750E+01  3.2958E+04 -2.1999E+05  3.2558E+03  2.2324E+05  2.5294E+05  3.3148E+05  7.8538E+04  1.4763E-01
 57 3.4891E-02 2.0179E+01  3.2524E+04 -2.1981E+05  3.4638E+03  2.2327E+05  2.5233E+05  3.3085E+05  7.8519E+04  1.4567E-01
 58 3.8796E-02 1.9616E+01  3.2059E+04 -2.1963E+05  3.6820E+03  2.2331E+05  2.5169E+05  3.3019E+05  7.8500E+04  1.4356E-01
 59 4.3077E-02 1.9060E+01  3.1559E+04 -2.1944E+05  3.9097E+03  2.2335E+05  2.5100E+05  3.2948E+05  7.8481E+04  1.4130E-01
 60 4.7764E-02 1.8512E+01  3.1019E+04 -2.1926E+05  4.1454E+03  2.2340E+05  2.5028E+05  3.2874E+05  7.8462E+04  1.3885E-01
 61 5.2888E-02 1.7971E+01  3.0438E+04 -2.1908E+05  4.3865E+03  2.2346E+05  2.4952E+05  3.2796E+05  7.8443E+04  1.3621E-01
 62 5.8480E-02 1.7438E+01  2.9810E+04 -2.1891E+05  4.6295E+03  2.2354E+05  2.4872E+05  3.2714E+05  7.8423E+04  1.3335E-01
 63 6.4573E-02 1.6912E+01  2.9131E+04 -2.1875E+05  4.8711E+03  2.2362E+05  2.4788E+05  3.2628E+05  7.8403E+04  1.3027E-01
 64 7.1203E-02 1.6394E+01  2.8401E+04 -2.1861E+05  5.1080E+03  2.2372E+05  2.4701E+05  3.2540E+05  7.8381E+04  1.2695E-01
 65 7.8403E-02 1.5883E+01  2.7614E+04 -2.1850E+05  5.3382E+03  2.2384E+05  2.4611E+05  3.2447E+05  7.8358E+04  1.2337E-01
 66 8.6213E-02 1.5380E+01  2.6767E+04 -2.1842E+05  5.5608E+03  2.2398E+05  2.4518E+05  3.2352E+05  7.8332E+04  1.1951E-01
 67 9.4668E-02 1.4885E+01  2.5858E+04 -2.1836E+05  5.7762E+03  2.2414E+05  2.4422E+05  3.2253E+05  7.8305E+04  1.1536E-01
 68 1.0381E-01 1.4397E+01  2.4875E+04 -2.1835E+05  5.9851E+03  2.2433E+05  2.4322E+05  3.2150E+05  7.8275E+04  1.1088E-01
 69 1.1367E-01 1.3917E+01  2.3771E+04 -2.1842E+05  6.1939E+03  2.2461E+05  2.4219E+05  3.2044E+05  7.8244E+04  1.0583E-01
 70 1.2430E-01 1.3444E+01  2.2573E+04 -2.1855E+05  6.4057E+03  2.2496E+05  2.4112E+05  3.1933E+05  7.8211E+04  1.0034E-01
 71 1.3574E-01 1.2978E+01  2.1276E+04 -2.1874E+05  6.6390E+03  2.2538E+05  2.4001E+05  3.1819E+05  7.8178E+04  9.4400E-02
 72 1.4802E-01 1.2519E+01  1.9867E+04 -2.1900E+05  6.8988E+03  2.2590E+05  2.3887E+05  3.1701E+05  7.8144E+04  8.7945E-02
 73 1.6119E-01 1.2066E+01  1.8300E+04 -2.1938E+05  7.1993E+03  2.2658E+05  2.3768E+05  3.1579E+05  7.8109E+04  8.0764E-02
 74 1.7528E-01 1.1618E+01  1.6585E+04 -2.1988E+05  7.6487E+03  2.2753E+05  2.3647E+05  3.1454E+05  7.8072E+04  7.2892E-02
 75 1.9035E-01 1.1169E+01  1.4899E+04 -2.2034E+05  8.4483E+03  2.2878E+05  2.3524E+05  3.1327E+05  7.8031E+04  6.5124E-02
 76 2.0642E-01 1.0718E+01  1.3405E+04 -2.2058E+05  9.6296E+03  2.3021E+05  2.3399E+05  3.1197E+05  7.7983E+04  5.8230E-02
 77 2.2353E-01 1.0265E+01  1.2163E+04 -2.2058E+05  1.1256E+04  2.3183E+05  2.3274E+05  3.1066E+05  7.7924E+04  5.2463E-02
 78 2.4174E-01 9.8108E+00  1.1279E+04 -2.2022E+05  1.3473E+04  2.3369E+05  2.3150E+05  3.0934E+05  7.7849E+04  4.8263E-02
 79 2.6105E-01 9.3554E+00  1.0857E+04 -2.1940E+05  1.6429E+04  2.3583E+05  2.3026E+05  3.0801E+05  7.7753E+04  4.6037E-02
 80 2.8153E-01 8.8993E+00  1.0985E+04 -2.1803E+05  2.0267E+04  2.3830E+05  2.2902E+05  3.0665E+05  7.7631E+04  4.6096E-02
 81 3.0318E-01 8.4422E+00  1.1806E+04 -2.1596E+05  2.5168E+04  2.4113E+05  2.2777E+05  3.0524E+05  7.7476E+04  4.8963E-02
 82 3.2605E-01 7.9845E+00  1.3427E+04 -2.1303E+05  3.1284E+04  2.4431E+05  2.2646E+05  3.0374E+05  7.7285E+04  5.4959E-02
 83 3.5016E-01 7.5265E+00  1.5815E+04 -2.0922E+05  3.8670E+04  2.4789E+05  2.2504E+05  3.0210E+05  7.7060E+04  6.3798E-02
 84 3.7552E-01 7.0686E+00  1.8914E+04 -2.0458E+05  4.7255E+04  2.5183E+05  2.2349E+05  3.0029E+05  7.6795E+04  7.5107E-02
 85 4.0217E-01 6.6113E+00  2.2572E+04 -1.9921E+05  5.6924E+04  2.5613E+05  2.2178E+05  2.9827E+05  7.6494E+04  8.8128E-02
 86 4.3011E-01 6.1550E+00  2.6664E+04 -1.9315E+05  6.7645E+04  2.6079E+05  2.1981E+05  2.9598E+05  7.6164E+04  1.0224E-01
 87 4.5935E-01 5.7003E+00  3.1101E+04 -1.8647E+05  7.9253E+04  2.6572E+05  2.1757E+05  2.9338E+05  7.5805E+04  1.1704E-01
 88 4.8989E-01 5.2478E+00  3.5711E+04 -1.7933E+05  9.1622E+04  2.7095E+05  2.1504E+05  2.9046E+05  7.5426E+04  1.3180E-01
 89 5.2174E-01 4.7979E+00  4.0502E+04 -1.7174E+05  1.0475E+05  2.7649E+05  2.1224E+05  2.8728E+05  7.5034E+04  1.4649E-01
 90 5.5489E-01 4.3513E+00  4.5534E+04 -1.6368E+05  1.1860E+05  2.8228E+05  2.0922E+05  2.8385E+05  7.4633E+04  1.6131E-01
 91 5.8933E-01 3.9087E+00  5.0624E+04 -1.5534E+05  1.3301E+05  2.8835E+05  2.0596E+05  2.8019E+05  7.4231E+04  1.7557E-01
 92 6.2504E-01 3.4705E+00  5.5644E+04 -1.4687E+05  1.4774E+05  2.9461E+05  2.0251E+05  2.7634E+05  7.3833E+04  1.8887E-01
 93 6.6199E-01 3.0375E+00  6.0551E+04 -1.3836E+05  1.6264E+05  3.0101E+05  1.9892E+05  2.7236E+05  7.3445E+04  2.0116E-01
 94 7.0015E-01 2.6101E+00  6.5180E+04 -1.3004E+05  1.7746E+05  3.0750E+05  1.9522E+05  2.6830E+05  7.3075E+04  2.1197E-01
 95 7.3948E-01 2.1889E+00  6.9322E+04 -1.2215E+05  1.9188E+05  3.1403E+05  1.9147E+05  2.6421E+05  7.2732E+04  2.2075E-01
 96 7.7993E-01 1.7744E+00  7.2896E+04 -1.1479E+05  2.0577E+05  3.2056E+05  1.8769E+05  2.6012E+05  7.2427E+04  2.2740E-01
 97 8.2146E-01 1.3670E+00  7.5972E+04 -1.0793E+05  2.1915E+05  3.2708E+05  1.8390E+05  2.5608E+05  7.2173E+04  2.3227E-01
 98 8.6400E-01 9.6708E-01  7.8905E+04 -1.0122E+05  2.3257E+05  3.3379E+05  1.8012E+05  2.5211E+05  7.1989E+04  2.3639E-01
 99 9.0748E-01 5.7479E-01  8.2244E+04 -9.4069E+04  2.4631E+05  3.4038E+05  1.7631E+05  2.4822E+05  7.1906E+04  2.4162E-01
100 9.5182E-01 1.9049E-01  8.6544E+04 -8.5939E+04  2.6028E+05  3.4622E+05  1.7248E+05  2.4444E+05  7.1957E+04  2.4997E-01
101 9.9694E-01 0.0000E+00  9.1713E+04 -7.6803E+04  2.7211E+05  3.4891E+05  1.6852E+05  2.4074E+05  7.2221E+04  2.6285E-01

