z			CH21			CHO2			C2			C2H			NO3			CH3NO2			CH3NO3			Air

1.000000		2.534184e-96		3.099140e+01		1.702101e-56		3.216301e-81		1.267967e+03		2.943088e-23		7.903887e-22		1.992854e+17
3.000000		1.268048e-97		2.976123e+01		5.278693e-57		1.035000e-81		9.237878e+02		2.851267e-23		7.116206e-22		1.674419e+17
5.000000		5.866541e-99		2.839563e+01		1.146813e-57		2.336572e-82		6.464517e+02		2.944506e-23		6.783044e-22		1.403513e+17
7.000000		2.503544e-100		2.720646e+01		2.458708e-58		5.214338e-83		4.445413e+02		3.127697e-23		6.580944e-22		1.173556e+17
9.000000		9.831820e-102		2.630529e+01		6.049631e-59		1.338069e-83		3.026097e+02		3.407953e-23		6.466677e-22		9.788063e+16
11.000000		3.544850e-103		2.574790e+01		1.744808e-59		4.034055e-84		2.044006e+02		3.821668e-23		6.446822e-22		8.142618e+16
13.000000		1.170624e-104		2.553900e+01		5.780439e-60		1.400674e-84		1.370527e+02		4.410210e-23		6.500524e-22		6.755738e+16
15.000000		3.532081e-106		2.561347e+01		2.111673e-60		5.378688e-85		9.111978e+01		5.203530e-23		6.544346e-22		5.589701e+16
17.000000		9.711883e-108		2.584474e+01		7.794904e-61		2.094131e-85		5.981050e+01		6.213050e-23		6.438561e-22		4.611861e+16
19.000000		2.426413e-109		2.611858e+01		2.435228e-61		6.868159e-86		3.851695e+01		7.459320e-23		6.071044e-22		3.794006e+16
21.000000		5.489427e-111		2.635931e+01		5.379598e-62		1.575798e-86		2.408749e+01		9.035292e-23		5.404940e-22		3.111828e+16
23.000000		1.097327e-112		2.658818e+01		9.804919e-63		2.945147e-87		1.465125e+01		1.035874e-22		4.324987e-22		2.544416e+16
25.000000		1.944862e-114		2.672245e+01		1.666192e-63		5.036543e-88		8.474484e+00		1.164700e-22		3.114878e-22		2.073826e+16
27.000000		3.035433e-116		2.670791e+01		2.858587e-64		8.423789e-89		4.587317e+00		1.276762e-22		1.965914e-22		1.684705e+16
29.000000		4.141442e-118		2.642418e+01		4.932214e-65		1.340256e-89		2.305056e+00		1.368166e-22		1.083597e-22		1.363941e+16
31.000000		4.900897e-120		2.568460e+01		8.245119e-66		1.894801e-90		1.097337e+00		1.452727e-22		5.478978e-23		1.100368e+16
33.000000		4.988226e-122		2.475607e+01		5.073193e-67		2.169038e-91		5.285267e-01		1.597941e-22		2.878450e-23		8.845034e+15
35.000000		1.198708e-113		2.486705e+01		4.875511e-68		1.799551e-92		2.742238e-01		1.969700e-22		1.744193e-23		7.083143e+15
37.000000		9.551999e-40		2.524814e+01		1.147087e-68		1.326180e-93		1.423285e-01		2.591034e-22		1.015011e-23		5.650136e+15
39.000000		8.103724e-39		2.094438e+01		1.077262e-69		4.719583e-95		6.756469e-02		2.649586e-22		4.336155e-24		4.488884e+15
41.000000		1.903188e-36		1.272325e+01		3.498316e-71		6.625479e-97		3.149416e-02		1.589503e-22		1.419222e-24		3.551414e+15
43.000000		5.797388e-32		6.318192e+00		1.084423e-72		9.887996e-99		1.401992e-02		5.737835e-23		3.647030e-25		2.797564e+15
45.000000		4.417972e-51		2.878967e+00		3.536662e-74		1.827939e-100		5.796740e-03		1.488095e-23		7.464035e-26		2.193828e+15
47.000000		1.414157e-31		1.261948e+00		1.145511e-75		4.182584e-102		2.312737e-03		3.215606e-24		1.308129e-26		1.712356e+15
49.000000		7.452599e-41		5.387712e-01		2.061215e-77		1.127361e-103		9.170110e-04		6.293586e-25		2.085207e-27		1.330073e+15
51.000000		2.102506e-37		2.147810e-01		6.080334e-110		2.395145e-33		3.474799e-04		1.303677e-25		3.430996e-28		1.019072e+15
53.000000		3.764925e-31		8.091622e-02		1.145221e-110		1.241802e-32		1.265487e-04		3.006272e-26		6.118694e-29		7.720019e+14
55.000000		3.605106e-31		3.047305e-02		2.389232e-111		2.277427e-32		4.661079e-05		7.349844e-27		1.153235e-29		5.848370e+14
57.000000		3.252334e-31		1.150176e-02		5.532429e-112		3.628458e-32		1.725870e-05		2.037180e-27		2.457094e-30		4.430481e+14
59.000000		5.415400e-30		4.358836e-03		1.436595e-112		5.587810e-32		6.390799e-06		6.842540e-28		6.328269e-31		3.356347e+14
61.000000		4.617528e-29		1.663518e-03		4.263204e-113		3.760623e-32		2.359099e-06		2.820853e-28		1.996274e-31		2.542628e+14
63.000000		3.178448e-28		6.426918e-04		5.990008e-78		2.782039e-32		8.678749e-07		1.352547e-28		7.311456e-32		1.926191e+14
65.000000		1.986169e-27		2.536154e-04		1.842498e-77		2.269785e-32		3.202759e-07		7.100444e-29		2.927546e-32		1.459203e+14
67.000000		1.087850e-26		1.037240e-04		2.858679e-77		2.037690e-32		1.217882e-07		4.011585e-29		1.259957e-32		1.105432e+14
69.000000		4.745012e-26		4.493258e-05		3.777069e-77		1.998467e-32		5.142984e-08		2.579945e-29		6.166069e-33		8.374287e+13
71.000000		1.602385e-25		2.119903e-05		4.715255e-77		2.127669e-32		2.720435e-08		2.124227e-29		3.859394e-33		6.344010e+13
73.000000		4.271479e-25		1.119037e-05		5.836570e-77		2.452628e-32		1.875894e-08		2.345608e-29		3.236154e-33		4.805962e+13
75.000000		9.302603e-25		6.690003e-06		7.337791e-77		3.041902e-32		1.504459e-08		3.122396e-29		3.267843e-33		3.640800e+13
77.000000		1.714954e-24		4.468591e-06		9.371379e-77		3.982401e-32		1.233963e-08		4.412020e-29		3.499327e-33		2.758118e+13
79.000000		2.763417e-24		3.225845e-06		1.196414e-76		5.349567e-32		9.704828e-09		6.162884e-29		3.700637e-33		2.089435e+13
81.000000		4.000531e-24		2.429717e-06		1.499819e-76		7.186854e-32		7.162118e-09		8.240261e-29		3.742082e-33		1.582869e+13
83.000000		5.323599e-24		1.861983e-06		1.826506e-76		9.506194e-32		4.939653e-09		1.040821e-28		3.570255e-33		1.199116e+13
85.000000		6.635149e-24		1.432291e-06		2.155294e-76		1.230841e-31		3.190752e-09		1.238025e-28		3.203199e-33		9.084015e+12
87.000000		7.863904e-24		1.100200e-06		2.471751e-76		1.561042e-31		1.938485e-09		1.390597e-28		2.709260e-33		6.881670e+12
89.000000		8.970418e-24		8.432751e-07		2.819898e-76		1.946127e-31		1.112973e-09		1.488784e-28		2.179805e-33		5.213266e+12
91.000000		9.941576e-24		6.446976e-07		8.066060e-76		2.393822e-31		6.075135e-10		1.661641e-28		1.826406e-33		3.949352e+12
93.000000		1.078092e-23		4.889383e-07		1.428949e-73		2.944650e-31		3.277136e-10		4.775068e-28		3.926616e-33		2.991864e+12
95.000000		1.150138e-23		3.670369e-07		4.178648e-71		3.640701e-31		1.762991e-10		5.071927e-27		3.109029e-32		2.266514e+12
97.000000		1.211969e-23		2.727243e-07		5.132098e-69		4.519485e-31		9.406016e-11		4.654241e-26		2.119670e-31		1.717018e+12
99.000000		1.265438e-23		2.006675e-07		2.737122e-67		5.626203e-31		4.961362e-11		2.645626e-25		8.916319e-31		1.300741e+12
101.000000		1.312569e-23		1.463040e-07		7.386609e-66		7.016489e-31		2.583432e-11		9.626672e-25		2.389499e-30		9.853871e+11
103.000000		1.355615e-23		1.057900e-07		1.172257e-64		8.759565e-31		1.327196e-11		2.478693e-24		4.506048e-30		7.464880e+11
105.000000		1.397163e-23		7.594262e-08		1.272524e-63		1.094170e-30		6.726086e-12		5.138395e-24		6.797157e-30		5.655088e+11
107.000000		1.440314e-23		5.419335e-08		1.108562e-62		1.366983e-30		3.363155e-12		9.752602e-24		9.318516e-30		4.284063e+11
109.000000		1.489061e-23		3.854631e-08		8.755852e-62		1.707509e-30		1.659779e-12		1.809001e-23		1.238310e-29		3.245427e+11
111.000000		1.549114e-23		2.752756e-08		6.439161e-61		2.131264e-30		8.089257e-13		3.214313e-23		1.562281e-29		2.458600e+11
113.000000		1.629707e-23		2.010770e-08		4.258464e-60		2.653253e-30		3.895424e-13		5.176835e-23		1.769484e-29		1.862532e+11
115.000000		1.747815e-23		1.556056e-08		2.405173e-59		3.270499e-30		1.853524e-13		7.141567e-23		1.699210e-29		1.410978e+11
117.000000		1.939187e-23		1.316226e-08		1.067898e-58		3.904704e-30		8.700145e-14		7.972884e-23		1.306592e-29		1.068899e+11
119.000000		2.294379e-23		1.147168e-08		3.078197e-58		4.347863e-30		4.007320e-14		6.796953e-23		7.609565e-30		8.097535e+10
