1.000000		2.730744e+209		1.602484e+209		-4.626541e+209		-1.629147e+209		-2.517832e+209		-1.661736e+209		-6.939971e+209		1.598199e+210		inf		7.274712e+209		8.839364e+209		1.604269e+209		1.140904e+209		2.641736e+209		-6.915212e+200		-0.000000e+00		-7.215924e+200		-4.272781e+200		-4.888354e+206		8.826579e+205		-5.493668e+199		-2.645016e+201		-2.473872e+201		0.000000e+00		0.000000e+00		-6.552507e+199		-6.554025e+199		-6.554025e+199		-7.566287e+200		-2.586711e+201		-7.822850e+200		-6.524747e+199		-6.554016e+199		-2.191098e+209		9.702275e+208		1.015733e+209		8.937088e+208		2.624471e+209		-3.178845e+209		-4.295180e+209		-2.084820e+209		4.890801e+209		-2.191390e+209		-2.718663e+209		-6.250993e+209		9.884749e+208		2.283655e+209		9.734876e+208		3.680579e+210		1.643631e+203		0.000000e+00		-0.000000e+00		2.346483e+208		4.699506e+208		5.141472e+208		
3.000000		2.744255e+209		1.602485e+209		-4.737795e+209		-1.643076e+209		-2.517880e+209		-1.670620e+209		-6.861357e+209		1.520991e+210		9.768941e+214		7.094201e+209		8.841821e+209		1.104046e+209		1.143307e+209		1.604893e+209		0.000000e+00		-3.397959e+200		-8.999437e+200		-4.272781e+200		-5.416269e+206		8.826368e+205		-5.793345e+199		-2.804434e+201		-2.394021e+201		0.000000e+00		0.000000e+00		-6.552471e+199		-6.554025e+199		-6.554025e+199		0.000000e+00		-2.586711e+201		0.000000e+00		-6.518492e+199		-6.554015e+199		-4.232834e+209		9.791842e+208		1.026566e+209		9.057709e+208		2.622750e+209		-3.190158e+209		-4.400343e+209		-2.102041e+209		4.933699e+209		-2.190702e+209		-2.737052e+209		-6.498686e+209		9.884749e+208		2.171125e+209		9.742913e+208		3.681618e+210		1.643488e+203		0.000000e+00		-0.000000e+00		2.345438e+208		4.696925e+208		5.244223e+208		
5.000000		2.725379e+209		1.602487e+209		-4.976061e+209		-1.670851e+209		-2.517992e+209		-1.694854e+209		-6.994895e+209		1.425173e+210		5.150785e+214		6.787796e+209		8.847346e+209		8.646113e+208		1.140132e+209		1.228987e+209		3.846737e+199		-0.000000e+00		-1.185694e+201		-4.272781e+200		-5.693082e+206		8.825899e+205		-6.098426e+199		-2.999629e+201		-2.165932e+201		0.000000e+00		0.000000e+00		-6.552432e+199		-6.554025e+199		-6.554025e+199		5.073852e+199		-2.586711e+201		5.513637e+199		-6.511313e+199		-6.554014e+199		-1.342880e+210		9.961294e+208		1.060646e+209		9.400723e+208		2.619371e+209		-3.193448e+209		-4.508022e+209		-2.123980e+209		4.979741e+209		-2.206002e+209		-2.776110e+209		-6.866364e+209		9.884752e+208		2.038858e+209		9.750684e+208		3.683350e+210		1.643255e+203		0.000000e+00		-0.000000e+00		2.342695e+208		4.690600e+208		5.421989e+208		
7.000000		2.701042e+209		1.602490e+209		-5.242941e+209		-1.700051e+209		-2.518181e+209		-1.721323e+209		-7.178676e+209		1.322874e+210		3.606241e+214		6.408784e+209		8.856529e+209		9.029001e+208		1.136040e+209		1.112549e+209		-9.065449e+199		-3.590865e+199		-1.524502e+201		-4.272781e+200		-4.616305e+206		8.825115e+205		-6.301117e+199		-3.050536e+201		-1.787200e+201		0.000000e+00		0.000000e+00		-6.552515e+199		-6.554025e+199		-6.554025e+199		-9.037935e+199		-2.586711e+201		-9.030574e+199		-6.506672e+199		-6.554015e+199		-4.904223e+210		1.013605e+209		1.109322e+209		9.926223e+208		2.614345e+209		-3.188291e+209		-4.627999e+209		-2.146462e+209		5.022240e+209		-2.223231e+209		-2.831575e+209		-7.369559e+209		9.884757e+208		1.904379e+209		9.762846e+208		3.685691e+210		1.642994e+203		0.000000e+00		-0.000000e+00		2.337330e+208		4.678923e+208		5.598380e+208		
9.000000		2.680009e+209		1.602493e+209		-5.494881e+209		-1.725896e+209		-2.518460e+209		-1.744929e+209		-7.356164e+209		1.221540e+210		2.865821e+214		5.998744e+209		8.870105e+209		7.764080e+208		1.132582e+209		1.048165e+209		-0.000000e+00		-0.000000e+00		-2.679343e+201		-4.272781e+200		-5.896287e+206		8.823919e+205		-6.415921e+199		-4.092653e+201		-1.376372e+201		0.000000e+00		0.000000e+00		-6.553054e+199		-6.554025e+199		-6.554025e+199		-0.000000e+00		-2.586711e+201		-0.000000e+00		-6.504341e+199		-6.554018e+199		-1.308116e+211		1.021494e+209		1.153233e+209		1.045091e+209		2.607582e+209		-3.178319e+209		-4.772970e+209		-2.166552e+209		5.052393e+209		-2.238173e+209		-2.901133e+209		-8.068609e+209		9.884759e+208		1.770414e+209		9.781068e+208		3.688578e+210		1.642707e+203		0.000000e+00		-0.000000e+00		2.328148e+208		4.659681e+208		5.710529e+208		
11.000000		2.663672e+209		1.602498e+209		-5.717058e+209		-1.747398e+209		-2.518852e+209		-1.764541e+209		-7.514607e+209		1.125172e+210		2.658500e+214		5.584649e+209		8.888945e+209		7.710786e+208		1.130037e+209		9.964488e+208		-1.317038e+200		0.000000e+00		-4.283100e+201		-4.272781e+200		-5.418020e+206		8.822258e+205		-6.476966e+199		-4.831556e+201		-1.007585e+201		0.000000e+00		0.000000e+00		-6.554904e+199		-6.554025e+199		-6.554025e+199		-8.349533e+199		-2.586711e+201		-8.144142e+199		-6.503290e+199		-6.554031e+199		-2.265024e+211		1.010461e+209		1.176267e+209		1.085953e+209		2.598883e+209		-3.167585e+209		-4.958608e+209		-2.181201e+209		5.062438e+209		-2.251539e+209		-2.986049e+209		-9.083443e+209		9.884762e+208		1.635737e+209		9.803674e+208		3.692044e+210		1.642418e+203		0.000000e+00		-0.000000e+00		2.313606e+208		4.629881e+208		5.701713e+208		
13.000000		2.651906e+209		1.602504e+209		-5.889797e+209		-1.763350e+209		-2.519378e+209		-1.778841e+209		-7.651786e+209		1.034496e+210		2.982361e+214		5.179057e+209		8.914163e+209		7.789476e+208		1.128426e+209		9.365304e+208		-3.584140e+199		-0.000000e+00		-1.765653e+201		-4.272781e+200		-4.515928e+206		8.820002e+205		-6.508633e+199		-1.768434e+201		-7.340010e+200		0.000000e+00		0.000000e+00		-6.560325e+199		-6.554025e+199		-6.554025e+199		-7.233188e+199		-2.586711e+201		-7.233180e+199		-6.502837e+199		-6.554066e+199		2.003599e+211		9.718584e+208		1.165639e+209		1.107501e+209		2.587904e+209		-3.160420e+209		-5.212377e+209		-2.187726e+209		5.037618e+209		-2.265336e+209		-3.091833e+209		-1.069016e+210		9.884763e+208		1.500993e+209		9.828491e+208		3.696175e+210		1.642107e+203		0.000000e+00		-0.000000e+00		2.291892e+208		4.585848e+208		5.492920e+208		
15.000000		2.644314e+209		1.602510e+209		-5.978690e+209		-1.771345e+209		-2.520069e+209		-1.785324e+209		-7.768735e+209		9.471387e+209		3.941262e+214		4.782479e+209		8.947097e+209		7.764496e+208		1.127713e+209		-8.024890e+208		-5.545354e+199		0.000000e+00		-1.991811e+200		-4.272781e+200		-5.034748e+204		8.815567e+205		-6.524909e+199		-2.166405e+200		-5.672497e+200		0.000000e+00		-1.560620e+200		-6.575564e+199		-6.554027e+199		-6.554025e+199		-7.233692e+199		-2.586721e+201		-7.233647e+199		-6.502645e+199		-6.553648e+199		2.174527e+210		8.987388e+208		1.102123e+209		1.086952e+209		2.574177e+209		-3.162227e+209		-5.592470e+209		-2.185638e+209		4.952413e+209		-2.282249e+209		-3.230373e+209		-1.369871e+210		9.884766e+208		1.367227e+209		9.853510e+208		3.701082e+210		1.641110e+203		-5.835282e+199		-0.000000e+00		2.261425e+208		4.524174e+208		4.987990e+208		
17.000000		2.639981e+209		1.602517e+209		-5.936264e+209		-1.767695e+209		-2.520958e+209		-1.780206e+209		-7.871581e+209		8.576780e+209		-2.003226e+216		4.388513e+209		8.989485e+209		7.860382e+208		1.127772e+209		7.261628e+208		-0.000000e+00		-9.106120e+199		-7.941348e+201		-4.272781e+200		-6.236224e+206		8.765345e+205		-6.533249e+199		-6.283292e+201		-1.372954e+201		0.000000e+00		0.000000e+00		-6.558589e+199		-6.554025e+199		-6.554025e+199		-7.131102e+199		-2.587024e+201		-7.153227e+199		-6.502565e+199		-6.554052e+199		5.623305e+209		7.955391e+208		9.633741e+208		9.768162e+208		2.557235e+209		-3.180069e+209		-6.241889e+209		-2.180307e+209		4.770830e+209		-2.305951e+209		-3.424719e+209		-2.174326e+210		9.884768e+208		1.249861e+209		9.877102e+208		3.705871e+210		1.619161e+203		0.000000e+00		-0.000000e+00		2.222012e+208		4.443854e+208		4.237552e+208		
19.000000		2.639142e+209		1.602526e+209		-5.741304e+209		-1.750057e+209		-2.522086e+209		-1.761106e+209		-7.956805e+209		7.667952e+209		-2.354004e+216		3.997967e+209		9.043460e+209		7.863554e+208		1.128692e+209		5.840048e+208		-1.143030e+200		4.897269e+200		-5.431569e+202		-4.272781e+200		-6.114834e+206		8.711263e+205		-6.537528e+199		-3.816900e+202		-3.188538e+201		0.000000e+00		0.000000e+00		-6.545254e+199		-6.554024e+199		-6.554025e+199		-1.034134e+200		-2.587257e+201		-9.924544e+199		-6.502532e+199		-6.553972e+199		2.200241e+209		6.907835e+208		7.798829e+208		7.897512e+208		2.536943e+209		-3.225947e+209		-7.505411e+209		-2.183100e+209		4.473740e+209		-2.341513e+209		-3.715973e+209		-1.016179e+211		9.884769e+208		1.144773e+209		9.897805e+208		3.711522e+210		1.609952e+203		0.000000e+00		-0.000000e+00		2.176440e+208		4.349130e+208		3.608607e+208		
21.000000		2.641878e+209		1.602534e+209		-5.409337e+209		-1.717892e+209		-2.523505e+209		-1.727468e+209		-8.021679e+209		6.776994e+209		2.439131e+216		3.613355e+209		9.111816e+209		7.842988e+208		1.130538e+209		4.874842e+208		-1.571205e+200		-1.466439e+200		-8.630938e+202		-4.272781e+200		-6.935840e+206		8.656329e+205		-6.539732e+199		-6.640266e+202		-5.333001e+201		0.000000e+00		0.000000e+00		-6.525894e+199		-6.554022e+199		-6.554025e+199		-1.129460e+200		-2.587420e+201		-1.086346e+200		-6.502519e+199		-6.553864e+199		1.393491e+209		6.206584e+208		6.573918e+208		6.663838e+208		2.514193e+209		-3.317707e+209		-1.058238e+210		-2.214407e+209		4.067639e+209		-2.396909e+209		-4.190392e+209		2.593144e+210		9.884772e+208		1.057943e+209		9.914907e+208		3.718256e+210		1.606088e+203		0.000000e+00		0.000000e+00		2.131519e+208		4.252145e+208		3.336555e+208		
23.000000		2.642635e+209		1.602541e+209		-5.035689e+209		-1.678096e+209		-2.524960e+209		-1.686278e+209		-8.109525e+209		6.010685e+209		-1.679488e+216		3.302300e+209		9.182543e+209		7.830777e+208		1.132055e+209		4.591753e+208		-0.000000e+00		-0.000000e+00		-3.933740e+202		-4.272781e+200		-7.484474e+206		8.611007e+205		-6.540743e+199		-3.898120e+202		-5.365931e+201		0.000000e+00		0.000000e+00		-6.489035e+199		-6.554016e+199		-6.554025e+199		-1.051227e+200		-2.587518e+201		-1.085956e+200		-6.502514e+199		-6.553632e+199		1.309968e+209		5.977074e+208		6.338320e+208		6.557245e+208		2.495822e+209		-3.458827e+209		-2.162889e+210		-2.304897e+209		3.634815e+209		-2.475659e+209		-4.866791e+209		1.076619e+210		9.884777e+208		9.931938e+208		9.926645e+208		3.724893e+210		1.604279e+203		0.000000e+00		0.000000e+00		2.102952e+208		4.187134e+208		3.320274e+208		
25.000000		2.643266e+209		1.602547e+209		-4.636136e+209		-1.630820e+209		-2.526599e+209		-1.637677e+209		-8.211115e+209		5.333643e+209		-1.837581e+216		3.039662e+209		9.262990e+209		7.827832e+208		1.133721e+209		1.636082e+209		-5.938210e+199		-0.000000e+00		-2.563919e+202		-4.272781e+200		3.461621e+202		8.568319e+205		-6.541296e+199		4.501986e+201		-4.066681e+201		0.000000e+00		0.000000e+00		-6.422036e+199		-6.553996e+199		-6.554025e+199		-1.061768e+200		-2.587642e+201		-1.287873e+200		-6.502512e+199		-6.552832e+199		1.451064e+209		5.985687e+208		6.561477e+208		6.994611e+208		2.483241e+209		-3.674554e+209		6.690938e+210		-2.475466e+209		3.195382e+209		-2.588983e+209		-5.938291e+209		6.477176e+209		9.884780e+208		9.488458e+208		9.934292e+208		3.731989e+210		1.601061e+203		0.000000e+00		0.000000e+00		2.091386e+208		4.159890e+208		3.415035e+208		
27.000000		2.639943e+209		1.602552e+209		-4.267916e+209		-1.582214e+209		-2.528441e+209		-1.587852e+209		-8.380520e+209		4.767312e+209		-9.129915e+217		2.830016e+209		9.354391e+209		7.743386e+208		1.134846e+209		1.507195e+208		0.000000e+00		-0.000000e+00		-9.922978e+200		-4.272782e+200		-9.715687e+200		9.456595e+205		-6.541604e+199		-6.880449e+200		-2.098482e+201		0.000000e+00		0.000000e+00		-6.332486e+199		-6.553906e+199		-6.554025e+199		7.136783e+200		-2.588213e+201		1.638843e+201		-6.502511e+199		-6.550248e+199		1.719511e+209		6.105333e+208		6.955383e+208		7.689488e+208		2.480506e+209		-4.004965e+209		1.133229e+210		-2.730632e+209		2.784906e+209		-2.759952e+209		-7.708028e+209		4.574152e+209		9.884787e+208		8.947148e+208		9.937387e+208		3.737745e+210		2.264178e+203		0.000000e+00		0.000000e+00		2.099714e+208		4.183252e+208		3.566912e+208		
29.000000		2.620079e+209		1.602557e+209		-3.993933e+209		-1.542304e+209		-2.530502e+209		-1.546869e+209		-8.812217e+209		4.325901e+209		5.528259e+216		2.673423e+209		9.457925e+209		7.642227e+208		1.133091e+209		-2.091163e+208		-2.530940e+199		-0.000000e+00		2.639307e+201		-4.272782e+200		2.548078e+201		4.008243e+205		-6.541780e+199		6.341900e+201		-4.802437e+201		0.000000e+00		0.000000e+00		-6.295169e+199		-6.553510e+199		-6.554025e+199		-3.813774e+201		-2.588250e+201		-4.414841e+201		-6.502510e+199		-6.540709e+199		2.094686e+209		6.270340e+208		7.401321e+208		8.491095e+208		2.490917e+209		-4.540128e+209		5.945199e+209		-3.026331e+209		2.422804e+209		-3.051242e+209		-1.080010e+210		3.585756e+209		9.884790e+208		9.193729e+208		9.936520e+208		3.744905e+210		1.978783e+203		0.000000e+00		0.000000e+00		2.127430e+208		4.261712e+208		3.748512e+208		
31.000000		2.556100e+209		1.602562e+209		-3.883927e+209		-1.525067e+209		-2.532808e+209		-1.528732e+209		-1.013087e+210		4.005482e+209		5.664307e+215		2.564681e+209		9.574808e+209		7.526808e+208		1.123071e+209		8.348365e+208		-0.000000e+00		-0.000000e+00		3.165626e+202		-4.272783e+200		2.954045e+202		3.377889e+205		-6.541885e+199		2.834727e+202		-9.249269e+201		0.000000e+00		-0.000000e+00		-6.288357e+199		-6.551265e+199		-6.554025e+199		-3.799493e+202		-2.587945e+201		-1.214991e+202		-6.502508e+199		-6.504805e+199		2.574864e+209		6.466087e+208		7.875729e+208		9.277787e+208		2.516675e+209		-5.497625e+209		4.114697e+209		-3.288869e+209		2.113478e+209		-3.644346e+209		-1.683070e+210		3.030767e+209		9.884788e+208		8.906817e+208		9.933472e+208		3.751683e+210		2.035047e+203		-0.000000e+00		0.000000e+00		2.171482e+208		4.395576e+208		3.953245e+208		
33.000000		2.388529e+209		1.602570e+209		-4.128721e+209		-1.562035e+209		-2.535384e+209		-1.565055e+209		-1.602067e+210		3.800202e+209		2.384518e+215		2.501230e+209		9.705390e+209		7.426660e+208		1.091720e+209		6.986963e+207		-0.000000e+00		-0.000000e+00		-1.110206e+204		-4.272785e+200		-3.866181e+208		3.569094e+205		-6.541951e+199		-1.200875e+204		-1.557759e+202		0.000000e+00		0.000000e+00		-6.286949e+199		-6.539093e+199		-6.554025e+199		-2.511070e+203		-2.585114e+201		-1.397134e+202		-6.502503e+199		-6.411288e+199		3.142005e+209		6.718239e+208		8.442878e+208		9.953230e+208		2.559484e+209		-7.444269e+209		3.421173e+209		-3.485858e+209		1.862109e+209		-5.220998e+209		-3.159969e+210		2.710910e+209		9.884791e+208		8.126410e+208		9.930915e+208		3.758572e+210		5.736044e+203		0.000000e+00		0.000000e+00		2.227512e+208		4.591859e+208		4.199088e+208		
35.000000		2.125008e+209		1.602581e+209		-6.198011e+209		-1.784353e+209		-2.538251e+209		-1.787324e+209		4.420140e+212		4.248810e+209		7.447259e+214		2.501972e+209		9.847846e+209		7.407649e+208		1.035505e+209		-2.233331e+207		-1.288704e+200		-5.122726e+199		-8.397704e+203		-4.272783e+200		-2.310529e+206		3.748790e+205		-6.541995e+199		-8.328472e+203		-2.440630e+202		0.000000e+00		0.000000e+00		-6.286708e+199		-6.472017e+199		-6.554025e+199		-1.239895e+203		-2.575459e+201		-1.084747e+202		-6.502497e+199		-6.313841e+199		3.705072e+209		7.098254e+208		9.476189e+208		1.084982e+209		2.621424e+209		-1.198980e+210		4.146470e+209		-3.562359e+209		1.785300e+209		-1.102783e+210		-7.012566e+210		2.625934e+209		9.884791e+208		1.170536e+209		9.927916e+208		3.765837e+210		6.862344e+204		0.000000e+00		0.000000e+00		2.288707e+208		4.871485e+208		4.538350e+208		
37.000000		2.072548e+209		1.602597e+209		1.063142e+212		-2.466153e+209		-2.541397e+209		-2.470323e+209		7.687517e+210		1.153600e+210		5.233746e+214		2.581274e+209		9.997059e+209		7.604276e+208		1.026081e+209		-2.231385e+206		-1.406809e+200		-4.235700e+200		-9.816110e+203		-4.272762e+200		-1.627991e+206		3.913355e+205		-6.542042e+199		-9.798670e+203		-3.384656e+202		0.000000e+00		-0.000000e+00		-6.286675e+199		-6.337719e+199		-6.554025e+199		-2.085816e+203		-2.553476e+201		-7.372529e+201		-6.502492e+199		-6.272414e+199		4.061109e+209		7.627010e+208		1.150123e+209		1.346670e+209		2.700432e+209		-1.962155e+210		1.251229e+211		-3.480016e+209		2.258524e+209		-1.804382e+210		-6.741383e+210		2.848032e+209		9.884788e+208		-3.336021e+208		9.915544e+208		3.771605e+210		-1.414125e+204		-0.000000e+00		0.000000e+00		2.343292e+208		5.240554e+208		4.967608e+208		
39.000000		2.444265e+209		1.602614e+209		8.378733e+209		-3.412199e+209		-2.544700e+209		-3.417810e+209		-1.331770e+210		-9.653112e+209		-5.249224e+214		2.661151e+209		1.015172e+210		8.148589e+208		1.115976e+209		-1.518471e+206		-1.045071e+201		7.027658e+200		-1.077717e+204		-4.272632e+200		-2.755680e+206		4.058763e+205		-6.542150e+199		-1.076567e+204		-3.947532e+202		0.000000e+00		0.000000e+00		-6.286673e+199		-6.290594e+199		-6.554025e+199		-8.820778e+203		-2.515529e+201		-4.264776e+201		-6.502488e+199		-6.269436e+199		4.238012e+209		8.092735e+208		1.350043e+209		1.875581e+209		2.781017e+209		-1.392796e+210		-5.362859e+209		-3.408127e+209		4.249570e+209		-7.024860e+209		-4.351276e+210		3.116967e+209		9.884784e+208		-1.607713e+208		9.899296e+208		3.773515e+210		-7.841137e+203		0.000000e+00		0.000000e+00		2.381426e+208		5.640416e+208		5.326044e+208		
41.000000		3.151550e+209		1.602624e+209		7.312193e+209		-3.648499e+209		-2.547882e+209		-3.652005e+209		-5.927833e+209		-4.717257e+209		-1.677726e+214		2.696565e+209		1.032157e+210		8.961185e+208		1.256740e+209		-2.364243e+205		-1.300027e+200		0.000000e+00		-8.374250e+203		-4.272190e+200		2.652225e+204		4.181760e+205		-6.542681e+199		1.009765e+204		-4.131271e+202		0.000000e+00		-5.346391e+199		-6.286673e+199		-6.246363e+199		-6.554025e+199		-3.302490e+204		-2.469471e+201		-2.188529e+201		-6.502560e+199		-6.269322e+199		4.723706e+209		8.388651e+208		1.430682e+209		2.529584e+209		2.851626e+209		-7.600727e+209		-4.676661e+209		-3.380415e+209		1.230958e+210		-3.780580e+209		-3.582282e+210		3.264123e+209		9.884782e+208		-7.601707e+206		9.891067e+208		3.772412e+210		-5.311961e+203		-5.312096e+199		0.000000e+00		2.403731e+208		6.001911e+208		5.564165e+208		
43.000000		4.046486e+209		1.602628e+209		9.378934e+209		-3.337193e+209		-2.550744e+209		-3.337030e+209		-4.583895e+209		-3.975754e+209		-1.814699e+214		2.708443e+209		1.051220e+210		9.844317e+208		1.401990e+209		2.959342e+204		3.292817e+199		0.000000e+00		-1.436097e+203		-4.271404e+200		-3.974362e+203		4.532526e+205		-6.547032e+199		-1.944662e+203		-4.165597e+202		-0.000000e+00		-6.245003e+199		-6.286698e+199		-6.244326e+199		-6.554025e+199		5.146220e+204		-2.451670e+201		-1.112624e+201		-6.505607e+199		-6.269359e+199		5.816453e+209		8.566883e+208		1.450746e+209		3.186954e+209		2.909601e+209		-5.632759e+209		-4.731014e+209		-3.369816e+209		3.674554e+210		-2.872246e+209		-3.340285e+210		3.334776e+209		9.884780e+208		1.265668e+206		9.888065e+208		3.769206e+210		-4.848536e+203		-0.000000e+00		0.000000e+00		2.415743e+208		6.295397e+208		5.716437e+208		
45.000000		5.051465e+209		1.602627e+209		1.440594e+210		-3.007445e+209		-2.553234e+209		-3.004402e+209		-4.133660e+209		-3.800748e+209		5.319196e+214		2.712451e+209		1.072264e+210		1.067569e+209		1.541233e+209		4.340453e+203		0.000000e+00		3.217477e+200		-1.581163e+203		-4.270711e+200		3.780730e+203		5.050950e+205		-6.605989e+199		5.109531e+203		-4.172053e+202		-0.000000e+00		-6.825299e+199		-6.852658e+199		-6.861760e+199		-6.555939e+199		7.592828e+204		-2.563850e+201		-9.346939e+200		-6.780628e+199		-6.858713e+199		7.578597e+209		8.679131e+208		1.456620e+209		3.828807e+209		2.953190e+209		-5.193393e+209		-4.845120e+209		-3.366136e+209		1.839234e+210		-2.542626e+209		-3.274957e+210		3.368646e+209		9.884775e+208		1.194533e+205		9.886886e+208		3.767577e+210		-4.967229e+203		-7.767945e+199		0.000000e+00		2.422132e+208		6.518168e+208		5.812161e+208		
47.000000		6.136045e+209		1.602625e+209		2.641967e+210		-2.772811e+209		-2.555359e+209		-2.767792e+209		-3.902399e+209		-3.756300e+209		5.029862e+213		2.714079e+209		1.095137e+210		1.140471e+209		1.676448e+209		-2.405256e+203		-4.124504e+199		1.628964e+199		-2.252181e+203		-4.270514e+200		-6.994060e+205		5.967390e+205		-6.602793e+199		-2.267660e+203		-4.173181e+202		0.000000e+00		-0.000000e+00		-6.896215e+199		0.000000e+00		-6.555797e+199		8.649591e+205		-2.878391e+201		-2.322704e+201		-6.712959e+199		-6.898571e+199		1.006290e+210		8.752512e+208		1.458774e+209		4.446578e+209		2.983033e+209		-5.375857e+209		-5.195050e+209		-3.364815e+209		7.727217e+209		-2.417235e+209		-3.272459e+210		3.385365e+209		9.884768e+208		-4.504616e+204		9.886408e+208		3.767545e+210		-4.915266e+203		-0.000000e+00		0.000000e+00		2.425641e+208		6.679255e+208		5.870200e+208		
49.000000		7.289311e+209		1.602622e+209		7.300597e+210		-2.616348e+209		-2.557120e+209		-2.610048e+209		-3.747387e+209		-3.737062e+209		1.875819e+213		2.715003e+209		1.119781e+210		1.201142e+209		1.811213e+209		-9.045882e+202		-4.324236e+199		-3.350620e+199		-4.066015e+203		-4.270454e+200		-5.883233e+206		7.038387e+205		-6.596995e+199		-4.116871e+203		-4.173402e+202		0.000000e+00		0.000000e+00		-0.000000e+00		-0.000000e+00		-6.555621e+199		-1.580465e+206		-3.236744e+201		-6.850342e+201		-5.860247e+199		-0.000000e+00		1.335819e+210		8.800430e+208		1.459545e+209		5.035030e+209		3.001891e+209		-5.905217e+209		-5.786092e+209		-3.363951e+209		4.505671e+209		-2.386175e+209		-3.292299e+210		3.394200e+209		9.884763e+208		-4.598276e+204		9.886066e+208		3.767714e+210		-4.916570e+203		0.000000e+00		0.000000e+00		2.427678e+208		6.791259e+208		5.903583e+208		
51.000000		8.504441e+209		1.602620e+209		-2.357765e+211		-2.510532e+209		-2.558506e+209		-2.503501e+209		-3.632189e+209		-3.716836e+209		9.667974e+212		2.715698e+209		1.146220e+210		1.248799e+209		1.948282e+209		-1.162147e+203		-0.000000e+00		-1.108658e+200		-5.612382e+203		-4.270424e+200		-6.384863e+205		8.290715e+205		-6.597250e+199		-5.890443e+203		-4.173446e+202		0.000000e+00		0.000000e+00		-0.000000e+00		-3.067905e+199		-6.555643e+199		-1.426048e+206		-3.576081e+201		-1.791891e+202		-5.961917e+199		-0.000000e+00		1.758051e+210		8.829909e+208		1.459632e+209		5.589804e+209		3.012936e+209		-6.662370e+209		-6.569160e+209		-3.363013e+209		3.229202e+209		-2.410287e+209		-3.319697e+210		3.398993e+209		9.884754e+208		-1.221241e+204		9.885777e+208		3.767832e+210		-4.917384e+203		0.000000e+00		0.000000e+00		2.428931e+208		6.865620e+208		5.921287e+208		
53.000000		9.776735e+209		1.602618e+209		-5.753892e+210		-2.437450e+209		-2.559560e+209		-2.430190e+209		-3.542140e+209		-3.689348e+209		5.930405e+212		2.716323e+209		1.174800e+210		1.284501e+209		2.089783e+209		1.027399e+203		-0.000000e+00		-1.122481e+198		-7.237769e+203		-4.270404e+200		-8.463044e+206		9.767576e+205		-6.597894e+199		-8.063525e+203		-4.173455e+202		-0.000000e+00		-0.000000e+00		0.000000e+00		0.000000e+00		-6.555671e+199		-1.546381e+206		-3.880654e+201		-3.633784e+202		-7.182250e+199		2.053522e+199		2.287461e+210		8.847108e+208		1.459687e+209		6.115116e+209		3.019152e+209		-7.575449e+209		-7.492824e+209		-3.361944e+209		2.608400e+209		-2.479202e+209		-3.349014e+210		3.401992e+209		9.884743e+208		9.171956e+203		9.885587e+208		3.767870e+210		-4.917952e+203		-0.000000e+00		0.000000e+00		2.429754e+208		6.913757e+208		5.930152e+208		
55.000000		1.108129e+210		1.602617e+209		-3.720662e+210		-2.386472e+209		-2.560347e+209		-2.379593e+209		-3.475768e+209		-3.656649e+209		4.095525e+212		2.716917e+209		1.205645e+210		1.309931e+209		2.235216e+209		-1.641306e+201		-2.090227e+199		-4.666246e+199		-4.304333e+203		-4.270388e+200		-2.588211e+204		1.150512e+206		-6.598672e+199		-5.316884e+203		-4.173458e+202		-0.000000e+00		0.000000e+00		-1.707833e+200		0.000000e+00		-6.555703e+199		-1.567294e+206		-4.142309e+201		-4.141601e+202		-9.148408e+199		-1.172877e+200		2.934240e+210		8.856811e+208		1.459981e+209		6.608394e+209		3.022586e+209		-8.609507e+209		-8.529590e+209		-3.360810e+209		2.255933e+209		-2.609253e+209		-3.377883e+210		3.404323e+209		9.884734e+208		-1.170940e+202		9.885538e+208		3.767927e+210		-4.918029e+203		-3.531197e+199		0.000000e+00		2.430333e+208		6.944726e+208		5.934442e+208		
57.000000		1.238422e+210		1.602617e+209		-2.959647e+210		-2.349593e+209		-2.560927e+209		-2.344077e+209		-3.433591e+209		-3.623598e+209		3.069460e+212		2.717483e+209		1.238909e+210		1.326806e+209		2.383698e+209		2.274228e+201		1.241746e+200		-9.289786e+199		-2.313502e+203		-4.270378e+200		2.713129e+204		1.354105e+206		-6.599546e+199		-3.179096e+203		-4.173459e+202		-0.000000e+00		-0.000000e+00		-9.987285e+199		-9.963257e+199		-6.555736e+199		-3.080350e+206		-4.361882e+201		-3.554939e+202		-9.861095e+199		-1.003329e+200		3.711307e+210		8.862013e+208		1.460461e+209		7.062925e+209		3.024459e+209		-9.704989e+209		-9.623312e+209		-3.359673e+209		2.035911e+209		-2.847113e+209		-3.405276e+210		3.406384e+209		9.884722e+208		-1.654104e+202		9.885395e+208		3.767941e+210		-4.918180e+203		-0.000000e+00		0.000000e+00		2.430764e+208		6.964600e+208		5.936439e+208		
59.000000		1.364568e+210		1.602617e+209		-2.573673e+210		-2.321172e+209		-2.561352e+209		-2.318697e+209		-3.418008e+209		-3.593242e+209		2.433400e+212		2.718022e+209		1.274766e+210		1.337030e+209		2.534268e+209		9.838388e+205		1.420258e+200		-9.099112e+199		-5.264618e+203		-4.270379e+200		-5.384552e+206		1.592417e+206		-6.599600e+199		-1.180379e+204		-4.173459e+202		-0.000000e+00		-1.615203e+199		-1.988864e+200		0.000000e+00		-6.555738e+199		-4.092545e+206		-4.546296e+201		-5.211486e+202		-1.023053e+200		-1.211535e+200		4.634357e+210		8.864583e+208		1.461099e+209		7.473502e+209		3.025481e+209		-1.080437e+210		-1.071789e+210		-3.358568e+209		1.888423e+209		-3.284073e+209		-3.430506e+210		3.408298e+209		9.884707e+208		-6.266263e+204		9.885264e+208		3.767932e+210		-4.918155e+203		-0.000000e+00		0.000000e+00		2.431099e+208		6.977292e+208		5.937324e+208		
61.000000		1.482412e+210		1.602618e+209		-2.348148e+210		-2.297427e+209		-2.561664e+209		-2.300328e+209		-3.436082e+209		-3.567028e+209		2.044129e+212		2.718529e+209		1.313436e+210		1.342580e+209		2.686065e+209		1.248910e+206		0.000000e+00		-0.000000e+00		-5.365284e+203		-4.270387e+200		1.333562e+207		1.870822e+206		-6.599602e+199		-9.550793e+203		-4.173459e+202		-0.000000e+00		0.000000e+00		-1.989878e+200		0.000000e+00		-6.555738e+199		-5.283914e+206		-4.696947e+201		-8.029506e+202		-1.029486e+200		-1.211576e+200		5.722465e+210		8.865672e+208		1.461891e+209		7.837115e+209		3.026047e+209		-1.186369e+210		-1.177000e+210		-3.357510e+209		1.784568e+209		-4.074610e+209		-3.453249e+210		3.410105e+209		9.884688e+208		8.105084e+206		9.885187e+208		3.767921e+210		-4.918174e+203		-0.000000e+00		0.000000e+00		2.431367e+208		6.985285e+208		5.937686e+208		
63.000000		1.588097e+210		1.602619e+209		-2.206004e+210		-2.279786e+209		-2.561895e+209		-2.286969e+209		-3.504529e+209		-3.545419e+209		1.784295e+212		2.719002e+209		1.355175e+210		1.345056e+209		2.838417e+209		1.092888e+206		0.000000e+00		-0.000000e+00		-1.042737e+204		-4.270399e+200		4.278797e+206		2.195485e+206		-6.599602e+199		-2.149404e+204		-4.173459e+202		-0.000000e+00		0.000000e+00		-1.989872e+200		-1.812844e+200		-6.555738e+199		-6.678368e+206		-4.817403e+201		-1.210441e+203		-1.032038e+200		-1.211576e+200		6.998556e+210		8.865968e+208		1.462836e+209		8.152737e+209		3.026380e+209		-1.286917e+210		-1.276573e+210		-3.356509e+209		1.709379e+209		-5.440833e+209		-3.473336e+210		3.411815e+209		9.884663e+208		4.549662e+206		9.885111e+208		3.767913e+210		-4.918206e+203		0.000000e+00		0.000000e+00		2.431588e+208		6.990170e+208		5.937810e+208		
65.000000		1.678332e+210		1.602620e+209		-2.112922e+210		-2.301499e+209		-2.562071e+209		-2.277303e+209		-3.659153e+209		-3.528396e+209		1.601418e+212		2.719446e+209		1.400272e+210		1.345675e+209		2.990783e+209		6.632852e+206		2.033537e+201		0.000000e+00		-2.004636e+204		-4.270415e+200		3.515908e+206		2.573494e+206		-6.599602e+199		-4.635636e+204		-4.173459e+202		-0.000000e+00		0.000000e+00		-1.989612e+200		-1.006372e+200		-6.555738e+199		-8.306368e+206		-4.911906e+201		-1.743638e+203		-1.033229e+200		-1.211576e+200		8.490372e+210		8.865857e+208		1.463934e+209		8.420969e+209		3.026598e+209		-1.388904e+210		-1.377180e+210		-3.355573e+209		1.655096e+209		-7.622563e+209		-3.490818e+210		3.413429e+209		9.884636e+208		2.621907e+207		9.885047e+208		3.767856e+210		-4.918236e+203		0.000000e+00		0.000000e+00		2.431769e+208		6.992989e+208		5.937832e+208		
67.000000		1.750690e+210		1.602622e+209		-2.051498e+210		-2.530428e+209		-2.562211e+209		-2.270444e+209		-3.974735e+209		-3.515700e+209		1.466811e+212		2.719858e+209		1.449038e+210		1.345255e+209		3.142728e+209		-2.757796e+205		-4.898537e+200		0.000000e+00		-2.953087e+204		-4.270435e+200		3.556745e+206		3.013007e+206		-6.599602e+199		-8.875898e+204		-4.173459e+202		-0.000000e+00		-0.000000e+00		-1.980595e+200		-7.102033e+199		-6.555738e+199		-1.020580e+207		-4.984799e+201		-2.383407e+203		-1.033858e+200		-1.211576e+200		1.023151e+211		8.865557e+208		1.465191e+209		8.643391e+209		3.026762e+209		-1.526712e+210		-1.512547e+210		-3.354700e+209		1.619056e+209		-1.073450e+210		-3.505995e+210		3.414950e+209		9.884602e+208		-9.017566e+205		9.884984e+208		3.767799e+210		-4.918264e+203		-0.000000e+00		0.000000e+00		2.431919e+208		6.994443e+208		5.937810e+208		
69.000000		1.803672e+210		1.602624e+209		-2.012131e+210		-3.358929e+209		-2.562325e+209		-2.265794e+209		-4.613539e+209		-3.507004e+209		1.364924e+212		2.720237e+209		1.501777e+210		1.344278e+209		3.293798e+209		-4.746235e+206		-4.337964e+200		6.218604e+200		-2.578088e+204		-4.270458e+200		3.931314e+206		3.523415e+206		-6.599602e+199		-1.415724e+205		-4.173459e+202		-0.000000e+00		-0.000000e+00		-1.802333e+200		-6.613056e+199		-6.555738e+199		-1.242316e+207		-5.040156e+201		-3.092717e+203		-1.034223e+200		-1.211573e+200		1.226206e+211		8.865178e+208		1.466617e+209		8.822372e+209		3.026907e+209		-1.820466e+210		-1.799933e+210		-3.353879e+209		1.604259e+209		-1.459087e+210		-3.519178e+210		3.416377e+209		9.884564e+208		-1.402603e+207		9.884916e+208		3.767743e+210		-4.918293e+203		-0.000000e+00		0.000000e+00		2.432042e+208		6.995007e+208		5.937772e+208		
71.000000		1.836821e+210		1.602628e+209		-1.989316e+210		-5.083583e+209		-2.562423e+209		-2.262945e+209		-5.971604e+209		-3.501904e+209		1.285987e+212		2.720585e+209		1.558731e+210		1.342971e+209		3.443451e+209		-3.076520e+208		-4.253997e+200		-3.377802e+200		-1.377628e+204		-4.270486e+200		4.593401e+206		4.115536e+206		-6.599602e+199		-1.976049e+205		-4.173459e+202		-0.000000e+00		-0.000000e+00		-1.036960e+200		-6.560759e+199		-6.555738e+199		-1.501516e+207		-5.081595e+201		-3.825317e+203		-1.034451e+200		-1.211567e+200		1.463106e+211		8.864776e+208		1.468228e+209		8.961144e+209		3.027054e+209		-2.592651e+210		-2.549091e+210		-3.353109e+209		1.621836e+209		-1.870785e+210		-3.530598e+210		3.417713e+209		9.884519e+208		-1.406305e+209		9.884847e+208		3.767649e+210		-4.918326e+203		-0.000000e+00		0.000000e+00		2.432141e+208		6.995007e+208		5.937729e+208		
73.000000		1.850800e+210		1.602631e+209		-1.979807e+210		-7.642204e+209		-2.562507e+209		-2.261601e+209		-9.284806e+209		-3.499998e+209		1.224435e+212		2.720904e+209		1.620003e+210		1.341380e+209		3.590956e+209		7.611296e+208		-4.234175e+200		-2.861510e+200		-7.110115e+203		-4.270517e+200		5.669694e+206		4.801826e+206		-6.599602e+199		-2.973276e+205		-4.173460e+202		-0.000000e+00		-0.000000e+00		-7.057722e+199		-6.556212e+199		-6.555738e+199		-1.805086e+207		-5.112201e+201		-4.536953e+203		-1.034602e+200		-1.211552e+200		1.739734e+211		8.864382e+208		1.470045e+209		9.063510e+209		3.027201e+209		-4.445237e+210		-4.307188e+210		-3.352397e+209		1.694096e+209		-2.258875e+210		-3.540527e+210		3.418959e+209		9.884461e+208		1.024475e+209		9.884769e+208		3.767608e+210		-4.918364e+203		-0.000000e+00		0.000000e+00		2.432221e+208		6.994660e+208		5.937686e+208		
75.000000		1.847433e+210		1.602634e+209		-1.981385e+210		-1.086924e+210		-2.562583e+209		-2.261521e+209		-2.125403e+210		-3.500868e+209		1.176258e+212		2.721197e+209		1.685455e+210		1.339437e+209		3.735224e+209		7.278067e+208		-4.230427e+200		-2.860497e+200		-4.298221e+203		-4.270554e+200		7.467753e+206		5.596617e+206		-6.599602e+199		-4.870815e+205		-4.173460e+202		-0.000000e+00		-0.000000e+00		-6.631941e+199		-6.555796e+199		-6.555738e+199		-2.161429e+207		-5.134526e+201		-5.193882e+203		-1.034704e+200		-1.211521e+200		2.063273e+211		8.864008e+208		1.472072e+209		9.133467e+209		3.027357e+209		-8.031545e+210		-7.541007e+210		-3.351735e+209		1.855220e+209		-2.603800e+210		-3.549095e+210		3.420126e+209		9.884395e+208		1.026335e+209		9.884686e+208		3.767523e+210		-4.918410e+203		-0.000000e+00		0.000000e+00		2.432284e+208		6.994115e+208		5.937645e+208		
77.000000		1.829530e+210		1.602638e+209		-1.992085e+210		-1.460334e+210		-2.562651e+209		-2.262467e+209		2.095349e+211		-3.504189e+209		1.139154e+212		2.721463e+209		1.754662e+210		1.336993e+209		3.874839e+209		7.483174e+208		-4.314079e+200		-5.412287e+200		-3.098927e+203		-4.270597e+200		1.058214e+207		6.516356e+206		-6.599602e+199		-8.428983e+205		-4.173460e+202		-0.000000e+00		-0.000000e+00		-6.577608e+199		-6.555751e+199		-6.555738e+199		-2.580769e+207		-5.150623e+201		-5.776157e+203		-1.034776e+200		-1.211471e+200		2.442543e+211		8.863663e+208		1.474278e+209		9.175115e+209		3.027514e+209		-1.364949e+211		-1.212168e+211		-3.351122e+209		2.144820e+209		-2.923335e+210		-3.556382e+210		3.421211e+209		9.884323e+208		1.069065e+209		9.884597e+208		3.767480e+210		-4.918466e+203		-0.000000e+00		0.000000e+00		2.432332e+208		6.993470e+208		5.937608e+208		
79.000000		1.800433e+210		1.602642e+209		-2.009984e+210		-1.862404e+210		-2.562712e+209		-2.264182e+209		2.285501e+210		-3.509693e+209		1.110300e+212		2.721701e+209		1.827032e+210		1.333842e+209		4.008225e+209		7.692762e+208		-6.233536e+200		-5.993578e+201		-2.590194e+203		-4.270646e+200		1.620942e+207		7.579859e+206		-6.599602e+199		-1.524666e+206		-4.173460e+202		-0.000000e+00		-0.000000e+00		-6.573097e+199		-6.555745e+199		-6.555738e+199		-3.075548e+207		-5.162107e+201		-6.276404e+203		-1.034827e+200		-1.211398e+200		2.888546e+211		8.863354e+208		1.476603e+209		9.191711e+209		3.027672e+209		-2.132365e+211		-1.737738e+211		-3.350549e+209		2.591047e+209		-3.262139e+210		-3.562447e+210		3.422224e+209		9.884241e+208		1.112405e+209		9.884500e+208		3.767503e+210		-4.918533e+203		-0.000000e+00		0.000000e+00		2.432369e+208		6.992787e+208		5.937573e+208		
81.000000		1.763550e+210		1.602645e+209		-2.033188e+210		-2.262664e+210		-2.562767e+209		-2.266426e+209		1.399912e+210		-3.517165e+209		1.088770e+212		2.721915e+209		1.901857e+210		1.329749e+209		4.133899e+209		7.937885e+208		-4.094762e+201		-1.008973e+203		-2.418545e+203		-4.270703e+200		2.722749e+207		8.808566e+206		-6.599602e+199		-2.908905e+206		-4.173460e+202		-0.000000e+00		-4.823867e+199		-6.579426e+199		-6.555745e+199		-6.555738e+199		-3.660911e+207		-5.170221e+201		-6.696379e+203		-1.034862e+200		-1.211302e+200		3.414370e+211		8.863081e+208		1.478972e+209		9.186673e+209		3.027824e+209		-3.125883e+211		-2.252889e+211		-3.350016e+209		3.188706e+209		-3.684216e+210		-3.567395e+210		3.423164e+209		9.884151e+208		1.164877e+209		9.884515e+208		3.767514e+210		-4.918613e+203		-4.840586e+199		0.000000e+00		2.432396e+208		6.992111e+208		5.937542e+208		
83.000000		1.721860e+210		1.602648e+209		-2.060065e+210		-2.626867e+210		-2.562814e+209		-2.268986e+209		1.094610e+210		-3.526372e+209		1.072414e+212		2.722109e+209		1.978399e+210		1.324454e+209		4.250714e+209		8.217618e+208		-5.544154e+202		-1.460032e+204		-2.440663e+203		-4.270769e+200		5.347403e+207		1.022682e+207		-6.599602e+199		-6.068860e+206		-4.173460e+202		-0.000000e+00		-6.153612e+199		-6.591233e+199		-6.555746e+199		-6.555738e+199		-4.355340e+207		-5.175905e+201		-7.043271e+203		-1.034888e+200		-1.211187e+200		4.037664e+211		8.862846e+208		1.481316e+209		9.163184e+209		3.027965e+209		-4.405836e+211		-2.685500e+211		-3.349528e+209		3.889184e+209		-4.281470e+210		-3.571345e+210		3.424036e+209		9.884045e+208		1.227001e+209		9.897649e+208		3.767497e+210		-4.918708e+203		-6.151123e+199		0.000000e+00		2.432416e+208		6.991464e+208		5.937513e+208		
85.000000		1.677761e+210		1.602651e+209		-2.089382e+210		-2.929496e+210		-2.562855e+209		-2.271691e+209		9.361049e+209		-3.537072e+209		1.060783e+212		2.722279e+209		2.055940e+210		1.317698e+209		4.357956e+209		8.507838e+208		-6.669831e+203		-1.709572e+205		-2.595803e+203		-4.270845e+200		1.735647e+208		1.186214e+207		-6.599602e+199		-1.548123e+207		-4.173460e+202		-0.000000e+00		-6.466861e+199		-6.608133e+199		-6.555746e+199		-6.555738e+199		-5.181459e+207		-5.179855e+201		-7.326764e+203		-1.034906e+200		-1.211056e+200		4.779839e+211		8.862646e+208		1.483584e+209		9.124595e+209		3.028091e+209		-6.072328e+211		-2.972759e+211		-3.349078e+209		4.615717e+209		-5.214076e+210		-3.574487e+210		3.424843e+209		9.883922e+208		1.294006e+209		1.023544e+209		3.767475e+210		-4.918821e+203		-6.469614e+199		0.000000e+00		2.432429e+208		6.990863e+208		5.937486e+208		
87.000000		1.633078e+210		1.602653e+209		-2.120403e+210		-3.170723e+210		-2.562889e+209		-2.274419e+209		8.310348e+209		-3.548920e+209		1.052254e+212		2.722431e+209		2.133781e+210		1.309243e+209		4.455385e+209		8.794509e+208		-6.752046e+204		-1.587185e+206		-2.859843e+203		-4.270934e+200		-2.569678e+208		1.374559e+207		-6.599602e+199		-9.547152e+207		-4.173460e+202		-0.000000e+00		-6.582860e+199		-6.630633e+199		-6.555745e+199		-6.555738e+199		-6.167149e+207		-5.182582e+201		-7.557105e+203		-1.034918e+200		-1.210913e+200		5.668878e+211		8.862477e+208		1.485740e+209		9.074530e+209		3.028202e+209		-8.268374e+211		-3.078567e+211		-3.348670e+209		5.294589e+209		-6.840820e+210		-3.576933e+210		3.425584e+209		9.883782e+208		1.363663e+209		1.092804e+209		3.767464e+210		-4.918954e+203		-6.574319e+199		0.000000e+00		2.432439e+208		6.990318e+208		5.937460e+208		
89.000000		1.589200e+210		1.602656e+209		-2.152698e+210		-3.382080e+210		-2.562917e+209		-2.277085e+209		7.488688e+209		-3.561552e+209		1.045902e+212		2.722564e+209		2.211113e+210		1.298890e+209		4.543055e+209		9.043248e+208		-7.667428e+205		-1.214544e+207		-3.241408e+203		-4.271035e+200		-8.726382e+207		1.591204e+207		-6.599602e+199		5.894019e+207		-4.173460e+202		-0.000000e+00		-6.632021e+199		-6.659442e+199		-6.555744e+199		-6.555738e+199		-7.347065e+207		-5.184456e+201		-7.744018e+203		-1.034927e+200		-1.210762e+200		6.739763e+211		8.862332e+208		1.487764e+209		9.016718e+209		3.028300e+209		-1.118886e+212		-3.012929e+211		-3.348300e+209		5.878808e+209		-1.025331e+211		-3.578799e+210		3.426256e+209		9.883620e+208		1.435338e+209		1.130143e+209		3.767518e+210		-4.919110e+203		-6.630379e+199		0.000000e+00		2.432445e+208		6.989829e+208		5.937436e+208		
91.000000		1.547232e+210		1.602659e+209		-2.186028e+210		-3.607925e+210		-2.562941e+209		-2.279610e+209		6.796606e+209		-3.574692e+209		1.041234e+212		2.722679e+209		2.287040e+210		1.286515e+209		4.620607e+209		9.609155e+208		-1.594201e+207		-1.418127e+208		-4.162390e+203		-4.271153e+200		-6.279254e+207		1.840059e+207		-6.599602e+199		3.420138e+207		-4.173461e+202		-0.000000e+00		-6.681889e+199		-6.695413e+199		-6.555743e+199		-6.555738e+199		-8.764799e+207		-5.185737e+201		-7.896183e+203		-1.034933e+200		-1.210607e+200		8.041785e+211		8.862211e+208		1.489597e+209		8.954038e+209		3.028383e+209		-1.510180e+212		-2.855478e+211		-3.347971e+209		6.350770e+209		-2.128762e+211		-3.580272e+210		3.426855e+209		9.883439e+208		1.508231e+209		1.159053e+209		3.767532e+210		-4.919292e+203		-6.683444e+199		0.000000e+00		2.432448e+208		6.989400e+208		5.937416e+208		
93.000000		1.504347e+210		1.602661e+209		-2.223582e+210		-3.880752e+210		-2.562961e+209		-2.282276e+209		6.206089e+209		-3.588787e+209		1.037679e+212		2.722791e+209		2.368269e+210		1.270593e+209		4.696990e+209		1.347156e+209		-8.976137e+208		9.219435e+208		-1.538407e+204		-4.271303e+200		-1.620415e+208		2.155000e+207		-6.599602e+199		3.039933e+207		-4.173461e+202		-0.000000e+00		-6.737675e+199		-6.743360e+199		-6.555742e+199		-6.555738e+199		-1.065832e+208		-5.186703e+201		-8.034048e+203		-1.034938e+200		-1.210436e+200		9.810434e+211		8.862097e+208		1.491488e+209		8.885999e+209		3.028468e+209		-2.085764e+212		-2.602189e+211		-3.347652e+209		6.746765e+209		1.035574e+212		-3.581510e+210		3.427434e+209		9.883205e+208		1.582051e+209		1.184360e+209		3.767579e+210		-4.919527e+203		-6.739835e+199		0.000000e+00		2.432450e+208		6.988992e+208		5.937397e+208		
95.000000		1.460293e+210		1.602664e+209		-2.266766e+210		-4.210087e+210		-2.562980e+209		-2.285261e+209		5.716213e+209		-3.603943e+209		1.034777e+212		2.722901e+209		2.457573e+210		1.249860e+209		4.774549e+209		1.742505e+209		9.021043e+208		8.239321e+208		-1.901322e+205		-4.271501e+200		1.782247e+209		2.569067e+207		-6.599602e+199		3.153656e+207		-4.173461e+202		-0.000000e+00		-6.807391e+199		-6.807764e+199		-6.555741e+199		-6.555738e+199		-1.332704e+208		-5.187460e+201		-8.165122e+203		-1.034942e+200		-1.210242e+200		1.236810e+212		8.861989e+208		1.493472e+209		8.812613e+209		3.028556e+209		-2.978791e+212		-2.309618e+211		-3.347335e+209		7.067362e+209		1.351364e+211		-3.582524e+210		3.428013e+209		9.882899e+208		1.656903e+209		1.207518e+209		3.767574e+210		-4.919843e+203		-6.810734e+199		0.000000e+00		2.432452e+208		6.988591e+208		5.937379e+208		
97.000000		1.416512e+210		1.602666e+209		-2.315484e+210		-4.587212e+210		-2.562995e+209		-2.288610e+209		5.325787e+209		-3.619782e+209		1.032237e+212		2.723009e+209		2.554564e+210		1.223838e+209		4.851961e+209		1.962865e+209		8.550572e+208		8.598170e+208		-1.985862e+206		-4.271765e+200		8.143666e+208		3.111825e+207		-6.599602e+199		3.557586e+207		-4.173461e+202		0.000000e+00		-6.892558e+199		-6.892618e+199		-6.555741e+199		-6.555738e+199		-1.716293e+208		-5.188051e+201		-8.290268e+203		-1.034946e+200		-1.210025e+200		1.619954e+212		8.861882e+208		1.495458e+209		8.735978e+209		3.028646e+209		-4.413053e+212		-2.027696e+211		-3.347018e+209		7.310956e+209		6.900595e+210		-3.583424e+210		3.428594e+209		9.882499e+208		1.732252e+209		1.229619e+209		3.767557e+210		-4.920266e+203		-6.898542e+199		0.000000e+00		2.432452e+208		6.988202e+208		5.937361e+208		
99.000000		1.374241e+210		1.602668e+209		-2.369574e+210		-4.993388e+210		-2.563007e+209		-2.292334e+209		5.025710e+209		-3.635792e+209		1.030308e+212		2.723116e+209		2.658805e+210		1.192648e+209		4.928543e+209		2.082991e+209		8.696978e+208		8.810815e+208		-1.336800e+207		-4.272113e+200		7.882560e+208		3.820254e+207		-6.599602e+199		4.250530e+207		-4.173461e+202		0.000000e+00		-7.002576e+199		-7.003326e+199		-6.555740e+199		-6.555738e+199		-2.282526e+208		-5.188512e+201		-8.409773e+203		-1.034950e+200		-1.209788e+200		2.226114e+212		8.861781e+208		1.497372e+209		8.659273e+209		3.028737e+209		-6.854015e+212		-1.770754e+211		-3.346701e+209		7.489251e+209		4.529135e+210		-3.584205e+210		3.429176e+209		9.881977e+208		1.807161e+209		1.251450e+209		3.767574e+210		-4.920829e+203		-7.013657e+199		0.000000e+00		2.432452e+208		6.987829e+208		5.937342e+208		
101.000000		1.334377e+210		1.602671e+209		-2.428929e+210		-5.407023e+210		-2.563013e+209		-2.296416e+209		4.802984e+209		-3.651447e+209		1.028531e+212		2.723225e+209		2.769915e+210		1.157294e+209		5.003875e+209		2.149878e+209		8.805660e+208		8.927591e+208		-6.176395e+207		-4.272569e+200		7.947587e+208		4.738851e+207		-6.599602e+199		5.286353e+207		-4.173461e+202		0.000000e+00		-7.148034e+199		-7.147037e+199		-6.555740e+199		-6.555738e+199		-3.148383e+208		-5.188870e+201		-8.523412e+203		-1.034953e+200		-1.209530e+200		3.268725e+212		8.861682e+208		1.499139e+209		8.585244e+209		3.028834e+209		-1.137254e+213		-1.544282e+211		-3.346382e+209		7.617739e+209		3.333594e+210		-3.584832e+210		3.429757e+209		9.881299e+208		1.880528e+209		1.273474e+209		3.767585e+210		-4.921564e+203		-7.165214e+199		0.000000e+00		2.432452e+208		6.987472e+208		5.937323e+208		
103.000000		1.297451e+210		1.602673e+209		-2.493706e+210		-5.809284e+210		-2.563013e+209		-2.300836e+209		4.644232e+209		-3.666281e+209		1.027176e+212		2.723334e+209		2.887698e+210		1.119720e+209		5.077650e+209		2.178261e+209		8.843630e+208		8.975405e+208		-2.335083e+208		-4.273158e+200		7.995084e+208		5.917356e+207		-6.599602e+199		6.703869e+207		-4.173461e+202		0.000000e+00		-7.334123e+199		-7.333168e+199		-6.555739e+199		-6.555738e+199		-4.537907e+208		-5.189147e+201		-8.630513e+203		-1.034957e+200		-1.209252e+200		5.346753e+212		8.861583e+208		1.500685e+209		8.516479e+209		3.028934e+209		-2.099163e+213		-1.349265e+211		-3.346061e+209		7.711094e+209		2.622861e+210		-3.585369e+210		3.430342e+209		9.880425e+208		1.951220e+209		1.295831e+209		3.767629e+210		-4.922497e+203		-7.362858e+199		0.000000e+00		2.432450e+208		6.987131e+208		5.937305e+208		
105.000000		1.263608e+210		1.602675e+209		-2.564519e+210		-6.186951e+210		-2.563006e+209		-2.305575e+209		4.537446e+209		-3.679935e+209		1.026318e+212		2.723440e+209		3.012311e+210		1.082482e+209		5.149530e+209		2.163721e+209		8.798955e+208		8.947621e+208		-1.129966e+209		-4.273897e+200		7.975426e+208		7.405261e+207		-6.599602e+199		8.535828e+207		-4.173461e+202		0.000000e+00		-7.576737e+199		-7.574200e+199		-6.555739e+199		-6.555738e+199		-6.942055e+208		-5.189360e+201		-8.730066e+203		-1.034962e+200		-1.208955e+200		1.104498e+213		8.861487e+208		1.501929e+209		8.454772e+209		3.029033e+209		-4.718953e+213		-1.184128e+211		-3.345742e+209		7.781417e+209		2.153084e+210		-3.585821e+210		3.430929e+209		9.879318e+208		2.018368e+209		1.318292e+209		3.767675e+210		-4.923639e+203		-7.622456e+199		0.000000e+00		2.432448e+208		6.986809e+208		5.937286e+208		
107.000000		1.232662e+210		1.602678e+209		-2.642549e+210		-6.537317e+210		-2.562988e+209		-2.310632e+209		4.470402e+209		-3.692216e+209		1.025310e+212		2.723540e+209		3.144236e+210		1.048097e+209		5.218476e+209		2.103134e+209		8.685763e+208		8.839176e+208		2.681574e+209		-4.274801e+200		7.905160e+208		9.242453e+207		-6.599602e+199		1.086089e+208		-4.173461e+202		0.000000e+00		-7.890624e+199		-7.886835e+199		-6.555739e+199		-6.555738e+199		-1.170195e+209		-5.189522e+201		-8.820867e+203		-1.034967e+200		-1.208638e+200		7.513742e+213		8.861391e+208		1.502775e+209		8.400971e+209		3.029127e+209		-1.886959e+214		-1.046553e+211		-3.345424e+209		7.837782e+209		1.814895e+210		-3.586191e+210		3.431514e+209		9.877954e+208		2.081656e+209		1.339812e+209		3.767689e+210		-4.924985e+203		-7.963508e+199		0.000000e+00		2.432446e+208		6.986511e+208		5.937267e+208		
109.000000		1.204138e+210		1.602680e+209		-2.729672e+210		-6.880792e+210		-2.562962e+209		-2.316021e+209		4.422134e+209		-3.703143e+209		1.023987e+212		2.723638e+209		3.284379e+210		1.018504e+209		5.281914e+209		2.019886e+209		8.573204e+208		8.692117e+208		1.121071e+209		-4.275866e+200		7.854754e+208		1.144112e+208		-6.599602e+199		1.374518e+208		-4.173461e+202		0.000000e+00		-8.298648e+199		-8.293627e+199		-6.555738e+199		-6.555738e+199		-2.421299e+209		-5.189644e+201		-8.901657e+203		-1.034973e+200		-1.208298e+200		-2.117655e+213		8.861301e+208		1.503082e+209		8.354612e+209		3.029223e+209		4.141328e+214		-9.336416e+210		-3.345107e+209		7.886364e+209		1.550716e+210		-3.586528e+210		3.432097e+209		9.876360e+208		2.141681e+209		1.357463e+209		3.767703e+210		-4.926503e+203		-8.412556e+199		0.000000e+00		2.432444e+208		6.986235e+208		5.937249e+208		
111.000000		1.177385e+210		1.602682e+209		-2.828509e+210		-7.306851e+210		-2.562923e+209		-2.321771e+209		4.340242e+209		-3.712928e+209		1.022781e+212		2.723733e+209		3.434024e+210		9.949743e+208		5.333973e+209		1.952446e+209		8.541241e+208		8.582578e+208		9.141820e+208		-4.277051e+200		7.892002e+208		1.395173e+208		-6.599602e+199		1.703774e+208		-4.173461e+202		0.000000e+00		-8.832419e+199		-8.824673e+199		-6.555738e+199		-6.555738e+199		-1.133890e+210		-5.189735e+201		-8.971251e+203		-1.034979e+200		-1.207932e+200		-1.083822e+213		8.861217e+208		1.502620e+209		8.313626e+209		3.029315e+209		2.666295e+214		-8.423250e+210		-3.344799e+209		7.931113e+209		1.327645e+210		-3.586802e+210		3.432676e+209		9.874649e+208		2.200862e+209		1.365489e+209		3.767641e+210		-4.928104e+203		-8.999434e+199		0.000000e+00		2.432442e+208		6.985987e+208		5.937231e+208		
113.000000		1.151819e+210		1.602684e+209		-2.942188e+210		-8.109425e+210		-2.562872e+209		-2.327907e+209		4.114672e+209		-3.721920e+209		1.022060e+212		2.723819e+209		3.594497e+210		9.783653e+208		5.362994e+209		1.939251e+209		8.645155e+208		8.592805e+208		8.680900e+208		-4.278255e+200		8.052344e+208		1.661789e+208		-6.599602e+199		2.014708e+208		-4.173461e+202		0.000000e+00		-9.525668e+199		-9.515610e+199		-6.555738e+199		-6.555738e+199		7.069585e+209		-5.189801e+201		-9.028629e+203		-1.034985e+200		-1.207539e+200		-8.200749e+212		8.861138e+208		1.500939e+209		8.273621e+209		3.029399e+209		1.927697e+215		-7.697369e+210		-3.344502e+209		7.974774e+209		1.129305e+210		-3.587043e+210		3.433232e+209		9.873080e+208		2.265624e+209		1.357190e+209		3.767567e+210		-4.929623e+203		-9.733709e+199		0.000000e+00		2.432440e+208		6.985768e+208		5.937215e+208		
115.000000		1.127395e+210		1.602685e+209		-3.073070e+210		-1.019773e+211		-2.562808e+209		-2.334366e+209		3.644663e+209		-3.730542e+209		1.021381e+212		2.723892e+209		3.765533e+210		9.692916e+208		5.348040e+209		2.029662e+209		8.915817e+208		8.807355e+208		8.743693e+208		-4.279321e+200		8.341541e+208		1.914796e+208		-6.599602e+199		2.214388e+208		-4.173461e+202		0.000000e+00		-1.039515e+200		-1.038388e+200		-6.555738e+199		-6.555738e+199		3.413035e+209		-5.189846e+201		-9.072919e+203		-1.034991e+200		-1.207119e+200		-7.414157e+212		8.861071e+208		1.497054e+209		8.225796e+209		3.029470e+209		-1.842174e+214		-7.130632e+210		-3.344234e+209		8.020347e+209		9.544795e+209		-3.587259e+210		3.433737e+209		9.872051e+208		2.349471e+209		1.331759e+209		3.767465e+210		-4.930855e+203		-1.056614e+200		0.000000e+00		2.432438e+208		6.985588e+208		5.937202e+208		
117.000000		1.105385e+210		1.602685e+209		-3.217932e+210		-1.665495e+211		-2.562742e+209		-2.340721e+209		3.051688e+209		-3.740453e+209		1.021159e+212		2.723948e+209		3.940333e+210		9.674908e+208		5.256404e+209		2.295115e+209		9.339124e+208		9.279346e+208		9.026361e+208		-4.280082e+200		8.719054e+208		2.114720e+208		-6.599602e+199		2.274417e+208		-4.173461e+202		0.000000e+00		-1.133778e+200		-1.133725e+200		-6.555738e+199		-6.555738e+199		2.625688e+209		-5.189874e+201		-9.103178e+203		-1.034995e+200		-1.206693e+200		-7.588597e+212		8.861018e+208		1.488718e+209		8.152336e+209		3.029525e+209		-8.368639e+213		-6.700474e+210		-3.344017e+209		8.070935e+209		8.148057e+209		-3.587397e+210		3.434147e+209		9.871918e+208		2.472604e+209		1.299693e+209		3.767382e+210		-4.931646e+203		-1.133584e+200		0.000000e+00		2.432436e+208		6.985454e+208		5.937192e+208		
119.000000		1.089707e+210		1.602686e+209		-3.350695e+210		-4.100241e+211		-2.562695e+209		-2.345285e+209		2.614517e+209		-3.758394e+209		1.021128e+212		2.723983e+209		4.088818e+210		9.699176e+208		5.068177e+209		2.831684e+209		9.780477e+208		9.932506e+208		9.323424e+208		-4.280449e+200		9.047289e+208		2.224035e+208		-6.599602e+199		2.272673e+208		-4.173461e+202		0.000000e+00		-1.200220e+200		-1.202775e+200		-6.555738e+199		-6.555738e+199		2.390124e+209		-5.189887e+201		-9.118369e+203		-1.034997e+200		-1.206344e+200		-8.470899e+212		8.860989e+208		1.473375e+209		8.031991e+209		3.029558e+209		-6.883687e+213		-6.413741e+210		-3.343888e+209		8.121607e+209		7.299393e+209		-3.587464e+210		3.434394e+209		9.872447e+208		2.637202e+209		1.277131e+209		3.767337e+210		-4.931986e+203		-1.180555e+200		0.000000e+00		2.432435e+208		6.985378e+208		5.937186e+208		
