# z		 z0		 z1		 T		 P		1		2		3		4		5		6		7		8		9		10		11		12		13		14		15		16		17		18		19		20		21		22		23		24		25		26		27		28		29		30		31		32		33		34		35		36		37		38		39		40		41		42		43		44		45		46		47		48		49		50		51		52		53		54		55		56		57		58		59		60		61		62		63		64		65		66		67		68		69		70		71		72		73		74		75		76		77		78		79		80		81		82		83		84		85		86		87		88		89		90		91		92		93		94		95		96		97		98		99		100		101		102		103		104		105		106		107		108		109		110		111		
#  km		 km		 km		 K		 Pa		
1.000000 0.000000 2.000000 311.189996 9.791913e+04 9.505466e+02 1.223822e-08 4.814069e+09 1.016131e+06 1.730912e+00 1.726087e+04 1.650040e+18 1.712194e-08 3.041770e-09 3.594755e-13 1.756725e+05 2.565440e+03 2.197304e-04 1.489308e-11 3.935343e-26 3.403509e+02 2.367541e+01 5.426847e-05 1.653125e-17 2.415598e+11 4.182973e+12 5.510884e+08 2.626853e-02 2.778318e+08 3.833245e-13 2.087076e-41 1.766342e-07 3.825965e-10 9.043649e-01 4.212017e-01 4.050163e+05 1.113063e-14 1.233245e+01 7.643486e-02 3.510497e+03 3.833241e-02 9.631330e-02 5.517103e-16 1.747184e-16 1.450582e-17 5.334274e-33 6.940440e-17 9.801733e-16 4.372259e-25 5.883091e-19 3.172473e-18 9.351279e-19 7.737302e-19 0.000000e+00 0.000000e+00 0.000000e+00 2.279060e+18 2.519099e+14 2.057283e+01 2.051155e+19 2.368183e-12 2.820286e-05 1.250511e-14 7.637689e-07 5.016750e+04 2.232979e+06 2.067003e+03 1.427104e+08 4.190915e-19 1.221450e-01 8.339796e-07 2.247914e-22 1.797865e-20 0.000000e+00 7.181845e-16 1.540552e-11 2.062028e-10 8.351070e-18 2.290413e-27 1.543081e-26 0.000000e+00 5.158408e-66 0.000000e+00 3.676099e-116 2.407683e-09 0.000000e+00 0.000000e+00 0.000000e+00 0.000000e+00 0.000000e+00 0.000000e+00 0.000000e+00 0.000000e+00 0.000000e+00 0.000000e+00 0.000000e+00 0.000000e+00 0.000000e+00 0.000000e+00 0.000000e+00 0.000000e+00 0.000000e+00 0.000000e+00 0.000000e+00 0.000000e+00 0.000000e+00 0.000000e+00 0.000000e+00 0.000000e+00 0.000000e+00 3.383666e-53 2.562753e-33 3.065152e-32 4.408385e-12 6.877675e-21 0.000000e+00
3.000000 2.000000 4.000000 304.202445 7.812168e+04 6.786708e+05 5.805269e-04 2.227128e+09 4.973696e+05 6.875285e+01 9.287538e+03 2.127577e+17 1.105530e-08 7.150084e-08 7.007400e-12 1.444343e+05 2.280095e+03 6.772819e-03 4.731171e-08 2.981985e-21 2.511589e+02 9.084053e+00 1.805435e-03 1.564210e-17 2.381769e+11 3.412798e+12 4.529963e+08 6.493247e-01 2.230677e+08 1.092791e-11 2.252478e-40 6.302990e-07 3.277068e-09 6.929918e-01 2.958899e-01 3.233679e+05 2.393441e-14 2.091679e+01 9.989161e-02 4.980113e+03 4.340106e-02 8.087166e-02 1.186117e-15 6.780372e-13 1.092334e-17 0.000000e+00 1.047339e-16 4.929597e-16 8.137746e-25 1.374555e-18 4.093984e-18 1.208610e-18 3.521919e-19 0.000000e+00 0.000000e+00 0.000000e+00 1.860025e+18 2.055489e+14 5.572399e+03 1.674039e+19 5.433600e-12 2.436221e-06 1.740289e-14 2.855273e-07 3.467911e+04 1.909869e+06 1.314639e+03 1.447137e+08 2.232104e-17 6.302491e-02 4.705376e-06 4.374610e-23 9.149129e-21 0.000000e+00 2.033742e-12 2.815326e-09 1.059064e-08 9.747670e-18 1.535527e-27 1.034587e-26 0.000000e+00 2.313219e-61 0.000000e+00 3.000228e-116 2.587751e-09 0.000000e+00 0.000000e+00 0.000000e+00 0.000000e+00 0.000000e+00 0.000000e+00 0.000000e+00 0.000000e+00 0.000000e+00 0.000000e+00 0.000000e+00 0.000000e+00 0.000000e+00 0.000000e+00 0.000000e+00 0.000000e+00 0.000000e+00 0.000000e+00 0.000000e+00 0.000000e+00 0.000000e+00 0.000000e+00 0.000000e+00 0.000000e+00 0.000000e+00 3.542700e-52 7.019409e-31 7.829796e-30 8.143364e-12 6.906747e-21 0.000000e+00
5.000000 4.000000 6.000000 296.972912 6.188063e+04 3.546103e+06 1.537144e-02 3.326746e+09 9.587686e+05 4.635837e+02 2.413054e+04 1.425780e+17 4.120938e-09 2.107933e-07 1.582059e-11 1.197494e+05 2.011642e+03 1.847728e-02 4.543638e-07 1.882988e-19 1.886721e+02 1.293158e+01 8.593047e-03 1.365797e-16 2.443714e+11 2.767832e+12 4.297982e+08 2.291133e+00 1.722051e+08 4.066742e-11 5.913701e-40 1.212723e-06 7.364983e-09 5.777506e-01 2.244921e-01 2.451477e+05 1.360182e-13 4.227850e+01 1.723310e-01 2.764642e+03 2.140737e-02 6.796040e-02 2.343537e-15 3.174456e-12 3.160363e-18 1.923413e-33 1.952301e-17 1.379702e-16 6.424215e-25 1.408876e-19 6.445862e-19 1.912794e-19 2.863196e-19 0.000000e+00 0.000000e+00 0.000000e+00 1.509193e+18 1.667275e+14 4.682686e+04 1.358294e+19 7.800722e-12 2.373427e-07 6.828738e-14 4.821222e-07 2.758225e+04 1.672132e+06 8.722450e+02 1.129488e+08 9.709997e-17 3.293910e-02 7.287809e-06 6.502082e-24 3.156577e-21 0.000000e+00 9.457870e-11 1.812513e-08 2.010584e-08 0.000000e+00 5.910742e-28 3.983227e-27 0.000000e+00 5.657542e-64 0.000000e+00 2.434351e-116 2.859582e-09 0.000000e+00 0.000000e+00 0.000000e+00 0.000000e+00 0.000000e+00 0.000000e+00 0.000000e+00 0.000000e+00 0.000000e+00 0.000000e+00 0.000000e+00 0.000000e+00 0.000000e+00 0.000000e+00 0.000000e+00 0.000000e+00 0.000000e+00 0.000000e+00 0.000000e+00 0.000000e+00 0.000000e+00 0.000000e+00 0.000000e+00 0.000000e+00 0.000000e+00 5.268465e-51 2.901808e-30 2.944300e-29 1.215546e-11 8.579734e-21 0.000000e+00
7.000000 6.000000 8.000000 289.477739 4.871539e+04 1.672138e+07 4.135628e-01 4.050836e+09 1.554379e+06 2.929736e+03 5.378047e+04 9.181664e+16 1.889277e-09 4.377938e-07 3.314242e-11 1.009895e+05 1.788623e+03 5.598717e-02 4.931748e-06 1.605060e-17 1.380657e+02 1.580536e+01 3.303534e-02 7.440641e-16 2.611379e+11 2.233956e+12 3.818317e+08 6.363611e+00 1.234160e+08 1.798032e-10 1.592273e-39 3.406593e-06 1.998193e-08 5.116508e-01 1.785448e-01 1.816424e+05 8.044700e-13 9.368097e+01 3.319168e-01 2.001458e+03 1.432650e-02 5.729141e-02 3.777697e-15 1.156174e-11 0.000000e+00 4.269951e-34 0.000000e+00 0.000000e+00 0.000000e+00 0.000000e+00 0.000000e+00 0.000000e+00 0.000000e+00 0.000000e+00 0.000000e+00 0.000000e+00 1.218865e+18 1.345927e+14 3.631682e+05 1.097002e+19 1.259361e-11 2.406919e-08 2.028666e-13 7.238225e-07 2.331718e+04 1.496204e+06 5.450756e+02 6.578271e+07 5.848146e-16 1.650692e-02 1.155920e-05 1.686327e-24 0.000000e+00 0.000000e+00 4.982150e-09 1.133988e-07 3.382760e-08 0.000000e+00 0.000000e+00 0.000000e+00 6.600468e-37 0.000000e+00 0.000000e+00 1.966059e-116 3.243516e-09 0.000000e+00 0.000000e+00 0.000000e+00 0.000000e+00 0.000000e+00 0.000000e+00 0.000000e+00 0.000000e+00 0.000000e+00 0.000000e+00 0.000000e+00 0.000000e+00 0.000000e+00 0.000000e+00 0.000000e+00 0.000000e+00 0.000000e+00 0.000000e+00 0.000000e+00 0.000000e+00 0.000000e+00 0.000000e+00 0.000000e+00 0.000000e+00 0.000000e+00 9.425133e-50 1.208268e-29 1.155376e-28 1.751253e-11 1.301300e-20 0.000000e+00
9.000000 8.000000 10.000000 281.606850 3.810542e+04 4.682762e+07 4.559383e+00 4.202229e+09 2.151840e+06 1.108730e+04 9.949482e+04 5.611207e+16 1.183048e-09 6.253656e-07 5.163431e-11 8.729186e+04 1.605997e+03 1.194908e-01 2.512781e-05 4.972362e-16 9.724481e+01 1.678349e+01 8.194700e-02 2.738905e-15 2.801029e+11 1.794724e+12 3.125513e+08 1.121688e+01 8.185338e+07 7.934939e-10 2.599882e-39 7.718029e-06 3.960492e-08 4.803679e-01 1.476961e-01 1.346830e+05 3.737935e-12 2.071518e+02 6.478291e-01 1.692825e+03 1.355276e-02 4.852318e-02 4.951523e-15 2.269876e-11 0.000000e+00 6.339595e-32 0.000000e+00 0.000000e+00 0.000000e+00 0.000000e+00 0.000000e+00 0.000000e+00 0.000000e+00 0.000000e+00 0.000000e+00 0.000000e+00 9.800468e+17 1.081558e+14 1.655440e+06 8.820637e+18 5.022623e-11 4.642200e-09 4.732394e-13 9.458373e-07 2.026922e+04 1.318004e+06 3.204595e+02 3.813222e+07 2.848843e-15 7.950665e-03 1.301199e-05 7.584808e-25 0.000000e+00 0.000000e+00 1.228411e-07 4.260685e-07 3.523837e-08 0.000000e+00 0.000000e+00 0.000000e+00 4.420788e-34 0.000000e+00 0.000000e+00 1.580844e-116 3.794532e-09 0.000000e+00 0.000000e+00 0.000000e+00 0.000000e+00 0.000000e+00 0.000000e+00 0.000000e+00 0.000000e+00 0.000000e+00 0.000000e+00 0.000000e+00 0.000000e+00 0.000000e+00 0.000000e+00 0.000000e+00 0.000000e+00 0.000000e+00 0.000000e+00 0.000000e+00 0.000000e+00 0.000000e+00 0.000000e+00 0.000000e+00 0.000000e+00 0.000000e+00 1.948578e-48 2.849356e-29 2.974705e-28 2.374943e-11 2.278588e-20 0.000000e+00
11.000000 10.000000 12.000000 273.393926 2.959392e+04 9.627839e+07 3.024326e+01 3.916536e+09 2.690276e+06 3.101831e+04 1.605421e+05 3.237687e+16 1.155761e-09 9.448026e-07 9.753704e-11 7.972813e+04 1.493953e+03 2.157134e-01 8.568094e-05 9.560800e-15 6.635621e+01 1.675280e+01 1.600443e-01 7.954941e-15 3.023449e+11 1.433797e+12 2.374280e+08 1.454558e+01 5.044628e+07 4.511989e-09 3.059806e-39 1.551009e-05 6.556761e-08 4.746914e-01 1.255617e-01 1.008361e+05 1.463729e-11 4.103465e+02 1.149413e+00 1.541885e+03 1.681097e-02 4.194113e-02 5.555364e-15 3.138341e-11 0.000000e+00 4.234366e-33 0.000000e+00 0.000000e+00 0.000000e+00 0.000000e+00 0.000000e+00 0.000000e+00 0.000000e+00 0.000000e+00 0.000000e+00 0.000000e+00 7.839992e+17 8.644926e+13 5.556619e+06 7.056189e+18 3.605068e-10 1.710962e-09 9.587822e-13 1.122100e-06 1.787363e+04 1.145260e+06 1.811694e+02 2.398224e+07 1.275979e-14 3.870536e-03 1.226488e-05 6.078842e-25 0.000000e+00 0.000000e+00 2.054830e-06 1.190126e-06 3.865684e-08 0.000000e+00 0.000000e+00 0.000000e+00 3.241552e-35 2.214330e-68 0.000000e+00 1.264617e-116 4.563518e-09 0.000000e+00 0.000000e+00 0.000000e+00 0.000000e+00 0.000000e+00 0.000000e+00 0.000000e+00 0.000000e+00 0.000000e+00 0.000000e+00 0.000000e+00 0.000000e+00 0.000000e+00 0.000000e+00 0.000000e+00 0.000000e+00 0.000000e+00 0.000000e+00 0.000000e+00 0.000000e+00 0.000000e+00 0.000000e+00 0.000000e+00 0.000000e+00 0.000000e+00 5.657435e-47 1.035285e-28 1.569378e-27 4.388054e-11 5.036714e-20 0.000000e+00
13.000000 12.000000 14.000000 264.759058 2.280381e+04 2.105778e+08 4.244381e+02 2.448135e+09 2.811187e+06 1.160888e+05 2.242831e+05 1.595950e+16 3.077148e-09 5.041612e-06 1.101814e-09 1.211935e+05 2.143453e+03 9.451719e-01 9.815416e-04 1.489013e-12 4.993201e+01 2.170021e+01 6.391874e-01 1.211385e-14 4.931981e+11 1.132330e+12 1.986832e+08 2.714602e+01 1.990036e+07 1.616504e-07 5.296871e-39 7.054321e-05 2.025892e-07 6.113873e-01 1.258113e-01 7.973226e+04 1.152355e-10 1.442729e+03 3.967615e+00 2.815085e+03 4.928780e-02 4.829294e-02 6.455257e-15 7.774486e-11 1.599267e-18 2.588363e-33 1.501354e-17 4.272180e-16 6.360642e-23 2.552903e-20 1.471424e-19 7.063137e-20 1.989200e-17 1.141270e-34 2.189488e-53 0.000000e+00 6.238143e+17 6.856750e+13 2.538675e+07 5.614524e+18 6.688761e-09 1.137951e-09 1.498608e-12 1.298711e-06 1.861954e+04 1.431425e+06 9.159019e+01 1.755748e+07 1.486377e-13 2.873280e-03 2.480378e-05 2.334309e-24 2.962272e-20 0.000000e+00 1.087506e-04 5.329116e-06 1.137243e-06 6.197793e-16 6.327448e-27 4.274192e-26 2.754419e-35 6.435767e-63 0.000000e+00 1.006240e-116 6.499577e-09 0.000000e+00 0.000000e+00 0.000000e+00 0.000000e+00 0.000000e+00 0.000000e+00 0.000000e+00 0.000000e+00 0.000000e+00 0.000000e+00 0.000000e+00 0.000000e+00 0.000000e+00 0.000000e+00 0.000000e+00 0.000000e+00 0.000000e+00 0.000000e+00 0.000000e+00 0.000000e+00 0.000000e+00 0.000000e+00 0.000000e+00 0.000000e+00 0.000000e+00 8.472445e-45 2.119865e-26 3.972513e-25 4.010045e-10 3.991571e-19 0.000000e+00
15.000000 14.000000 16.000000 254.797770 1.741176e+04 4.195468e+08 6.991395e+03 1.157463e+09 2.109684e+06 3.956975e+05 2.257381e+05 6.606089e+15 4.554250e-08 3.829183e-05 2.409000e-08 3.220728e+05 4.547413e+03 7.233883e+00 1.925051e-02 4.977710e-10 3.401786e+01 3.029039e+01 3.325269e+00 6.884429e-15 9.973664e+11 8.779337e+11 1.326173e+08 4.593261e+01 4.644544e+06 4.158949e-05 8.232424e-39 4.888290e-04 7.092948e-07 1.041007e+00 1.385440e-01 1.052050e+05 1.334069e-09 4.518002e+03 1.305118e+01 3.800073e+03 2.122744e-01 8.282563e-02 7.027435e-15 2.607686e-10 0.000000e+00 5.177217e-34 0.000000e+00 0.000000e+00 0.000000e+00 0.000000e+00 0.000000e+00 0.000000e+00 0.000000e+00 0.000000e+00 0.000000e+00 0.000000e+00 4.949271e+17 5.387707e+13 1.180146e+08 4.454547e+18 1.491907e-07 3.219527e-09 1.143637e-12 8.001912e-07 1.480110e+04 1.912744e+06 3.184806e+01 1.205890e+07 3.034966e-12 3.787239e-03 6.144032e-05 6.406933e-23 0.000000e+00 0.000000e+00 9.132098e-03 1.855411e-05 1.404694e-04 0.000000e+00 0.000000e+00 0.000000e+00 9.357902e-36 0.000000e+00 0.000000e+00 7.983487e-117 1.022287e-08 0.000000e+00 0.000000e+00 0.000000e+00 0.000000e+00 0.000000e+00 0.000000e+00 0.000000e+00 0.000000e+00 0.000000e+00 0.000000e+00 0.000000e+00 0.000000e+00 0.000000e+00 0.000000e+00 0.000000e+00 0.000000e+00 0.000000e+00 0.000000e+00 0.000000e+00 0.000000e+00 0.000000e+00 0.000000e+00 0.000000e+00 0.000000e+00 0.000000e+00 4.107188e-42 4.344597e-23 3.022995e-22 7.260693e-09 6.989653e-18 0.000000e+00
17.000000 16.000000 18.000000 242.135447 1.313266e+04 1.583776e+08 5.605766e+05 2.430961e+08 3.456686e+06 3.006852e+07 4.275091e+07 1.925416e+15 1.347888e-05 1.661338e-04 5.397477e-07 8.281068e+05 7.629552e+03 8.783225e+01 1.218927e-01 5.630778e-08 3.424832e+01 7.451068e+01 5.431464e+01 8.683449e-15 2.231917e+12 6.779829e+11 2.948775e+07 1.344155e+03 3.407252e+05 2.025319e-02 9.220884e-39 1.034269e-02 7.261008e-06 1.398255e+01 1.431684e+00 2.796208e+05 3.867708e-08 1.076393e+04 1.354281e+02 1.411672e+04 4.042607e+00 1.320841e-01 1.221626e-14 5.399182e-10 3.027551e-20 3.341821e-35 3.263782e-18 6.116351e-17 6.963886e-23 2.479929e-21 5.435178e-21 8.460068e-21 1.795601e-19 0.000000e+00 0.000000e+00 0.000000e+00 3.928118e+17 4.141572e+13 9.461820e+09 3.535499e+18 1.592053e-05 8.095267e-08 4.481949e-12 3.920706e-06 4.694863e+04 1.430070e+06 8.063969e+00 1.186629e+07 2.275257e-10 7.856901e-02 1.805731e-04 5.287228e-19 1.834611e-20 0.000000e+00 7.979906e+00 4.479287e-03 8.865012e-03 2.325891e-16 1.623133e-27 1.098101e-26 2.424114e-37 1.393270e-67 0.000000e+00 6.336361e-117 1.530789e-07 0.000000e+00 0.000000e+00 0.000000e+00 0.000000e+00 0.000000e+00 0.000000e+00 0.000000e+00 0.000000e+00 0.000000e+00 0.000000e+00 0.000000e+00 0.000000e+00 0.000000e+00 0.000000e+00 0.000000e+00 0.000000e+00 0.000000e+00 0.000000e+00 0.000000e+00 0.000000e+00 0.000000e+00 0.000000e+00 0.000000e+00 0.000000e+00 0.000000e+00 3.270068e-39 6.929758e-19 1.706085e-19 2.663025e-07 1.703005e-16 0.000000e+00
19.000000 18.000000 20.000000 225.994104 9.732589e+03 2.501104e+07 7.469317e+07 7.843601e+05 6.024495e+05 3.000505e+08 4.141205e+09 3.266632e+14 2.302738e-02 2.223700e-03 5.798390e-06 1.946248e+06 5.419088e+03 2.743757e+03 1.448463e+00 1.779519e-05 1.822026e-01 8.780086e+00 2.706061e+02 1.318167e-22 1.165193e+13 5.344831e+11 2.617741e+06 2.021615e+02 4.371091e+04 5.131591e-01 1.133795e-37 2.466509e-02 1.667898e-06 1.399067e+01 7.255921e-01 1.439486e+05 3.207472e-08 1.514043e+02 1.306143e-01 1.102997e+02 1.069630e-01 1.741989e-01 1.314964e-15 4.959222e-09 7.362342e-23 4.716210e-40 2.965614e-18 1.039585e-17 1.252329e-23 2.184004e-24 1.207351e-23 6.156680e-23 4.553460e-23 1.203494e-32 1.199062e-53 0.000000e+00 3.118939e+17 3.269357e+13 4.841928e+12 2.807294e+18 2.758038e-03 2.107515e-07 5.059935e-16 1.363993e-08 1.273361e+02 7.448800e+01 1.947745e-03 2.207440e+04 1.750813e-09 6.582749e-03 1.525811e-06 1.341404e-15 2.736227e-24 0.000000e+00 2.267901e+03 5.959962e-03 8.803114e-02 9.118022e-17 3.627822e-28 2.457179e-27 2.664202e-44 8.456856e-74 0.000000e+00 5.031259e-117 1.084690e-07 0.000000e+00 0.000000e+00 0.000000e+00 0.000000e+00 0.000000e+00 0.000000e+00 0.000000e+00 0.000000e+00 0.000000e+00 0.000000e+00 0.000000e+00 0.000000e+00 0.000000e+00 0.000000e+00 0.000000e+00 0.000000e+00 0.000000e+00 0.000000e+00 0.000000e+00 0.000000e+00 0.000000e+00 0.000000e+00 0.000000e+00 0.000000e+00 0.000000e+00 3.023439e-36 3.908340e-15 1.801025e-17 8.605886e-09 3.370944e-16 0.000000e+00
21.000000 20.000000 22.000000 208.438174 7.042067e+03 5.006412e+07 2.954412e+08 2.569190e+05 2.109848e+05 1.448356e+08 1.072464e+09 3.606623e+13 2.792688e-01 4.108336e-03 2.653588e-05 3.458274e+06 9.169620e+03 2.352833e+03 1.259821e+00 1.270322e-05 4.822218e-02 4.916316e+00 7.518770e+01 2.025673e-23 2.275730e+13 4.183558e+11 3.808245e+05 3.337612e+00 9.643668e+03 4.994224e-02 6.814504e-30 3.915030e-03 1.392671e-07 1.484966e+00 5.952435e-02 9.677282e+04 5.593780e-09 7.274950e+00 2.421102e-02 1.667347e+01 1.030488e-02 1.945092e-01 1.848319e-16 7.897602e-10 0.000000e+00 7.097316e-45 0.000000e+00 0.000000e+00 0.000000e+00 6.368574e-28 0.000000e+00 0.000000e+00 0.000000e+00 0.000000e+00 0.000000e+00 0.000000e+00 2.446663e+17 2.561736e+13 1.059106e+13 2.202314e+18 1.409330e-02 6.688459e-07 5.503814e-16 2.172439e-09 8.773893e+00 1.321589e+01 1.910740e-03 6.377800e+03 6.134973e-10 3.921610e-04 1.175199e-06 7.145075e-16 0.000000e+00 0.000000e+00 9.024905e+02 8.585042e-04 1.379508e-01 0.000000e+00 0.000000e+00 0.000000e+00 3.420032e-51 6.030649e-80 0.000000e+00 3.947010e-117 1.240975e-08 0.000000e+00 0.000000e+00 0.000000e+00 0.000000e+00 0.000000e+00 0.000000e+00 0.000000e+00 0.000000e+00 0.000000e+00 0.000000e+00 0.000000e+00 0.000000e+00 0.000000e+00 0.000000e+00 0.000000e+00 0.000000e+00 0.000000e+00 0.000000e+00 0.000000e+00 0.000000e+00 0.000000e+00 0.000000e+00 0.000000e+00 0.000000e+00 0.000000e+00 4.191573e-34 5.298431e-14 3.179425e-16 1.922683e-09 1.127935e-16 0.000000e+00
23.000000 22.000000 24.000000 195.778622 4.975339e+03 1.285288e+08 8.317419e+08 2.029589e+05 1.479378e+05 5.649931e+07 1.741989e+08 5.892959e+12 9.429045e-01 1.333524e-03 2.564952e-05 4.579266e+06 1.129601e+04 1.075533e+03 9.441218e-01 4.046707e-06 1.606956e-02 3.743239e+00 2.063404e+01 2.232825e-23 2.907782e+13 3.142137e+11 1.333463e+05 8.374383e-02 2.391660e+03 8.070202e-03 0.000000e+00 4.986042e-04 1.730393e-08 2.493888e-01 8.195845e-03 6.648084e+04 1.493355e-09 9.171615e-01 2.598223e-02 5.600925e+00 3.451784e-03 1.907199e-01 5.898294e-17 1.554445e-10 0.000000e+00 1.094960e-49 0.000000e+00 0.000000e+00 0.000000e+00 0.000000e+00 0.000000e+00 0.000000e+00 0.000000e+00 0.000000e+00 0.000000e+00 0.000000e+00 1.840266e+17 1.926036e+13 1.394088e+13 1.656586e+18 5.335609e-02 1.175907e-06 1.052285e-15 8.712165e-10 2.464212e+00 6.630698e+00 3.997200e-03 3.744989e+03 1.445392e-10 5.086885e-05 1.102213e-06 1.214539e-16 0.000000e+00 0.000000e+00 1.449250e+02 2.962365e-04 1.571215e-01 0.000000e+00 0.000000e+00 0.000000e+00 5.417731e-58 5.333773e-86 0.000000e+00 2.968949e-117 2.451057e-09 0.000000e+00 0.000000e+00 0.000000e+00 0.000000e+00 0.000000e+00 0.000000e+00 0.000000e+00 0.000000e+00 0.000000e+00 0.000000e+00 0.000000e+00 0.000000e+00 0.000000e+00 0.000000e+00 0.000000e+00 0.000000e+00 0.000000e+00 0.000000e+00 0.000000e+00 0.000000e+00 0.000000e+00 0.000000e+00 0.000000e+00 0.000000e+00 0.000000e+00 3.890606e-34 5.356103e-14 2.479418e-16 4.667747e-10 1.320972e-17 0.000000e+00
25.000000 24.000000 26.000000 188.906504 3.456786e+03 2.454866e+08 1.274043e+09 2.699327e+05 1.548103e+05 3.128101e+07 5.346533e+07 1.982317e+12 1.886720e+00 4.651939e-04 1.853441e-05 4.342686e+06 1.069990e+04 5.116137e+02 6.379586e-01 1.172167e-06 7.998683e-03 3.001775e+00 8.087626e+00 5.799049e-23 3.042924e+13 2.259593e+11 9.183059e+04 8.881931e-03 6.006595e+02 3.243479e-03 3.588564e-37 1.256241e-04 4.482119e-09 8.692093e-02 2.493289e-03 4.471403e+04 9.297208e-10 3.917083e-01 3.480206e-02 2.983178e+00 2.164714e-03 1.709391e-01 3.906077e-17 6.223348e-11 0.000000e+00 1.684345e-54 0.000000e+00 0.000000e+00 0.000000e+00 0.000000e+00 0.000000e+00 0.000000e+00 0.000000e+00 2.300086e-34 2.375022e-55 0.000000e+00 1.325004e+17 1.386575e+13 1.478120e+13 1.192840e+18 1.152284e-01 1.439535e-06 2.233473e-15 6.711823e-10 1.708185e+00 6.198103e+00 5.834754e-03 3.069420e+03 6.317059e-11 1.708553e-05 7.104467e-07 3.370862e-17 0.000000e+00 0.000000e+00 3.172229e+01 1.980153e-04 1.539977e-01 0.000000e+00 0.000000e+00 0.000000e+00 1.068688e-64 5.896376e-92 0.000000e+00 2.137819e-117 1.099455e-09 0.000000e+00 0.000000e+00 0.000000e+00 0.000000e+00 0.000000e+00 0.000000e+00 0.000000e+00 0.000000e+00 0.000000e+00 0.000000e+00 0.000000e+00 0.000000e+00 0.000000e+00 0.000000e+00 0.000000e+00 0.000000e+00 0.000000e+00 0.000000e+00 0.000000e+00 0.000000e+00 0.000000e+00 0.000000e+00 0.000000e+00 0.000000e+00 0.000000e+00 6.749503e-35 2.314010e-14 1.044767e-16 2.115692e-10 2.054976e-18 0.000000e+00
27.000000 26.000000 28.000000 183.830591 2.375161e+03 4.012626e+08 1.470359e+09 4.239510e+05 1.832054e+05 2.058172e+07 2.312658e+07 8.414713e+11 3.281180e+00 1.923665e-04 1.310672e-05 3.362039e+06 9.142059e+03 2.565330e+02 3.871478e-01 3.191645e-07 4.704528e-03 2.367087e+00 3.672721e+00 2.229011e-22 2.908727e+13 1.593525e+11 7.448326e+04 2.125213e-03 1.523504e+02 1.804270e-03 1.618692e-37 5.577657e-05 1.587594e-09 4.009281e-02 1.030618e-03 2.986410e+04 1.159777e-09 3.460579e-01 4.352183e-02 1.840020e+00 1.689054e-03 1.466022e-01 3.192547e-17 3.203201e-11 4.830675e-24 0.000000e+00 3.762296e-19 2.487884e-18 2.595221e-22 1.878808e-30 1.745176e-26 2.902475e-25 2.980561e-25 2.255429e-34 3.933153e-55 0.000000e+00 9.354742e+16 9.790092e+12 1.423637e+13 8.422320e+17 1.904028e-01 1.654251e-06 5.370639e-15 6.309048e-10 1.570351e+00 6.977823e+00 7.053689e-03 2.760495e+03 4.733736e-11 8.090692e-06 3.939453e-07 1.292350e-17 7.732102e-26 0.000000e+00 8.431976e+00 1.567184e-04 1.408435e-01 0.000000e+00 3.240635e-28 2.189045e-27 2.623968e-71 8.135509e-98 0.000000e+00 1.509457e-117 6.735710e-10 0.000000e+00 0.000000e+00 0.000000e+00 0.000000e+00 0.000000e+00 0.000000e+00 0.000000e+00 0.000000e+00 0.000000e+00 0.000000e+00 0.000000e+00 0.000000e+00 0.000000e+00 0.000000e+00 0.000000e+00 0.000000e+00 0.000000e+00 0.000000e+00 0.000000e+00 0.000000e+00 0.000000e+00 0.000000e+00 0.000000e+00 0.000000e+00 0.000000e+00 5.984942e-36 7.077653e-15 4.104534e-17 1.277574e-10 4.351712e-19 0.000000e+00
29.000000 28.000000 30.000000 179.004443 1.616139e+03 6.433165e+08 1.569889e+09 6.939204e+05 2.230618e+05 1.345613e+07 1.004612e+07 3.520364e+11 4.720608e+00 6.608670e-05 7.567682e-06 2.323125e+06 7.330339e+03 1.188118e+02 2.100005e-01 7.154065e-08 2.695047e-03 1.778045e+00 1.566804e+00 1.007436e-21 2.640614e+13 1.112264e+11 6.272139e+04 5.576651e-04 4.178616e+01 1.042025e-03 8.139166e-38 2.894625e-05 5.796811e-10 1.933655e-02 4.447071e-04 1.993558e+04 2.142979e-09 3.981789e-01 5.437760e-02 1.149639e+00 1.427179e-03 1.222904e-01 2.432174e-17 1.649486e-11 0.000000e+00 0.000000e+00 0.000000e+00 0.000000e+00 0.000000e+00 0.000000e+00 0.000000e+00 0.000000e+00 0.000000e+00 0.000000e+00 0.000000e+00 0.000000e+00 6.536288e+16 6.842265e+12 1.298781e+13 5.885341e+17 2.920053e-01 1.591077e-06 1.380799e-14 6.190042e-10 1.596796e+00 8.068896e+00 8.273807e-03 2.525708e+03 4.103865e-11 3.988456e-06 1.958750e-07 4.307170e-18 0.000000e+00 0.000000e+00 2.036302e+00 1.284175e-04 1.238031e-01 0.000000e+00 0.000000e+00 0.000000e+00 8.054284e-78 1.405966e-103 0.000000e+00 1.054776e-117 4.300739e-10 0.000000e+00 0.000000e+00 0.000000e+00 0.000000e+00 0.000000e+00 0.000000e+00 0.000000e+00 0.000000e+00 0.000000e+00 0.000000e+00 0.000000e+00 0.000000e+00 0.000000e+00 0.000000e+00 0.000000e+00 0.000000e+00 0.000000e+00 0.000000e+00 0.000000e+00 0.000000e+00 0.000000e+00 0.000000e+00 0.000000e+00 0.000000e+00 0.000000e+00 2.473314e-37 1.456739e-15 1.050364e-17 7.110589e-11 8.356814e-20 0.000000e+00
31.000000 30.000000 32.000000 174.452833 1.088481e+03 9.766097e+08 1.529513e+09 1.122435e+06 2.643254e+05 8.823213e+06 4.434130e+06 1.488542e+11 5.976277e+00 2.068814e-05 3.901843e-06 1.453148e+06 5.578673e+03 5.318045e+01 1.022714e-01 1.378343e-08 1.498783e-03 1.213166e+00 6.177334e-01 4.488183e-21 2.334354e+13 7.677964e+10 5.160999e+04 1.463456e-04 1.496678e+01 5.884031e-04 1.408943e-37 1.639432e-05 2.183449e-10 9.539633e-03 1.967482e-04 1.324229e+04 5.000335e-09 4.879872e-01 6.134946e-02 7.007090e-01 1.202124e-03 1.003388e-01 1.681153e-17 8.591447e-12 0.000000e+00 0.000000e+00 0.000000e+00 0.000000e+00 0.000000e+00 0.000000e+00 0.000000e+00 0.000000e+00 0.000000e+00 0.000000e+00 0.000000e+00 0.000000e+00 4.516581e+16 4.730364e+12 1.152292e+13 4.067234e+17 4.112734e-01 1.382851e-06 3.442456e-14 5.998957e-10 1.642781e+00 9.081632e+00 9.063617e-03 2.216177e+03 3.833511e-11 1.949286e-06 8.733357e-08 1.375292e-18 0.000000e+00 0.000000e+00 4.689076e-01 1.021316e-04 1.067337e-01 0.000000e+00 0.000000e+00 0.000000e+00 0.000000e+00 2.877313e-109 0.000000e+00 7.289337e-118 2.821429e-10 0.000000e+00 0.000000e+00 0.000000e+00 0.000000e+00 0.000000e+00 0.000000e+00 0.000000e+00 0.000000e+00 0.000000e+00 0.000000e+00 0.000000e+00 0.000000e+00 0.000000e+00 0.000000e+00 0.000000e+00 0.000000e+00 0.000000e+00 0.000000e+00 0.000000e+00 0.000000e+00 0.000000e+00 0.000000e+00 0.000000e+00 0.000000e+00 0.000000e+00 5.456546e-39 2.155527e-16 2.080583e-18 3.615008e-11 1.479111e-20 0.000000e+00
33.000000 32.000000 34.000000 171.376395 7.268638e+02 1.297762e+09 1.223532e+09 1.826774e+06 3.037003e+05 6.305980e+06 2.297420e+06 8.167163e+10 7.154799e+00 7.318674e-06 2.058700e-06 8.114983e+05 4.019268e+03 2.461837e+01 4.378490e-02 2.358943e-09 8.919492e-04 7.310884e-01 2.349887e-01 2.017822e-20 2.001158e+13 5.213402e+10 3.814984e+04 4.757305e-05 9.229847e+00 3.162870e-04 1.793691e-38 1.109851e-05 1.020304e-10 5.210124e-03 9.966903e-05 8.700096e+03 1.187143e-08 5.594758e-01 5.744077e-02 4.371620e-01 1.013422e-03 8.040325e-02 1.295074e-17 5.215560e-12 0.000000e+00 0.000000e+00 0.000000e+00 0.000000e+00 0.000000e+00 0.000000e+00 0.000000e+00 0.000000e+00 0.000000e+00 0.000000e+00 0.000000e+00 0.000000e+00 3.069803e+16 3.217584e+12 9.904971e+12 2.764767e+17 4.839441e-01 1.289566e-06 8.288742e-14 5.955271e-10 1.602994e+00 1.032226e+01 8.419370e-03 1.823146e+03 4.148021e-11 9.143051e-07 3.311139e-08 5.855016e-19 0.000000e+00 0.000000e+00 1.166751e-01 7.288506e-05 8.984742e-02 0.000000e+00 0.000000e+00 0.000000e+00 0.000000e+00 0.000000e+00 0.000000e+00 4.955043e-118 2.139157e-10 0.000000e+00 0.000000e+00 0.000000e+00 0.000000e+00 0.000000e+00 0.000000e+00 0.000000e+00 0.000000e+00 0.000000e+00 0.000000e+00 0.000000e+00 0.000000e+00 0.000000e+00 0.000000e+00 0.000000e+00 0.000000e+00 0.000000e+00 0.000000e+00 0.000000e+00 0.000000e+00 0.000000e+00 0.000000e+00 0.000000e+00 0.000000e+00 0.000000e+00 8.551234e-41 2.659330e-17 4.169220e-19 1.796333e-11 3.140812e-21 0.000000e+00
35.000000 34.000000 36.000000 169.752184 4.828720e+02 1.541608e+09 8.311164e+08 2.977779e+06 3.379148e+05 4.862660e+06 1.367254e+06 5.279040e+10 8.235277e+00 2.878749e-06 1.103782e-06 4.126487e+05 2.781730e+03 1.167357e+01 1.676956e-02 3.602010e-10 5.658114e-04 3.951604e-01 8.539710e-02 9.246227e-20 1.680276e+13 3.492500e+10 2.527547e+04 1.960378e-05 8.438151e+00 1.582860e-04 3.583250e-44 8.586456e-06 5.864749e-11 3.090850e-03 5.677969e-05 5.661611e+03 2.611556e-08 5.857843e-01 4.501232e-02 2.797213e-01 8.465517e-04 6.333072e-02 1.182691e-17 3.664569e-12 0.000000e+00 0.000000e+00 0.000000e+00 0.000000e+00 0.000000e+00 0.000000e+00 0.000000e+00 0.000000e+00 0.000000e+00 0.000000e+00 0.000000e+00 0.000000e+00 2.058514e+16 2.159958e+12 8.334359e+12 1.854270e+17 4.909635e-01 1.304936e-06 1.975265e-13 6.048086e-10 1.453439e+00 1.175899e+01 6.794181e-03 1.407337e+03 4.946272e-11 3.968871e-07 1.077006e-08 3.280422e-19 0.000000e+00 0.000000e+00 3.074512e-02 4.620715e-05 7.454720e-02 0.000000e+00 0.000000e+00 0.000000e+00 0.000000e+00 0.000000e+00 0.000000e+00 3.323243e-118 1.837805e-10 0.000000e+00 0.000000e+00 0.000000e+00 0.000000e+00 0.000000e+00 0.000000e+00 0.000000e+00 0.000000e+00 0.000000e+00 0.000000e+00 0.000000e+00 0.000000e+00 0.000000e+00 0.000000e+00 0.000000e+00 0.000000e+00 0.000000e+00 0.000000e+00 0.000000e+00 0.000000e+00 0.000000e+00 0.000000e+00 0.000000e+00 0.000000e+00 0.000000e+00 1.120371e-42 2.982055e-18 8.397298e-20 8.480478e-12 8.162087e-22 0.000000e+00
37.000000 36.000000 38.000000 169.396536 3.201070e+02 1.770388e+09 5.214505e+08 4.848653e+06 3.651098e+05 3.754786e+06 8.066088e+05 3.336663e+10 8.986466e+00 1.072159e-06 5.494535e-07 1.992855e+05 1.875966e+03 5.393650e+00 5.914710e-03 4.819025e-11 3.598642e-04 1.958352e-01 2.844390e-02 4.561163e-19 1.383559e+13 2.317311e+10 1.584996e+04 1.034738e-05 8.796635e+00 7.128600e-05 5.168716e-39 6.603672e-06 3.771725e-11 1.865538e-03 3.395268e-05 3.662936e+03 5.421779e-08 5.767525e-01 3.174588e-02 1.802622e-01 7.072761e-04 4.909785e-02 1.267588e-17 2.764114e-12 0.000000e+00 9.025531e-56 0.000000e+00 0.000000e+00 0.000000e+00 0.000000e+00 0.000000e+00 0.000000e+00 0.000000e+00 0.000000e+00 0.000000e+00 0.000000e+00 1.367234e+16 1.436606e+12 6.873771e+12 1.231820e+17 4.655264e-01 1.309412e-06 4.943090e-13 6.319012e-10 1.268523e+00 1.334005e+01 5.176952e-03 1.027119e+03 5.595514e-11 1.595527e-07 3.108253e-09 2.007071e-19 0.000000e+00 0.000000e+00 7.608246e-03 2.701983e-05 6.103310e-02 0.000000e+00 0.000000e+00 0.000000e+00 0.000000e+00 0.000000e+00 0.000000e+00 2.207679e-118 1.666030e-10 0.000000e+00 0.000000e+00 0.000000e+00 0.000000e+00 0.000000e+00 0.000000e+00 0.000000e+00 0.000000e+00 0.000000e+00 0.000000e+00 0.000000e+00 0.000000e+00 0.000000e+00 0.000000e+00 0.000000e+00 0.000000e+00 0.000000e+00 0.000000e+00 0.000000e+00 0.000000e+00 0.000000e+00 0.000000e+00 0.000000e+00 0.000000e+00 0.000000e+00 1.224912e-44 2.979802e-19 1.433557e-20 3.600024e-12 2.219532e-22 0.000000e+00
39.000000 38.000000 40.000000 169.925791 2.123405e+02 2.008565e+09 3.145247e+08 7.830816e+06 3.838811e+05 2.864139e+06 4.606533e+05 2.068433e+10 9.349543e+00 3.695387e-07 2.520831e-07 9.397401e+04 1.247961e+03 2.433785e+00 1.981616e-03 5.877649e-12 2.265382e-04 9.123992e-02 8.808224e-03 2.334918e-18 1.127317e+13 1.530323e+10 9.663433e+03 6.336085e-06 9.569949e+00 2.890818e-05 2.313414e-44 4.852761e-06 2.552350e-11 1.124574e-03 2.072225e-05 2.365475e+03 1.078515e-07 5.256465e-01 1.991338e-02 1.158090e-01 5.865096e-04 3.776403e-02 1.541880e-17 2.162502e-12 0.000000e+00 3.333383e-51 0.000000e+00 0.000000e+00 0.000000e+00 0.000000e+00 0.000000e+00 0.000000e+00 0.000000e+00 0.000000e+00 0.000000e+00 0.000000e+00 9.039071e+15 9.513823e+11 5.607771e+12 8.145737e+16 4.269692e-01 1.269722e-06 1.274939e-12 6.706267e-10 1.062967e+00 1.490679e+01 3.838209e-03 7.168695e+02 5.713192e-11 5.988081e-08 8.306665e-10 1.242959e-19 0.000000e+00 0.000000e+00 1.767104e-03 1.465090e-05 4.973531e-02 0.000000e+00 0.000000e+00 0.000000e+00 0.000000e+00 0.000000e+00 0.000000e+00 1.459886e-118 1.543827e-10 0.000000e+00 0.000000e+00 0.000000e+00 0.000000e+00 0.000000e+00 0.000000e+00 0.000000e+00 0.000000e+00 0.000000e+00 0.000000e+00 0.000000e+00 0.000000e+00 0.000000e+00 0.000000e+00 0.000000e+00 0.000000e+00 0.000000e+00 0.000000e+00 0.000000e+00 0.000000e+00 0.000000e+00 0.000000e+00 0.000000e+00 0.000000e+00 0.000000e+00 1.092027e-46 2.572777e-20 2.056844e-21 1.352575e-12 5.775929e-23 0.000000e+00
41.000000 40.000000 42.000000 170.369630 1.410686e+02 2.302863e+09 1.909313e+08 1.244876e+07 3.960931e+05 2.122337e+06 2.496090e+05 1.265999e+10 9.299105e+00 1.159027e-07 1.062069e-07 4.462551e+04 8.275466e+02 1.071210e+00 6.526847e-04 6.818610e-13 1.386483e-04 4.160304e-02 2.613923e-03 1.177740e-17 9.125252e+12 1.012485e+10 5.842971e+03 3.525741e-06 1.068184e+01 1.047430e-05 4.562462e-49 3.354498e-06 1.662001e-11 6.623771e-04 1.232690e-05 1.534688e+03 2.151371e-07 4.404201e-01 1.105979e-02 7.290853e-02 4.797056e-04 2.897748e-02 1.969237e-17 1.635114e-12 0.000000e+00 1.076761e-46 0.000000e+00 0.000000e+00 0.000000e+00 0.000000e+00 0.000000e+00 0.000000e+00 0.000000e+00 0.000000e+00 0.000000e+00 0.000000e+00 5.987813e+15 6.314534e+11 4.543580e+12 5.397528e+16 3.926916e-01 1.158109e-06 3.270788e-12 6.984045e-10 8.362400e-01 1.617264e+01 2.877148e-03 4.913893e+02 5.126005e-11 2.088334e-08 2.183269e-10 7.009599e-20 0.000000e+00 0.000000e+00 3.880306e-04 7.250989e-06 4.049270e-02 0.000000e+00 0.000000e+00 0.000000e+00 0.000000e+00 0.000000e+00 0.000000e+00 9.673494e-119 1.388592e-10 0.000000e+00 0.000000e+00 0.000000e+00 0.000000e+00 0.000000e+00 0.000000e+00 0.000000e+00 0.000000e+00 0.000000e+00 0.000000e+00 0.000000e+00 0.000000e+00 0.000000e+00 0.000000e+00 0.000000e+00 0.000000e+00 0.000000e+00 0.000000e+00 0.000000e+00 0.000000e+00 0.000000e+00 0.000000e+00 0.000000e+00 0.000000e+00 0.000000e+00 8.401425e-49 1.924093e-21 2.483955e-22 4.387292e-13 1.328589e-23 0.000000e+00
43.000000 42.000000 44.000000 171.129328 9.385798e+01 2.720435e+09 1.178501e+08 1.964152e+07 3.995589e+05 1.505469e+06 1.236794e+05 7.618198e+09 8.912196e+00 3.251417e-08 4.077910e-08 2.143063e+04 5.467459e+02 4.518153e-01 2.095624e-04 7.238620e-14 8.154093e-05 1.833562e-02 7.226233e-04 5.993644e-17 7.346994e+12 6.694587e+09 3.548436e+03 1.914253e-06 1.219496e+01 3.217773e-06 6.632775e-49 2.090017e-06 1.033928e-11 3.748548e-04 7.105752e-06 9.969741e+02 4.259029e-07 3.607329e-01 5.688796e-03 4.461050e-02 3.848374e-04 2.222794e-02 2.631981e-17 1.207186e-12 0.000000e+00 3.181347e-42 0.000000e+00 0.000000e+00 0.000000e+00 0.000000e+00 0.000000e+00 0.000000e+00 0.000000e+00 0.000000e+00 0.000000e+00 0.000000e+00 3.964919e+15 4.190319e+11 3.660668e+12 3.575225e+16 3.675739e-01 9.832663e-07 8.468783e-12 7.229066e-10 6.064331e-01 1.730433e+01 2.204065e-03 3.271364e+02 3.757889e-11 6.590020e-09 5.534656e-11 3.527417e-20 0.000000e+00 0.000000e+00 7.732935e-05 3.180962e-06 3.298390e-02 0.000000e+00 0.000000e+00 0.000000e+00 0.000000e+00 0.000000e+00 0.000000e+00 6.407552e-119 1.209105e-10 0.000000e+00 0.000000e+00 0.000000e+00 0.000000e+00 0.000000e+00 0.000000e+00 0.000000e+00 0.000000e+00 0.000000e+00 0.000000e+00 0.000000e+00 0.000000e+00 0.000000e+00 0.000000e+00 0.000000e+00 0.000000e+00 0.000000e+00 0.000000e+00 0.000000e+00 0.000000e+00 0.000000e+00 0.000000e+00 0.000000e+00 0.000000e+00 0.000000e+00 5.864301e-51 1.209883e-22 2.491450e-23 1.195794e-13 2.640856e-24 0.000000e+00
45.000000 44.000000 46.000000 173.283928 6.267639e+01 3.370064e+09 7.294687e+07 3.132514e+07 3.912185e+05 1.004982e+06 5.344507e+04 4.502851e+09 8.286659e+00 8.097632e-09 1.418685e-08 1.052660e+04 3.586548e+02 1.792105e-01 6.423790e-05 6.624216e-15 4.600017e-05 7.581524e-03 1.783638e-04 3.303822e-16 5.829673e+12 4.405805e+09 2.188318e+03 1.224402e-06 1.381654e+01 7.810522e-07 2.489733e-48 1.126068e-06 6.374048e-12 2.029364e-04 4.056432e-06 6.458289e+02 9.725609e-07 3.171852e-01 2.880520e-03 2.639113e-02 3.058782e-04 1.694789e-02 3.643798e-17 9.109977e-13 0.000000e+00 8.641171e-38 0.000000e+00 0.000000e+00 0.000000e+00 0.000000e+00 0.000000e+00 0.000000e+00 0.000000e+00 0.000000e+00 0.000000e+00 0.000000e+00 2.613784e+15 2.768630e+11 2.905846e+12 2.357774e+16 3.482304e-01 7.779101e-07 2.300141e-11 7.746906e-10 4.016229e-01 1.879626e+01 1.723257e-03 2.064802e+02 2.093700e-11 1.847207e-09 1.285840e-11 1.619030e-20 0.000000e+00 0.000000e+00 1.320986e-05 1.188770e-06 2.663716e-02 0.000000e+00 0.000000e+00 0.000000e+00 0.000000e+00 0.000000e+00 0.000000e+00 4.225625e-119 1.046429e-10 0.000000e+00 0.000000e+00 0.000000e+00 0.000000e+00 0.000000e+00 0.000000e+00 0.000000e+00 0.000000e+00 0.000000e+00 0.000000e+00 0.000000e+00 0.000000e+00 0.000000e+00 0.000000e+00 0.000000e+00 0.000000e+00 0.000000e+00 0.000000e+00 0.000000e+00 0.000000e+00 0.000000e+00 0.000000e+00 0.000000e+00 0.000000e+00 0.000000e+00 4.253955e-53 6.285514e-24 2.061990e-24 2.718566e-14 4.718431e-25 0.000000e+00
47.000000 46.000000 48.000000 176.393819 4.212711e+01 4.316589e+09 4.560642e+07 4.972910e+07 3.672137e+05 6.427048e+05 2.099261e+04 2.622353e+09 7.669961e+00 1.979784e-09 4.849156e-09 5.291640e+03 2.348157e+02 6.923655e-02 1.935544e-05 5.557576e-16 2.505748e-05 2.960101e-03 4.061151e-05 1.742493e-15 4.613201e+12 2.901799e+09 1.368554e+03 8.255883e-07 1.548308e+01 1.563183e-07 1.110188e-47 5.487056e-07 3.904725e-12 1.061772e-04 2.287158e-06 4.190698e+02 6.874705e-06 3.315126e-01 1.446283e-03 1.491182e-02 2.336922e-04 1.301052e-02 4.727029e-17 7.056869e-13 0.000000e+00 2.608474e-33 0.000000e+00 0.000000e+00 0.000000e+00 0.000000e+00 0.000000e+00 0.000000e+00 0.000000e+00 0.000000e+00 0.000000e+00 0.000000e+00 1.725083e+15 1.831544e+11 2.299790e+12 1.556807e+16 3.337183e-01 5.905369e-07 5.963365e-11 8.365425e-10 2.412525e-01 2.035723e+01 1.363866e-03 1.233951e+02 9.390234e-12 4.820594e-10 2.811252e-12 7.085718e-21 0.000000e+00 0.000000e+00 2.067578e-06 3.841508e-07 2.161804e-02 0.000000e+00 0.000000e+00 0.000000e+00 0.000000e+00 3.015643e-101 0.000000e+00 2.790125e-119 8.927882e-11 0.000000e+00 0.000000e+00 0.000000e+00 0.000000e+00 0.000000e+00 0.000000e+00 0.000000e+00 0.000000e+00 0.000000e+00 0.000000e+00 0.000000e+00 0.000000e+00 0.000000e+00 0.000000e+00 0.000000e+00 0.000000e+00 0.000000e+00 0.000000e+00 0.000000e+00 0.000000e+00 0.000000e+00 0.000000e+00 0.000000e+00 0.000000e+00 0.000000e+00 3.497454e-55 2.998467e-25 1.635731e-25 5.413766e-15 7.978527e-26 0.000000e+00
49.000000 48.000000 50.000000 179.049801 2.850979e+01 5.612868e+09 2.922833e+07 7.744454e+07 3.304011e+05 4.038053e+05 8.002784e+03 1.519060e+09 7.208316e+00 5.528853e-10 1.846185e-09 2.750860e+03 1.545496e+02 2.721641e-02 6.002187e-06 4.782212e-17 1.334661e-05 1.131878e-03 9.156577e-06 7.684157e-15 3.669751e+12 1.928707e+09 8.488370e+02 4.568687e-07 1.700430e+01 2.848731e-08 3.349162e-47 2.604223e-07 2.281632e-12 5.442522e-05 1.247420e-06 2.745730e+02 1.062438e-04 4.467466e-01 7.055604e-04 8.088753e-03 1.662256e-04 1.016117e-02 5.281420e-17 5.348363e-13 0.000000e+00 0.000000e+00 0.000000e+00 0.000000e+00 0.000000e+00 0.000000e+00 0.000000e+00 0.000000e+00 0.000000e+00 0.000000e+00 0.000000e+00 0.000000e+00 1.149549e+15 1.223244e+11 1.829079e+12 1.037951e+16 3.239258e-01 4.440386e-07 1.327510e-10 8.659318e-10 1.326594e-01 2.143275e+01 1.092569e-03 7.153003e+01 3.786290e-12 1.271357e-10 6.229572e-13 2.964193e-21 0.000000e+00 0.000000e+00 3.285185e-07 1.132487e-07 1.780427e-02 0.000000e+00 0.000000e+00 0.000000e+00 0.000000e+00 3.871796e-106 0.000000e+00 1.860225e-119 7.526289e-11 0.000000e+00 0.000000e+00 0.000000e+00 0.000000e+00 0.000000e+00 0.000000e+00 0.000000e+00 0.000000e+00 0.000000e+00 0.000000e+00 0.000000e+00 0.000000e+00 0.000000e+00 0.000000e+00 0.000000e+00 0.000000e+00 0.000000e+00 0.000000e+00 0.000000e+00 0.000000e+00 0.000000e+00 0.000000e+00 0.000000e+00 0.000000e+00 0.000000e+00 3.413109e-57 1.697546e-26 1.579634e-26 1.041694e-15 1.358042e-26 0.000000e+00
51.000000 50.000000 52.000000 180.573877 1.938634e+01 7.761938e+09 2.026490e+07 1.155979e+08 2.720459e+05 2.329255e+05 2.649131e+03 8.813080e+08 7.095165e+00 1.852407e-10 8.388080e-10 1.493894e+03 1.020164e+02 1.075060e-02 1.960854e-06 4.370932e-18 6.462611e-06 4.082360e-04 1.977806e-06 1.376478e-13 2.926661e+12 1.295552e+09 5.131819e+02 1.877212e-07 1.798900e+01 4.613588e-09 4.755513e-47 1.120123e-07 1.141645e-12 2.570534e-05 6.096716e-07 1.818955e+02 1.314066e-03 7.339032e-01 3.415174e-04 4.036504e-03 1.073936e-04 8.066734e-03 2.374109e-16 3.645645e-13 0.000000e+00 0.000000e+00 0.000000e+00 0.000000e+00 0.000000e+00 0.000000e+00 0.000000e+00 0.000000e+00 0.000000e+00 0.000000e+00 0.000000e+00 0.000000e+00 7.746304e+14 8.258959e+10 1.457498e+12 6.998374e+15 3.351356e-01 3.186209e-07 1.261273e-09 8.590873e-10 6.478807e-02 2.114260e+01 9.307751e-04 3.860052e+01 1.269054e-12 3.600234e-11 1.485656e-13 1.050061e-21 0.000000e+00 0.000000e+00 4.989430e-08 3.011749e-08 1.485627e-02 0.000000e+00 0.000000e+00 0.000000e+00 0.000000e+00 6.089531e-111 0.000000e+00 1.254256e-119 9.915714e-10 0.000000e+00 0.000000e+00 0.000000e+00 0.000000e+00 0.000000e+00 0.000000e+00 0.000000e+00 0.000000e+00 0.000000e+00 0.000000e+00 0.000000e+00 0.000000e+00 0.000000e+00 0.000000e+00 0.000000e+00 0.000000e+00 0.000000e+00 0.000000e+00 0.000000e+00 0.000000e+00 0.000000e+00 0.000000e+00 0.000000e+00 0.000000e+00 0.000000e+00 4.051420e-59 1.447789e-27 2.161751e-27 2.064769e-16 2.395278e-27 0.000000e+00
53.000000 52.000000 54.000000 181.405608 1.321772e+01 1.216104e+10 1.639673e+07 1.652132e+08 1.950335e+05 1.177588e+05 6.844257e+02 4.954467e+08 7.601523e+00 7.321146e-11 4.490020e-10 8.143901e+02 6.648352e+01 4.280259e-03 6.872420e-07 4.261482e-19 2.619353e-06 1.285257e-04 3.800881e-07 2.188826e-11 2.397102e+12 8.744138e+08 3.107565e+02 6.227618e-08 1.899183e+01 6.239212e-10 3.821193e-47 4.323412e-08 5.107237e-13 1.154097e-05 2.713260e-07 1.207140e+02 1.285150e-02 1.400672e+00 1.938514e-04 1.861046e-03 6.716488e-05 6.685391e-03 9.331440e-15 2.417150e-13 0.000000e+00 0.000000e+00 0.000000e+00 0.000000e+00 0.000000e+00 0.000000e+00 0.000000e+00 0.000000e+00 0.000000e+00 0.000000e+00 0.000000e+00 0.000000e+00 5.253152e+14 5.611088e+10 1.191190e+12 4.749660e+15 4.019340e-01 2.115756e-07 1.142864e-07 6.094262e-09 2.874930e-02 1.912697e+01 8.779891e-04 1.809147e+01 3.389833e-13 1.204757e-11 3.927325e-14 3.202867e-22 0.000000e+00 0.000000e+00 6.799526e-09 7.521460e-09 1.300917e-02 0.000000e+00 0.000000e+00 0.000000e+00 0.000000e+00 9.626100e-116 0.000000e+00 8.512380e-120 1.704704e-07 0.000000e+00 0.000000e+00 0.000000e+00 0.000000e+00 0.000000e+00 0.000000e+00 0.000000e+00 0.000000e+00 0.000000e+00 0.000000e+00 0.000000e+00 0.000000e+00 0.000000e+00 0.000000e+00 0.000000e+00 0.000000e+00 0.000000e+00 0.000000e+00 0.000000e+00 0.000000e+00 0.000000e+00 0.000000e+00 0.000000e+00 0.000000e+00 0.000000e+00 4.839661e-61 1.842793e-28 4.092223e-28 3.985140e-17 4.089784e-28 0.000000e+00
55.000000 54.000000 56.000000 182.193955 9.029612e+00 2.222134e+10 1.585939e+07 2.088885e+08 1.078301e+05 4.598207e+04 1.107621e+02 2.672265e+08 8.698285e+00 2.777020e-11 2.401843e-10 4.451973e+02 4.172012e+01 1.722955e-03 2.511694e-07 4.348360e-20 7.764190e-07 3.015027e-05 5.833369e-08 2.134362e-09 1.997158e+12 5.899361e+08 1.946195e+02 1.962525e-08 1.845857e+01 6.847336e-11 8.753226e-47 6.227249e-08 5.379937e-13 1.243569e-05 1.280931e-07 7.972308e+01 9.146422e-02 2.614967e+00 2.087731e-04 8.968041e-04 5.265254e-05 5.749583e-03 2.239320e-13 1.850187e-13 0.000000e+00 0.000000e+00 0.000000e+00 0.000000e+00 0.000000e+00 0.000000e+00 0.000000e+00 0.000000e+00 0.000000e+00 0.000000e+00 0.000000e+00 0.000000e+00 3.569468e+14 3.818731e+10 9.866198e+11 3.230663e+15 5.768903e-01 1.140217e-07 7.275846e-06 6.499005e-07 1.280579e-02 1.393987e+01 9.180699e-04 6.281597e+00 2.968569e-13 4.795298e-12 1.149174e-14 2.106932e-22 0.000000e+00 0.000000e+00 7.306350e-10 1.902489e-09 1.185488e-02 0.000000e+00 0.000000e+00 0.000000e+00 0.000000e+00 1.524025e-120 0.000000e+00 5.790025e-120 2.474163e-05 0.000000e+00 0.000000e+00 0.000000e+00 0.000000e+00 0.000000e+00 0.000000e+00 0.000000e+00 0.000000e+00 0.000000e+00 0.000000e+00 0.000000e+00 0.000000e+00 0.000000e+00 0.000000e+00 0.000000e+00 0.000000e+00 0.000000e+00 0.000000e+00 0.000000e+00 0.000000e+00 0.000000e+00 0.000000e+00 0.000000e+00 0.000000e+00 0.000000e+00 5.825032e-63 2.803554e-29 7.936976e-29 7.477796e-18 1.037923e-28 0.000000e+00
57.000000 56.000000 58.000000 182.973684 6.180162e+00 3.929397e+10 1.544336e+07 2.243838e+08 5.049462e+04 1.587040e+04 1.382764e+01 1.381244e+08 9.294839e+00 9.931123e-12 1.296976e-10 2.440928e+02 2.508754e+01 6.994921e-04 8.509060e-08 4.157666e-21 1.938824e-07 5.751126e-06 7.639916e-09 1.386840e-08 1.683379e+12 3.972343e+08 1.272345e+02 6.881771e-09 1.501256e+01 7.175964e-12 2.922130e-46 1.523158e-07 7.240007e-13 1.670602e-05 7.628621e-08 5.224661e+01 3.556806e-01 4.298814e+00 3.465126e-04 5.318762e-04 5.498518e-05 5.091662e-03 4.412813e-13 1.697929e-13 0.000000e+00 0.000000e+00 0.000000e+00 0.000000e+00 0.000000e+00 0.000000e+00 0.000000e+00 0.000000e+00 0.000000e+00 0.000000e+00 0.000000e+00 0.000000e+00 2.429428e+14 2.602838e+10 8.214748e+11 2.201751e+15 8.363759e-01 5.046423e-08 3.652308e-05 5.703396e-06 6.862298e-03 7.788378e+00 8.865715e-04 1.743201e+00 4.489583e-13 1.827829e-12 3.127063e-15 1.708768e-22 0.000000e+00 0.000000e+00 6.971789e-11 5.804038e-10 1.111846e-02 0.000000e+00 0.000000e+00 0.000000e+00 0.000000e+00 2.414186e-125 0.000000e+00 3.945996e-120 3.021292e-04 0.000000e+00 0.000000e+00 0.000000e+00 0.000000e+00 0.000000e+00 0.000000e+00 0.000000e+00 0.000000e+00 0.000000e+00 0.000000e+00 0.000000e+00 0.000000e+00 0.000000e+00 0.000000e+00 0.000000e+00 0.000000e+00 0.000000e+00 0.000000e+00 0.000000e+00 0.000000e+00 0.000000e+00 0.000000e+00 0.000000e+00 0.000000e+00 0.000000e+00 7.179460e-65 5.157395e-30 1.574666e-29 1.511865e-18 4.172644e-29 0.000000e+00
59.000000 58.000000 60.000000 183.541601 4.236624e+00 6.110342e+10 1.373843e+07 2.120583e+08 2.282161e+04 5.498627e+03 1.656497e+00 6.862410e+07 8.812006e+00 3.471284e-12 7.370549e-11 1.342174e+02 1.470146e+01 2.811929e-04 2.619909e-08 3.590363e-22 4.731889e-08 1.036236e-06 9.456508e-10 7.479994e-08 1.431371e+12 2.666656e+08 9.339115e+01 2.928685e-09 9.982773e+00 8.627352e-13 1.270372e-45 5.456891e-07 1.306205e-12 2.971624e-05 4.984117e-08 3.393463e+01 1.107845e+00 6.151354e+00 6.612254e-04 3.442319e-04 6.062297e-05 4.585554e-03 9.393205e-13 1.701503e-13 0.000000e+00 0.000000e+00 0.000000e+00 0.000000e+00 0.000000e+00 0.000000e+00 0.000000e+00 0.000000e+00 0.000000e+00 0.000000e+00 0.000000e+00 0.000000e+00 1.657458e+14 1.778445e+10 6.847488e+11 1.504671e+15 1.116682e+00 1.987743e-08 1.733245e-04 3.819606e-05 4.758335e-03 3.656981e+00 7.408763e-04 4.476819e-01 1.101132e-12 6.078697e-13 7.318400e-16 1.875852e-22 0.000000e+00 0.000000e+00 6.602794e-12 2.300706e-10 1.055827e-02 0.000000e+00 0.000000e+00 0.000000e+00 0.000000e+00 3.829578e-130 0.000000e+00 2.696688e-120 3.188432e-03 0.000000e+00 0.000000e+00 0.000000e+00 0.000000e+00 0.000000e+00 0.000000e+00 0.000000e+00 0.000000e+00 0.000000e+00 0.000000e+00 0.000000e+00 0.000000e+00 0.000000e+00 0.000000e+00 0.000000e+00 0.000000e+00 0.000000e+00 0.000000e+00 0.000000e+00 0.000000e+00 0.000000e+00 0.000000e+00 0.000000e+00 0.000000e+00 0.000000e+00 9.924319e-67 1.193799e-30 3.458773e-30 3.779617e-19 2.506225e-29 0.000000e+00
61.000000 60.000000 62.000000 183.778259 2.907528e+00 8.524779e+10 1.123709e+07 1.843954e+08 1.028517e+04 1.957079e+03 2.055858e-01 3.283936e+07 7.619953e+00 1.173549e-12 4.278964e-11 7.399599e+01 8.508718e+00 1.121030e-04 7.650216e-09 2.917832e-23 1.173583e-08 1.851068e-07 1.156726e-10 1.844444e-07 1.225563e+12 1.779822e+08 8.450085e+01 1.592635e-09 5.705695e+00 1.376870e-13 2.882008e-45 1.152156e-06 1.437655e-12 3.249212e-05 3.227677e-08 2.180883e+01 2.613895e+00 7.810031e+00 1.132883e-03 2.222709e-04 6.348957e-05 4.125961e-03 1.110487e-12 1.577132e-13 0.000000e+00 0.000000e+00 0.000000e+00 0.000000e+00 0.000000e+00 0.000000e+00 0.000000e+00 0.000000e+00 0.000000e+00 0.000000e+00 0.000000e+00 0.000000e+00 1.133577e+14 1.218445e+10 5.698936e+11 1.031303e+15 1.397377e+00 7.344870e-09 4.086213e-04 1.087629e-04 4.360771e-03 1.579696e+00 5.615889e-04 1.124216e-01 1.743500e-12 1.851558e-13 1.545406e-16 1.278661e-22 0.000000e+00 0.000000e+00 6.408045e-13 1.210961e-10 9.937236e-03 0.000000e+00 0.000000e+00 0.000000e+00 0.000000e+00 6.083558e-135 0.000000e+00 1.848312e-120 1.518247e-02 0.000000e+00 0.000000e+00 0.000000e+00 0.000000e+00 0.000000e+00 0.000000e+00 0.000000e+00 0.000000e+00 0.000000e+00 0.000000e+00 0.000000e+00 0.000000e+00 0.000000e+00 0.000000e+00 0.000000e+00 0.000000e+00 0.000000e+00 0.000000e+00 0.000000e+00 0.000000e+00 0.000000e+00 0.000000e+00 0.000000e+00 0.000000e+00 0.000000e+00 2.151497e-68 3.160265e-31 7.983234e-31 1.294448e-19 1.152622e-29 0.000000e+00
63.000000 62.000000 64.000000 183.521383 1.995993e+00 1.104891e+11 8.647172e+06 1.524911e+08 4.625316e+03 7.131402e+02 2.683239e-02 1.515378e+07 6.206785e+00 3.759212e-13 2.429095e-11 4.094928e+01 4.890456e+00 4.450981e-05 2.183583e-09 2.318035e-24 2.972082e-09 3.308030e-08 1.418175e-11 5.175452e-07 1.055421e+12 1.175818e+08 1.302659e+02 1.296602e-09 3.034021e+00 3.953959e-14 6.709800e-45 2.992480e-06 1.992871e-12 4.586418e-05 1.987361e-08 1.383377e+01 5.630894e+00 8.976150e+00 1.905656e-03 1.385561e-04 6.138796e-05 3.651314e-03 1.692981e-12 1.435939e-13 0.000000e+00 0.000000e+00 0.000000e+00 0.000000e+00 0.000000e+00 0.000000e+00 0.000000e+00 0.000000e+00 0.000000e+00 0.000000e+00 0.000000e+00 0.000000e+00 7.771514e+13 8.370900e+09 4.722815e+11 7.089713e+14 1.711010e+00 2.625212e-09 1.150047e-03 3.389735e-04 6.960295e-03 6.626149e-01 4.094440e-04 2.807433e-02 3.620020e-12 5.690203e-14 3.148136e-17 1.114956e-22 0.000000e+00 0.000000e+00 6.411700e-14 1.116634e-10 9.112946e-03 0.000000e+00 0.000000e+00 0.000000e+00 0.000000e+00 9.678731e-140 0.000000e+00 1.270625e-120 8.040511e-02 0.000000e+00 0.000000e+00 0.000000e+00 0.000000e+00 0.000000e+00 0.000000e+00 0.000000e+00 0.000000e+00 0.000000e+00 0.000000e+00 0.000000e+00 0.000000e+00 0.000000e+00 0.000000e+00 0.000000e+00 0.000000e+00 0.000000e+00 0.000000e+00 0.000000e+00 0.000000e+00 0.000000e+00 0.000000e+00 0.000000e+00 0.000000e+00 0.000000e+00 9.560446e-70 8.490870e-32 1.775475e-31 7.497296e-20 5.887354e-30 0.000000e+00
65.000000 64.000000 66.000000 182.023745 1.368323e+00 1.367461e+11 6.467300e+06 1.229667e+08 2.082638e+03 2.665422e+02 3.744449e-03 6.760195e+06 4.876579e+00 1.090618e-13 1.245580e-11 2.286356e+01 2.801223e+00 1.773899e-05 6.272973e-10 1.894991e-25 7.699547e-10 6.036237e-09 1.784846e-12 1.419999e-06 9.154523e+11 7.653001e+07 3.177197e+02 1.224874e-09 1.655650e+00 1.944752e-14 1.016608e-44 8.286397e-06 2.738090e-12 6.928049e-05 1.069994e-08 8.637832e+00 1.022472e+01 9.388148e+00 2.703775e-03 7.898511e-05 5.121971e-05 3.130013e-03 2.740700e-12 1.185305e-13 0.000000e+00 0.000000e+00 0.000000e+00 0.000000e+00 0.000000e+00 0.000000e+00 0.000000e+00 0.000000e+00 0.000000e+00 0.000000e+00 0.000000e+00 0.000000e+00 5.352884e+13 5.779196e+09 3.892222e+11 4.900237e+14 2.164408e+00 9.294053e-10 3.245021e-03 1.011428e-03 1.628341e-02 2.871207e-01 3.054781e-04 7.127902e-03 8.365982e-12 2.079926e-14 6.771728e-18 9.777026e-23 0.000000e+00 0.000000e+00 6.785816e-15 1.543937e-10 8.012730e-03 0.000000e+00 0.000000e+00 0.000000e+00 0.000000e+00 1.506315e-144 0.000000e+00 8.782255e-121 4.064984e-01 0.000000e+00 0.000000e+00 0.000000e+00 0.000000e+00 0.000000e+00 0.000000e+00 0.000000e+00 0.000000e+00 0.000000e+00 0.000000e+00 0.000000e+00 0.000000e+00 0.000000e+00 0.000000e+00 0.000000e+00 0.000000e+00 0.000000e+00 0.000000e+00 0.000000e+00 0.000000e+00 0.000000e+00 0.000000e+00 0.000000e+00 0.000000e+00 0.000000e+00 4.830378e-71 1.949955e-32 3.273362e-32 6.101602e-20 2.791220e-30 0.000000e+00
67.000000 66.000000 68.000000 180.716005 9.361643e-01 1.634265e+11 4.515727e+06 9.739686e+07 9.125112e+02 9.870947e+01 5.204351e-04 2.902209e+06 3.718237e+00 2.988594e-14 6.179707e-12 1.283394e+01 1.579084e+00 6.924372e-06 1.740895e-10 1.464844e-26 2.009313e-10 1.048100e-09 2.158058e-13 2.997519e-06 7.913361e+11 4.817922e+07 6.966456e+02 1.077689e-09 9.251377e-01 8.689884e-15 1.378821e-44 1.770124e-05 2.952756e-12 8.077676e-05 5.697952e-09 5.209555e+00 1.433291e+01 8.862547e+00 3.135418e-03 4.417373e-05 4.150766e-05 2.535341e-03 3.496297e-12 9.358833e-14 0.000000e+00 0.000000e+00 0.000000e+00 0.000000e+00 0.000000e+00 0.000000e+00 0.000000e+00 0.000000e+00 0.000000e+00 0.000000e+00 0.000000e+00 0.000000e+00 3.672731e+13 3.978232e+09 3.138608e+11 3.376851e+14 2.861779e+00 3.238191e-10 7.010644e-03 2.255774e-03 3.371985e-02 1.500579e-01 2.363731e-04 1.742258e-03 1.556108e-11 9.014280e-15 1.467363e-18 6.757588e-23 0.000000e+00 0.000000e+00 6.951331e-16 1.832431e-10 6.588925e-03 0.000000e+00 0.000000e+00 0.000000e+00 0.000000e+00 0.000000e+00 0.000000e+00 6.052027e-121 1.525576e+00 0.000000e+00 0.000000e+00 0.000000e+00 0.000000e+00 0.000000e+00 0.000000e+00 0.000000e+00 0.000000e+00 0.000000e+00 0.000000e+00 0.000000e+00 0.000000e+00 0.000000e+00 0.000000e+00 0.000000e+00 0.000000e+00 0.000000e+00 0.000000e+00 0.000000e+00 0.000000e+00 0.000000e+00 0.000000e+00 0.000000e+00 0.000000e+00 0.000000e+00 2.313557e-72 4.228756e-33 5.591471e-33 4.458722e-20 1.051559e-30 0.000000e+00
69.000000 68.000000 70.000000 180.630005 6.400139e-01 1.898223e+11 2.876025e+06 7.599817e+07 3.840249e+02 3.544474e+01 6.755024e-05 1.186319e+06 2.764007e+00 8.132702e-15 3.169346e-12 7.213412e+00 8.647304e-01 2.596934e-06 4.530904e-11 9.975619e-28 5.257840e-11 1.655261e-10 2.368428e-14 4.731313e-06 6.802823e+11 2.875655e+07 1.101452e+03 8.736247e-10 5.090187e-01 2.652596e-15 2.425588e-44 2.656755e-05 2.428444e-12 6.625447e-05 3.245800e-09 2.965843e+00 1.573354e+01 7.621559e+00 3.092936e-03 2.523014e-05 3.520020e-05 1.931579e-03 3.298253e-12 7.044305e-14 0.000000e+00 0.000000e+00 0.000000e+00 0.000000e+00 0.000000e+00 0.000000e+00 0.000000e+00 0.000000e+00 0.000000e+00 0.000000e+00 0.000000e+00 0.000000e+00 2.498176e+13 2.719346e+09 2.451623e+11 2.309702e+14 3.992789e+00 1.107207e-10 1.107429e-02 3.630302e-03 5.269126e-02 1.107974e-01 1.887717e-04 3.991496e-04 2.138700e-11 3.908195e-15 3.036219e-19 3.557470e-23 0.000000e+00 0.000000e+00 6.452208e-17 1.538007e-10 5.056861e-03 0.000000e+00 0.000000e+00 0.000000e+00 0.000000e+00 0.000000e+00 0.000000e+00 4.139471e-121 4.100012e+00 0.000000e+00 0.000000e+00 0.000000e+00 0.000000e+00 0.000000e+00 0.000000e+00 0.000000e+00 0.000000e+00 0.000000e+00 0.000000e+00 0.000000e+00 0.000000e+00 0.000000e+00 0.000000e+00 0.000000e+00 0.000000e+00 0.000000e+00 0.000000e+00 0.000000e+00 0.000000e+00 0.000000e+00 0.000000e+00 0.000000e+00 0.000000e+00 0.000000e+00 1.193579e-73 9.733243e-34 1.001885e-33 2.527851e-20 3.156094e-31 0.000000e+00
71.000000 70.000000 72.000000 180.630005 4.375490e-01 2.134920e+11 1.710027e+06 5.856551e+07 1.570585e+02 1.257516e+01 8.498283e-06 4.633136e+05 2.024154e+00 2.140696e-15 1.585701e-12 4.096517e+00 4.612234e-01 9.479170e-07 1.142024e-11 6.358677e-29 1.414257e-11 2.471517e-11 2.442727e-15 5.798356e-06 5.847770e+11 1.611987e+07 1.331147e+03 5.549819e-10 2.790884e-01 5.990401e-16 3.717811e-44 3.024445e-05 1.497829e-12 4.053055e-05 1.741237e-09 1.577000e+00 1.439333e+01 6.083981e+00 2.545728e-03 1.354434e-05 2.766894e-05 1.407389e-03 2.442379e-12 4.708071e-14 0.000000e+00 0.000000e+00 0.000000e+00 0.000000e+00 0.000000e+00 0.000000e+00 0.000000e+00 0.000000e+00 0.000000e+00 0.000000e+00 0.000000e+00 0.000000e+00 1.695923e+13 1.857793e+09 1.855933e+11 1.579040e+14 5.792590e+00 3.806236e-11 1.332348e-02 4.413996e-03 6.314923e-02 9.980822e-02 1.508830e-04 8.983047e-05 2.383896e-11 1.500068e-15 6.099290e-20 1.428715e-23 0.000000e+00 0.000000e+00 5.735404e-18 9.578330e-11 3.696610e-03 0.000000e+00 0.000000e+00 0.000000e+00 0.000000e+00 0.000000e+00 0.000000e+00 2.829972e-121 8.133050e+00 0.000000e+00 0.000000e+00 0.000000e+00 0.000000e+00 0.000000e+00 0.000000e+00 0.000000e+00 0.000000e+00 0.000000e+00 0.000000e+00 0.000000e+00 0.000000e+00 0.000000e+00 0.000000e+00 0.000000e+00 0.000000e+00 0.000000e+00 0.000000e+00 0.000000e+00 0.000000e+00 0.000000e+00 0.000000e+00 0.000000e+00 0.000000e+00 0.000000e+00 6.057505e-75 2.187870e-34 1.720224e-34 1.095817e-20 7.277251e-32 0.000000e+00
73.000000 72.000000 74.000000 180.630005 2.991328e-01 2.311163e+11 9.391933e+05 4.425778e+07 6.191567e+01 4.377825e+00 1.032498e-06 1.723475e+05 1.464422e+00 5.456357e-16 7.830143e-13 2.351553e+00 2.383896e-01 3.351966e-07 2.778537e-12 3.789514e-30 3.983493e-12 3.447260e-12 2.357617e-16 5.749608e-06 5.018203e+11 8.367202e+06 1.276996e+03 2.763798e-10 1.471452e-01 1.035639e-16 5.148011e-44 2.721247e-05 7.232107e-13 1.933251e-05 8.633347e-10 7.713521e-01 1.150650e+01 4.589043e+00 1.826334e-03 6.718492e-06 1.980722e-05 9.938158e-04 1.491056e-12 2.941472e-14 0.000000e+00 0.000000e+00 0.000000e+00 0.000000e+00 0.000000e+00 0.000000e+00 0.000000e+00 0.000000e+00 0.000000e+00 0.000000e+00 0.000000e+00 0.000000e+00 1.149224e+13 1.268962e+09 1.353161e+11 1.079521e+14 8.396412e+00 1.318919e-11 1.273474e-02 4.244171e-03 6.024648e-02 8.668043e-02 1.137876e-04 1.990440e-05 2.265078e-11 4.764799e-16 1.123093e-20 4.610225e-24 0.000000e+00 0.000000e+00 4.848891e-19 4.570360e-11 2.616521e-03 0.000000e+00 0.000000e+00 0.000000e+00 0.000000e+00 0.000000e+00 0.000000e+00 1.934726e-121 1.234050e+01 0.000000e+00 0.000000e+00 0.000000e+00 0.000000e+00 0.000000e+00 0.000000e+00 0.000000e+00 0.000000e+00 0.000000e+00 0.000000e+00 0.000000e+00 0.000000e+00 0.000000e+00 0.000000e+00 0.000000e+00 0.000000e+00 0.000000e+00 0.000000e+00 0.000000e+00 0.000000e+00 0.000000e+00 0.000000e+00 0.000000e+00 0.000000e+00 0.000000e+00 3.040803e-76 4.894584e-35 2.873813e-35 3.775785e-21 1.332463e-32 0.000000e+00
75.000000 74.000000 76.000000 180.630005 2.045038e-01 2.399372e+11 4.721966e+05 3.264568e+07 2.348469e+01 1.485429e+00 1.198796e-07 6.091061e+04 1.048104e+00 1.355630e-16 3.862825e-13 1.361427e+00 1.188567e-01 1.143124e-07 6.499327e-13 2.095946e-31 1.211707e-12 4.462815e-13 2.117460e-17 4.786935e-06 4.289372e+11 3.982592e+06 1.006420e+03 1.104933e-10 7.209021e-02 1.409006e-17 6.650308e-44 2.003290e-05 2.876950e-13 7.556800e-06 3.919670e-10 3.435014e-01 8.389795e+00 3.329721e+00 1.199026e-03 3.051040e-06 1.280556e-05 6.876100e-04 7.815501e-13 1.815422e-14 0.000000e+00 0.000000e+00 0.000000e+00 0.000000e+00 0.000000e+00 0.000000e+00 0.000000e+00 0.000000e+00 0.000000e+00 0.000000e+00 0.000000e+00 0.000000e+00 7.770869e+12 8.665161e+08 9.447400e+10 7.380189e+13 1.183077e+01 4.617052e-12 1.002297e-02 3.351739e-03 4.736406e-02 6.603378e-02 7.807962e-05 4.359420e-06 1.884979e-11 1.239767e-16 1.820301e-21 1.264331e-24 0.000000e+00 0.000000e+00 3.856859e-20 1.719950e-11 1.817407e-03 0.000000e+00 0.000000e+00 0.000000e+00 0.000000e+00 0.000000e+00 0.000000e+00 1.322686e-121 1.478921e+01 0.000000e+00 0.000000e+00 0.000000e+00 0.000000e+00 0.000000e+00 0.000000e+00 0.000000e+00 0.000000e+00 0.000000e+00 0.000000e+00 0.000000e+00 0.000000e+00 0.000000e+00 0.000000e+00 0.000000e+00 0.000000e+00 0.000000e+00 0.000000e+00 0.000000e+00 0.000000e+00 0.000000e+00 0.000000e+00 0.000000e+00 0.000000e+00 0.000000e+00 1.577900e-77 1.120780e-35 4.782876e-36 1.077882e-21 2.030541e-33 0.000000e+00
77.000000 76.000000 78.000000 180.630005 1.398102e-01 2.386446e+11 2.162426e+05 2.352879e+07 8.668464e+00 4.901800e-01 1.323757e-08 2.043781e+04 7.428635e-01 3.320119e-17 1.924714e-13 7.922135e-01 5.703068e-02 3.751103e-08 1.458709e-13 1.071278e-32 4.138420e-13 5.410083e-14 1.780032e-18 3.469247e-06 3.644835e+11 1.732155e+06 6.717747e+02 3.636005e-11 3.239612e-02 1.551378e-18 8.137749e-44 1.244073e-05 1.007564e-13 2.582938e-06 1.626000e-10 1.387731e-01 5.789260e+00 2.358226e+00 7.544185e-04 1.265802e-06 7.449674e-06 4.694777e-04 3.711321e-13 1.144160e-14 0.000000e+00 0.000000e+00 0.000000e+00 0.000000e+00 0.000000e+00 0.000000e+00 0.000000e+00 0.000000e+00 0.000000e+00 1.970575e-40 7.878929e-52 0.000000e+00 5.241361e+12 5.914784e+08 6.290087e+10 5.045509e+13 1.604344e+01 1.645731e-12 6.699134e-03 2.244657e-03 3.163368e-02 4.359768e-02 4.825537e-05 9.567049e-07 1.394054e-11 2.675629e-17 2.562847e-22 3.155381e-25 0.000000e+00 0.000000e+00 2.872581e-21 5.241738e-12 1.249955e-03 0.000000e+00 0.000000e+00 0.000000e+00 0.000000e+00 0.000000e+00 0.000000e+00 9.042621e-122 1.442148e+01 0.000000e+00 0.000000e+00 0.000000e+00 0.000000e+00 0.000000e+00 0.000000e+00 0.000000e+00 0.000000e+00 0.000000e+00 0.000000e+00 0.000000e+00 0.000000e+00 0.000000e+00 0.000000e+00 0.000000e+00 0.000000e+00 0.000000e+00 0.000000e+00 0.000000e+00 0.000000e+00 0.000000e+00 0.000000e+00 0.000000e+00 0.000000e+00 0.000000e+00 8.850957e-79 2.684270e-36 8.105881e-37 2.645421e-22 2.711296e-34 0.000000e+00
79.000000 78.000000 80.000000 180.630005 9.558210e-02 2.277261e+11 9.013325e+04 1.665216e+07 3.196871e+00 1.574829e-01 1.391352e-09 6.518919e+03 5.220114e-01 8.122794e-18 9.769979e-14 4.616886e-01 2.634467e-02 1.184836e-08 3.142847e-14 5.062207e-34 1.625273e-13 6.305783e-15 1.430341e-19 2.774928e-06 3.074356e+11 6.898159e+05 3.900163e+02 1.008450e-11 1.340848e-02 1.421563e-19 9.333822e-44 6.696783e-06 3.373232e-14 8.368749e-07 6.191554e-11 5.097975e-02 3.889277e+00 1.646578e+00 4.712362e-04 4.820264e-07 3.906254e-06 3.173704e-04 2.042247e-13 7.398634e-15 0.000000e+00 0.000000e+00 0.000000e+00 0.000000e+00 0.000000e+00 0.000000e+00 0.000000e+00 0.000000e+00 0.000000e+00 0.000000e+00 0.000000e+00 0.000000e+00 3.525036e+12 4.035410e+08 3.984164e+10 3.449398e+13 2.098088e+01 6.070853e-13 3.905610e-03 1.310227e-03 1.843391e-02 2.527540e-02 2.701909e-05 2.158664e-07 9.272820e-12 4.889645e-18 3.150937e-23 7.779202e-26 0.000000e+00 0.000000e+00 2.005420e-22 1.325642e-12 8.556135e-04 0.000000e+00 0.000000e+00 0.000000e+00 0.000000e+00 0.000000e+00 0.000000e+00 6.182043e-122 1.177053e+01 0.000000e+00 0.000000e+00 0.000000e+00 0.000000e+00 0.000000e+00 0.000000e+00 0.000000e+00 0.000000e+00 0.000000e+00 0.000000e+00 0.000000e+00 0.000000e+00 0.000000e+00 0.000000e+00 0.000000e+00 0.000000e+00 0.000000e+00 0.000000e+00 0.000000e+00 0.000000e+00 0.000000e+00 0.000000e+00 0.000000e+00 0.000000e+00 0.000000e+00 5.549780e-80 6.817138e-37 1.423798e-37 5.759730e-23 3.349483e-35 0.000000e+00
81.000000 80.000000 82.000000 180.630005 6.534530e-02 2.091438e+11 3.428012e+04 1.163824e+07 1.228636e+00 4.932780e-02 1.395001e-10 1.982265e+03 3.641845e-01 2.007060e-18 5.077814e-14 2.686306e-01 1.175095e-02 3.613216e-09 6.519218e-15 2.223087e-35 7.271442e-14 7.390355e-16 1.141116e-20 4.383209e-04 2.571271e+11 2.530444e+05 2.015037e+02 2.409336e-12 5.170675e-03 1.112735e-20 9.624605e-44 3.199676e-06 1.163915e-14 2.765703e-07 2.185642e-11 1.713704e-02 2.591116e+00 1.140257e+00 2.977768e-04 1.701798e-07 1.859524e-06 2.124827e-04 2.477157e-13 4.853143e-15 0.000000e+00 0.000000e+00 0.000000e+00 0.000000e+00 0.000000e+00 0.000000e+00 0.000000e+00 0.000000e+00 0.000000e+00 0.000000e+00 0.000000e+00 0.000000e+00 2.362966e+12 2.751391e+08 2.398254e+10 2.358201e+13 2.665643e+01 2.386801e-13 2.032605e-03 6.824290e-04 9.591168e-03 1.310611e-02 1.388400e-05 5.209584e-08 5.622546e-12 7.745317e-19 3.433596e-24 2.039011e-26 0.000000e+00 0.000000e+00 1.317712e-23 2.844655e-13 5.844129e-04 0.000000e+00 0.000000e+00 0.000000e+00 0.000000e+00 0.000000e+00 0.000000e+00 4.226393e-122 8.256448e+00 0.000000e+00 0.000000e+00 0.000000e+00 0.000000e+00 0.000000e+00 0.000000e+00 0.000000e+00 0.000000e+00 0.000000e+00 0.000000e+00 0.000000e+00 0.000000e+00 0.000000e+00 0.000000e+00 0.000000e+00 0.000000e+00 0.000000e+00 0.000000e+00 0.000000e+00 0.000000e+00 0.000000e+00 0.000000e+00 0.000000e+00 0.000000e+00 0.000000e+00 3.964541e-81 1.848168e-37 2.619899e-38 1.141074e-23 4.039669e-36 0.000000e+00
83.000000 82.000000 84.000000 180.630005 4.467367e-02 1.855958e+11 1.194613e+04 8.066537e+06 5.215336e-01 1.506324e-02 1.334895e-11 5.769183e+02 2.526320e-01 5.040089e-19 2.706028e-14 1.556169e-01 5.088860e-03 1.069642e-09 1.308647e-15 9.161124e-37 3.588290e-14 9.278893e-17 9.569710e-22 3.092792e-02 2.130391e+11 8.620362e+04 9.444537e+01 5.057349e-13 1.880263e-03 7.616389e-22 8.691479e-44 1.384583e-06 4.265271e-15 9.585486e-08 7.248114e-12 5.315227e-03 1.728400e+00 7.858179e-01 1.913451e-04 5.645704e-08 8.132580e-07 1.406267e-04 5.176235e-13 3.185761e-15 0.000000e+00 0.000000e+00 0.000000e+00 0.000000e+00 0.000000e+00 0.000000e+00 0.000000e+00 0.000000e+00 0.000000e+00 0.000000e+00 0.000000e+00 0.000000e+00 1.578201e+12 1.874227e+08 1.371533e+10 1.612196e+13 3.315160e+01 1.051992e-13 9.631149e-04 3.235403e-04 4.544197e-03 6.188455e-03 6.640538e-06 1.419863e-08 3.151691e-12 1.089120e-19 3.378589e-25 5.841016e-27 0.000000e+00 0.000000e+00 8.192355e-25 5.283606e-14 3.987753e-04 0.000000e+00 0.000000e+00 0.000000e+00 0.000000e+00 0.000000e+00 0.000000e+00 2.889397e-122 5.098393e+00 0.000000e+00 0.000000e+00 0.000000e+00 0.000000e+00 0.000000e+00 0.000000e+00 0.000000e+00 0.000000e+00 0.000000e+00 0.000000e+00 0.000000e+00 0.000000e+00 0.000000e+00 0.000000e+00 0.000000e+00 0.000000e+00 0.000000e+00 0.000000e+00 0.000000e+00 0.000000e+00 0.000000e+00 0.000000e+00 0.000000e+00 0.000000e+00 0.000000e+00 3.247445e-82 5.357238e-38 5.067563e-39 2.098023e-24 4.970649e-37 0.000000e+00
85.000000 84.000000 86.000000 180.630005 3.054140e-02 1.597778e+11 3.831297e+03 5.557875e+06 2.608294e-01 4.477137e-03 1.218421e-12 1.614462e+02 1.745025e-01 1.288652e-19 1.476981e-14 8.949244e-02 2.156370e-03 3.097959e-10 2.560600e-16 3.591897e-38 1.889457e-14 1.341862e-17 9.068229e-23 9.387800e-01 1.746895e+11 2.752108e+04 4.080541e+01 9.494703e-14 6.506897e-04 4.656502e-23 7.003380e-44 5.518130e-07 1.630339e-15 3.412939e-08 2.291523e-12 1.534809e-03 1.158480e+00 5.399744e-01 1.248627e-04 1.786451e-08 3.315964e-07 9.171307e-05 1.073647e-12 2.071548e-15 0.000000e+00 0.000000e+00 0.000000e+00 0.000000e+00 0.000000e+00 0.000000e+00 0.000000e+00 0.000000e+00 0.000000e+00 0.000000e+00 0.000000e+00 0.000000e+00 1.049903e+12 1.275057e+08 7.451445e+09 1.102188e+13 4.052165e+01 5.554314e-14 4.225102e-04 1.419950e-04 1.993552e-03 2.703711e-03 2.991445e-06 4.642556e-09 1.654210e-12 1.391972e-20 3.059153e-26 1.791367e-27 0.000000e+00 0.000000e+00 4.848116e-26 8.648670e-15 2.719680e-04 0.000000e+00 0.000000e+00 0.000000e+00 0.000000e+00 0.000000e+00 0.000000e+00 1.975352e-122 2.830929e+00 0.000000e+00 0.000000e+00 0.000000e+00 0.000000e+00 0.000000e+00 0.000000e+00 0.000000e+00 0.000000e+00 0.000000e+00 0.000000e+00 0.000000e+00 0.000000e+00 0.000000e+00 0.000000e+00 0.000000e+00 0.000000e+00 0.000000e+00 0.000000e+00 0.000000e+00 0.000000e+00 0.000000e+00 0.000000e+00 0.000000e+00 0.000000e+00 0.000000e+00 3.047660e-83 1.658954e-38 1.028445e-39 3.634836e-25 6.389750e-38 0.000000e+00
87.000000 86.000000 88.000000 180.630005 2.087980e-02 1.339118e+11 1.134673e+03 3.810377e+06 1.597069e-01 1.291290e-03 1.066712e-13 4.365308e+01 1.201658e-01 3.351164e-20 8.237143e-15 5.089952e-02 9.027604e-04 8.863095e-11 4.926686e-17 1.363183e-39 1.037242e-14 2.346531e-18 1.031142e-23 1.293327e+01 1.416056e+11 8.310136e+03 1.646797e+01 1.621016e-14 2.155212e-04 2.594904e-24 5.227333e-44 2.053921e-07 6.306293e-16 1.207835e-08 7.004283e-13 4.163261e-04 7.805247e-01 3.703716e-01 8.250679e-05 5.469635e-09 1.279685e-07 5.874627e-05 2.158110e-12 1.325606e-15 0.000000e+00 0.000000e+00 0.000000e+00 0.000000e+00 0.000000e+00 0.000000e+00 0.000000e+00 0.000000e+00 0.000000e+00 0.000000e+00 0.000000e+00 0.000000e+00 6.955935e+11 8.658224e+07 3.843945e+09 7.535173e+12 4.865810e+01 3.646956e-14 1.740833e-04 5.852511e-05 8.214738e-04 1.108298e-03 1.279981e-06 1.884683e-09 8.216707e-13 1.654450e-21 2.593978e-27 5.693220e-28 0.000000e+00 0.000000e+00 2.748659e-27 1.269964e-15 1.854284e-04 0.000000e+00 0.000000e+00 0.000000e+00 0.000000e+00 0.000000e+00 0.000000e+00 1.350460e-122 1.439841e+00 0.000000e+00 0.000000e+00 0.000000e+00 0.000000e+00 0.000000e+00 0.000000e+00 0.000000e+00 0.000000e+00 0.000000e+00 0.000000e+00 0.000000e+00 0.000000e+00 0.000000e+00 0.000000e+00 0.000000e+00 0.000000e+00 0.000000e+00 0.000000e+00 0.000000e+00 0.000000e+00 0.000000e+00 0.000000e+00 0.000000e+00 0.000000e+00 0.000000e+00 3.268943e-84 5.482672e-39 2.179917e-40 6.004615e-26 8.595842e-39 0.000000e+00
89.000000 88.000000 90.000000 180.630005 1.427459e-02 1.095754e+11 3.104530e+02 2.599362e+06 1.174444e-01 3.594201e-04 9.443338e-15 1.146046e+01 8.256938e-02 8.841116e-21 4.681026e-15 2.846704e-02 3.768314e-04 2.527728e-11 9.394589e-18 5.092076e-41 5.854918e-15 4.915630e-19 1.416205e-24 1.036013e+02 1.133351e+11 2.394350e+03 6.276314e+00 2.558858e-15 6.856146e-05 1.344803e-25 3.732656e-44 7.225222e-08 2.425242e-16 4.162630e-09 2.094260e-13 1.070147e-04 5.281726e-01 2.537476e-01 5.505646e-05 1.640298e-09 4.739881e-08 3.687781e-05 4.439784e-12 8.318832e-16 0.000000e+00 0.000000e+00 0.000000e+00 0.000000e+00 0.000000e+00 0.000000e+00 0.000000e+00 0.000000e+00 0.000000e+00 0.000000e+00 0.000000e+00 0.000000e+00 4.590207e+11 5.863564e+07 1.877783e+09 5.151460e+12 5.725163e+01 2.879227e-14 6.821223e-05 2.293921e-05 3.219345e-04 4.314942e-04 5.235110e-07 9.284104e-10 3.897104e-13 1.866563e-22 2.091471e-28 1.838581e-28 0.000000e+00 0.000000e+00 1.498735e-28 1.708869e-16 1.263995e-04 0.000000e+00 0.000000e+00 0.000000e+00 0.000000e+00 0.000000e+00 0.000000e+00 9.232496e-123 6.817630e-01 0.000000e+00 0.000000e+00 0.000000e+00 0.000000e+00 0.000000e+00 0.000000e+00 0.000000e+00 0.000000e+00 0.000000e+00 0.000000e+00 0.000000e+00 0.000000e+00 0.000000e+00 0.000000e+00 0.000000e+00 0.000000e+00 0.000000e+00 0.000000e+00 0.000000e+00 0.000000e+00 0.000000e+00 0.000000e+00 0.000000e+00 0.000000e+00 0.000000e+00 4.006733e-85 1.934463e-39 4.799435e-41 9.549370e-27 1.197709e-39 0.000000e+00
91.000000 90.000000 92.000000 180.630005 9.758903e-03 8.772621e+10 7.784500e+01 1.763187e+06 9.791934e-02 9.527973e-05 1.134820e-15 2.935261e+00 5.664892e-02 2.358343e-21 2.703101e-15 1.548850e-02 1.569914e-04 7.193054e-12 1.773992e-18 1.877836e-42 3.371310e-15 1.165940e-19 2.234660e-25 5.837116e+02 8.944833e+10 6.636745e+02 2.279495e+00 3.806422e-16 2.101951e-05 6.612009e-27 2.604254e-44 2.427512e-08 9.239487e-17 1.388406e-09 6.186560e-14 2.628316e-05 3.585871e-01 1.737167e-01 3.701487e-05 4.869920e-10 1.707971e-08 2.269050e-05 9.156244e-12 5.117983e-16 0.000000e+00 0.000000e+00 0.000000e+00 0.000000e+00 0.000000e+00 0.000000e+00 0.000000e+00 0.000000e+00 0.000000e+00 0.000000e+00 0.000000e+00 0.000000e+00 3.018459e+11 3.955565e+07 8.596679e+08 3.521826e+12 6.601030e+01 2.547486e-14 2.570255e-05 8.646338e-06 1.213299e-04 1.613026e-04 2.062446e-07 5.222766e-10 1.779509e-13 2.021950e-23 1.618282e-29 6.002495e-29 0.000000e+00 0.000000e+00 7.777192e-30 2.181202e-17 8.615052e-05 0.000000e+00 0.000000e+00 0.000000e+00 0.000000e+00 0.000000e+00 0.000000e+00 6.311847e-123 3.049132e-01 0.000000e+00 0.000000e+00 0.000000e+00 0.000000e+00 0.000000e+00 0.000000e+00 0.000000e+00 0.000000e+00 0.000000e+00 0.000000e+00 0.000000e+00 0.000000e+00 0.000000e+00 0.000000e+00 0.000000e+00 0.000000e+00 0.000000e+00 0.000000e+00 0.000000e+00 0.000000e+00 0.000000e+00 0.000000e+00 0.000000e+00 0.000000e+00 0.000000e+00 5.635552e-86 7.304924e-40 1.091460e-41 1.473873e-27 1.710329e-40 0.000000e+00
93.000000 92.000000 94.000000 180.630005 6.671728e-03 6.880428e+10 1.730155e+01 1.187493e+06 8.796371e-02 2.317018e-05 3.247876e-16 7.367244e-01 3.882246e-02 6.335298e-22 1.581971e-15 7.997732e-03 6.341540e-05 1.983942e-12 3.214546e-19 6.514923e-44 1.970532e-15 2.890629e-20 3.735417e-26 2.705912e+03 6.951861e+10 1.782957e+02 7.949213e-01 5.484574e-17 6.242392e-06 3.143385e-28 1.796605e-44 7.866664e-09 3.503851e-17 4.492838e-10 1.825742e-14 6.215512e-06 2.440316e-01 1.188681e-01 2.502453e-05 1.448631e-10 6.082994e-09 1.373388e-05 1.833324e-11 3.097674e-16 0.000000e+00 0.000000e+00 0.000000e+00 0.000000e+00 0.000000e+00 0.000000e+00 0.000000e+00 0.000000e+00 0.000000e+00 0.000000e+00 0.000000e+00 0.000000e+00 1.979918e+11 2.653414e+07 3.562164e+08 2.407712e+12 7.504208e+01 2.400612e-14 9.409761e-06 3.167224e-06 4.443010e-05 5.848380e-05 7.921682e-08 3.180775e-10 7.892023e-14 2.065490e-24 1.185974e-30 1.989001e-29 0.000000e+00 0.000000e+00 3.619318e-31 2.839793e-18 5.871538e-05 0.000000e+00 0.000000e+00 0.000000e+00 0.000000e+00 0.000000e+00 0.000000e+00 4.315129e-123 1.305412e-01 0.000000e+00 0.000000e+00 0.000000e+00 0.000000e+00 0.000000e+00 0.000000e+00 0.000000e+00 0.000000e+00 0.000000e+00 0.000000e+00 0.000000e+00 0.000000e+00 0.000000e+00 0.000000e+00 0.000000e+00 0.000000e+00 0.000000e+00 0.000000e+00 0.000000e+00 0.000000e+00 0.000000e+00 0.000000e+00 0.000000e+00 0.000000e+00 0.000000e+00 9.191098e-87 2.968563e-40 2.550301e-42 2.223647e-28 2.490165e-41 0.000000e+00
95.000000 94.000000 96.000000 180.630005 4.561164e-03 5.285884e+10 3.016129e+00 7.920972e+05 8.291316e-02 4.562401e-06 1.754940e-16 1.821410e-01 2.658402e-02 1.706034e-22 9.362136e-16 3.653846e-03 2.174201e-05 4.642044e-13 4.875610e-20 1.716388e-45 1.165428e-15 6.387774e-21 5.675218e-27 1.263105e+04 5.309653e+10 4.678587e+01 2.681961e-01 8.059221e-18 1.812539e-06 1.465558e-29 1.233035e-44 2.484812e-09 1.336117e-17 1.421298e-10 5.464698e-15 1.426078e-06 1.663539e-01 8.130972e-02 1.698920e-05 4.390615e-11 2.188035e-09 8.249126e-06 3.500745e-11 1.860576e-16 0.000000e+00 0.000000e+00 0.000000e+00 0.000000e+00 0.000000e+00 0.000000e+00 0.000000e+00 0.000000e+00 0.000000e+00 0.000000e+00 0.000000e+00 0.000000e+00 1.297885e+11 1.765248e+07 1.182029e+08 1.646046e+12 8.505506e+01 2.363257e-14 3.385435e-06 1.142135e-06 1.598954e-05 2.079266e-05 3.019037e-08 2.038707e-10 3.438133e-14 1.766130e-25 7.468320e-32 6.760355e-30 0.000000e+00 0.000000e+00 1.209100e-32 4.376082e-19 4.002083e-05 0.000000e+00 0.000000e+00 0.000000e+00 0.000000e+00 0.000000e+00 0.000000e+00 2.950062e-123 5.424760e-02 0.000000e+00 0.000000e+00 0.000000e+00 0.000000e+00 0.000000e+00 0.000000e+00 0.000000e+00 0.000000e+00 0.000000e+00 0.000000e+00 0.000000e+00 0.000000e+00 0.000000e+00 0.000000e+00 0.000000e+00 0.000000e+00 0.000000e+00 0.000000e+00 0.000000e+00 0.000000e+00 0.000000e+00 0.000000e+00 0.000000e+00 0.000000e+00 0.000000e+00 1.775592e-87 1.312474e-40 6.094905e-43 3.304250e-29 3.702257e-42 0.000000e+00
97.000000 96.000000 98.000000 180.630005 3.118265e-03 3.967928e+10 1.738341e-01 5.211130e+05 8.391917e-02 3.058844e-07 1.229361e-16 4.510543e-02 1.819290e-02 4.581531e-23 5.594359e-16 1.098552e-03 2.286974e-06 3.329777e-14 2.225650e-21 1.468622e-47 6.961321e-16 4.722940e-22 3.596496e-28 2.525913e+05 3.970613e+10 1.223405e+01 8.933885e-02 1.369560e-18 5.331166e-07 6.627389e-31 8.443212e-45 7.813997e-10 5.249067e-18 4.485687e-11 1.750473e-15 3.226862e-07 1.135403e-01 5.560540e-02 1.157296e-05 1.434913e-11 8.455661e-10 4.999862e-06 9.253837e-11 1.127712e-16 0.000000e+00 0.000000e+00 0.000000e+00 1.344086e-25 0.000000e+00 0.000000e+00 0.000000e+00 0.000000e+00 0.000000e+00 8.486447e-47 1.357411e-50 0.000000e+00 8.532394e+10 1.159967e+07 1.323029e+07 1.125330e+12 1.004733e+02 2.510584e-14 1.230928e-06 4.447681e-07 5.801975e-06 7.425117e-06 1.211304e-08 1.405731e-10 1.508306e-14 4.825381e-27 2.067929e-33 2.421264e-30 0.000000e+00 0.000000e+00 1.044777e-34 9.957748e-20 2.728702e-05 0.000000e+00 8.800382e-33 1.198088e-32 0.000000e+00 0.000000e+00 0.000000e+00 2.016826e-123 2.248399e-02 0.000000e+00 0.000000e+00 0.000000e+00 0.000000e+00 0.000000e+00 0.000000e+00 0.000000e+00 0.000000e+00 0.000000e+00 0.000000e+00 0.000000e+00 0.000000e+00 0.000000e+00 0.000000e+00 0.000000e+00 0.000000e+00 0.000000e+00 0.000000e+00 0.000000e+00 0.000000e+00 0.000000e+00 0.000000e+00 0.000000e+00 0.000000e+00 0.000000e+00 4.244197e-88 6.453647e-41 1.485390e-43 4.914839e-30 5.709824e-43 0.000000e+00
99.000000 98.000000 100.000000 180.630005 2.131819e-03 2.883926e+10 2.117424e-04 3.357497e+05 1.053941e-01 3.390239e-10 1.290462e-16 1.289809e-02 1.243963e-02 1.240966e-23 3.383821e-16 1.442419e-05 3.812978e-09 3.775291e-17 1.573814e-24 1.020887e-49 4.209646e-16 1.499494e-24 7.818917e-30 2.541857e+07 2.878908e+10 3.680974e+00 3.403009e-02 4.026913e-19 1.898089e-07 3.097808e-32 5.775668e-45 2.848485e-10 2.503544e-18 1.646128e-11 8.018575e-16 8.291970e-08 7.756475e-02 3.802029e-02 7.906641e-06 6.439210e-12 4.314581e-10 3.148561e-06 2.369715e-11 7.101547e-17 0.000000e+00 0.000000e+00 0.000000e+00 0.000000e+00 0.000000e+00 0.000000e+00 0.000000e+00 0.000000e+00 0.000000e+00 3.254640e-50 7.210605e-52 0.000000e+00 5.666315e+10 7.479787e+06 2.418197e+04 7.693371e+11 1.439844e+02 3.360933e-14 7.331314e-07 2.086639e-06 2.481999e-06 3.075543e-06 6.800610e-09 1.204105e-10 7.842959e-15 6.822216e-30 2.486781e-35 1.086427e-30 0.000000e+00 0.000000e+00 6.241048e-37 4.846654e-20 1.861878e-05 0.000000e+00 0.000000e+00 0.000000e+00 0.000000e+00 0.000000e+00 0.000000e+00 1.378814e-123 1.083028e-02 0.000000e+00 0.000000e+00 0.000000e+00 0.000000e+00 0.000000e+00 0.000000e+00 0.000000e+00 0.000000e+00 0.000000e+00 0.000000e+00 0.000000e+00 0.000000e+00 0.000000e+00 0.000000e+00 0.000000e+00 0.000000e+00 0.000000e+00 0.000000e+00 0.000000e+00 0.000000e+00 0.000000e+00 0.000000e+00 0.000000e+00 0.000000e+00 0.000000e+00 1.361018e-88 3.667599e-41 3.736106e-44 8.414054e-31 1.063468e-43 0.000000e+00
