# z		 z0		 z1		 T		 P		1		2		3		4		5		6		7		8		9		10		11		12		13		14		15		16		17		18		19		20		21		22		23		24		25		26		27		28		29		30		31		32		33		34		35		36		37		38		39		40		41		42		43		44		45		46		47		48		49		50		51		52		53		54		55		56		57		58		59		60		61		62		63		64		65		66		67		68		69		70		71		72		73		74		75		76		77		78		79		80		81		82		83		84		85		86		87		88		89		90		91		92		93		94		95		96		97		98		99		100		101		102		103		104		105		106		107		108		109		110		111		
#  km		 km		 km		 K		 Pa		
1.000000 0.000000 2.000000 307.130844 9.607027e+04 2.793784e+03 5.200593e-08 6.866882e+08 3.074450e+05 1.310630e+00 7.299773e+03 4.531161e+17 1.685073e-08 1.613820e-08 5.266872e-12 4.687993e+05 4.108003e+03 3.856401e-04 6.620961e-11 4.700438e-25 6.036057e+02 1.206227e+01 1.720965e-04 1.897395e-19 1.381351e+12 3.360116e+12 1.637152e+09 3.475098e-02 4.507496e+08 8.036751e-12 3.127042e-40 4.853435e-06 5.561185e-09 4.155960e+00 1.822881e+00 1.356686e+06 2.030674e-14 7.710934e+01 5.371538e-01 1.159508e+05 7.485015e-01 6.156009e-02 2.861634e-16 1.189654e-15 0.000000e+00 5.986357e-34 0.000000e+00 0.000000e+00 0.000000e+00 0.000000e+00 0.000000e+00 0.000000e+00 0.000000e+00 0.000000e+00 0.000000e+00 0.000000e+00 2.265580e+18 5.353872e+14 1.625734e+01 2.039021e+19 1.190115e-11 1.324127e-05 2.133958e-15 2.452318e-07 5.657485e+04 1.173863e+07 4.191098e+03 8.242949e+08 6.962936e-17 4.090528e-01 2.753322e-06 3.126138e-21 0.000000e+00 0.000000e+00 1.704679e-15 1.399361e-11 1.771808e-09 0.000000e+00 0.000000e+00 0.000000e+00 0.000000e+00 0.000000e+00 0.000000e+00 0.000000e+00 5.265868e-09 0.000000e+00 0.000000e+00 0.000000e+00 0.000000e+00 0.000000e+00 0.000000e+00 0.000000e+00 0.000000e+00 0.000000e+00 0.000000e+00 0.000000e+00 0.000000e+00 0.000000e+00 0.000000e+00 0.000000e+00 0.000000e+00 0.000000e+00 0.000000e+00 0.000000e+00 0.000000e+00 0.000000e+00 0.000000e+00 0.000000e+00 0.000000e+00 0.000000e+00 1.723910e-49 1.558845e-30 1.712784e-29 2.775424e-11 4.448486e-20 0.000000e+00
3.000000 2.000000 4.000000 299.734741 7.620861e+04 2.931236e+05 2.286755e-04 7.117270e+08 3.242356e+05 6.187703e+01 8.605646e+03 1.609429e+17 1.167107e-08 1.208474e-07 2.380394e-11 3.852321e+05 3.570714e+03 1.421717e-02 7.764773e-08 1.938698e-20 4.280149e+02 9.395637e+00 3.316301e-03 7.123328e-19 1.175237e+12 2.730508e+12 1.282657e+09 3.044123e-01 3.810270e+08 7.603889e-11 8.598582e-40 6.894773e-06 1.982126e-08 3.245243e+00 1.296009e+00 1.065016e+06 4.817656e-14 1.390472e+02 6.908645e-01 6.825001e+04 4.520761e-01 5.126333e-02 4.473102e-16 2.598692e-13 0.000000e+00 0.000000e+00 0.000000e+00 0.000000e+00 0.000000e+00 0.000000e+00 0.000000e+00 0.000000e+00 0.000000e+00 0.000000e+00 0.000000e+00 0.000000e+00 1.841525e+18 4.351118e+14 1.662932e+03 1.657385e+19 1.997545e-11 1.792489e-06 5.220099e-15 1.975920e-07 3.935765e+04 8.657798e+06 2.627377e+03 7.276051e+08 4.661030e-16 1.991059e-01 1.856522e-05 7.220791e-22 0.000000e+00 0.000000e+00 7.324985e-12 9.653101e-10 1.256314e-08 0.000000e+00 0.000000e+00 0.000000e+00 0.000000e+00 0.000000e+00 0.000000e+00 0.000000e+00 5.728738e-09 0.000000e+00 0.000000e+00 0.000000e+00 0.000000e+00 0.000000e+00 0.000000e+00 0.000000e+00 0.000000e+00 0.000000e+00 0.000000e+00 0.000000e+00 0.000000e+00 0.000000e+00 0.000000e+00 0.000000e+00 0.000000e+00 0.000000e+00 0.000000e+00 0.000000e+00 0.000000e+00 0.000000e+00 0.000000e+00 0.000000e+00 0.000000e+00 0.000000e+00 2.043039e-48 2.622642e-29 2.964431e-28 4.421780e-11 4.632152e-20 0.000000e+00
5.000000 4.000000 6.000000 292.033043 6.007851e+04 2.407065e+06 1.963409e-02 1.021875e+09 4.989392e+05 5.469757e+02 1.573330e+04 1.027075e+17 3.937949e-09 5.075811e-07 9.501107e-11 3.212734e+05 3.103478e+03 6.309945e-02 2.134958e-06 6.414380e-18 3.007928e+02 1.062476e+01 1.849415e-02 4.376395e-18 1.036685e+12 2.208536e+12 1.084076e+09 1.364247e+00 2.961522e+08 6.778859e-10 2.238114e-39 1.576787e-05 6.341197e-08 2.614413e+00 9.387690e-01 8.127652e+05 2.548279e-13 2.738378e+02 1.086906e+00 3.284732e+04 2.007385e-01 4.275231e-02 6.589515e-16 2.197044e-12 0.000000e+00 0.000000e+00 0.000000e+00 0.000000e+00 0.000000e+00 0.000000e+00 0.000000e+00 0.000000e+00 0.000000e+00 0.000000e+00 0.000000e+00 0.000000e+00 1.490032e+18 3.519719e+14 2.722214e+04 1.341045e+19 2.674246e-11 1.050651e-07 1.492082e-14 2.397182e-07 2.846362e+04 6.483936e+06 1.643149e+03 4.336708e+08 2.373373e-15 9.709966e-02 4.325414e-05 8.312384e-23 0.000000e+00 0.000000e+00 8.089040e-10 1.096091e-08 4.198023e-08 0.000000e+00 0.000000e+00 0.000000e+00 0.000000e+00 0.000000e+00 0.000000e+00 0.000000e+00 6.045640e-09 0.000000e+00 0.000000e+00 0.000000e+00 0.000000e+00 0.000000e+00 0.000000e+00 0.000000e+00 0.000000e+00 0.000000e+00 0.000000e+00 0.000000e+00 0.000000e+00 0.000000e+00 0.000000e+00 0.000000e+00 0.000000e+00 0.000000e+00 0.000000e+00 0.000000e+00 0.000000e+00 0.000000e+00 0.000000e+00 0.000000e+00 0.000000e+00 0.000000e+00 3.368294e-47 2.718636e-28 3.470661e-27 8.727098e-11 6.536963e-20 0.000000e+00
7.000000 6.000000 8.000000 283.912050 4.705209e+04 1.720682e+07 1.526365e+00 1.305055e+09 7.177372e+05 4.435334e+03 2.708696e+04 6.184706e+16 1.528234e-09 1.636688e-06 3.341262e-10 2.741762e+05 2.715895e+03 2.754660e-01 5.181309e-05 2.005944e-15 1.981051e+02 1.139552e+01 8.343083e-02 2.193144e-17 9.545408e+11 1.778249e+12 8.469514e+08 4.656504e+00 2.103397e+08 7.575909e-09 6.743983e-39 5.509634e-05 2.265888e-07 2.220767e+00 6.935265e-01 6.104719e+05 2.412199e-12 5.889861e+02 1.931530e+00 1.746599e+04 1.125932e-01 3.575254e-02 8.628841e-16 1.346989e-11 0.000000e+00 0.000000e+00 0.000000e+00 0.000000e+00 0.000000e+00 0.000000e+00 0.000000e+00 0.000000e+00 0.000000e+00 0.000000e+00 0.000000e+00 0.000000e+00 1.200334e+18 2.834214e+14 4.165523e+05 1.080316e+19 4.325094e-11 6.188701e-09 3.871321e-14 2.785291e-07 2.128371e+04 4.941597e+06 9.572746e+02 1.414986e+08 1.814788e-14 4.484322e-02 9.289062e-05 1.528941e-23 0.000000e+00 0.000000e+00 9.072963e-08 1.194212e-07 1.436659e-07 0.000000e+00 0.000000e+00 0.000000e+00 2.276388e-36 0.000000e+00 0.000000e+00 0.000000e+00 6.376797e-09 0.000000e+00 0.000000e+00 0.000000e+00 0.000000e+00 0.000000e+00 0.000000e+00 0.000000e+00 0.000000e+00 0.000000e+00 0.000000e+00 0.000000e+00 0.000000e+00 0.000000e+00 0.000000e+00 0.000000e+00 0.000000e+00 0.000000e+00 0.000000e+00 0.000000e+00 0.000000e+00 0.000000e+00 0.000000e+00 0.000000e+00 0.000000e+00 0.000000e+00 6.625897e-46 2.498565e-27 3.569921e-26 1.713974e-10 1.146386e-19 0.000000e+00
9.000000 8.000000 10.000000 275.288459 3.658072e+04 7.144741e+07 3.719698e+01 1.467096e+09 9.484450e+05 2.215369e+04 4.183666e+04 3.476750e+16 1.428657e-09 3.896913e-06 9.506910e-10 2.411160e+05 2.401651e+03 7.988146e-01 5.114004e-04 1.886071e-13 1.088858e+02 1.141700e+01 2.491798e-01 8.617666e-17 9.092190e+11 1.424866e+12 5.937328e+08 9.314424e+00 1.383113e+08 1.042362e-07 1.270532e-38 1.586696e-04 5.447076e-07 2.004344e+00 5.105573e-01 4.569153e+05 2.119045e-11 1.319865e+03 3.751818e+00 9.822154e+03 1.278751e-01 3.001030e-02 9.708455e-16 3.814271e-11 0.000000e+00 0.000000e+00 0.000000e+00 0.000000e+00 0.000000e+00 0.000000e+00 0.000000e+00 0.000000e+00 0.000000e+00 0.000000e+00 0.000000e+00 0.000000e+00 9.624322e+17 2.271076e+14 3.032486e+06 8.662051e+18 3.596455e-10 1.297581e-09 8.853852e-14 3.005798e-07 1.623700e+04 3.762053e+06 5.368968e+02 4.429774e+07 1.166631e-13 2.044600e-02 1.360121e-04 8.394571e-24 0.000000e+00 0.000000e+00 4.693628e-06 6.283081e-07 6.639398e-07 0.000000e+00 0.000000e+00 0.000000e+00 0.000000e+00 0.000000e+00 0.000000e+00 0.000000e+00 6.659349e-09 0.000000e+00 0.000000e+00 0.000000e+00 0.000000e+00 0.000000e+00 0.000000e+00 0.000000e+00 0.000000e+00 0.000000e+00 0.000000e+00 0.000000e+00 0.000000e+00 0.000000e+00 0.000000e+00 0.000000e+00 0.000000e+00 0.000000e+00 0.000000e+00 0.000000e+00 0.000000e+00 0.000000e+00 0.000000e+00 0.000000e+00 0.000000e+00 0.000000e+00 1.497432e-44 1.779466e-26 2.824470e-25 3.101447e-10 2.257448e-19 0.000000e+00
11.000000 10.000000 12.000000 266.183831 2.820808e+04 1.869321e+08 4.243899e+02 1.349227e+09 1.090825e+06 7.520036e+04 5.513812e+04 1.650059e+16 3.036492e-09 7.875392e-06 2.837734e-09 2.263013e+05 2.174309e+03 1.812239e+00 2.738832e-03 7.783392e-12 4.884983e+01 1.027253e+01 5.449278e-01 2.366408e-16 9.105882e+11 1.135191e+12 3.550495e+08 1.269260e+01 8.461088e+07 2.122622e-06 1.473750e-38 3.831171e-04 9.286082e-07 1.859973e+00 3.555387e-01 3.420385e+05 1.333233e-10 2.643985e+03 6.724370e+00 5.767551e+03 2.092913e-01 2.564615e-02 8.973848e-16 6.184537e-11 0.000000e+00 1.588436e-33 0.000000e+00 0.000000e+00 0.000000e+00 0.000000e+00 0.000000e+00 0.000000e+00 0.000000e+00 0.000000e+00 0.000000e+00 0.000000e+00 7.675329e+17 1.809359e+14 1.358084e+07 6.907937e+18 5.076290e-09 8.113406e-10 1.710584e-13 2.807460e-07 1.241905e+04 2.854201e+06 3.031053e+02 1.778302e+07 6.985247e-13 9.900606e-03 1.612513e-04 1.188251e-23 0.000000e+00 0.000000e+00 1.393663e-04 2.033032e-06 5.366849e-06 0.000000e+00 0.000000e+00 0.000000e+00 1.738658e-35 0.000000e+00 0.000000e+00 0.000000e+00 6.585753e-09 0.000000e+00 0.000000e+00 0.000000e+00 0.000000e+00 0.000000e+00 0.000000e+00 0.000000e+00 0.000000e+00 0.000000e+00 0.000000e+00 0.000000e+00 0.000000e+00 0.000000e+00 0.000000e+00 0.000000e+00 0.000000e+00 0.000000e+00 0.000000e+00 0.000000e+00 0.000000e+00 0.000000e+00 0.000000e+00 0.000000e+00 0.000000e+00 0.000000e+00 4.744326e-43 2.225728e-25 2.984489e-24 6.125227e-10 5.359125e-19 0.000000e+00
13.000000 12.000000 14.000000 255.755945 2.154548e+04 3.878902e+08 7.773874e+03 7.490724e+08 9.720352e+05 3.083645e+05 3.705717e+05 6.346689e+15 3.470070e-08 2.198798e-05 1.795580e-08 3.767110e+05 2.797726e+03 7.417445e+00 2.556795e-02 7.742021e-10 2.057583e+01 1.035845e+01 2.054558e+00 2.259208e-16 1.490026e+12 8.979122e+11 1.880772e+08 4.135139e+01 2.771714e+07 2.095343e-04 8.384079e-39 1.086433e-03 1.348804e-06 1.671847e+00 2.037031e-01 2.507541e+05 8.395812e-10 6.965816e+03 1.729313e+01 4.702111e+03 4.415929e-01 2.858745e-02 7.398995e-16 1.119937e-10 0.000000e+00 0.000000e+00 0.000000e+00 0.000000e+00 0.000000e+00 0.000000e+00 0.000000e+00 0.000000e+00 0.000000e+00 0.000000e+00 0.000000e+00 0.000000e+00 6.101458e+17 1.430865e+14 7.974288e+07 5.491444e+18 1.261120e-07 2.038304e-09 1.887253e-13 1.974895e-07 9.388353e+03 2.938431e+06 1.301344e+02 1.104703e+07 5.389365e-12 6.231942e-03 2.684489e-04 9.949879e-23 0.000000e+00 0.000000e+00 1.810893e-02 8.537585e-06 1.529725e-04 0.000000e+00 0.000000e+00 0.000000e+00 0.000000e+00 0.000000e+00 0.000000e+00 0.000000e+00 5.379941e-09 0.000000e+00 0.000000e+00 0.000000e+00 0.000000e+00 0.000000e+00 0.000000e+00 0.000000e+00 0.000000e+00 0.000000e+00 0.000000e+00 0.000000e+00 0.000000e+00 0.000000e+00 0.000000e+00 0.000000e+00 0.000000e+00 0.000000e+00 0.000000e+00 0.000000e+00 0.000000e+00 0.000000e+00 0.000000e+00 0.000000e+00 0.000000e+00 0.000000e+00 7.775350e-41 3.455630e-22 1.944254e-22 3.716791e-09 4.202492e-18 0.000000e+00
15.000000 14.000000 16.000000 242.492675 1.624769e+04 1.084748e+08 8.672318e+05 1.408900e+08 2.079986e+06 5.086450e+07 1.230397e+08 1.645067e+15 6.065077e-06 6.598528e-05 2.342373e-07 1.073983e+06 5.099945e+03 1.377594e+02 1.701072e-01 1.225061e-07 2.572496e+01 3.648024e+01 6.038467e+01 4.081840e-16 3.279594e+12 7.052598e+11 2.379359e+07 1.513714e+03 2.399074e+06 5.458966e-02 2.848133e-39 1.296939e-02 7.186598e-06 1.460158e+01 1.406530e+00 3.121995e+05 1.150727e-08 9.428297e+03 1.227913e+02 1.560033e+04 4.664177e+00 4.718208e-02 1.658095e-15 2.255965e-10 0.000000e+00 0.000000e+00 0.000000e+00 0.000000e+00 0.000000e+00 0.000000e+00 0.000000e+00 0.000000e+00 0.000000e+00 0.000000e+00 0.000000e+00 0.000000e+00 4.852803e+17 1.117718e+14 1.319411e+10 4.367666e+18 1.884102e-05 3.613083e-08 1.177410e-12 1.552095e-06 3.933445e+04 1.358748e+06 2.233602e+01 9.725400e+06 1.831462e-10 1.075613e-01 8.294252e-04 3.413611e-19 0.000000e+00 0.000000e+00 2.405728e+01 5.633650e-03 4.644358e-03 0.000000e+00 0.000000e+00 0.000000e+00 0.000000e+00 0.000000e+00 0.000000e+00 0.000000e+00 5.337492e-08 0.000000e+00 0.000000e+00 0.000000e+00 0.000000e+00 0.000000e+00 0.000000e+00 0.000000e+00 0.000000e+00 0.000000e+00 0.000000e+00 0.000000e+00 0.000000e+00 0.000000e+00 0.000000e+00 0.000000e+00 0.000000e+00 0.000000e+00 0.000000e+00 0.000000e+00 0.000000e+00 0.000000e+00 0.000000e+00 0.000000e+00 0.000000e+00 0.000000e+00 4.134226e-38 4.048312e-18 4.532120e-20 1.005230e-07 7.109219e-17 0.000000e+00
17.000000 16.000000 18.000000 225.826716 1.203088e+04 2.870165e+07 1.128632e+08 5.303626e+05 4.627520e+05 2.568960e+08 3.352892e+09 2.437614e+14 7.044551e-03 1.435069e-03 4.286704e-06 2.841965e+06 4.773314e+03 2.122845e+03 1.287667e+00 1.322579e-05 1.238466e-01 7.226707e+00 1.899635e+02 5.038394e-23 1.266174e+13 5.578645e+11 1.996770e+06 1.142726e+02 3.767312e+05 3.563547e-01 5.602260e-43 2.008612e-02 1.422204e-06 1.150279e+01 5.781116e-01 1.772114e+05 8.506633e-09 1.762973e+02 1.317384e-01 1.130833e+02 1.008319e-01 7.330819e-02 2.625701e-16 1.112672e-09 0.000000e+00 0.000000e+00 0.000000e+00 0.000000e+00 0.000000e+00 0.000000e+00 0.000000e+00 0.000000e+00 0.000000e+00 0.000000e+00 0.000000e+00 0.000000e+00 3.858424e+17 8.845568e+13 4.823504e+12 3.472789e+18 3.211516e-03 1.019934e-07 3.096039e-16 9.073969e-09 8.731938e+01 5.883847e+01 5.008895e-03 2.258471e+04 6.698760e-10 3.609281e-03 3.672263e-06 3.071107e-16 0.000000e+00 0.000000e+00 1.810970e+03 4.372480e-03 3.025865e-02 0.000000e+00 0.000000e+00 0.000000e+00 0.000000e+00 0.000000e+00 0.000000e+00 0.000000e+00 3.092554e-08 0.000000e+00 0.000000e+00 0.000000e+00 0.000000e+00 0.000000e+00 0.000000e+00 0.000000e+00 0.000000e+00 0.000000e+00 0.000000e+00 0.000000e+00 0.000000e+00 0.000000e+00 0.000000e+00 0.000000e+00 0.000000e+00 0.000000e+00 0.000000e+00 0.000000e+00 0.000000e+00 0.000000e+00 0.000000e+00 0.000000e+00 0.000000e+00 0.000000e+00 3.601441e-35 1.344621e-14 1.123177e-17 4.291021e-09 2.068774e-16 0.000000e+00
19.000000 18.000000 20.000000 208.413014 8.693293e+03 5.937317e+07 4.746974e+08 1.815838e+05 1.800106e+05 1.234568e+08 8.398864e+08 2.831874e+13 1.681339e-01 4.924703e-03 3.700471e-05 5.378072e+06 9.072859e+03 1.996142e+03 1.372316e+00 1.245034e-05 3.635581e-02 4.961416e+00 6.289335e+01 6.446911e-24 2.480335e+13 4.358262e+11 3.232477e+05 1.859785e+00 8.179071e+04 3.723385e-02 4.420681e-46 2.909016e-03 1.213401e-07 1.296782e+00 5.091412e-02 1.191829e+05 1.519639e-09 8.540383e+00 2.899642e-02 1.725822e+01 1.020832e-02 9.384150e-02 5.362871e-17 2.082319e-10 0.000000e+00 0.000000e+00 0.000000e+00 0.000000e+00 0.000000e+00 0.000000e+00 0.000000e+00 0.000000e+00 0.000000e+00 4.796244e-34 1.583835e-55 0.000000e+00 3.020827e+17 6.914844e+13 1.116739e+13 2.719040e+18 1.776842e-02 7.921246e-07 2.667883e-16 1.697919e-09 6.503598e+00 1.036961e+01 2.521356e-03 6.797046e+03 1.897499e-10 2.515198e-04 1.381566e-06 3.177854e-16 1.735736e-26 0.000000e+00 7.659908e+02 7.111122e-04 5.082905e-02 0.000000e+00 0.000000e+00 0.000000e+00 0.000000e+00 0.000000e+00 0.000000e+00 0.000000e+00 3.870291e-09 0.000000e+00 0.000000e+00 0.000000e+00 0.000000e+00 0.000000e+00 0.000000e+00 0.000000e+00 0.000000e+00 0.000000e+00 0.000000e+00 0.000000e+00 0.000000e+00 0.000000e+00 0.000000e+00 0.000000e+00 0.000000e+00 0.000000e+00 0.000000e+00 0.000000e+00 0.000000e+00 0.000000e+00 0.000000e+00 0.000000e+00 0.000000e+00 0.000000e+00 5.092879e-33 1.833832e-13 6.710796e-16 1.990072e-09 1.293931e-16 0.000000e+00
21.000000 20.000000 22.000000 196.328467 6.136076e+03 1.220702e+08 1.065596e+09 1.550331e+05 1.352533e+05 6.159663e+07 2.137864e+08 5.697677e+12 6.682892e-01 2.947817e-03 5.241477e-05 6.752064e+06 1.148632e+04 1.210830e+03 1.183256e+00 5.929708e-06 1.582272e-02 4.052160e+00 2.380586e+01 5.849960e-24 3.241907e+13 3.260288e+11 1.281551e+05 6.069840e-02 1.880251e+04 8.343531e-03 3.592045e-48 4.947080e-04 1.943700e-08 2.908851e-01 9.509336e-03 8.082188e+04 5.116255e-10 9.969996e-01 2.508559e-02 6.295650e+00 3.496549e-03 1.005551e-01 2.526522e-17 6.041793e-11 2.117764e-23 0.000000e+00 2.058222e-18 1.066358e-17 1.183971e-22 6.151509e-29 2.381402e-25 2.067514e-24 2.058355e-24 2.538636e-34 7.920757e-56 0.000000e+00 2.263327e+17 5.176455e+13 1.526004e+13 2.037343e+18 5.486291e-02 1.737966e-06 3.977639e-16 7.820753e-10 2.020897e+00 5.674539e+00 3.921546e-03 4.137342e+03 5.869053e-11 4.718197e-05 1.242198e-06 1.019035e-16 2.756102e-25 0.000000e+00 2.017013e+02 2.787855e-04 6.075788e-02 0.000000e+00 5.472496e-28 3.712609e-27 0.000000e+00 0.000000e+00 0.000000e+00 0.000000e+00 1.059216e-09 0.000000e+00 0.000000e+00 0.000000e+00 0.000000e+00 0.000000e+00 0.000000e+00 0.000000e+00 0.000000e+00 0.000000e+00 0.000000e+00 0.000000e+00 0.000000e+00 0.000000e+00 0.000000e+00 0.000000e+00 0.000000e+00 0.000000e+00 0.000000e+00 0.000000e+00 0.000000e+00 0.000000e+00 0.000000e+00 0.000000e+00 0.000000e+00 0.000000e+00 1.325134e-32 3.131592e-13 1.111548e-15 7.740446e-10 2.630518e-17 0.000000e+00
23.000000 22.000000 24.000000 189.417128 4.263212e+03 1.924698e+08 1.363886e+09 2.027834e+05 1.389076e+05 4.122261e+07 9.404603e+07 2.058782e+12 1.433802e+00 1.610739e-03 4.952463e-05 5.876525e+06 1.130335e+04 7.461375e+02 8.600480e-01 2.372332e-06 9.603203e-03 3.290697e+00 1.178291e+01 1.294725e-23 3.475117e+13 2.344501e+11 8.495157e+04 8.081768e-03 4.334091e+03 3.887595e-03 3.695732e-49 1.755504e-04 5.976503e-09 1.189754e-01 3.425519e-03 5.387299e+04 3.828970e-10 3.739104e-01 2.465517e-02 3.380161e+00 2.062345e-03 9.599955e-02 1.982918e-17 2.976813e-11 8.579492e-24 0.000000e+00 8.196528e-19 4.457429e-18 2.658171e-22 9.487438e-30 6.503660e-26 6.571209e-25 6.267042e-25 8.692739e-35 3.829251e-56 0.000000e+00 1.629773e+17 3.725323e+13 1.667881e+13 1.467150e+18 1.001142e-01 2.347759e-06 7.506024e-16 5.953964e-10 1.319219e+00 5.258554e+00 4.666453e-03 3.296865e+03 3.627760e-11 1.901178e-05 8.365159e-07 4.354657e-17 1.046869e-25 0.000000e+00 6.841430e+01 1.809443e-04 6.166541e-02 0.000000e+00 3.278936e-28 2.221561e-27 0.000000e+00 0.000000e+00 0.000000e+00 0.000000e+00 5.697946e-10 0.000000e+00 0.000000e+00 0.000000e+00 0.000000e+00 0.000000e+00 0.000000e+00 0.000000e+00 0.000000e+00 0.000000e+00 0.000000e+00 0.000000e+00 0.000000e+00 0.000000e+00 0.000000e+00 0.000000e+00 0.000000e+00 0.000000e+00 0.000000e+00 0.000000e+00 0.000000e+00 0.000000e+00 0.000000e+00 0.000000e+00 0.000000e+00 0.000000e+00 5.418026e-33 2.093173e-13 8.014423e-16 4.312806e-10 6.511393e-18 0.000000e+00
25.000000 24.000000 26.000000 184.402808 2.929385e+03 2.899928e+08 1.454966e+09 3.145707e+05 1.620833e+05 2.934468e+07 4.701179e+07 9.063581e+11 2.708121e+00 8.513152e-04 4.160437e-05 4.252078e+06 9.871310e+03 4.224217e+02 5.424220e-01 7.567186e-07 6.202651e-03 2.611032e+00 5.969482e+00 4.661823e-23 3.355774e+13 1.652673e+11 6.602788e+04 2.001311e-03 1.014476e+03 2.240369e-03 1.019452e-49 8.870214e-05 2.301222e-09 5.817324e-02 1.509423e-03 3.573138e+04 4.483796e-10 2.700910e-01 2.714346e-02 2.101313e+00 1.553420e-03 8.554703e-02 1.839309e-17 1.668501e-11 2.015844e-23 0.000000e+00 1.727988e-18 9.542770e-18 2.555967e-21 1.033354e-29 1.099729e-25 1.333447e-24 1.232566e-24 7.774965e-35 5.990470e-56 0.000000e+00 1.150228e+17 2.628213e+13 1.628027e+13 1.035536e+18 1.540436e-01 2.865878e-06 1.731170e-15 5.484812e-10 1.150652e+00 5.901365e+00 5.175084e-03 2.913744e+03 3.114364e-11 9.476528e-06 4.788295e-07 2.136928e-17 2.497093e-25 0.000000e+00 2.216663e+01 1.382548e-04 5.731180e-02 6.270643e-17 1.017686e-27 6.882705e-27 0.000000e+00 0.000000e+00 0.000000e+00 0.000000e+00 3.756390e-10 0.000000e+00 0.000000e+00 0.000000e+00 0.000000e+00 0.000000e+00 0.000000e+00 0.000000e+00 0.000000e+00 0.000000e+00 0.000000e+00 0.000000e+00 0.000000e+00 0.000000e+00 0.000000e+00 0.000000e+00 0.000000e+00 0.000000e+00 0.000000e+00 0.000000e+00 0.000000e+00 0.000000e+00 0.000000e+00 0.000000e+00 0.000000e+00 0.000000e+00 9.473359e-34 9.049168e-14 4.474529e-16 2.920768e-10 1.839629e-18 0.000000e+00
27.000000 26.000000 28.000000 180.274877 1.994723e+03 4.360288e+08 1.447567e+09 5.213134e+05 1.980504e+05 2.072873e+07 2.344470e+07 4.230298e+11 4.283521e+00 3.703263e-04 2.836325e-05 2.783803e+06 7.995277e+03 2.144000e+02 3.018088e-01 1.905886e-07 3.891600e-03 1.975159e+00 2.796711e+00 2.126676e-22 3.063756e+13 1.149747e+11 5.372883e+04 5.832442e-04 2.380296e+02 1.344476e-03 3.919533e-50 5.080050e-05 9.451945e-10 2.983623e-02 7.028545e-04 2.362718e+04 6.775588e-10 2.593362e-01 3.181264e-02 1.362294e+00 1.300319e-03 7.313966e-02 1.668483e-17 9.514506e-12 2.832520e-23 0.000000e+00 2.091394e-18 1.182052e-17 7.440809e-21 6.547611e-30 9.956353e-26 1.591119e-24 1.498434e-24 1.393230e-34 2.079526e-55 0.000000e+00 8.010938e+16 1.830086e+13 1.496797e+13 7.212797e+17 2.220392e-01 2.903731e-06 4.457346e-15 5.437362e-10 1.131879e+00 7.033554e+00 5.641018e-03 2.654101e+03 2.989194e-11 4.828348e-06 2.411385e-07 9.372215e-18 3.760568e-25 0.000000e+00 6.298276e+00 1.107481e-04 5.079008e-02 1.477776e-16 1.836067e-27 1.238692e-26 0.000000e+00 0.000000e+00 0.000000e+00 0.000000e+00 2.611368e-10 0.000000e+00 0.000000e+00 0.000000e+00 0.000000e+00 0.000000e+00 0.000000e+00 0.000000e+00 0.000000e+00 0.000000e+00 0.000000e+00 0.000000e+00 0.000000e+00 0.000000e+00 0.000000e+00 0.000000e+00 0.000000e+00 0.000000e+00 0.000000e+00 0.000000e+00 0.000000e+00 0.000000e+00 0.000000e+00 0.000000e+00 0.000000e+00 0.000000e+00 6.822433e-35 2.480277e-14 1.609000e-16 1.846019e-10 4.639711e-19 0.000000e+00
29.000000 28.000000 30.000000 175.777538 1.345956e+03 6.579365e+08 1.393951e+09 8.680494e+05 2.416608e+05 1.405429e+07 1.096595e+07 1.848110e+11 5.663650e+00 1.269744e-04 1.559809e-05 1.709945e+06 6.135221e+03 9.757625e+01 1.493259e-01 3.805828e-08 2.274052e-03 1.399658e+00 1.160126e+00 1.040865e-21 2.701871e+13 7.947389e+10 4.379245e+04 1.594317e-04 5.883284e+01 7.806970e-04 1.346922e-50 3.015969e-05 3.776752e-10 1.519510e-02 3.222951e-04 1.565976e+04 1.277677e-09 2.961267e-01 3.735478e-02 8.665634e-01 1.125281e-03 6.077310e-02 1.288845e-17 5.150717e-12 6.110381e-23 0.000000e+00 3.794339e-18 2.232368e-17 2.910169e-20 5.459683e-30 1.175192e-25 2.686569e-24 2.763041e-24 3.067774e-34 9.204003e-55 0.000000e+00 5.543166e+16 1.266277e+13 1.326488e+13 4.991419e+17 3.098326e-01 2.445294e-06 1.183391e-14 5.391297e-10 1.163836e+00 8.234529e+00 6.137710e-03 2.397881e+03 2.966994e-11 2.343191e-06 1.087449e-07 3.333925e-18 8.926863e-25 0.000000e+00 1.527607e+00 8.826623e-05 4.374055e-02 1.759461e-16 5.066949e-27 3.406414e-26 1.424702e-82 3.417593e-110 0.000000e+00 0.000000e+00 1.782336e-10 0.000000e+00 0.000000e+00 0.000000e+00 0.000000e+00 0.000000e+00 0.000000e+00 0.000000e+00 0.000000e+00 0.000000e+00 0.000000e+00 0.000000e+00 0.000000e+00 0.000000e+00 0.000000e+00 0.000000e+00 0.000000e+00 0.000000e+00 0.000000e+00 0.000000e+00 0.000000e+00 0.000000e+00 0.000000e+00 0.000000e+00 0.000000e+00 0.000000e+00 2.163796e-36 4.444355e-15 3.666739e-17 9.965202e-11 9.422274e-20 0.000000e+00
31.000000 30.000000 32.000000 172.081978 8.997464e+02 9.301765e+08 1.205149e+09 1.428442e+06 2.841645e+05 9.671656e+06 5.279778e+06 9.244212e+10 6.831257e+00 4.160982e-05 7.965435e-06 9.664159e+05 4.482308e+03 4.316329e+01 6.564734e-02 6.451654e-09 1.310363e-03 8.849790e-01 4.379763e-01 5.067108e-21 2.332887e+13 5.420434e+10 3.392990e+04 4.887580e-05 1.711252e+01 4.306978e-04 6.712427e-51 1.918788e-05 1.650317e-10 7.960294e-03 1.546989e-04 1.029486e+04 2.778484e-09 3.570786e-01 3.959411e-02 5.426187e-01 9.598942e-04 4.938329e-02 9.718347e-18 2.944305e-12 1.228631e-22 1.496963e-65 6.344380e-18 3.633825e-17 7.785658e-20 4.152068e-30 1.276907e-25 4.048150e-24 4.489148e-24 3.982024e-34 2.461108e-54 0.000000e+00 3.784592e+16 8.646710e+12 1.149689e+13 3.408325e+17 3.926588e-01 1.984865e-06 3.082944e-14 5.344673e-10 1.181313e+00 9.470194e+00 6.118862e-03 2.038151e+03 3.108957e-11 1.092483e-06 4.283224e-08 1.259114e-18 1.748772e-24 0.000000e+00 3.547947e-01 6.660653e-05 3.703660e-02 1.687377e-16 1.217027e-26 8.139590e-26 2.690786e-76 1.321032e-104 0.000000e+00 0.000000e+00 1.280403e-10 0.000000e+00 0.000000e+00 0.000000e+00 0.000000e+00 0.000000e+00 0.000000e+00 0.000000e+00 0.000000e+00 0.000000e+00 0.000000e+00 0.000000e+00 0.000000e+00 0.000000e+00 0.000000e+00 0.000000e+00 0.000000e+00 0.000000e+00 0.000000e+00 0.000000e+00 0.000000e+00 0.000000e+00 0.000000e+00 0.000000e+00 0.000000e+00 0.000000e+00 3.805328e-38 5.836009e-16 6.970570e-18 4.970956e-11 1.886353e-20 0.000000e+00
33.000000 32.000000 34.000000 169.911351 5.974982e+02 1.188691e+09 8.913342e+08 2.347625e+06 3.222355e+05 7.046592e+06 2.813279e+06 6.102893e+10 7.842301e+00 1.456091e-05 4.046328e-06 5.011644e+05 3.134460e+03 1.948434e+01 2.589006e-02 9.753280e-10 7.882694e-04 4.973919e-01 1.564848e-01 2.516564e-20 1.967986e+13 3.641179e+10 2.392269e+04 1.927958e-05 8.120861e+00 2.214868e-04 7.024109e-51 1.355170e-05 8.689039e-11 4.466734e-03 8.236391e-05 6.697272e+03 6.180450e-09 4.150985e-01 3.619341e-02 3.441243e-01 8.116416e-04 3.911608e-02 8.296544e-18 1.914895e-12 2.419323e-22 6.060585e-61 1.023939e-17 5.135473e-17 1.278896e-19 3.370271e-30 1.518043e-25 6.076975e-24 6.745746e-24 3.407096e-34 4.548623e-54 0.000000e+00 2.544957e+16 5.816486e+12 9.727334e+12 2.292294e+17 4.326845e-01 1.730514e-06 7.957751e-14 5.422539e-10 1.140147e+00 1.090167e+01 5.350291e-03 1.616638e+03 3.520961e-11 4.853565e-07 1.457939e-08 6.001142e-19 2.796233e-24 0.000000e+00 8.525412e-02 4.553681e-05 3.078540e-02 1.387794e-16 2.567745e-26 1.703966e-25 4.147999e-70 3.623202e-99 0.000000e+00 0.000000e+00 1.028902e-10 0.000000e+00 0.000000e+00 0.000000e+00 0.000000e+00 0.000000e+00 0.000000e+00 0.000000e+00 0.000000e+00 0.000000e+00 0.000000e+00 0.000000e+00 0.000000e+00 0.000000e+00 0.000000e+00 0.000000e+00 0.000000e+00 0.000000e+00 0.000000e+00 0.000000e+00 0.000000e+00 0.000000e+00 0.000000e+00 0.000000e+00 0.000000e+00 0.000000e+00 4.766228e-40 6.383789e-17 1.271865e-18 2.361885e-11 4.366184e-21 0.000000e+00
35.000000 34.000000 36.000000 168.990019 3.954601e+02 1.454791e+09 6.065134e+08 3.822069e+06 3.519077e+05 5.168823e+06 1.503858e+06 3.923397e+10 8.640293e+00 4.944859e-06 1.948151e-06 2.442763e+05 2.129889e+03 8.623318e+00 9.360030e-03 1.292139e-10 4.737142e-04 2.534644e-01 5.107353e-02 1.293103e-19 1.636378e+13 2.419961e+10 1.591772e+04 9.710044e-06 6.653219e+00 1.035625e-04 1.280825e-50 9.604979e-06 5.093678e-11 2.546678e-03 4.592357e-05 4.325806e+03 1.340495e-08 4.599423e-01 2.955739e-02 2.180444e-01 6.762822e-04 3.041506e-02 8.121687e-18 1.341071e-12 2.112016e-22 2.415332e-56 7.272536e-18 3.039400e-17 8.552790e-20 1.287093e-30 8.290988e-26 4.001612e-24 4.263888e-24 4.049188e-34 1.198043e-53 0.000000e+00 1.693262e+16 3.872098e+12 8.107264e+12 1.525449e+17 4.440243e-01 1.557014e-06 2.101258e-13 5.603446e-10 1.056907e+00 1.238873e+01 4.374810e-03 1.201954e+03 3.878205e-11 2.009664e-07 4.389052e-09 3.176684e-19 1.736532e-24 0.000000e+00 1.946093e-02 2.882169e-05 2.534513e-02 1.000192e-16 2.283113e-26 1.497376e-25 5.277895e-64 8.196125e-94 0.000000e+00 0.000000e+00 8.707007e-11 0.000000e+00 0.000000e+00 0.000000e+00 0.000000e+00 0.000000e+00 0.000000e+00 0.000000e+00 0.000000e+00 0.000000e+00 0.000000e+00 0.000000e+00 0.000000e+00 0.000000e+00 0.000000e+00 0.000000e+00 0.000000e+00 0.000000e+00 0.000000e+00 0.000000e+00 0.000000e+00 0.000000e+00 0.000000e+00 0.000000e+00 0.000000e+00 0.000000e+00 4.583528e-42 5.998596e-18 2.040937e-19 1.027404e-11 1.060225e-21 0.000000e+00
37.000000 36.000000 38.000000 169.282297 2.616237e+02 1.736530e+09 3.874187e+08 6.194566e+06 3.729605e+05 3.775942e+06 7.880612e+05 2.459663e+10 9.106893e+00 1.583018e-06 8.729898e-07 1.151708e+05 1.420093e+03 3.734372e+00 3.162075e-03 1.531698e-11 2.844850e-04 1.195990e-01 1.536843e-02 6.999514e-19 1.340298e+13 1.595948e+10 1.013489e+04 6.134238e-06 6.926973e+00 4.344181e-05 3.857456e-50 6.587589e-06 3.234510e-11 1.465724e-03 2.662968e-05 2.782119e+03 2.792036e-08 4.700845e-01 2.130587e-02 1.383556e-01 5.614000e-04 2.322498e-02 9.402351e-18 9.999376e-13 1.924640e-22 9.046451e-52 5.341116e-18 1.811147e-17 5.333882e-20 5.482819e-31 4.839205e-26 2.714716e-24 2.700651e-24 2.546786e-34 1.706121e-53 0.000000e+00 1.118014e+16 2.558593e+12 6.652475e+12 1.007447e+17 4.319571e-01 1.409433e-06 5.748232e-13 5.943770e-10 9.405560e-01 1.395318e+01 3.416932e-03 8.468787e+02 3.969004e-11 7.751203e-08 1.193521e-09 1.778694e-19 1.006056e-24 0.000000e+00 4.177206e-03 1.683816e-05 2.066282e-02 6.787513e-17 2.052082e-26 1.322326e-25 5.413155e-58 1.493735e-88 0.000000e+00 0.000000e+00 7.692470e-11 0.000000e+00 0.000000e+00 0.000000e+00 0.000000e+00 0.000000e+00 0.000000e+00 0.000000e+00 0.000000e+00 0.000000e+00 0.000000e+00 0.000000e+00 0.000000e+00 0.000000e+00 0.000000e+00 0.000000e+00 0.000000e+00 0.000000e+00 0.000000e+00 0.000000e+00 0.000000e+00 0.000000e+00 0.000000e+00 0.000000e+00 0.000000e+00 0.000000e+00 3.567337e-44 4.893115e-19 2.798166e-20 4.004385e-12 2.557749e-22 0.000000e+00
39.000000 38.000000 40.000000 169.944985 1.733660e+02 2.052575e+09 2.426667e+08 9.879205e+06 3.856788e+05 2.727448e+06 4.038634e+05 1.512352e+10 9.220957e+00 4.762114e-07 3.655229e-07 5.377175e+04 9.400852e+02 1.594804e+00 1.036257e-03 1.717775e-12 1.687049e-04 5.427221e-02 4.411980e-03 3.722030e-18 1.091723e+13 1.051743e+10 6.295450e+03 3.845075e-06 7.763599e+00 1.642711e-05 1.206098e-49 4.339227e-06 2.058551e-11 8.382069e-04 1.545724e-05 1.792865e+03 5.726594e-08 4.299504e-01 1.318931e-02 8.654373e-02 4.588434e-04 1.758162e-02 1.199410e-17 7.495628e-13 1.814668e-22 3.175714e-47 4.053984e-18 1.118831e-17 3.210046e-20 2.566878e-31 2.955790e-26 1.872712e-24 1.726201e-24 1.517418e-34 2.281963e-53 0.000000e+00 7.377607e+15 1.689997e+12 5.426367e+12 6.649859e+16 4.119802e-01 1.247467e-06 1.558501e-12 6.258119e-10 7.865669e-01 1.527927e+01 2.629048e-03 5.786917e+02 3.736059e-11 2.782871e-08 3.115716e-10 9.673168e-20 5.699241e-25 0.000000e+00 8.635593e-04 8.990862e-06 1.684318e-02 4.501985e-17 1.904436e-26 1.195904e-25 4.521923e-52 2.216550e-83 0.000000e+00 0.000000e+00 6.787584e-11 0.000000e+00 0.000000e+00 0.000000e+00 0.000000e+00 0.000000e+00 0.000000e+00 0.000000e+00 0.000000e+00 0.000000e+00 0.000000e+00 0.000000e+00 0.000000e+00 0.000000e+00 0.000000e+00 0.000000e+00 0.000000e+00 0.000000e+00 0.000000e+00 0.000000e+00 0.000000e+00 0.000000e+00 0.000000e+00 0.000000e+00 0.000000e+00 0.000000e+00 2.372667e-46 3.511094e-20 3.328817e-21 1.368455e-12 5.697897e-23 0.000000e+00
41.000000 40.000000 42.000000 170.441120 1.150655e+02 2.457893e+09 1.533975e+08 1.555506e+07 3.921392e+05 1.915330e+06 1.966782e+05 9.158292e+09 8.966001e+00 1.314781e-07 1.413454e-07 2.544820e+04 6.213635e+02 6.648877e-01 3.346482e-04 1.832399e-13 9.749126e-05 2.421682e-02 1.219573e-03 1.935299e-17 8.836392e+12 6.947435e+09 3.870827e+03 2.111618e-06 8.939887e+00 5.425481e-06 3.062707e-49 2.684599e-06 1.248817e-11 4.679488e-04 8.729539e-06 1.161161e+03 1.176146e-07 3.614534e-01 7.193429e-03 5.283591e-02 3.697616e-04 1.322856e-02 1.608787e-17 5.420297e-13 1.626698e-22 1.023557e-42 2.914766e-18 6.713418e-18 1.804840e-20 1.185547e-31 1.683564e-26 1.189058e-24 1.034655e-24 7.179360e-35 2.366749e-53 0.000000e+00 4.880756e+15 1.119281e+12 4.396727e+12 4.400753e+16 3.950101e-01 1.048954e-06 4.160016e-12 6.454928e-10 6.041310e-01 1.631757e+01 2.050600e-03 3.895213e+02 3.112081e-11 9.136744e-09 8.025735e-11 4.755839e-20 3.028364e-25 0.000000e+00 1.693794e-04 4.272147e-06 1.371925e-02 2.966065e-17 1.703138e-26 1.030688e-25 3.023681e-46 2.632245e-78 0.000000e+00 0.000000e+00 5.804149e-11 0.000000e+00 0.000000e+00 0.000000e+00 0.000000e+00 0.000000e+00 0.000000e+00 0.000000e+00 0.000000e+00 0.000000e+00 0.000000e+00 0.000000e+00 0.000000e+00 0.000000e+00 0.000000e+00 0.000000e+00 0.000000e+00 0.000000e+00 0.000000e+00 0.000000e+00 0.000000e+00 0.000000e+00 0.000000e+00 0.000000e+00 0.000000e+00 0.000000e+00 1.455214e-48 2.214000e-21 3.378280e-22 3.972410e-13 1.115425e-23 0.000000e+00
43.000000 42.000000 44.000000 171.805887 7.654192e+01 3.043789e+09 9.745497e+07 2.455310e+07 3.884318e+05 1.285892e+06 8.656399e+04 5.423931e+09 8.442467e+00 3.252017e-08 4.973252e-08 1.216892e+04 4.082986e+02 2.643917e-01 1.040611e-04 1.735938e-14 5.438068e-05 1.026295e-02 3.078898e-04 1.046569e-16 7.097536e+12 4.574710e+09 2.392151e+03 1.260735e-06 1.043837e+01 1.456034e-06 9.841609e-49 1.472839e-06 7.431053e-12 2.517561e-04 4.866661e-06 7.508780e+02 2.291308e-07 3.067445e-01 3.714345e-03 3.132895e-02 2.939131e-04 9.899399e-03 2.246551e-17 3.984210e-13 1.588324e-22 3.112437e-38 2.269166e-18 4.429507e-18 1.064319e-20 6.175654e-32 9.988177e-27 7.847466e-25 6.539364e-25 3.365555e-35 2.336309e-53 0.000000e+00 3.219637e+15 7.392770e+11 3.534195e+12 2.904141e+16 3.830050e-01 8.297237e-07 1.137774e-11 6.776122e-10 4.218257e-01 1.747348e+01 1.623204e-03 2.512055e+02 2.077185e-11 2.672792e-09 1.935220e-11 2.139981e-20 1.635050e-25 0.000000e+00 2.956577e-05 1.748200e-06 1.115756e-02 1.942041e-17 1.667720e-26 9.576324e-26 1.646150e-40 2.544681e-73 0.000000e+00 0.000000e+00 4.909722e-11 0.000000e+00 0.000000e+00 0.000000e+00 0.000000e+00 0.000000e+00 0.000000e+00 0.000000e+00 0.000000e+00 0.000000e+00 0.000000e+00 0.000000e+00 0.000000e+00 0.000000e+00 0.000000e+00 0.000000e+00 0.000000e+00 0.000000e+00 0.000000e+00 0.000000e+00 0.000000e+00 0.000000e+00 0.000000e+00 0.000000e+00 0.000000e+00 0.000000e+00 8.683925e-51 1.165646e-22 2.839702e-23 9.525050e-14 1.920919e-24 0.000000e+00
45.000000 44.000000 46.000000 174.588870 5.117560e+01 3.925121e+09 6.181522e+07 3.905526e+07 3.714298e+05 8.182602e+05 3.374115e+04 3.153294e+09 7.789349e+00 7.356597e-09 1.613471e-08 5.955859e+03 2.666925e+02 1.005653e-01 3.121146e-05 1.450251e-15 2.928693e-05 4.075032e-03 7.033037e-05 5.892062e-16 5.626722e+12 3.002150e+09 1.495368e+03 8.639835e-07 1.197639e+01 3.075074e-07 4.626016e-48 7.125411e-07 4.447076e-12 1.307609e-04 2.709129e-06 4.846908e+02 4.283943e-07 2.884612e-01 1.897789e-03 1.784755e-02 2.306690e-04 7.370442e-03 3.091888e-17 3.065000e-13 1.543235e-22 8.347200e-34 1.738208e-18 2.887584e-18 6.196100e-21 3.285467e-32 5.621416e-27 4.884223e-25 3.943140e-25 1.054087e-35 1.436219e-53 0.000000e+00 2.117365e+15 4.868337e+11 2.803015e+12 1.910747e+16 3.734625e-01 6.219516e-07 3.152268e-11 7.345193e-10 2.647063e-01 1.894819e+01 1.302025e-03 1.530560e+02 1.072301e-11 7.041622e-10 4.293685e-12 9.066458e-21 7.914289e-26 0.000000e+00 4.543879e-06 6.005273e-07 9.015554e-03 1.266377e-17 1.599876e-26 8.545108e-26 7.084983e-35 1.944626e-68 0.000000e+00 0.000000e+00 4.155010e-11 0.000000e+00 0.000000e+00 0.000000e+00 0.000000e+00 0.000000e+00 0.000000e+00 0.000000e+00 0.000000e+00 0.000000e+00 0.000000e+00 0.000000e+00 0.000000e+00 0.000000e+00 0.000000e+00 0.000000e+00 0.000000e+00 0.000000e+00 0.000000e+00 0.000000e+00 0.000000e+00 0.000000e+00 0.000000e+00 0.000000e+00 0.000000e+00 0.000000e+00 5.794620e-53 5.206965e-24 2.040806e-24 1.901976e-14 3.058052e-25 0.000000e+00
47.000000 46.000000 48.000000 177.693520 3.446487e+01 5.133420e+09 3.953515e+07 6.125328e+07 3.403173e+05 5.091683e+05 1.256450e+04 1.812282e+09 7.216417e+00 1.700918e-09 5.236215e-09 2.996215e+03 1.745272e+02 3.856047e-02 9.455484e-06 1.192790e-16 1.545756e-05 1.557779e-03 1.555094e-05 2.900176e-15 4.463638e+12 1.980292e+09 9.334109e+02 5.427617e-07 1.349040e+01 5.643849e-08 1.927500e-47 3.311784e-07 2.640837e-12 6.690871e-05 1.491410e-06 3.147099e+02 1.999676e-06 3.328817e-01 9.490100e-04 9.768529e-03 1.725236e-04 5.546441e-03 3.762608e-17 2.406243e-13 1.490358e-22 0.000000e+00 1.326296e-18 1.872598e-18 3.626299e-21 1.785498e-32 3.169177e-27 2.950768e-25 2.278506e-25 3.434203e-36 7.998028e-54 0.000000e+00 1.400312e+15 3.224147e+11 2.223838e+12 1.264334e+16 3.649772e-01 4.581812e-07 7.741868e-11 7.834725e-10 1.507106e-01 2.019367e+01 1.047815e-03 8.942111e+01 4.742835e-12 1.815749e-10 9.326369e-13 3.771501e-21 3.543754e-26 0.000000e+00 6.880245e-07 1.823126e-07 7.352764e-03 8.299532e-18 1.495548e-26 7.272714e-26 0.000000e+00 1.268350e-68 0.000000e+00 0.000000e+00 3.454681e-11 0.000000e+00 0.000000e+00 0.000000e+00 0.000000e+00 0.000000e+00 0.000000e+00 0.000000e+00 0.000000e+00 0.000000e+00 0.000000e+00 0.000000e+00 0.000000e+00 0.000000e+00 0.000000e+00 0.000000e+00 0.000000e+00 0.000000e+00 0.000000e+00 0.000000e+00 0.000000e+00 0.000000e+00 0.000000e+00 0.000000e+00 0.000000e+00 0.000000e+00 4.556061e-55 2.243307e-25 1.459229e-25 3.371701e-15 4.699469e-26 0.000000e+00
49.000000 48.000000 50.000000 179.873548 2.335779e+01 6.767549e+09 2.594963e+07 9.434834e+07 2.996812e+05 3.151720e+05 4.679623e+03 1.037951e+09 6.826610e+00 4.382062e-10 1.807937e-09 1.563781e+03 1.149101e+02 1.529973e-02 2.993443e-06 1.053089e-17 8.050602e-06 5.908245e-04 3.508125e-06 1.557381e-14 3.560677e+12 1.320733e+09 5.723077e+02 2.593062e-07 1.482180e+01 9.857338e-09 4.500303e-47 1.552043e-07 1.477829e-12 3.386897e-05 7.926454e-07 2.066894e+02 4.746345e-05 4.942577e-01 4.574502e-04 5.192656e-03 1.194297e-04 4.254219e-03 5.183081e-17 1.812500e-13 1.476397e-22 0.000000e+00 1.044606e-18 1.267752e-18 2.225991e-21 1.005287e-32 1.879849e-27 1.814945e-25 1.319881e-25 9.457803e-37 4.331960e-54 0.000000e+00 9.369557e+14 2.160193e+11 1.773413e+12 8.464883e+15 3.603984e-01 3.397948e-07 2.132871e-10 7.939428e-10 7.933480e-02 2.084504e+01 8.518032e-04 5.118180e+01 1.934808e-12 4.942558e-11 2.115966e-13 1.503164e-21 1.601382e-26 0.000000e+00 1.102115e-07 5.182146e-08 6.094032e-03 5.499997e-18 1.416981e-26 6.151498e-26 0.000000e+00 1.241029e-73 0.000000e+00 0.000000e+00 5.084293e-11 0.000000e+00 0.000000e+00 0.000000e+00 0.000000e+00 0.000000e+00 0.000000e+00 0.000000e+00 0.000000e+00 0.000000e+00 0.000000e+00 0.000000e+00 0.000000e+00 0.000000e+00 0.000000e+00 0.000000e+00 0.000000e+00 0.000000e+00 0.000000e+00 0.000000e+00 0.000000e+00 0.000000e+00 0.000000e+00 0.000000e+00 0.000000e+00 0.000000e+00 4.302893e-57 1.089933e-26 1.174529e-26 5.687183e-16 7.151325e-27 0.000000e+00
51.000000 50.000000 52.000000 180.992443 1.588944e+01 9.832432e+09 1.896154e+07 1.389128e+08 2.345182e+05 1.715457e+05 1.398353e+03 5.944326e+08 6.879171e+00 1.189637e-10 6.561010e-10 8.530961e+02 7.545464e+01 6.046376e-03 1.004849e-06 9.888944e-19 3.644038e-06 2.033912e-04 7.314523e-07 2.076201e-12 2.839465e+12 8.887272e+08 3.440971e+02 9.398099e-08 1.557677e+01 1.482616e-09 4.894912e-47 6.384106e-08 6.946132e-13 1.554318e-05 3.712872e-07 1.369902e+02 1.009809e-03 8.446949e-01 2.273542e-04 2.505762e-03 7.636601e-05 3.314990e-03 1.718085e-15 1.222493e-13 1.420839e-22 0.000000e+00 7.985680e-19 8.619669e-19 1.475100e-21 4.203054e-33 8.744093e-28 9.517225e-26 6.700436e-26 2.135713e-37 4.704974e-53 0.000000e+00 6.330038e+14 1.461133e+11 1.412469e+12 5.722751e+15 3.915478e-01 2.350034e-07 1.531150e-08 1.315554e-09 3.692156e-02 1.993692e+01 7.570523e-04 2.630797e+01 6.117863e-13 1.503483e-11 5.266508e-14 4.881972e-22 6.330895e-27 0.000000e+00 1.600688e-08 1.318827e-08 5.107575e-03 3.677799e-18 1.305721e-26 4.977540e-26 0.000000e+00 1.897208e-78 0.000000e+00 0.000000e+00 8.135860e-09 0.000000e+00 0.000000e+00 0.000000e+00 0.000000e+00 0.000000e+00 0.000000e+00 0.000000e+00 0.000000e+00 0.000000e+00 0.000000e+00 0.000000e+00 0.000000e+00 0.000000e+00 0.000000e+00 0.000000e+00 0.000000e+00 0.000000e+00 0.000000e+00 0.000000e+00 0.000000e+00 0.000000e+00 0.000000e+00 0.000000e+00 0.000000e+00 0.000000e+00 4.952992e-59 6.351503e-28 1.055844e-27 9.286145e-17 1.074712e-27 0.000000e+00
53.000000 52.000000 54.000000 181.759749 1.083157e+01 1.666683e+10 1.650969e+07 1.916946e+08 1.511239e+05 7.713659e+04 2.915971e+02 3.279255e+08 7.581020e+00 3.340178e-11 2.507214e-10 4.670423e+02 4.833299e+01 2.408315e-03 3.598597e-07 9.809354e-20 1.295122e-06 5.665569e-05 1.278249e-07 8.872484e-10 2.316999e+12 5.991314e+08 2.102394e+02 2.951155e-08 1.597479e+01 1.791455e-10 8.126068e-47 5.667125e-08 5.287305e-13 1.204933e-05 1.670604e-07 9.062577e+01 1.558170e-02 1.577530e+00 1.693691e-04 1.161660e-03 5.211425e-05 2.685690e-03 1.737580e-13 9.052990e-14 1.387989e-22 0.000000e+00 6.327829e-19 6.604265e-19 1.178632e-21 1.106142e-33 2.869014e-28 4.180148e-26 2.870892e-26 9.196033e-38 2.918613e-51 0.000000e+00 4.292969e+14 9.920975e+10 1.148602e+12 3.884632e+15 5.060995e-01 1.432612e-07 3.843226e-06 2.526080e-07 1.612574e-02 1.676274e+01 7.543325e-04 1.091620e+01 3.582632e-13 5.513664e-12 1.460462e-14 2.409377e-22 2.039243e-27 0.000000e+00 1.949667e-09 3.216384e-09 4.484255e-03 2.460378e-18 1.314363e-26 4.346932e-26 0.000000e+00 2.989877e-83 0.000000e+00 0.000000e+00 4.055347e-06 0.000000e+00 0.000000e+00 0.000000e+00 0.000000e+00 0.000000e+00 0.000000e+00 0.000000e+00 0.000000e+00 0.000000e+00 0.000000e+00 0.000000e+00 0.000000e+00 0.000000e+00 0.000000e+00 0.000000e+00 0.000000e+00 0.000000e+00 0.000000e+00 0.000000e+00 0.000000e+00 0.000000e+00 0.000000e+00 0.000000e+00 0.000000e+00 0.000000e+00 5.716138e-61 4.339638e-29 1.032972e-28 1.378332e-17 1.761618e-28 0.000000e+00
55.000000 54.000000 56.000000 182.584367 7.397554e+00 3.042364e+10 1.596107e+07 2.284515e+08 7.680612e+04 2.817941e+04 4.126861e+01 1.731043e+08 8.416759e+00 9.400433e-12 1.013111e-10 2.565277e+02 2.961891e+01 9.730985e-04 1.269603e-07 9.681166e-21 3.534728e-07 1.192384e-05 1.810983e-08 6.675789e-09 1.920335e+12 4.032098e+08 1.333391e+02 9.607541e-09 1.446202e+01 1.886797e-11 2.337361e-46 1.068175e-07 5.817890e-13 1.339668e-05 8.958708e-08 5.953867e+01 6.463739e-02 2.744293e+00 2.106802e-04 6.261677e-04 4.770748e-05 2.254567e-03 3.399207e-13 7.871803e-14 1.315382e-22 0.000000e+00 4.917901e-19 5.442665e-19 1.082303e-21 1.541637e-34 6.238599e-29 1.446557e-26 9.570092e-27 8.482007e-38 7.447331e-51 0.000000e+00 2.915245e+14 6.745158e+10 9.439058e+11 2.641076e+15 7.286440e-01 7.064492e-08 1.987015e-05 2.439569e-06 7.789087e-03 1.092338e+01 7.653742e-04 3.387421e+00 4.115455e-13 2.176797e-12 4.144828e-15 1.607819e-22 4.678551e-28 0.000000e+00 1.961463e-10 8.720527e-10 4.088794e-03 1.639668e-18 1.374607e-26 3.926235e-26 0.000000e+00 4.724230e-88 0.000000e+00 0.000000e+00 5.060474e-05 0.000000e+00 0.000000e+00 0.000000e+00 0.000000e+00 0.000000e+00 0.000000e+00 0.000000e+00 0.000000e+00 0.000000e+00 0.000000e+00 0.000000e+00 0.000000e+00 0.000000e+00 0.000000e+00 0.000000e+00 0.000000e+00 0.000000e+00 0.000000e+00 0.000000e+00 0.000000e+00 0.000000e+00 0.000000e+00 0.000000e+00 0.000000e+00 0.000000e+00 6.598208e-63 3.899628e-30 1.129807e-29 2.038278e-18 3.855283e-29 0.000000e+00
57.000000 56.000000 58.000000 183.307287 5.062306e+00 5.058727e+10 1.465991e+07 2.350670e+08 3.556772e+04 9.823355e+03 5.112237e+00 8.761534e+07 8.430500e+00 2.796336e-12 4.651547e-11 1.414121e+02 1.751260e+01 3.918460e-04 4.063400e-08 8.677286e-22 8.837724e-08 2.212750e-06 2.309554e-09 4.042905e-08 1.610860e+12 2.707211e+08 9.090406e+01 3.658860e-09 1.076488e+01 2.085092e-12 1.027360e-45 3.528598e-07 9.312498e-13 2.121063e-05 5.691571e-08 3.878769e+01 2.238662e-01 4.190860e+00 3.598847e-04 3.941152e-04 5.147681e-05 1.950730e-03 6.886152e-13 7.955277e-14 1.322910e-22 0.000000e+00 4.076958e-19 4.735171e-19 1.004216e-21 1.697917e-35 1.345437e-29 5.067724e-27 3.182123e-27 1.199591e-37 3.008663e-50 0.000000e+00 1.984079e+14 4.596687e+10 7.794262e+11 1.800217e+15 1.002390e+00 2.985814e-08 9.627981e-05 1.844485e-05 4.726469e-03 5.659898e+00 6.824028e-04 9.069565e-01 8.831101e-13 7.672400e-13 1.032605e-15 1.546501e-22 9.603923e-29 0.000000e+00 1.869280e-11 2.985905e-10 3.829756e-03 1.086625e-18 1.461880e-26 3.623721e-26 0.000000e+00 7.472729e-93 0.000000e+00 0.000000e+00 5.752748e-04 0.000000e+00 0.000000e+00 0.000000e+00 0.000000e+00 0.000000e+00 0.000000e+00 0.000000e+00 0.000000e+00 0.000000e+00 0.000000e+00 0.000000e+00 0.000000e+00 0.000000e+00 0.000000e+00 0.000000e+00 0.000000e+00 0.000000e+00 0.000000e+00 0.000000e+00 0.000000e+00 0.000000e+00 0.000000e+00 0.000000e+00 0.000000e+00 0.000000e+00 7.623651e-65 5.238795e-31 1.584075e-30 3.473384e-19 1.420016e-29 0.000000e+00
59.000000 58.000000 60.000000 183.749642 3.469256e+00 7.451581e+10 1.234942e+07 2.178706e+08 1.625868e+04 3.496553e+03 6.382821e-01 4.264023e+07 7.589154e+00 8.852727e-13 2.422830e-11 7.819863e+01 1.016067e+01 1.561690e-04 1.208119e-08 7.165104e-23 2.210020e-08 4.000995e-07 2.859906e-10 1.156507e-07 1.364163e+12 1.809769e+08 7.255256e+01 1.731995e-09 6.696797e+00 2.841544e-13 2.704899e-45 7.883822e-07 1.033329e-12 2.325435e-05 3.719906e-08 2.501936e+01 5.396995e-01 5.661172e+00 5.682604e-04 2.556942e-04 5.467298e-05 1.718066e-03 8.309500e-13 7.442470e-14 1.508195e-22 5.828564e-62 3.836710e-19 4.364173e-19 8.960827e-22 2.002937e-36 3.488850e-30 2.054502e-27 1.228302e-27 1.466714e-37 6.286469e-50 0.000000e+00 1.353809e+14 3.141307e+10 6.443391e+11 1.230739e+15 1.282536e+00 1.156611e-08 2.452048e-04 6.051239e-05 3.719655e-03 2.579296e+00 5.373745e-04 2.318744e-01 1.413150e-12 2.403806e-13 2.257223e-16 1.047196e-22 2.106485e-29 0.000000e+00 1.805567e-12 1.334412e-10 3.618208e-03 7.133168e-19 1.587685e-26 3.459845e-26 0.000000e+00 1.183824e-97 0.000000e+00 0.000000e+00 3.114003e-03 0.000000e+00 0.000000e+00 0.000000e+00 0.000000e+00 0.000000e+00 0.000000e+00 0.000000e+00 0.000000e+00 0.000000e+00 0.000000e+00 0.000000e+00 0.000000e+00 0.000000e+00 0.000000e+00 0.000000e+00 0.000000e+00 0.000000e+00 0.000000e+00 0.000000e+00 0.000000e+00 0.000000e+00 0.000000e+00 0.000000e+00 0.000000e+00 0.000000e+00 8.827270e-67 1.020744e-31 2.885313e-31 8.082991e-20 5.464419e-30 0.000000e+00
61.000000 60.000000 62.000000 183.760425 2.379020e+00 1.002772e+11 9.717586e+06 1.887508e+08 7.421848e+03 1.276111e+03 8.341339e-02 1.998731e+07 6.341790e+00 2.867167e-13 1.346713e-11 4.339753e+01 5.839866e+00 6.187227e-05 3.466849e-09 5.692652e-24 5.615704e-09 7.220031e-08 3.533645e-11 3.124757e-07 1.164188e+12 1.200050e+08 8.606536e+01 1.166781e-09 3.727824e+00 6.131359e-14 6.380041e-45 1.860385e-06 1.263961e-12 2.862479e-05 2.345140e-08 1.594440e+01 1.324258e+00 6.947770e+00 9.895003e-04 1.619744e-04 5.411678e-05 1.521374e-03 1.112575e-12 6.943925e-14 1.598294e-22 4.486801e-62 3.350584e-19 3.474278e-19 6.797020e-22 2.533142e-37 8.969602e-31 7.936496e-28 4.539133e-28 2.269985e-37 1.861670e-49 0.000000e+00 9.260241e+13 2.152690e+10 5.316217e+11 8.439219e+14 1.579776e+00 4.268370e-09 6.309319e-04 1.784081e-04 4.561320e-03 1.108853e+00 3.964555e-04 5.847916e-02 2.578479e-12 7.242498e-14 4.621668e-17 7.954764e-23 4.186979e-30 0.000000e+00 1.794697e-13 9.358441e-11 3.397911e-03 4.605865e-19 1.436862e-26 2.803031e-26 0.000000e+00 1.878038e-102 0.000000e+00 0.000000e+00 1.565973e-02 0.000000e+00 0.000000e+00 0.000000e+00 0.000000e+00 0.000000e+00 0.000000e+00 0.000000e+00 0.000000e+00 0.000000e+00 0.000000e+00 0.000000e+00 0.000000e+00 0.000000e+00 0.000000e+00 0.000000e+00 0.000000e+00 0.000000e+00 0.000000e+00 0.000000e+00 0.000000e+00 0.000000e+00 0.000000e+00 0.000000e+00 0.000000e+00 0.000000e+00 1.027955e-68 2.468456e-32 6.073636e-32 3.253376e-20 2.414278e-30 0.000000e+00
63.000000 62.000000 64.000000 182.958346 1.630680e+00 1.271073e+11 7.329124e+06 1.569811e+08 3.381134e+03 4.758596e+02 1.151078e-02 9.040600e+06 5.056303e+00 8.942896e-14 7.328478e-12 2.425236e+01 3.338427e+00 2.450076e-05 9.868929e-10 4.535492e-25 1.450430e-09 1.314184e-08 4.423023e-12 9.333867e-07 1.000866e+12 7.854686e+07 1.849947e+02 1.110994e-09 2.030699e+00 2.560476e-14 1.290232e-44 5.253926e-06 1.822929e-12 4.366615e-05 1.348721e-08 1.001081e+01 3.072495e+00 7.810242e+00 1.713107e-03 9.639860e-05 4.794798e-05 1.332602e-03 1.832418e-12 6.540875e-14 1.660649e-22 3.261631e-62 2.856600e-19 2.593514e-19 5.219020e-22 5.458839e-38 2.388517e-31 3.069068e-28 1.679244e-28 3.610884e-37 7.092670e-49 0.000000e+00 6.355241e+13 1.480590e+10 4.366470e+11 5.809958e+14 1.967510e+00 1.538158e-09 1.867849e-03 5.685322e-04 9.790568e-03 4.713136e-01 2.915099e-04 1.479969e-02 5.937730e-12 2.413290e-14 9.587993e-18 7.238779e-23 8.239263e-31 0.000000e+00 1.856682e-14 1.165462e-10 3.113808e-03 2.894017e-19 1.182439e-26 2.107367e-26 0.000000e+00 2.983763e-107 0.000000e+00 0.000000e+00 8.531914e-02 0.000000e+00 0.000000e+00 0.000000e+00 0.000000e+00 0.000000e+00 0.000000e+00 0.000000e+00 0.000000e+00 0.000000e+00 0.000000e+00 0.000000e+00 0.000000e+00 0.000000e+00 0.000000e+00 0.000000e+00 0.000000e+00 0.000000e+00 0.000000e+00 0.000000e+00 0.000000e+00 0.000000e+00 0.000000e+00 0.000000e+00 0.000000e+00 0.000000e+00 1.226338e-70 6.072688e-33 1.244052e-32 2.410653e-20 1.216027e-30 0.000000e+00
65.000000 64.000000 66.000000 181.481039 1.115551e+00 1.547510e+11 5.281981e+06 1.273152e+08 1.517334e+03 1.784416e+02 1.631755e-03 3.944208e+06 3.905378e+00 2.602094e-14 3.765089e-12 1.367523e+01 1.890930e+00 9.625736e-06 2.773782e-10 3.571895e-26 3.775477e-10 2.354685e-09 5.491168e-13 2.264640e-06 8.634191e+11 5.018707e+07 4.420723e+02 1.027981e-09 1.141451e+00 1.249694e-14 1.834789e-44 1.270245e-05 2.185768e-12 5.724011e-05 7.177567e-09 6.129292e+00 5.536421e+00 7.948769e+00 2.392414e-03 5.417357e-05 3.882276e-05 1.124737e-03 2.599774e-12 5.750435e-14 1.820891e-22 2.660928e-62 2.536607e-19 1.958421e-19 5.203366e-22 2.483310e-38 6.950675e-32 1.257940e-28 6.562655e-29 5.293583e-37 2.173434e-48 0.000000e+00 4.365710e+13 1.019814e+10 3.541705e+11 4.006956e+14 2.562219e+00 5.458251e-10 4.559464e-03 1.445978e-03 2.210111e-02 2.155984e-01 2.223416e-04 3.702899e-03 1.221584e-11 9.842397e-15 2.068417e-18 5.534611e-23 1.680803e-31 0.000000e+00 1.940494e-15 1.522916e-10 2.707133e-03 1.732655e-19 9.607039e-27 1.594207e-26 0.000000e+00 4.755881e-112 0.000000e+00 0.000000e+00 3.680892e-01 0.000000e+00 0.000000e+00 0.000000e+00 0.000000e+00 0.000000e+00 0.000000e+00 0.000000e+00 0.000000e+00 0.000000e+00 0.000000e+00 0.000000e+00 0.000000e+00 0.000000e+00 0.000000e+00 0.000000e+00 0.000000e+00 0.000000e+00 0.000000e+00 0.000000e+00 0.000000e+00 0.000000e+00 0.000000e+00 0.000000e+00 0.000000e+00 0.000000e+00 1.602888e-72 1.379635e-33 2.284498e-33 1.945656e-20 5.158938e-31 0.000000e+00
67.000000 66.000000 68.000000 180.679993 7.619922e-01 1.823157e+11 3.512476e+06 1.011802e+08 6.565198e+02 6.543039e+01 2.219350e-04 1.646799e+06 2.935212e+00 7.295272e-15 1.928792e-12 7.750361e+00 1.047105e+00 3.668407e-06 7.421223e-11 2.568180e-27 9.768313e-11 3.914732e-10 6.348393e-14 4.074651e-06 7.420385e+11 3.068350e+07 8.086646e+02 8.439935e-10 6.466655e-01 4.543219e-15 2.752776e-44 2.215328e-05 1.994409e-12 5.436697e-05 3.927008e-09 3.580673e+00 7.319812e+00 7.275321e+00 2.646956e-03 3.045929e-05 3.173477e-05 8.938376e-04 2.767411e-12 4.530070e-14 2.119622e-22 2.419510e-62 2.328228e-19 1.460335e-19 6.246049e-22 1.260305e-38 2.165761e-32 5.355899e-29 2.691561e-29 5.840433e-37 3.725689e-48 0.000000e+00 2.980313e+13 6.989423e+09 2.797463e+11 2.749140e+14 3.517523e+00 1.898759e-10 8.175703e-03 2.655368e-03 3.891763e-02 1.257862e-01 1.765408e-04 8.789247e-04 1.901112e-11 4.383805e-15 4.404488e-19 3.229790e-23 3.271362e-32 0.000000e+00 1.894908e-16 1.480572e-10 2.184827e-03 9.543037e-20 7.564545e-27 1.187715e-26 0.000000e+00 7.571163e-117 0.000000e+00 0.000000e+00 1.135230e+00 0.000000e+00 0.000000e+00 0.000000e+00 0.000000e+00 0.000000e+00 0.000000e+00 0.000000e+00 0.000000e+00 0.000000e+00 0.000000e+00 0.000000e+00 0.000000e+00 0.000000e+00 0.000000e+00 0.000000e+00 0.000000e+00 0.000000e+00 0.000000e+00 0.000000e+00 0.000000e+00 0.000000e+00 0.000000e+00 0.000000e+00 0.000000e+00 0.000000e+00 2.774303e-74 3.140606e-34 4.119870e-34 1.250120e-20 1.712157e-31 0.000000e+00
69.000000 68.000000 70.000000 180.679993 5.204294e-01 2.079436e+11 2.149056e+06 7.900805e+07 2.735616e+02 2.341327e+01 2.854278e-05 6.550913e+05 2.161060e+00 1.992044e-15 9.898693e-13 4.423762e+00 5.633411e-01 1.350114e-06 1.888563e-11 1.671514e-28 2.522738e-11 6.006983e-11 6.748433e-15 5.571269e-06 6.359173e+11 1.766536e+07 1.086599e+03 5.887873e-10 3.613588e-01 1.158561e-15 4.488661e-44 2.810697e-05 1.383442e-12 3.744991e-05 2.165084e-09 1.959724e+00 7.495276e+00 6.067357e+00 2.393580e-03 1.680621e-05 2.566076e-05 6.703189e-04 2.246827e-12 3.100705e-14 2.597367e-22 2.398244e-62 2.179042e-19 1.063129e-19 6.825461e-22 5.392977e-39 7.201338e-33 2.345920e-29 1.155952e-29 4.898017e-37 3.666025e-48 0.000000e+00 2.022598e+13 4.769804e+09 2.139055e+11 1.877622e+14 5.057126e+00 6.543358e-11 1.094105e-02 3.603406e-03 5.181033e-02 9.811418e-02 1.423935e-04 1.997270e-04 2.287932e-11 1.789198e-15 9.008557e-20 1.446195e-23 6.026802e-33 0.000000e+00 1.715678e-17 1.034612e-10 1.648222e-03 4.670909e-20 5.728733e-27 8.630325e-27 0.000000e+00 1.199839e-121 0.000000e+00 0.000000e+00 2.541219e+00 0.000000e+00 0.000000e+00 0.000000e+00 0.000000e+00 0.000000e+00 0.000000e+00 0.000000e+00 0.000000e+00 0.000000e+00 0.000000e+00 0.000000e+00 0.000000e+00 0.000000e+00 0.000000e+00 0.000000e+00 0.000000e+00 0.000000e+00 0.000000e+00 0.000000e+00 0.000000e+00 0.000000e+00 0.000000e+00 0.000000e+00 0.000000e+00 0.000000e+00 8.090082e-76 7.266928e-35 7.417779e-35 6.109325e-21 4.433587e-32 0.000000e+00
71.000000 70.000000 72.000000 180.679993 3.554457e-01 2.286718e+11 1.219643e+06 6.059803e+07 1.101581e+02 8.244109e+00 3.545408e-06 2.485234e+05 1.570071e+00 5.227827e-16 4.957727e-13 2.555931e+00 2.943054e-01 4.823421e-07 4.646714e-12 1.017491e-29 6.598983e-12 8.648002e-12 6.714764e-16 6.050034e-06 5.447624e+11 9.470116e+06 1.140930e+03 3.216241e-10 1.964677e-01 2.226566e-16 6.472300e-44 2.771927e-05 7.405016e-13 1.983726e-05 1.109364e-09 9.925243e-01 6.386318e+00 4.711563e+00 1.815563e-03 8.615965e-06 1.898947e-05 4.822127e-04 1.475570e-12 1.878567e-14 3.295359e-22 2.427261e-62 2.039665e-19 7.669123e-20 5.831292e-22 1.961749e-39 2.561781e-33 1.046919e-29 5.163229e-30 3.781180e-37 2.689448e-48 0.000000e+00 1.370361e+13 3.254641e+09 1.579876e+11 1.282387e+14 7.370353e+00 2.267800e-11 1.143367e-02 3.796156e-03 5.403723e-02 8.372719e-02 1.107304e-04 4.467000e-05 2.303724e-11 6.145842e-16 1.725503e-20 5.114196e-24 1.098481e-33 0.000000e+00 1.481459e-18 5.467184e-11 1.187683e-03 1.977814e-20 4.263174e-27 6.232905e-27 4.102762e-99 1.901445e-126 0.000000e+00 0.000000e+00 4.283586e+00 0.000000e+00 0.000000e+00 0.000000e+00 0.000000e+00 0.000000e+00 0.000000e+00 0.000000e+00 0.000000e+00 0.000000e+00 0.000000e+00 0.000000e+00 0.000000e+00 0.000000e+00 0.000000e+00 0.000000e+00 0.000000e+00 0.000000e+00 0.000000e+00 0.000000e+00 0.000000e+00 0.000000e+00 0.000000e+00 0.000000e+00 0.000000e+00 0.000000e+00 3.432839e-77 1.643682e-35 1.276158e-35 2.321486e-21 8.978007e-33 0.000000e+00
73.000000 72.000000 74.000000 180.679993 2.427640e-01 2.413078e+11 6.352679e+05 4.545925e+07 4.272633e+01 2.840036e+00 4.232087e-07 8.964823e+04 1.127637e+00 1.330865e-16 2.463861e-13 1.491624e+00 1.485440e-01 1.664389e-07 1.100531e-12 5.761380e-31 1.775937e-12 1.158627e-12 6.229077e-17 5.436085e-06 4.654025e+11 4.671032e+06 9.706107e+02 1.396644e-10 1.003071e-01 3.332079e-17 8.615653e-44 2.205605e-05 3.220208e-13 8.495819e-06 5.221060e-10 4.592865e-01 4.771859e+00 3.477492e+00 1.218952e-03 4.056260e-06 1.270498e-05 3.372635e-04 8.189064e-13 1.083603e-14 2.602500e-22 8.987324e-63 1.140766e-19 2.961698e-20 3.668801e-22 3.863265e-40 5.913312e-34 2.845417e-30 1.328644e-30 1.362827e-37 7.793188e-49 0.000000e+00 9.266026e+12 2.220388e+09 1.120064e+11 8.758523e+13 1.052405e+01 7.925467e-12 9.700172e-03 3.235885e-03 4.580266e-02 6.609520e-02 7.918719e-05 9.873097e-06 2.012482e-11 1.728465e-16 2.944411e-21 1.513654e-24 1.072998e-34 0.000000e+00 1.209613e-19 2.252392e-11 8.319421e-04 7.101558e-21 1.669730e-27 2.390265e-27 5.535718e-100 3.013328e-131 0.000000e+00 0.000000e+00 5.625789e+00 0.000000e+00 0.000000e+00 0.000000e+00 0.000000e+00 0.000000e+00 0.000000e+00 0.000000e+00 0.000000e+00 0.000000e+00 0.000000e+00 0.000000e+00 0.000000e+00 0.000000e+00 0.000000e+00 0.000000e+00 0.000000e+00 0.000000e+00 0.000000e+00 0.000000e+00 0.000000e+00 0.000000e+00 0.000000e+00 0.000000e+00 0.000000e+00 0.000000e+00 1.692161e-78 3.743243e-36 2.157302e-36 7.170033e-22 1.487320e-33 0.000000e+00
75.000000 74.000000 76.000000 180.679993 1.658043e-01 2.438852e+11 3.016805e+05 3.333993e+07 1.608685e+01 9.539697e-01 4.827922e-08 3.070610e+04 8.015507e-01 3.328801e-17 1.232006e-13 8.758556e-01 7.219601e-02 5.529257e-08 2.501924e-13 3.017590e-32 5.081245e-13 1.450880e-13 5.402725e-18 4.195715e-06 3.956540e+11 2.107209e+06 6.910181e+02 4.941980e-11 4.713402e-02 3.996363e-18 1.082842e-43 1.462789e-05 1.213363e-13 3.133111e-06 2.245719e-10 1.929924e-01 3.275088e+00 2.484335e+00 7.615522e-04 1.744963e-06 7.638117e-06 2.317086e-04 3.991944e-13 6.347522e-15 2.095538e-22 5.274697e-69 6.214196e-20 1.066212e-20 1.773159e-22 6.865388e-41 1.470989e-34 7.688422e-31 3.338602e-31 0.000000e+00 0.000000e+00 0.000000e+00 6.250770e+12 1.514444e+09 7.585563e+10 5.981936e+13 1.448359e+01 2.803538e-12 6.905374e-03 2.310119e-03 3.258998e-02 4.578777e-02 5.107639e-05 2.181047e-06 1.554675e-11 4.005198e-17 4.373973e-22 4.011264e-25 9.884259e-36 0.000000e+00 9.277631e-21 7.437993e-12 5.739661e-04 2.151511e-21 6.066987e-28 8.557534e-28 1.557367e-105 4.775365e-136 0.000000e+00 0.000000e+00 5.938480e+00 0.000000e+00 0.000000e+00 0.000000e+00 0.000000e+00 0.000000e+00 0.000000e+00 0.000000e+00 0.000000e+00 0.000000e+00 0.000000e+00 0.000000e+00 0.000000e+00 0.000000e+00 0.000000e+00 0.000000e+00 0.000000e+00 0.000000e+00 0.000000e+00 0.000000e+00 0.000000e+00 0.000000e+00 0.000000e+00 0.000000e+00 0.000000e+00 0.000000e+00 9.161009e-80 8.827984e-37 3.683995e-37 1.875706e-22 2.127585e-34 0.000000e+00
77.000000 76.000000 78.000000 180.679993 1.132419e-01 2.362346e+11 1.303314e+05 2.398239e+07 6.020191e+00 3.122892e-01 5.255574e-09 9.992528e+03 5.645439e-01 8.289348e-18 6.261558e-14 5.152593e-01 3.376462e-02 1.767241e-08 5.456969e-14 1.459887e-33 1.622737e-13 1.737078e-14 4.460143e-19 2.900483e-06 3.341269e+11 8.695146e+05 4.235636e+02 1.460116e-11 2.035540e-02 3.950347e-19 1.281562e-43 8.322691e-06 4.290180e-14 1.075848e-06 8.847064e-11 7.366145e-02 2.147045e+00 1.740862e+00 4.619280e-04 6.874624e-07 4.125782e-06 1.572976e-04 1.851098e-13 3.892747e-15 2.364555e-22 3.195926e-75 4.517995e-20 5.381636e-21 6.744474e-23 1.575919e-41 5.496751e-35 2.837266e-31 1.216596e-31 8.675224e-39 2.217326e-50 0.000000e+00 4.205285e+12 1.032625e+09 4.892600e+10 4.085577e+13 1.917741e+01 1.010486e-12 4.244512e-03 1.422462e-03 2.002650e-02 2.781996e-02 2.974002e-05 4.932398e-07 1.075640e-11 7.790036e-18 5.652574e-23 1.031274e-25 1.322230e-36 0.000000e+00 6.674447e-22 2.019633e-12 3.931141e-04 5.543738e-22 3.111041e-28 4.342095e-28 4.381358e-111 7.567757e-141 0.000000e+00 0.000000e+00 5.188104e+00 0.000000e+00 0.000000e+00 0.000000e+00 0.000000e+00 0.000000e+00 0.000000e+00 0.000000e+00 0.000000e+00 0.000000e+00 0.000000e+00 0.000000e+00 0.000000e+00 0.000000e+00 0.000000e+00 0.000000e+00 0.000000e+00 0.000000e+00 0.000000e+00 0.000000e+00 0.000000e+00 0.000000e+00 0.000000e+00 0.000000e+00 0.000000e+00 0.000000e+00 5.516863e-81 2.195802e-37 6.489021e-38 4.302529e-23 2.783163e-35 0.000000e+00
79.000000 78.000000 80.000000 180.679993 7.734247e-02 2.198932e+11 5.130577e+04 1.699916e+07 2.338673e+00 9.967903e-02 5.461840e-10 3.096885e+03 3.945055e-01 2.077364e-18 3.253640e-14 3.025815e-01 1.522513e-02 5.445169e-09 1.144198e-14 6.546189e-35 6.030594e-14 2.080009e-15 3.639132e-20 9.191012e-05 2.799417e+11 3.297409e+05 2.290815e+02 3.684883e-12 8.151971e-03 3.304204e-20 1.376106e-43 4.166556e-06 1.535540e-14 3.703986e-07 3.218073e-11 2.566795e-02 1.384252e+00 1.206616e+00 2.802033e-04 2.500676e-07 2.014202e-06 1.057349e-04 1.182235e-13 2.484558e-15 2.752775e-22 2.080097e-81 3.223057e-20 2.431051e-21 2.068768e-23 3.624238e-42 2.282481e-35 1.053313e-31 4.242047e-32 3.324813e-39 5.001191e-51 0.000000e+00 2.820407e+12 7.037916e+08 3.001033e+10 2.790385e+13 2.457612e+01 3.749329e-13 2.309153e-03 7.747500e-04 1.089362e-02 1.504455e-02 1.580503e-05 1.190154e-07 6.751995e-12 1.301154e-18 6.431691e-24 2.771066e-26 1.708375e-37 0.000000e+00 4.513795e-23 4.616118e-13 2.683838e-04 1.234484e-22 1.414430e-28 1.959996e-28 1.232609e-116 1.199297e-145 0.000000e+00 0.000000e+00 3.856163e+00 0.000000e+00 0.000000e+00 0.000000e+00 0.000000e+00 0.000000e+00 0.000000e+00 0.000000e+00 0.000000e+00 0.000000e+00 0.000000e+00 0.000000e+00 0.000000e+00 0.000000e+00 0.000000e+00 0.000000e+00 0.000000e+00 0.000000e+00 0.000000e+00 0.000000e+00 0.000000e+00 0.000000e+00 0.000000e+00 0.000000e+00 0.000000e+00 0.000000e+00 3.761111e-82 5.811891e-38 1.193684e-38 8.897319e-24 3.522584e-36 0.000000e+00
81.000000 80.000000 82.000000 180.679993 5.282378e-02 1.974546e+11 1.847712e+04 1.192161e+07 1.006473e+00 3.101644e-02 5.418884e-11 9.174183e+02 2.739407e-01 5.273552e-19 1.731894e-14 1.768425e-01 6.649290e-03 1.624733e-09 2.316314e-15 2.742475e-36 2.617484e-14 2.669600e-16 3.121211e-21 5.673114e-03 2.324720e+11 1.157931e+05 1.116172e+02 8.109737e-13 3.063053e-03 2.395075e-21 1.294095e-43 1.875642e-06 5.767432e-15 1.322659e-07 1.094008e-11 8.229630e-03 8.936130e-01 8.312299e-01 1.726169e-04 8.502288e-08 8.986258e-07 7.032761e-05 1.693262e-13 1.616273e-15 3.302603e-22 1.507431e-87 2.252604e-20 1.036078e-21 5.289127e-24 8.339138e-43 1.043153e-35 3.928464e-32 1.486659e-32 8.994742e-40 1.384519e-51 0.000000e+00 1.885021e+12 4.793794e+08 1.749909e+10 1.905792e+13 3.072527e+01 1.457529e-13 1.135676e-03 3.813286e-04 5.357486e-03 7.368800e-03 7.775220e-06 3.258634e-08 3.899445e-12 1.911553e-19 6.558304e-25 8.048525e-27 2.389831e-38 0.000000e+00 2.881483e-24 9.071302e-14 1.829788e-04 2.422453e-23 6.054806e-29 8.348792e-29 3.467707e-122 1.900584e-150 0.000000e+00 0.000000e+00 2.500790e+00 0.000000e+00 0.000000e+00 0.000000e+00 0.000000e+00 0.000000e+00 0.000000e+00 0.000000e+00 0.000000e+00 0.000000e+00 0.000000e+00 0.000000e+00 0.000000e+00 0.000000e+00 0.000000e+00 0.000000e+00 0.000000e+00 0.000000e+00 0.000000e+00 0.000000e+00 0.000000e+00 0.000000e+00 0.000000e+00 0.000000e+00 0.000000e+00 0.000000e+00 2.923793e-83 1.640555e-38 2.303637e-39 1.694927e-24 4.516213e-37 0.000000e+00
83.000000 82.000000 84.000000 180.679993 3.607787e-02 1.717622e+11 6.117055e+03 8.294551e+06 5.158839e-01 9.395619e-03 5.131580e-12 2.609348e+02 1.893041e-01 1.359414e-19 9.436290e-15 1.025785e-01 2.832068e-03 4.727200e-10 4.556549e-16 1.086688e-37 1.282008e-14 3.975942e-17 3.044916e-22 2.485493e-01 1.911772e+11 3.799003e+04 4.984772e+01 1.585839e-13 1.090691e-03 1.537338e-22 1.075217e-43 7.731230e-07 2.247103e-15 4.830832e-08 3.525906e-12 2.449459e-03 5.823908e-01 5.706560e-01 1.085209e-04 2.741241e-08 3.717026e-07 4.616935e-05 3.478977e-13 1.052212e-15 4.093822e-22 1.255480e-93 1.546526e-20 4.202885e-22 1.161829e-24 1.919082e-43 5.172936e-36 1.473748e-32 5.357328e-33 2.134478e-40 7.843087e-51 0.000000e+00 1.255040e+12 3.262330e+08 9.700899e+09 1.301629e+13 3.768820e+01 6.137602e-14 5.140502e-04 1.726986e-04 2.425120e-03 3.323050e-03 3.586822e-06 1.083918e-08 2.099625e-12 2.529504e-20 6.108161e-26 2.491151e-27 3.910190e-39 0.000000e+00 1.745666e-25 1.562236e-14 1.246752e-04 4.272858e-24 2.463605e-29 3.385452e-29 9.755725e-128 3.011948e-155 0.000000e+00 0.000000e+00 1.447115e+00 0.000000e+00 0.000000e+00 0.000000e+00 0.000000e+00 0.000000e+00 0.000000e+00 0.000000e+00 0.000000e+00 0.000000e+00 0.000000e+00 0.000000e+00 0.000000e+00 0.000000e+00 0.000000e+00 0.000000e+00 0.000000e+00 0.000000e+00 0.000000e+00 0.000000e+00 0.000000e+00 0.000000e+00 0.000000e+00 0.000000e+00 0.000000e+00 0.000000e+00 2.587661e-84 4.931785e-39 4.658558e-40 3.024089e-25 6.009244e-38 0.000000e+00
85.000000 84.000000 86.000000 180.679993 2.464063e-02 1.453070e+11 1.869748e+03 5.733852e+06 3.265202e-01 2.764173e-03 4.673503e-13 7.159985e+01 1.303565e-01 3.557253e-20 5.251334e-15 5.886070e-02 1.187046e-03 1.353293e-10 8.782391e-17 4.138673e-39 6.787768e-15 7.194017e-18 3.585240e-23 4.499089e+00 1.555416e+11 1.175292e+04 2.069733e+01 2.803331e-14 3.705689e-04 8.918136e-24 8.180858e-44 2.961882e-07 8.834071e-16 1.750770e-08 1.092886e-12 6.829713e-04 3.838812e-01 3.909865e-01 6.957979e-05 8.503698e-09 1.447688e-07 2.981919e-05 7.818263e-13 6.776227e-16 5.232188e-22 1.235516e-99 1.040819e-20 1.626328e-22 2.251456e-25 4.381108e-44 2.729681e-36 5.536290e-33 2.051551e-33 4.581197e-41 3.561074e-50 0.000000e+00 8.322025e+11 2.217253e+08 5.112771e+09 8.889930e+12 4.541706e+01 2.958279e-14 2.174162e-04 7.307213e-05 1.025806e-03 1.399940e-03 1.566730e-06 4.522181e-09 1.065951e-12 3.085672e-21 5.291261e-27 7.971721e-28 7.746009e-40 0.000000e+00 1.010116e-26 2.401477e-15 8.492181e-05 6.900735e-25 9.552855e-30 1.309679e-29 2.744581e-133 4.773172e-160 0.000000e+00 0.000000e+00 7.619082e-01 0.000000e+00 0.000000e+00 0.000000e+00 0.000000e+00 0.000000e+00 0.000000e+00 0.000000e+00 0.000000e+00 0.000000e+00 0.000000e+00 0.000000e+00 0.000000e+00 0.000000e+00 0.000000e+00 0.000000e+00 0.000000e+00 0.000000e+00 0.000000e+00 0.000000e+00 0.000000e+00 0.000000e+00 0.000000e+00 0.000000e+00 0.000000e+00 0.000000e+00 2.594725e-85 1.575265e-39 9.831036e-41 5.118872e-26 8.310909e-39 0.000000e+00
87.000000 86.000000 88.000000 180.679993 1.682919e-02 1.199464e+11 5.289523e+02 3.940642e+06 2.474384e-01 7.866977e-04 4.350838e-14 1.904773e+01 8.954087e-02 9.432171e-21 2.977092e-15 3.325009e-02 4.944643e-04 3.849465e-11 1.673069e-17 1.542087e-40 3.765136e-15 1.549565e-18 5.075225e-24 4.320768e+01 1.250698e+11 3.459528e+03 8.083897e+00 4.556577e-15 1.206336e-04 4.771069e-25 5.902969e-44 1.067913e-07 3.442063e-16 6.167868e-09 3.298787e-13 1.799795e-04 2.555870e-01 2.675689e-01 4.537013e-05 2.570781e-09 5.386458e-08 1.889476e-05 1.909938e-12 4.289666e-16 6.833163e-22 1.557462e-102 6.796648e-21 5.963864e-23 3.936318e-26 9.793750e-45 1.499126e-36 2.055947e-33 8.787094e-34 8.929412e-42 8.073183e-50 0.000000e+00 5.495448e+11 1.504151e+08 2.558605e+09 6.071696e+12 5.366166e+01 1.727144e-14 8.704944e-05 2.926607e-05 4.107712e-04 5.580143e-04 6.523961e-07 2.285542e-09 5.149858e-13 3.546057e-22 4.333058e-28 2.584626e-28 1.783806e-40 0.000000e+00 5.615466e-28 3.365038e-16 5.783176e-05 1.037327e-25 3.508079e-30 4.801829e-30 7.721348e-139 7.564276e-165 0.000000e+00 0.000000e+00 3.712212e-01 0.000000e+00 0.000000e+00 0.000000e+00 0.000000e+00 0.000000e+00 0.000000e+00 0.000000e+00 0.000000e+00 0.000000e+00 0.000000e+00 0.000000e+00 0.000000e+00 0.000000e+00 0.000000e+00 0.000000e+00 0.000000e+00 0.000000e+00 0.000000e+00 0.000000e+00 0.000000e+00 0.000000e+00 0.000000e+00 0.000000e+00 0.000000e+00 0.000000e+00 2.936916e-86 5.338433e-40 2.153788e-41 8.305378e-27 1.182342e-39 0.000000e+00
89.000000 88.000000 90.000000 180.679993 1.149409e-02 9.687200e+10 1.380610e+02 2.692508e+06 2.102259e-01 2.147014e-04 5.648531e-15 4.936434e+00 6.139674e-02 2.527839e-21 1.714831e-15 1.833043e-02 2.058459e-04 1.094067e-11 3.163048e-18 5.682928e-42 2.148728e-15 3.742045e-19 8.170692e-25 2.718363e+02 9.929289e+10 9.770831e+02 2.998604e+00 6.941401e-16 3.774791e-05 2.402548e-26 4.138905e-44 3.662898e-08 1.323125e-16 2.097369e-09 9.793557e-14 4.520608e-05 1.715075e-01 1.829766e-01 2.998444e-05 7.653198e-10 1.939533e-08 1.173150e-05 4.587698e-12 2.662603e-16 8.941964e-22 8.919438e-97 4.197110e-21 2.026683e-23 6.324972e-27 2.100949e-45 8.332132e-37 7.336456e-34 4.441065e-34 1.562437e-42 1.100409e-49 0.000000e+00 3.614592e+11 1.017646e+08 1.208337e+09 4.146876e+12 6.206149e+01 1.231623e-14 3.336940e-05 1.122212e-05 1.574896e-04 2.128275e-04 2.606181e-07 1.305945e-09 2.386585e-13 3.900834e-23 3.395149e-29 8.435151e-29 4.361239e-41 0.000000e+00 2.992254e-29 4.437076e-17 3.937736e-05 1.472103e-26 1.193298e-30 1.631591e-30 2.172253e-144 1.198748e-169 0.000000e+00 0.000000e+00 1.698836e-01 0.000000e+00 0.000000e+00 0.000000e+00 0.000000e+00 0.000000e+00 0.000000e+00 0.000000e+00 0.000000e+00 0.000000e+00 0.000000e+00 0.000000e+00 0.000000e+00 0.000000e+00 0.000000e+00 0.000000e+00 0.000000e+00 0.000000e+00 0.000000e+00 0.000000e+00 0.000000e+00 0.000000e+00 0.000000e+00 0.000000e+00 0.000000e+00 0.000000e+00 3.752066e-87 1.920202e-40 4.872565e-42 1.302714e-27 1.712296e-40 0.000000e+00
91.000000 90.000000 92.000000 180.679993 7.850292e-03 7.670069e+10 3.258192e+01 1.827972e+06 1.899458e-01 5.479962e-05 1.705888e-15 1.251989e+00 4.204569e-02 6.826922e-22 1.001035e-15 9.672554e-03 8.446963e-05 3.064095e-12 5.841083e-19 2.025797e-43 1.249347e-15 9.477092e-20 1.395120e-25 1.322493e+03 7.775672e+10 2.667998e+02 1.064572e+00 1.017478e-16 1.139957e-05 1.161908e-27 2.860728e-44 1.206748e-08 5.035744e-17 6.894420e-10 2.886356e-14 1.090771e-05 1.157499e-01 1.250712e-01 2.001944e-05 2.265753e-10 6.848339e-09 7.145884e-06 1.012896e-11 1.621694e-16 1.132350e-21 4.132531e-91 2.314792e-21 6.048697e-24 9.474707e-28 4.183221e-46 4.502676e-37 2.369724e-34 2.646692e-34 2.370455e-43 1.025812e-49 0.000000e+00 2.369300e+11 6.858172e+07 5.265744e+08 2.832256e+12 7.045951e+01 1.021381e-14 1.237109e-05 4.162414e-06 5.839655e-05 7.845972e-05 1.007859e-07 7.980656e-10 1.069135e-13 4.091919e-24 2.538725e-30 2.776710e-29 1.015665e-41 0.000000e+00 1.476341e-30 5.855573e-18 2.680918e-05 1.996105e-27 3.563799e-31 4.869119e-31 6.111204e-150 1.899710e-174 0.000000e+00 0.000000e+00 7.400046e-02 0.000000e+00 0.000000e+00 0.000000e+00 0.000000e+00 0.000000e+00 0.000000e+00 0.000000e+00 0.000000e+00 0.000000e+00 0.000000e+00 0.000000e+00 0.000000e+00 0.000000e+00 0.000000e+00 0.000000e+00 0.000000e+00 0.000000e+00 0.000000e+00 0.000000e+00 0.000000e+00 0.000000e+00 0.000000e+00 0.000000e+00 0.000000e+00 0.000000e+00 5.436739e-88 7.351073e-41 1.132495e-42 1.989802e-28 2.511298e-41 0.000000e+00
93.000000 92.000000 94.000000 180.679993 5.361635e-03 5.960504e+10 6.422976e+00 1.231527e+06 1.775881e-01 1.203909e-05 9.093862e-16 3.120944e-01 2.876745e-02 1.851492e-22 5.908198e-16 4.633124e-03 3.139718e-05 7.769736e-13 9.654457e-20 6.074869e-45 7.360472e-16 2.250831e-20 2.263494e-26 5.925609e+03 5.999771e+10 7.091171e+01 3.640348e-01 1.500201e-17 3.340682e-06 5.484596e-29 1.964027e-44 3.853470e-09 1.911979e-17 2.203470e-10 8.531723e-15 2.546471e-06 7.843986e-02 8.546558e-02 1.346700e-05 6.744525e-11 2.407157e-09 4.289529e-06 2.040883e-11 9.734441e-17 1.318844e-21 1.517618e-85 1.000312e-21 1.376243e-24 1.334373e-28 7.351574e-47 2.239501e-37 6.063903e-35 1.677764e-34 2.802401e-44 6.991932e-50 0.000000e+00 1.549287e+11 4.595798e+07 1.953561e+08 1.934387e+12 7.907775e+01 9.296051e-15 4.477407e-06 1.509567e-06 2.113841e-05 2.822398e-05 3.818767e-08 5.064669e-10 4.669390e-14 3.801211e-25 1.703681e-31 9.282104e-30 1.900848e-42 0.000000e+00 5.817290e-32 8.708325e-19 1.825210e-05 2.612236e-28 8.112288e-32 1.107792e-31 1.719270e-155 3.010564e-179 0.000000e+00 0.000000e+00 3.106038e-02 0.000000e+00 0.000000e+00 0.000000e+00 0.000000e+00 0.000000e+00 0.000000e+00 0.000000e+00 0.000000e+00 0.000000e+00 0.000000e+00 0.000000e+00 0.000000e+00 0.000000e+00 0.000000e+00 0.000000e+00 0.000000e+00 0.000000e+00 0.000000e+00 0.000000e+00 0.000000e+00 0.000000e+00 0.000000e+00 0.000000e+00 0.000000e+00 0.000000e+00 9.038120e-89 3.013176e-41 2.691408e-43 2.979225e-29 3.730635e-42 0.000000e+00
95.000000 94.000000 96.000000 180.679993 3.661917e-03 4.545202e+10 6.793128e-01 8.213903e+05 1.706797e-01 1.457751e-06 5.701003e-16 7.686164e-02 1.967031e-02 5.021717e-23 3.518508e-16 1.647333e-03 6.164231e-06 1.040030e-13 8.296346e-21 7.814596e-47 4.379271e-16 2.919245e-21 2.191668e-27 8.688194e+04 4.553239e+10 1.847531e+01 1.206673e-01 2.413134e-18 9.591295e-07 2.510202e-30 1.344351e-44 1.204244e-09 7.318020e-18 6.905626e-11 2.567528e-15 5.792109e-07 5.331046e-02 5.839015e-02 9.109711e-06 2.052177e-11 8.604313e-10 2.561106e-06 7.362420e-11 5.812028e-17 1.340162e-21 4.337492e-80 2.075415e-22 0.000000e+00 1.633675e-29 9.757933e-48 9.234035e-38 7.427039e-36 5.506912e-35 0.000000e+00 0.000000e+00 0.000000e+00 1.012591e+11 3.054254e+07 3.959325e+07 1.321158e+12 8.880777e+01 9.000297e-15 1.601248e-06 5.664775e-07 7.547776e-06 1.000961e-05 1.443020e-08 3.311046e-10 2.009926e-14 1.858877e-26 6.821135e-33 3.185637e-30 0.000000e+00 0.000000e+00 8.895849e-34 1.692333e-19 1.242767e-05 3.326874e-29 0.000000e+00 0.000000e+00 4.836830e-161 4.770983e-184 0.000000e+00 0.000000e+00 1.272406e-02 0.000000e+00 0.000000e+00 0.000000e+00 0.000000e+00 0.000000e+00 0.000000e+00 0.000000e+00 0.000000e+00 0.000000e+00 0.000000e+00 0.000000e+00 0.000000e+00 0.000000e+00 0.000000e+00 0.000000e+00 0.000000e+00 0.000000e+00 0.000000e+00 0.000000e+00 0.000000e+00 0.000000e+00 0.000000e+00 0.000000e+00 0.000000e+00 0.000000e+00 1.763544e-89 1.337854e-41 6.513475e-44 4.403256e-30 5.641130e-43 0.000000e+00
97.000000 96.000000 98.000000 180.679993 2.501035e-03 3.389564e+10 6.871603e-04 5.401537e+05 1.771544e-01 1.204691e-09 4.225155e-16 1.903226e-02 1.343904e-02 1.356868e-23 2.113245e-16 1.655318e-05 6.468246e-09 7.431278e-17 3.766540e-24 5.294884e-49 2.629257e-16 7.308370e-24 4.546653e-29 3.190961e+07 3.383285e+10 4.810428e+00 3.959138e-02 5.105283e-19 2.799328e-07 1.109711e-31 9.189958e-45 3.761300e-10 2.896514e-18 2.167835e-11 8.406977e-16 1.303747e-07 3.630734e-02 3.988678e-02 6.189340e-06 6.820478e-12 3.335413e-10 1.546693e-06 3.858527e-11 3.509987e-17 1.055495e-21 3.378823e-83 1.042765e-24 0.000000e+00 2.222322e-30 4.472948e-50 3.490324e-38 2.275195e-38 3.866797e-35 0.000000e+00 0.000000e+00 0.000000e+00 6.639167e+10 2.004801e+07 5.427155e+04 9.023314e+11 1.058145e+02 9.636803e-15 1.269418e-06 6.520614e-06 2.727138e-06 3.586175e-06 5.837738e-09 2.339859e-10 8.749648e-15 2.163368e-29 7.752954e-35 1.155168e-30 0.000000e+00 0.000000e+00 5.218278e-36 5.182573e-20 8.464682e-06 4.161231e-30 0.000000e+00 0.000000e+00 1.360748e-166 7.560801e-189 0.000000e+00 0.000000e+00 5.221695e-03 0.000000e+00 0.000000e+00 0.000000e+00 0.000000e+00 0.000000e+00 0.000000e+00 0.000000e+00 0.000000e+00 0.000000e+00 0.000000e+00 0.000000e+00 0.000000e+00 0.000000e+00 0.000000e+00 0.000000e+00 0.000000e+00 0.000000e+00 0.000000e+00 0.000000e+00 0.000000e+00 0.000000e+00 0.000000e+00 0.000000e+00 0.000000e+00 0.000000e+00 4.228047e-90 6.584477e-42 1.603508e-44 6.530365e-31 8.848426e-44 0.000000e+00
99.000000 98.000000 100.000000 180.679993 1.708170e-03 2.451034e+10 4.934716e-06 3.477466e+05 2.168115e-01 1.477312e-11 4.233326e-16 5.472582e-03 9.178773e-03 3.694522e-24 1.282487e-16 7.192340e-07 3.981091e-10 3.068297e-18 9.386051e-26 3.611801e-51 1.595242e-16 1.234256e-25 9.727956e-31 5.213607e+07 2.440670e+10 1.444398e+00 1.484123e-02 1.826728e-19 9.802290e-08 5.176836e-33 6.278678e-45 1.364871e-10 1.392634e-18 7.930383e-12 3.797550e-16 3.342662e-08 2.476596e-02 2.724426e-02 4.221116e-06 3.026997e-12 1.680877e-10 9.723086e-07 6.340941e-12 2.206509e-17 7.215919e-22 1.444912e-86 7.749973e-27 0.000000e+00 3.199266e-31 3.781220e-51 1.364906e-38 1.028325e-40 2.641500e-35 0.000000e+00 0.000000e+00 0.000000e+00 4.401484e+10 1.291267e+07 1.095293e+03 6.162784e+11 1.462875e+02 1.246660e-14 9.338593e-07 6.371012e-06 1.163761e-06 1.483574e-06 3.189845e-09 1.951849e-10 4.523684e-15 1.120115e-31 8.954525e-37 5.245865e-31 0.000000e+00 0.000000e+00 3.078848e-38 2.508523e-20 5.770030e-06 5.688627e-31 0.000000e+00 0.000000e+00 3.828214e-172 1.198216e-193 0.000000e+00 0.000000e+00 2.499123e-03 0.000000e+00 0.000000e+00 0.000000e+00 0.000000e+00 0.000000e+00 0.000000e+00 0.000000e+00 0.000000e+00 0.000000e+00 0.000000e+00 0.000000e+00 0.000000e+00 0.000000e+00 0.000000e+00 0.000000e+00 0.000000e+00 0.000000e+00 0.000000e+00 0.000000e+00 0.000000e+00 0.000000e+00 0.000000e+00 0.000000e+00 0.000000e+00 0.000000e+00 1.354093e-90 3.738105e-42 4.058982e-45 1.116926e-31 1.676168e-44 0.000000e+00
