# z		 z0		 z1		 T		 P		1		2		3		4		5		6		7		8		9		10		11		12		13		14		15		16		17		18		19		20		21		22		23		24		25		26		27		28		29		30		31		32		33		34		35		36		37		38		39		40		41		42		43		44		45		46		47		48		49		50		51		52		53		54		55		56		57		58		59		60		61		62		63		64		65		66		67		68		69		70		71		72		73		74		75		76		77		78		79		80		81		82		83		84		85		86		87		88		89		90		91		92		93		94		95		96		97		98		99		100		101		102		103		104		105		106		107		108		109		110		111		
#  km		 km		 km		 K		 Pa		
1.000000 0.000000 2.000000 296.967682 9.192848e+04 3.066693e+04 2.181381e-04 8.809851e+08 1.247913e+06 3.828978e+01 1.427435e+05 4.484198e+17 1.469252e-09 1.866785e-05 5.909410e-09 3.820095e+06 2.456066e+03 2.830451e-03 7.221349e-08 3.325641e-17 3.937576e+02 3.291406e+01 6.140358e-02 1.203045e-18 1.550461e+12 7.847809e+11 2.210826e+09 1.633789e+01 2.641567e+08 3.054036e-05 1.665205e-40 8.007116e-06 6.814772e-09 2.343592e+00 7.898854e-01 3.318169e+05 5.670733e-13 2.702797e+02 1.604890e+00 4.438639e+04 2.229702e-01 2.494644e-02 4.807956e-16 3.231386e-14 1.147439e-18 5.659894e-34 2.330694e-17 2.968487e-16 6.719552e-25 5.824766e-18 1.308960e-18 3.772752e-19 4.348093e-19 1.512745e-34 8.557264e-53 0.000000e+00 2.242099e+18 1.770393e+14 5.017591e+02 2.017888e+19 9.302003e-11 3.873731e-07 3.612868e-15 2.837965e-07 2.201451e+04 1.037213e+07 3.122092e+03 1.381765e+09 1.623265e-16 1.968990e-01 4.311851e-05 2.012073e-22 4.095672e-20 0.000000e+00 1.714105e-09 1.802376e-10 2.278089e-05 3.510104e-17 7.031840e-28 4.749376e-27 3.085351e-37 2.721136e-65 0.000000e+00 0.000000e+00 6.949988e-09 0.000000e+00 0.000000e+00 0.000000e+00 0.000000e+00 0.000000e+00 0.000000e+00 0.000000e+00 0.000000e+00 0.000000e+00 0.000000e+00 0.000000e+00 0.000000e+00 0.000000e+00 0.000000e+00 0.000000e+00 0.000000e+00 0.000000e+00 0.000000e+00 0.000000e+00 0.000000e+00 0.000000e+00 0.000000e+00 0.000000e+00 0.000000e+00 0.000000e+00 3.498943e-48 6.453647e-24 8.833412e-23 1.375426e-08 1.308875e-17 0.000000e+00
3.000000 2.000000 4.000000 288.260887 7.228187e+04 4.546744e+06 2.047886e+00 2.629948e+08 4.152392e+05 9.674664e+03 8.715057e+05 3.757872e+16 2.360507e-09 1.123456e-04 6.531168e-08 3.128409e+06 2.228663e+03 4.187337e-01 5.056110e-05 1.784548e-13 2.597987e+02 8.732400e+00 1.335136e+00 4.673318e-19 1.451423e+12 6.350109e+11 8.178648e+08 1.850254e+02 1.699103e+08 3.978171e-04 6.277635e-39 2.648804e-04 2.964184e-07 2.192339e+00 6.098845e-01 2.741403e+05 1.155877e-11 8.069340e+02 2.217564e+00 5.079873e+04 2.070498e-01 2.079729e-02 4.725473e-16 4.806565e-12 1.591942e-18 0.000000e+00 8.208120e-17 4.100994e-16 4.023150e-24 2.205345e-17 3.835486e-18 1.246949e-18 7.838965e-19 5.333628e-34 1.075105e-53 0.000000e+00 1.816171e+18 1.432156e+14 1.494165e+05 1.634557e+19 1.674239e-10 1.041865e-08 3.159027e-15 6.536713e-08 1.484768e+04 7.837334e+06 1.151101e+03 5.376317e+08 1.076955e-13 5.984841e-02 3.891333e-04 1.222214e-22 6.058853e-20 0.000000e+00 1.850318e-05 3.456202e-08 1.389396e-04 3.095452e-16 1.322273e-27 8.942122e-27 0.000000e+00 0.000000e+00 0.000000e+00 0.000000e+00 8.303865e-09 0.000000e+00 0.000000e+00 0.000000e+00 0.000000e+00 0.000000e+00 0.000000e+00 0.000000e+00 0.000000e+00 0.000000e+00 0.000000e+00 0.000000e+00 0.000000e+00 0.000000e+00 0.000000e+00 0.000000e+00 0.000000e+00 0.000000e+00 0.000000e+00 0.000000e+00 0.000000e+00 0.000000e+00 0.000000e+00 0.000000e+00 0.000000e+00 0.000000e+00 4.316547e-47 4.502432e-22 4.264888e-21 2.364850e-08 1.421370e-17 0.000000e+00
5.000000 4.000000 6.000000 278.817309 5.636845e+04 6.994243e+07 3.861849e+03 2.914855e+08 5.762795e+05 6.509969e+05 1.310466e+07 1.484421e+16 2.846741e-08 1.311090e-04 8.917709e-08 2.600073e+06 2.084587e+03 5.231543e+00 8.207710e-03 2.101355e-10 7.272505e+01 9.813040e+00 9.511044e+00 2.261721e-18 1.401627e+12 5.112803e+11 4.630021e+08 7.444863e+02 9.560842e+07 3.871148e-03 2.213619e-38 1.843826e-03 1.901215e-06 2.411124e+00 3.908608e-01 2.256808e+05 4.210594e-10 2.715385e+03 9.286628e+00 2.081857e+04 4.181689e-01 1.737654e-02 5.193251e-16 5.087807e-11 4.763624e-19 0.000000e+00 3.494809e-17 8.090562e-16 4.965652e-23 1.727624e-18 4.706765e-19 3.765768e-19 4.444794e-18 2.451637e-33 1.147809e-53 0.000000e+00 1.464295e+18 1.152403e+14 4.469541e+07 1.317870e+19 1.754806e-08 9.042208e-09 9.176403e-15 6.222935e-08 1.008906e+04 5.262962e+06 6.287891e+02 6.152345e+07 2.642172e-12 2.920041e-02 2.339444e-03 6.122537e-22 1.200159e-19 0.000000e+00 4.023278e-02 6.676645e-06 3.926494e-04 7.230613e-16 3.642379e-27 2.466333e-26 2.433434e-36 6.932997e-65 0.000000e+00 0.000000e+00 7.849767e-09 0.000000e+00 0.000000e+00 0.000000e+00 0.000000e+00 0.000000e+00 0.000000e+00 0.000000e+00 0.000000e+00 0.000000e+00 0.000000e+00 0.000000e+00 0.000000e+00 0.000000e+00 0.000000e+00 0.000000e+00 0.000000e+00 0.000000e+00 0.000000e+00 0.000000e+00 0.000000e+00 0.000000e+00 0.000000e+00 0.000000e+00 0.000000e+00 0.000000e+00 7.416748e-46 7.742217e-22 7.285823e-21 2.753128e-08 2.012321e-17 0.000000e+00
7.000000 6.000000 8.000000 268.691603 4.357093e+04 6.894322e+07 5.662161e+05 1.229207e+08 2.507668e+06 4.767565e+07 2.098070e+08 4.187000e+15 3.830270e-08 6.136637e-05 8.870617e-08 2.208622e+06 1.737115e+03 5.033990e+01 8.020267e-02 3.156735e-08 2.329386e+01 3.113733e+01 6.528994e+01 3.931242e-17 1.378312e+12 4.094357e+11 6.232086e+07 2.672611e+03 4.274538e+07 4.292251e-02 1.315613e-38 1.073151e-02 8.329894e-06 1.343121e+01 1.633787e+00 1.890962e+05 9.418615e-09 4.964684e+03 9.916687e+01 2.252364e+04 3.905079e+00 1.455986e-02 1.403466e-15 9.188573e-11 8.060751e-20 2.021046e-34 1.227522e-17 3.536054e-16 1.953966e-22 1.006897e-19 6.476878e-20 9.342442e-20 1.614196e-18 8.973009e-33 1.080936e-51 0.000000e+00 1.174505e+18 9.219259e+13 4.622071e+09 1.057058e+19 3.525451e-06 8.431382e-09 2.510555e-13 1.032971e-06 4.240337e+04 1.748292e+06 8.065665e+02 2.599466e+07 5.880897e-11 8.041163e-02 1.651092e-02 3.792779e-21 2.324975e-19 0.000000e+00 1.412610e+01 2.759220e-03 9.383694e-04 9.674731e-16 2.204214e-27 1.494535e-26 1.388992e-36 3.022736e-66 0.000000e+00 0.000000e+00 4.752030e-08 0.000000e+00 0.000000e+00 0.000000e+00 0.000000e+00 0.000000e+00 0.000000e+00 0.000000e+00 0.000000e+00 0.000000e+00 0.000000e+00 0.000000e+00 0.000000e+00 0.000000e+00 0.000000e+00 0.000000e+00 0.000000e+00 0.000000e+00 0.000000e+00 0.000000e+00 0.000000e+00 0.000000e+00 0.000000e+00 0.000000e+00 0.000000e+00 0.000000e+00 1.526399e-44 6.902674e-21 8.068037e-21 4.698664e-08 2.731144e-17 0.000000e+00
9.000000 8.000000 10.000000 257.095540 3.332782e+04 4.736746e+07 1.927641e+07 3.618996e+06 1.474073e+06 1.231320e+08 1.062242e+09 9.177154e+14 2.417668e-07 1.206208e-05 2.233013e-08 1.931688e+06 1.128129e+03 2.422716e+02 2.938734e-01 5.142688e-07 3.906955e-01 1.081024e+01 1.384059e+02 1.740833e-20 1.525389e+12 3.269039e+11 7.194793e+06 1.882288e+03 2.120144e+07 3.507254e-01 6.286983e-41 1.624269e-02 5.151403e-06 1.482134e+01 1.175272e+00 1.392733e+05 1.638667e-08 5.962456e+02 5.196258e+00 8.967077e+02 7.332350e+00 1.226706e-02 4.105871e-16 1.767565e-10 3.703457e-21 0.000000e+00 8.768443e-18 1.404294e-16 2.083327e-22 3.025908e-21 8.787025e-22 5.637320e-21 1.571137e-20 2.703246e-32 7.560869e-53 0.000000e+00 9.389107e+17 7.360882e+13 1.686100e+11 8.450237e+18 1.663550e-04 1.880782e-09 2.953061e-15 7.089658e-08 5.110933e+03 2.822097e+03 1.474636e+01 4.777064e+05 2.739165e-10 2.961342e-02 1.981150e-03 2.236266e-20 3.563619e-21 0.000000e+00 1.951610e+02 1.141676e-02 1.581295e-03 8.911751e-16 1.217016e-27 8.260629e-27 0.000000e+00 1.199024e-67 0.000000e+00 0.000000e+00 4.963737e-08 0.000000e+00 0.000000e+00 0.000000e+00 0.000000e+00 0.000000e+00 0.000000e+00 0.000000e+00 0.000000e+00 0.000000e+00 0.000000e+00 0.000000e+00 0.000000e+00 0.000000e+00 0.000000e+00 0.000000e+00 0.000000e+00 0.000000e+00 0.000000e+00 0.000000e+00 0.000000e+00 0.000000e+00 0.000000e+00 0.000000e+00 0.000000e+00 0.000000e+00 3.625216e-43 6.310926e-19 7.307779e-22 9.951084e-09 1.254858e-17 0.000000e+00
11.000000 10.000000 12.000000 242.562596 2.514311e+04 1.000742e+08 7.017644e+07 1.904779e+06 1.526483e+06 7.229721e+07 3.777161e+08 3.024329e+14 1.334038e-06 1.443317e-06 3.037457e-09 1.789917e+06 1.289391e+03 1.593894e+02 2.932422e-01 3.021207e-07 9.207224e-02 1.057382e+01 8.417359e+01 7.402672e-21 1.784236e+12 2.611653e+11 3.243222e+06 5.087501e+02 1.096440e+07 1.381094e-01 3.173733e-42 9.061677e-03 1.707870e-06 5.708603e+00 3.562468e-01 1.041081e+05 1.818840e-08 6.854750e+01 1.817244e+00 1.401028e+02 2.520823e+00 1.061308e-02 2.506809e-16 9.580645e-11 1.026868e-21 9.660873e-36 4.536846e-18 9.051273e-17 4.480660e-22 6.744461e-23 6.383488e-23 6.116773e-22 3.372021e-21 1.263285e-32 1.427813e-53 0.000000e+00 7.507694e+17 5.880729e+13 3.909373e+11 6.756965e+18 8.658063e-04 3.178591e-10 2.196738e-15 2.310519e-08 1.384782e+03 5.703967e+02 3.303216e+00 2.162684e+05 3.117361e-10 4.868807e-03 2.413346e-04 1.994583e-20 1.057125e-21 0.000000e+00 6.443199e+01 6.492293e-03 2.327805e-03 7.812263e-16 1.121099e-27 7.612360e-27 0.000000e+00 1.074242e-69 0.000000e+00 0.000000e+00 2.253412e-08 0.000000e+00 0.000000e+00 0.000000e+00 0.000000e+00 0.000000e+00 0.000000e+00 0.000000e+00 0.000000e+00 0.000000e+00 0.000000e+00 0.000000e+00 0.000000e+00 0.000000e+00 0.000000e+00 0.000000e+00 0.000000e+00 0.000000e+00 0.000000e+00 0.000000e+00 0.000000e+00 0.000000e+00 0.000000e+00 0.000000e+00 0.000000e+00 0.000000e+00 8.949624e-42 4.063868e-18 2.582000e-23 1.619246e-09 4.298100e-18 0.000000e+00
13.000000 12.000000 14.000000 224.922067 1.860052e+04 1.019473e+08 2.069758e+08 7.107405e+05 9.369003e+05 8.679728e+07 4.330404e+08 1.676625e+14 3.726993e-05 1.372395e-06 5.758471e-09 2.618196e+06 2.021131e+03 2.767961e+02 4.008073e-01 5.902638e-07 3.841157e-02 7.836311e+00 6.524304e+01 2.688151e-22 4.235539e+12 2.079550e+11 1.218703e+06 5.694200e+01 3.573353e+06 6.875375e-02 2.236997e-43 3.625555e-03 5.293956e-07 2.368899e+00 1.303369e-01 7.162706e+04 7.336902e-09 4.542037e+00 4.105115e-01 5.181325e+01 2.428795e-01 1.251270e-02 1.627989e-16 1.360754e-10 1.663463e-22 5.493035e-40 2.495945e-18 3.093542e-17 1.832997e-22 3.321821e-25 7.656394e-24 7.707758e-23 2.384529e-22 5.413412e-33 1.431736e-54 0.000000e+00 5.989661e+17 4.683268e+13 1.674802e+12 5.390751e+18 3.738252e-03 7.542103e-10 4.733234e-16 4.248065e-09 1.474498e+02 8.623995e+01 1.643388e-01 6.051025e+04 2.188526e-10 7.895879e-04 1.525541e-05 1.724139e-19 5.037619e-23 0.000000e+00 1.014249e+02 2.591800e-03 7.196608e-03 6.589135e-16 5.539966e-28 3.761404e-27 0.000000e+00 2.474070e-75 0.000000e+00 0.000000e+00 1.263599e-08 0.000000e+00 0.000000e+00 0.000000e+00 0.000000e+00 0.000000e+00 0.000000e+00 0.000000e+00 0.000000e+00 0.000000e+00 0.000000e+00 0.000000e+00 0.000000e+00 0.000000e+00 0.000000e+00 0.000000e+00 0.000000e+00 0.000000e+00 0.000000e+00 0.000000e+00 0.000000e+00 0.000000e+00 0.000000e+00 0.000000e+00 0.000000e+00 0.000000e+00 9.921215e-40 6.474017e-17 4.477940e-22 6.733676e-11 6.063134e-19 0.000000e+00
15.000000 14.000000 16.000000 207.074937 1.341084e+04 8.374926e+07 4.113209e+08 3.374132e+05 4.390421e+05 1.226842e+08 7.613447e+08 8.256055e+13 7.781123e-03 9.376485e-05 6.684599e-07 4.823868e+06 4.396519e+03 8.172748e+02 7.989430e-01 2.922214e-06 3.370628e-02 6.247542e+00 6.818405e+01 1.654042e-23 1.240969e+13 1.624351e+11 3.387711e+05 4.372838e+00 8.330979e+05 2.981114e-02 1.554807e-44 1.398281e-03 1.302197e-07 8.791798e-01 4.128783e-02 4.631221e+04 2.331900e-09 5.915701e-01 5.073074e-02 1.553876e+01 1.996354e-02 2.237943e-02 1.175230e-16 1.883515e-10 4.828875e-24 1.065917e-44 2.049055e-19 1.348300e-18 3.001442e-23 6.301448e-28 1.760642e-25 1.543314e-24 2.328332e-24 0.000000e+00 0.000000e+00 0.000000e+00 4.690605e+17 3.660489e+13 5.821177e+12 4.221674e+18 1.071659e-02 4.141410e-08 1.891269e-16 1.177399e-09 1.356151e+01 2.460314e+01 7.175577e-03 1.954612e+04 1.491441e-10 1.944108e-04 1.567438e-06 1.095549e-17 2.874877e-25 0.000000e+00 3.305642e+02 7.312057e-04 2.220568e-02 4.700121e-16 3.448497e-29 2.341038e-28 0.000000e+00 2.280570e-81 0.000000e+00 0.000000e+00 6.083045e-09 0.000000e+00 0.000000e+00 0.000000e+00 0.000000e+00 0.000000e+00 0.000000e+00 0.000000e+00 0.000000e+00 0.000000e+00 0.000000e+00 0.000000e+00 0.000000e+00 0.000000e+00 0.000000e+00 0.000000e+00 0.000000e+00 0.000000e+00 0.000000e+00 0.000000e+00 0.000000e+00 0.000000e+00 0.000000e+00 0.000000e+00 0.000000e+00 0.000000e+00 1.426095e-37 9.434311e-16 2.574793e-19 7.542183e-11 2.640312e-18 0.000000e+00
17.000000 16.000000 18.000000 194.862369 9.437039e+03 9.356544e+07 6.836902e+08 2.351066e+05 2.551776e+05 1.151049e+08 6.344491e+08 3.235441e+13 1.344082e-01 7.890957e-04 7.445231e-06 6.441134e+06 7.716689e+03 1.336655e+03 1.148431e+00 6.100831e-06 2.732227e-02 5.224936e+00 5.154203e+01 5.196771e-24 2.391050e+13 1.211719e+11 1.099440e+05 3.628217e-01 1.686766e+05 1.002166e-02 9.256518e-46 4.630775e-04 3.001142e-08 2.807639e-01 1.136058e-02 2.926528e+04 8.985310e-10 2.314874e-01 1.325389e-02 4.969640e+00 3.441731e-03 3.516349e-02 8.705496e-17 1.389542e-10 0.000000e+00 1.298363e-49 0.000000e+00 0.000000e+00 2.690788e-23 0.000000e+00 0.000000e+00 0.000000e+00 0.000000e+00 0.000000e+00 0.000000e+00 0.000000e+00 3.507439e+17 2.734023e+13 1.165141e+13 3.156925e+18 2.529899e-02 2.944222e-07 1.709859e-16 4.793949e-10 2.444294e+00 1.212283e+01 1.362420e-03 8.945080e+03 8.757939e-11 5.513751e-05 4.335131e-07 3.988157e-17 0.000000e+00 0.000000e+00 4.168496e+02 2.417105e-04 4.084252e-02 2.965416e-16 0.000000e+00 0.000000e+00 0.000000e+00 1.386071e-87 0.000000e+00 0.000000e+00 2.510781e-09 0.000000e+00 0.000000e+00 0.000000e+00 0.000000e+00 0.000000e+00 0.000000e+00 0.000000e+00 0.000000e+00 0.000000e+00 0.000000e+00 0.000000e+00 0.000000e+00 0.000000e+00 0.000000e+00 0.000000e+00 0.000000e+00 0.000000e+00 0.000000e+00 0.000000e+00 0.000000e+00 0.000000e+00 0.000000e+00 0.000000e+00 0.000000e+00 0.000000e+00 8.766228e-36 8.136390e-15 2.371025e-17 1.300010e-10 5.494035e-18 0.000000e+00
19.000000 18.000000 20.000000 188.758571 6.539248e+03 1.208813e+08 9.477396e+08 2.133599e+05 1.837131e+05 8.625981e+07 3.533153e+08 1.234645e+13 5.633136e-01 1.161362e-03 1.682064e-05 6.485483e+06 1.030426e+04 1.341738e+03 1.144288e+00 5.607566e-06 1.931071e-02 4.193205e+00 3.032387e+01 3.999667e-24 3.309323e+13 8.648908e+10 4.611657e+04 4.091406e-02 3.201682e+04 3.481516e-03 7.502561e-47 1.540326e-04 7.726874e-09 9.341124e-02 3.334390e-03 1.828864e+04 4.495284e-10 1.242752e-01 6.406213e-03 1.912080e+00 1.045968e-03 4.354690e-02 6.544364e-17 7.870188e-11 0.000000e+00 1.367004e-54 0.000000e+00 0.000000e+00 1.307916e-23 0.000000e+00 0.000000e+00 0.000000e+00 0.000000e+00 2.946701e-35 4.335793e-57 0.000000e+00 2.508856e+17 1.954786e+13 1.632387e+13 2.258278e+18 4.971947e-02 6.724439e-07 2.068509e-16 2.478035e-10 7.834418e-01 8.027775e+00 9.377104e-04 5.118562e+03 5.073089e-11 1.782318e-05 2.791541e-07 3.400315e-17 0.000000e+00 0.000000e+00 2.651128e+02 1.019129e-04 5.346116e-02 1.644541e-16 0.000000e+00 0.000000e+00 0.000000e+00 7.879133e-94 0.000000e+00 0.000000e+00 1.098561e-09 0.000000e+00 0.000000e+00 0.000000e+00 0.000000e+00 0.000000e+00 0.000000e+00 0.000000e+00 0.000000e+00 0.000000e+00 0.000000e+00 0.000000e+00 0.000000e+00 0.000000e+00 0.000000e+00 0.000000e+00 0.000000e+00 0.000000e+00 0.000000e+00 0.000000e+00 0.000000e+00 0.000000e+00 0.000000e+00 0.000000e+00 0.000000e+00 0.000000e+00 7.830823e-35 2.544258e-14 1.012955e-16 8.636809e-11 2.831492e-18 0.000000e+00
21.000000 20.000000 22.000000 184.571381 4.488767e+03 1.787252e+08 1.216166e+09 2.427911e+05 1.619053e+05 5.624896e+07 1.522010e+08 4.745272e+12 1.386296e+00 7.650817e-04 1.897344e-05 5.527047e+06 1.122879e+04 9.280762e+02 8.929291e-01 2.792894e-06 1.215602e-02 3.332064e+00 1.497737e+01 6.111609e-24 3.723625e+13 6.059754e+10 2.571231e+04 6.361098e-03 6.129069e+03 1.379268e-03 8.263869e-48 5.340963e-05 2.182440e-09 3.359698e-02 1.064571e-03 1.155571e+04 2.955637e-10 7.734723e-02 5.143215e-03 8.903083e-01 4.896445e-04 4.561333e-02 4.997416e-17 3.931370e-11 0.000000e+00 1.470368e-59 0.000000e+00 0.000000e+00 0.000000e+00 0.000000e+00 0.000000e+00 0.000000e+00 0.000000e+00 0.000000e+00 0.000000e+00 0.000000e+00 1.761095e+17 1.372256e+13 1.846100e+13 1.585329e+18 9.050745e-02 1.059946e-06 3.207841e-16 1.610465e-10 4.064256e-01 6.666322e+00 9.955213e-04 3.549706e+03 3.024491e-11 6.558196e-06 1.935432e-07 1.630344e-17 0.000000e+00 0.000000e+00 1.012570e+02 5.599166e-05 5.747071e-02 8.078263e-17 0.000000e+00 0.000000e+00 0.000000e+00 5.195383e-100 0.000000e+00 0.000000e+00 5.199107e-10 0.000000e+00 0.000000e+00 0.000000e+00 0.000000e+00 0.000000e+00 0.000000e+00 0.000000e+00 0.000000e+00 0.000000e+00 0.000000e+00 0.000000e+00 0.000000e+00 0.000000e+00 0.000000e+00 0.000000e+00 0.000000e+00 0.000000e+00 0.000000e+00 0.000000e+00 0.000000e+00 0.000000e+00 0.000000e+00 0.000000e+00 0.000000e+00 0.000000e+00 7.020479e-35 2.479364e-14 1.077373e-16 4.748834e-11 8.221501e-19 0.000000e+00
23.000000 22.000000 24.000000 181.218626 3.058226e+03 2.762051e+08 1.419678e+09 3.323623e+05 1.678789e+05 3.604344e+07 6.381688e+07 1.950928e+12 2.847641e+00 3.923058e-04 1.665464e-05 4.175331e+06 1.053706e+04 5.220141e+02 5.909094e-01 9.556609e-07 7.392649e-03 2.622821e+00 6.954043e+00 1.567607e-23 3.704159e+13 4.197541e+10 1.814842e+04 1.375584e-03 1.199894e+03 6.688936e-04 1.481904e-48 2.160551e-05 7.013974e-10 1.378237e-02 3.908191e-04 7.377835e+03 2.764088e-10 5.761005e-02 5.412679e-03 4.854293e-01 3.099584e-04 4.309221e-02 3.984369e-17 1.997631e-11 0.000000e+00 0.000000e+00 0.000000e+00 0.000000e+00 0.000000e+00 0.000000e+00 0.000000e+00 0.000000e+00 0.000000e+00 0.000000e+00 0.000000e+00 0.000000e+00 1.221931e+17 9.525394e+12 1.841256e+13 1.100078e+18 1.506224e-01 1.513238e-06 6.117406e-16 1.283236e-10 3.039059e-01 6.637056e+00 1.138714e-03 2.842503e+03 2.068353e-11 2.862830e-06 1.173093e-07 7.089087e-18 0.000000e+00 0.000000e+00 3.043621e+01 3.855130e-05 5.520301e-02 3.702104e-17 0.000000e+00 0.000000e+00 0.000000e+00 4.294670e-106 0.000000e+00 0.000000e+00 2.822646e-10 0.000000e+00 0.000000e+00 0.000000e+00 0.000000e+00 0.000000e+00 0.000000e+00 0.000000e+00 0.000000e+00 0.000000e+00 0.000000e+00 0.000000e+00 0.000000e+00 0.000000e+00 0.000000e+00 0.000000e+00 0.000000e+00 0.000000e+00 0.000000e+00 0.000000e+00 0.000000e+00 0.000000e+00 0.000000e+00 0.000000e+00 0.000000e+00 0.000000e+00 1.816774e-35 1.286805e-14 6.802316e-17 2.965152e-11 2.118931e-19 0.000000e+00
25.000000 24.000000 26.000000 178.156376 2.070378e+03 4.246677e+08 1.506123e+09 5.081898e+05 1.910325e+05 2.350531e+07 2.785906e+07 8.506548e+11 4.753578e+00 1.650223e-04 1.162572e-05 2.876852e+06 8.914660e+03 2.604809e+02 3.404361e-01 2.506300e-07 4.431737e-03 1.994101e+00 3.076019e+00 5.612628e-23 3.420121e+13 2.885891e+10 1.433440e+04 3.639349e-04 2.413233e+02 3.674574e-04 3.965838e-49 1.036077e-05 2.512733e-10 6.293655e-03 1.608660e-04 4.753380e+03 3.731497e-10 5.365842e-02 6.281935e-03 2.892299e-01 2.345079e-04 3.816089e-02 3.026112e-17 1.055480e-11 0.000000e+00 0.000000e+00 0.000000e+00 0.000000e+00 0.000000e+00 0.000000e+00 0.000000e+00 0.000000e+00 0.000000e+00 0.000000e+00 0.000000e+00 0.000000e+00 8.413630e+16 6.563498e+12 1.702731e+13 7.575382e+17 2.290257e-01 1.829495e-06 1.350276e-15 1.161062e-10 2.795687e-01 7.314010e+00 1.284460e-03 2.452547e+03 1.650932e-11 1.374519e-06 6.172831e-08 2.802332e-18 0.000000e+00 0.000000e+00 8.093979e+00 2.972975e-05 4.959610e-02 2.513962e-17 0.000000e+00 0.000000e+00 0.000000e+00 4.565535e-112 0.000000e+00 0.000000e+00 1.716215e-10 0.000000e+00 0.000000e+00 0.000000e+00 0.000000e+00 0.000000e+00 0.000000e+00 0.000000e+00 0.000000e+00 0.000000e+00 0.000000e+00 0.000000e+00 0.000000e+00 0.000000e+00 0.000000e+00 0.000000e+00 0.000000e+00 0.000000e+00 0.000000e+00 0.000000e+00 0.000000e+00 0.000000e+00 0.000000e+00 0.000000e+00 0.000000e+00 0.000000e+00 1.641768e-36 3.915816e-15 2.641733e-17 1.830614e-11 4.883528e-20 0.000000e+00
27.000000 26.000000 28.000000 174.448706 1.391338e+03 6.743565e+08 1.579613e+09 7.976947e+05 2.223441e+05 1.451101e+07 1.106210e+07 3.429345e+11 6.469499e+00 5.117404e-05 6.232646e-06 1.863615e+06 7.046684e+03 1.125270e+02 1.728470e-01 4.975150e-08 2.419059e-03 1.431603e+00 1.189118e+00 2.327726e-22 3.032437e+13 1.977619e+10 1.193417e+04 9.281546e-05 4.982685e+01 2.023567e-04 9.191534e-50 5.102786e-06 8.635866e-11 2.861507e-03 6.524641e-05 3.089945e+03 6.931535e-10 6.181882e-02 7.726641e-03 1.716516e-01 1.900968e-04 3.257114e-02 1.790920e-17 5.202425e-12 0.000000e+00 0.000000e+00 0.000000e+00 0.000000e+00 0.000000e+00 0.000000e+00 0.000000e+00 0.000000e+00 0.000000e+00 0.000000e+00 0.000000e+00 0.000000e+00 5.773624e+16 4.508708e+12 1.511303e+13 5.199017e+17 3.444927e-01 1.749763e-06 3.233737e-15 1.080333e-10 2.845932e-01 8.072639e+00 1.490811e-03 2.148591e+03 1.345262e-11 6.450545e-07 2.888589e-08 8.399249e-19 0.000000e+00 0.000000e+00 1.747059e+00 2.400698e-05 4.301315e-02 2.982298e-17 0.000000e+00 0.000000e+00 2.263807e-89 6.147293e-118 0.000000e+00 0.000000e+00 1.025776e-10 0.000000e+00 0.000000e+00 0.000000e+00 0.000000e+00 0.000000e+00 0.000000e+00 0.000000e+00 0.000000e+00 0.000000e+00 0.000000e+00 0.000000e+00 0.000000e+00 0.000000e+00 0.000000e+00 0.000000e+00 0.000000e+00 0.000000e+00 0.000000e+00 0.000000e+00 0.000000e+00 0.000000e+00 0.000000e+00 0.000000e+00 0.000000e+00 0.000000e+00 5.452438e-38 7.137318e-16 5.879493e-18 9.688802e-12 8.506870e-21 0.000000e+00
29.000000 28.000000 30.000000 171.161590 9.274147e+02 9.862431e+08 1.442947e+09 1.267413e+06 2.563760e+05 9.342955e+06 4.774035e+06 1.515919e+11 7.828904e+00 1.549153e-05 3.093006e-06 1.094879e+06 5.217657e+03 4.817787e+01 7.813268e-02 8.565957e-09 1.330890e-03 9.285337e-01 4.389172e-01 1.013609e-21 2.595733e+13 1.341620e+10 9.498360e+03 2.547096e-05 1.120603e+01 1.100445e-04 3.021480e-50 2.893515e-06 3.325221e-11 1.401241e-03 2.886419e-05 2.007959e+03 1.585524e-09 7.410878e-02 8.466885e-03 1.027985e-01 1.585901e-04 2.687430e-02 9.589080e-18 2.734741e-12 2.353250e-23 2.143463e-60 1.367265e-18 8.201984e-18 1.209765e-20 2.512911e-31 2.212040e-26 7.397217e-25 7.918750e-25 1.142588e-34 1.544724e-55 0.000000e+00 3.921860e+16 3.066893e+12 1.294644e+13 3.532027e+17 4.561062e-01 1.557975e-06 7.735930e-15 1.027425e-10 2.926010e-01 8.930792e+00 1.562601e-03 1.824512e+03 1.234852e-11 3.034534e-07 1.188012e-08 2.717166e-19 3.041411e-25 0.000000e+00 3.790108e-01 1.853359e-05 3.618451e-02 3.507397e-17 2.642734e-27 1.768425e-26 5.072710e-83 3.926406e-116 0.000000e+00 0.000000e+00 6.722013e-11 0.000000e+00 0.000000e+00 0.000000e+00 0.000000e+00 0.000000e+00 0.000000e+00 0.000000e+00 0.000000e+00 0.000000e+00 0.000000e+00 0.000000e+00 0.000000e+00 0.000000e+00 0.000000e+00 0.000000e+00 0.000000e+00 0.000000e+00 0.000000e+00 0.000000e+00 0.000000e+00 0.000000e+00 0.000000e+00 0.000000e+00 0.000000e+00 0.000000e+00 1.009620e-39 9.593215e-17 1.082715e-18 4.821271e-12 1.492848e-21 0.000000e+00
31.000000 30.000000 32.000000 169.210081 6.145494e+02 1.199773e+09 1.038016e+09 2.033047e+06 2.876397e+05 7.012834e+06 2.750637e+06 8.900666e+10 9.152823e+00 6.055120e-06 1.690044e-06 5.659991e+05 3.664420e+03 2.292043e+01 3.176594e-02 1.431862e-09 8.292872e-04 5.329325e-01 1.676359e-01 4.318368e-21 2.181631e+13 8.979769e+09 6.529230e+03 8.617397e-06 3.198463e+00 5.849542e-05 2.479223e-50 2.147147e-06 1.708162e-11 8.002458e-04 1.544740e-05 1.294101e+03 3.515497e-09 7.938314e-02 7.156692e-03 6.433566e-02 1.308682e-04 2.173359e-02 6.247853e-18 1.785639e-12 4.583951e-23 1.422580e-58 2.194061e-18 1.122717e-17 2.136992e-20 2.332890e-31 2.808753e-26 1.141926e-24 1.190988e-24 1.129532e-34 3.085696e-55 0.000000e+00 2.628342e+16 2.059258e+12 1.088799e+13 2.367483e+17 4.840718e-01 1.574407e-06 1.749042e-14 1.001756e-10 2.728368e-01 1.000917e+01 1.319078e-03 1.455635e+03 1.432491e-11 1.384204e-07 4.209204e-09 1.354516e-19 4.769685e-25 0.000000e+00 1.015595e-01 1.240107e-05 3.000762e-02 3.121095e-17 5.355960e-27 3.557689e-26 9.395210e-77 1.295672e-110 0.000000e+00 0.000000e+00 5.379873e-11 0.000000e+00 0.000000e+00 0.000000e+00 0.000000e+00 0.000000e+00 0.000000e+00 0.000000e+00 0.000000e+00 0.000000e+00 0.000000e+00 0.000000e+00 0.000000e+00 0.000000e+00 0.000000e+00 0.000000e+00 0.000000e+00 0.000000e+00 0.000000e+00 0.000000e+00 0.000000e+00 0.000000e+00 0.000000e+00 0.000000e+00 0.000000e+00 0.000000e+00 1.552043e-41 1.177905e-17 2.329231e-19 2.401038e-12 3.602659e-22 0.000000e+00
33.000000 32.000000 34.000000 168.398036 4.060126e+02 1.343834e+09 6.562512e+08 3.275635e+06 3.145935e+05 5.567339e+06 1.748308e+06 5.599965e+10 1.019401e+01 2.484626e-06 9.055517e-07 2.685483e+05 2.486705e+03 1.112205e+01 1.183642e-02 2.176374e-10 5.402845e-04 2.778051e-01 6.134006e-02 1.935675e-20 1.804294e+13 5.952294e+09 4.113581e+03 3.701699e-06 1.602830e+00 2.905125e-05 4.002784e-50 1.755681e-06 1.055327e-11 4.877919e-04 9.111157e-06 8.298217e+02 7.333290e-09 7.985543e-02 5.307674e-03 4.126066e-02 1.077051e-04 1.727561e-02 4.917554e-18 1.316358e-12 2.733063e-23 1.043067e-58 1.065609e-18 4.266247e-18 9.665632e-21 7.872536e-32 1.234043e-26 5.583099e-25 5.239731e-25 4.030571e-35 2.375814e-55 0.000000e+00 1.744477e+16 1.370069e+12 9.009390e+12 1.571661e+17 4.578344e-01 1.653182e-06 4.050999e-14 1.005000e-10 2.411759e-01 1.124741e+01 9.986649e-04 1.099072e+03 1.760095e-11 5.949987e-08 1.312241e-09 8.361603e-20 1.951104e-25 0.000000e+00 2.813917e-02 7.550266e-06 2.459696e-02 2.304353e-17 3.036337e-27 1.994694e-26 1.428125e-70 3.272105e-105 0.000000e+00 0.000000e+00 4.777791e-11 0.000000e+00 0.000000e+00 0.000000e+00 0.000000e+00 0.000000e+00 0.000000e+00 0.000000e+00 0.000000e+00 0.000000e+00 0.000000e+00 0.000000e+00 0.000000e+00 0.000000e+00 0.000000e+00 0.000000e+00 0.000000e+00 0.000000e+00 0.000000e+00 0.000000e+00 0.000000e+00 0.000000e+00 0.000000e+00 0.000000e+00 0.000000e+00 0.000000e+00 2.147356e-43 1.365414e-18 4.697564e-20 1.115883e-12 1.026417e-22 0.000000e+00
35.000000 34.000000 36.000000 168.776950 2.681849e+02 1.486217e+09 3.949041e+08 5.259477e+06 3.340824e+05 4.369117e+06 1.070519e+06 3.440057e+10 1.078318e+01 9.324299e-07 4.431778e-07 1.213140e+05 1.653622e+03 5.227065e+00 4.116149e-03 2.918259e-11 3.470419e-04 1.334106e-01 2.041927e-02 9.195868e-20 1.477870e+13 3.916356e+09 2.515302e+03 2.084644e-06 1.334755e+00 1.315736e-05 1.071274e-49 1.372959e-06 7.114070e-12 2.975117e-04 5.546312e-06 5.299501e+02 1.440376e-08 7.790718e-02 3.662688e-03 2.656039e-02 8.813987e-05 1.358389e-02 4.546996e-18 1.027538e-12 5.548673e-23 6.632041e-57 1.752605e-18 5.436400e-18 1.229384e-20 9.848964e-32 1.852566e-26 9.120152e-25 7.509194e-25 3.553314e-35 4.597289e-55 0.000000e+00 1.149410e+16 9.054101e+11 7.382389e+12 1.035804e+17 4.169143e-01 1.670828e-06 9.823142e-14 1.040228e-10 2.097138e-01 1.255569e+01 7.296236e-04 7.848824e+02 1.959459e-11 2.410734e-08 3.683236e-10 5.391834e-20 2.467109e-25 0.000000e+00 7.176314e-03 4.363567e-06 2.005430e-02 1.625282e-17 5.814979e-27 3.757100e-26 1.796248e-64 3.469270e-100 0.000000e+00 0.000000e+00 4.400790e-11 0.000000e+00 0.000000e+00 0.000000e+00 0.000000e+00 0.000000e+00 0.000000e+00 0.000000e+00 0.000000e+00 0.000000e+00 0.000000e+00 0.000000e+00 0.000000e+00 0.000000e+00 0.000000e+00 0.000000e+00 0.000000e+00 0.000000e+00 0.000000e+00 0.000000e+00 0.000000e+00 0.000000e+00 0.000000e+00 0.000000e+00 0.000000e+00 0.000000e+00 2.329209e-45 1.366958e-19 7.765043e-21 4.661134e-13 2.886998e-23 0.000000e+00
37.000000 36.000000 38.000000 169.553844 1.774682e+02 1.672886e+09 2.375353e+08 8.371326e+06 3.476887e+05 3.310499e+06 6.079782e+05 2.075349e+10 1.085868e+01 3.082673e-07 1.951999e-07 5.433686e+04 1.091455e+03 2.350843e+00 1.374948e-03 3.543378e-12 2.155993e-04 6.139190e-02 6.277679e-03 4.486072e-19 1.202459e+13 2.574917e+09 1.532791e+03 1.284803e-06 1.386261e+00 5.401594e-06 3.155484e-49 9.870510e-07 4.779275e-12 1.773670e-04 3.343809e-06 3.393194e+02 2.773360e-08 7.155535e-02 2.310116e-03 1.692644e-02 7.190745e-05 1.061476e-02 4.603525e-18 7.986055e-13 6.883828e-23 2.569583e-52 1.754547e-18 4.312220e-18 9.615599e-21 7.857932e-32 1.631799e-26 8.748701e-25 6.410194e-25 2.666470e-35 7.503755e-55 0.000000e+00 7.568947e+15 5.982757e+11 6.008346e+12 6.822908e+16 3.805252e-01 1.575898e-06 2.444613e-13 1.089750e-10 1.788294e-01 1.376651e+01 5.374242e-04 5.432283e+02 1.875524e-11 9.188299e-09 9.787696e-11 3.234499e-20 1.829935e-25 0.000000e+00 1.657169e-03 2.394083e-06 1.631307e-02 1.101887e-17 6.911299e-27 4.357871e-26 1.831769e-58 6.294771e-95 0.000000e+00 0.000000e+00 4.012236e-11 0.000000e+00 0.000000e+00 0.000000e+00 0.000000e+00 0.000000e+00 0.000000e+00 0.000000e+00 0.000000e+00 0.000000e+00 0.000000e+00 0.000000e+00 0.000000e+00 0.000000e+00 0.000000e+00 0.000000e+00 0.000000e+00 0.000000e+00 0.000000e+00 0.000000e+00 0.000000e+00 0.000000e+00 0.000000e+00 0.000000e+00 0.000000e+00 0.000000e+00 1.910037e-47 1.136464e-20 1.030225e-21 1.712504e-13 7.190663e-24 0.000000e+00
39.000000 38.000000 40.000000 170.117269 1.176482e+02 1.951490e+09 1.480979e+08 1.311881e+07 3.558740e+05 2.387873e+06 3.143612e+05 1.231720e+10 1.048503e+01 8.897260e-08 7.751694e-08 2.463399e+04 7.198098e+02 1.003012e+00 4.492336e-04 3.947257e-13 1.273215e-04 2.778289e-02 1.804146e-03 2.156325e-18 9.763060e+12 1.697647e+09 9.402183e+02 7.130161e-07 1.576230e+00 1.957486e-06 6.997419e-49 6.412376e-07 2.976706e-12 1.011305e-04 1.920417e-06 2.184436e+02 5.445122e-08 6.129911e-02 1.308389e-03 1.047767e-02 5.784205e-05 8.290361e-03 4.869350e-18 5.871401e-13 8.744547e-23 8.943917e-48 1.798796e-18 3.676024e-18 7.549087e-21 6.249904e-32 1.378141e-26 8.147751e-25 5.522465e-25 1.287298e-35 7.638308e-55 0.000000e+00 4.999212e+15 3.966682e+11 4.879204e+12 4.508098e+16 3.586734e-01 1.362678e-06 6.079360e-13 1.122392e-10 1.441905e-01 1.467642e+01 4.106592e-04 3.703767e+02 1.486363e-11 3.194573e-09 2.551506e-11 1.665391e-20 1.405074e-25 0.000000e+00 3.451661e-04 1.209495e-06 1.330068e-02 7.337654e-18 8.769668e-27 5.339775e-26 1.520490e-52 9.294579e-90 0.000000e+00 0.000000e+00 3.470812e-11 0.000000e+00 0.000000e+00 0.000000e+00 0.000000e+00 0.000000e+00 0.000000e+00 0.000000e+00 0.000000e+00 0.000000e+00 0.000000e+00 0.000000e+00 0.000000e+00 0.000000e+00 0.000000e+00 0.000000e+00 0.000000e+00 0.000000e+00 0.000000e+00 0.000000e+00 0.000000e+00 0.000000e+00 0.000000e+00 0.000000e+00 0.000000e+00 0.000000e+00 1.236803e-49 7.795010e-22 1.108266e-22 5.342050e-14 1.483937e-24 0.000000e+00
41.000000 40.000000 42.000000 171.464726 7.817876e+01 2.405907e+09 9.490553e+07 2.061703e+07 3.570994e+05 1.609743e+06 1.408008e+05 7.161814e+09 9.731287e+00 2.181377e-08 2.723373e-08 1.141344e+04 4.724198e+02 3.953912e-01 1.400605e-04 3.764218e-14 7.108794e-05 1.206218e-02 4.632617e-04 1.106966e-17 7.845190e+12 1.116435e+09 5.841168e+02 4.203917e-07 1.859549e+00 5.733429e-07 1.706207e-48 3.585432e-07 1.750377e-12 5.460720e-05 1.064980e-06 1.405970e+02 1.161316e-07 5.246666e-02 6.995688e-04 6.283163e-03 4.638514e-05 6.434727e-03 5.664261e-18 4.223896e-13 7.964595e-23 2.828190e-43 1.310901e-18 2.301605e-18 4.359648e-21 3.417037e-32 7.612374e-27 5.074443e-25 3.325575e-25 7.007373e-36 8.494106e-55 0.000000e+00 3.294526e+15 2.624601e+11 3.920983e+12 2.972148e+16 3.492630e-01 1.072632e-06 1.587545e-12 1.176379e-10 1.070849e-01 1.566779e+01 3.264547e-04 2.440896e+02 8.931716e-12 9.677380e-10 6.214992e-12 7.341461e-21 7.442563e-26 0.000000e+00 6.081531e-05 5.338304e-07 1.078334e-02 4.817205e-18 8.131980e-27 4.711763e-26 1.007231e-46 1.095080e-84 0.000000e+00 0.000000e+00 2.903886e-11 0.000000e+00 0.000000e+00 0.000000e+00 0.000000e+00 0.000000e+00 0.000000e+00 0.000000e+00 0.000000e+00 0.000000e+00 0.000000e+00 0.000000e+00 0.000000e+00 0.000000e+00 0.000000e+00 0.000000e+00 0.000000e+00 0.000000e+00 0.000000e+00 0.000000e+00 0.000000e+00 0.000000e+00 0.000000e+00 0.000000e+00 0.000000e+00 0.000000e+00 6.912082e-52 4.238802e-23 9.343915e-24 1.358416e-14 2.552766e-25 0.000000e+00
43.000000 42.000000 44.000000 174.244250 5.222120e+01 3.138249e+09 6.197903e+07 3.258806e+07 3.464753e+05 1.016187e+06 5.429999e+04 4.062769e+09 8.854707e+00 4.716321e-09 8.697831e-09 5.377707e+03 3.083125e+02 1.456462e-01 4.166255e-05 3.050140e-15 3.762891e-05 4.898373e-03 1.047200e-04 6.043524e-17 6.264832e+12 7.316271e+08 3.707511e+02 2.911134e-07 2.225013e+00 1.291312e-07 6.071916e-48 1.710682e-07 1.009847e-12 2.802566e-05 5.818095e-07 9.027621e+01 6.286147e-07 4.995377e-02 3.683424e-04 3.604662e-03 3.676092e-05 4.991837e-03 7.008855e-18 3.122296e-13 7.090508e-23 8.695375e-39 9.287963e-19 1.418428e-18 2.444707e-21 1.749007e-32 3.794242e-27 2.886669e-25 1.874732e-25 2.648293e-36 6.180888e-55 0.000000e+00 2.164437e+15 1.731499e+11 3.130898e+12 1.953641e+16 3.496335e-01 7.832755e-07 4.326856e-12 1.273915e-10 7.103535e-02 1.692322e+01 2.670709e-04 1.519340e+02 3.980341e-12 2.541315e-10 1.378616e-12 2.926481e-21 3.498458e-26 0.000000e+00 9.063047e-06 1.975754e-07 8.738718e-03 3.138196e-18 7.375295e-27 3.988942e-26 5.448998e-41 1.053563e-79 0.000000e+00 0.000000e+00 2.400747e-11 0.000000e+00 0.000000e+00 0.000000e+00 0.000000e+00 0.000000e+00 0.000000e+00 0.000000e+00 0.000000e+00 0.000000e+00 0.000000e+00 0.000000e+00 0.000000e+00 0.000000e+00 0.000000e+00 0.000000e+00 0.000000e+00 0.000000e+00 0.000000e+00 0.000000e+00 0.000000e+00 0.000000e+00 0.000000e+00 0.000000e+00 0.000000e+00 0.000000e+00 3.836118e-54 1.858626e-24 6.505683e-25 2.784425e-15 3.844859e-26 0.000000e+00
45.000000 44.000000 46.000000 177.428877 3.513605e+01 4.226474e+09 4.107621e+07 5.106511e+07 3.231945e+05 6.145867e+05 1.915227e+04 2.280450e+09 8.054093e+00 1.008360e-09 2.737980e-09 2.627977e+03 2.016037e+02 5.314009e-02 1.241093e-05 2.362883e-16 1.926597e-05 1.907566e-03 2.247664e-05 3.078804e-16 4.979206e+12 4.816974e+08 2.367217e+02 1.895381e-07 2.605101e+00 2.385427e-08 2.134418e-47 7.573064e-08 5.752816e-13 1.401073e-05 3.129095e-07 5.831553e+01 1.064934e-05 5.944457e-02 1.901424e-04 1.969579e-03 2.834853e-05 3.889406e-03 8.198110e-18 2.329596e-13 6.490623e-23 2.471013e-34 6.736177e-19 8.986097e-19 1.412570e-21 8.934752e-33 1.886035e-27 1.612356e-25 1.046606e-25 5.046926e-37 2.028377e-55 0.000000e+00 1.429322e+15 1.147962e+11 2.487724e+12 1.290878e+16 3.540954e-01 5.507732e-07 1.102455e-11 1.369313e-10 4.165979e-02 1.810626e+01 2.224599e-04 9.054400e+01 1.481181e-12 6.263518e-11 2.966321e-13 1.113415e-21 1.571182e-26 0.000000e+00 1.272120e-06 6.216132e-08 7.097099e-03 2.051819e-18 6.753660e-27 3.337728e-26 2.343302e-35 8.056964e-75 0.000000e+00 0.000000e+00 1.945213e-11 0.000000e+00 0.000000e+00 0.000000e+00 0.000000e+00 0.000000e+00 0.000000e+00 0.000000e+00 0.000000e+00 0.000000e+00 0.000000e+00 0.000000e+00 0.000000e+00 0.000000e+00 0.000000e+00 0.000000e+00 0.000000e+00 0.000000e+00 0.000000e+00 0.000000e+00 0.000000e+00 0.000000e+00 0.000000e+00 0.000000e+00 0.000000e+00 0.000000e+00 2.502895e-56 7.699874e-26 4.392398e-26 4.924084e-16 5.545411e-27 0.000000e+00
47.000000 46.000000 48.000000 179.703435 2.379348e+01 5.674872e+09 2.757429e+07 7.831335e+07 2.898195e+05 3.719926e+05 6.822495e+03 1.273909e+09 7.457430e+00 2.486610e-10 9.520086e-10 1.335238e+03 1.327598e+02 2.034520e-02 3.871056e-06 1.984403e-17 9.813945e-06 7.352904e-04 4.968083e-06 1.461474e-15 3.977959e+12 3.206700e+08 1.482237e+02 9.464662e-08 2.980720e+00 4.128300e-09 4.711232e-47 3.429362e-08 3.172121e-13 7.005025e-06 1.648359e-07 3.810917e+01 1.664135e-04 9.483906e-02 9.473545e-05 1.046102e-03 2.049686e-05 3.079088e-03 9.495436e-18 1.703262e-13 6.022251e-23 4.381221e-34 4.978281e-19 5.802290e-19 8.353085e-22 4.669450e-33 9.894738e-28 9.100417e-26 5.776456e-26 1.221963e-37 8.381378e-56 0.000000e+00 9.550105e+14 7.697827e+10 1.986423e+12 8.630942e+15 3.580299e-01 3.909705e-07 2.698261e-11 1.397762e-10 2.232864e-02 1.875502e+01 1.852562e-04 5.278679e+01 5.359864e-13 1.622837e-11 6.655299e-14 4.199817e-22 6.945510e-27 0.000000e+00 1.917017e-07 1.800422e-08 5.849193e-03 1.356093e-18 6.127080e-27 2.712096e-26 5.466297e-35 5.062103e-70 0.000000e+00 0.000000e+00 1.957421e-11 0.000000e+00 0.000000e+00 0.000000e+00 0.000000e+00 0.000000e+00 0.000000e+00 0.000000e+00 0.000000e+00 0.000000e+00 0.000000e+00 0.000000e+00 0.000000e+00 0.000000e+00 0.000000e+00 0.000000e+00 0.000000e+00 0.000000e+00 0.000000e+00 0.000000e+00 0.000000e+00 0.000000e+00 0.000000e+00 0.000000e+00 0.000000e+00 0.000000e+00 1.970415e-58 3.772322e-27 3.564546e-27 8.356489e-17 8.119143e-28 0.000000e+00
49.000000 48.000000 50.000000 180.872079 1.617602e+01 8.055365e+09 1.979786e+07 1.187911e+08 2.448661e+05 2.142332e+05 2.238500e+03 7.085902e+08 7.242198e+00 7.345922e-11 3.817511e-10 7.073420e+02 8.749117e+01 7.955038e-03 1.278649e-06 1.810727e-18 4.703659e-06 2.740692e-04 1.089867e-06 1.247630e-13 3.185608e+12 2.154528e+08 9.134591e+01 3.531706e-08 3.303889e+00 6.563191e-10 5.462529e-47 1.464494e-08 1.557401e-13 3.335566e-06 8.052718e-08 2.513588e+01 1.792666e-03 1.795526e-01 4.911271e-05 5.259952e-04 1.371351e-05 2.473320e-03 1.909791e-16 1.153888e-13 5.397575e-23 6.520088e-39 3.562720e-19 3.735367e-19 5.195634e-22 2.122287e-33 4.679739e-28 4.709873e-26 2.948070e-26 2.617118e-38 5.502234e-55 0.000000e+00 6.445712e+14 5.210926e+10 1.589039e+12 5.829840e+15 3.821763e-01 2.749372e-07 1.208840e-09 1.743492e-10 1.089166e-02 1.878450e+01 1.623220e-04 2.945178e+01 1.697219e-13 4.668529e-12 1.617257e-14 1.405025e-22 2.877136e-27 0.000000e+00 2.895911e-08 4.827823e-09 4.888211e-03 9.045371e-19 5.370431e-27 2.093233e-26 1.258338e-40 7.252180e-75 0.000000e+00 0.000000e+00 1.602820e-09 0.000000e+00 0.000000e+00 0.000000e+00 0.000000e+00 0.000000e+00 0.000000e+00 0.000000e+00 0.000000e+00 0.000000e+00 0.000000e+00 0.000000e+00 0.000000e+00 0.000000e+00 0.000000e+00 0.000000e+00 0.000000e+00 0.000000e+00 0.000000e+00 0.000000e+00 0.000000e+00 0.000000e+00 0.000000e+00 0.000000e+00 0.000000e+00 0.000000e+00 1.873284e-60 2.512065e-28 3.830444e-28 1.427335e-17 1.212280e-28 0.000000e+00
51.000000 50.000000 52.000000 181.659606 1.102130e+01 1.400092e+10 1.736020e+07 1.648360e+08 1.620593e+05 9.228945e+04 4.408154e+02 3.920296e+08 7.876594e+00 2.165659e-11 1.602460e-10 3.917573e+02 5.640550e+01 3.058483e-03 4.573523e-07 1.759652e-19 1.651383e-06 7.919214e-05 1.928553e-07 8.531049e-11 2.535051e+12 1.452246e+08 5.601609e+01 1.093133e-08 3.406081e+00 7.831835e-11 4.600303e-47 7.038413e-09 7.126862e-14 1.576954e-06 3.419067e-08 1.662563e+01 1.249964e-02 3.338711e-01 3.890759e-05 2.333546e-04 9.455731e-06 1.998632e-03 2.904293e-14 7.245638e-14 4.461039e-23 6.294809e-44 2.333377e-19 2.369197e-19 3.727322e-22 4.649589e-34 1.211617e-28 1.679925e-26 1.098156e-26 5.576756e-39 2.564060e-53 0.000000e+00 4.368916e+14 3.539219e+10 1.260740e+12 3.954860e+15 4.965973e-01 1.624114e-07 4.711912e-07 2.723199e-08 4.612441e-03 1.619818e+01 1.687861e-04 1.268219e+01 5.129168e-14 1.667191e-12 4.560021e-15 4.013162e-23 8.351338e-28 0.000000e+00 3.307393e-09 1.118374e-09 4.108604e-03 6.052472e-19 4.491817e-27 1.521903e-26 3.538982e-46 1.158036e-79 0.000000e+00 0.000000e+00 1.212857e-06 0.000000e+00 0.000000e+00 0.000000e+00 0.000000e+00 0.000000e+00 0.000000e+00 0.000000e+00 0.000000e+00 0.000000e+00 0.000000e+00 0.000000e+00 0.000000e+00 0.000000e+00 0.000000e+00 0.000000e+00 0.000000e+00 0.000000e+00 0.000000e+00 0.000000e+00 0.000000e+00 0.000000e+00 0.000000e+00 0.000000e+00 0.000000e+00 0.000000e+00 2.165593e-62 2.127016e-29 4.609205e-29 2.367574e-18 1.862200e-29 0.000000e+00
53.000000 52.000000 54.000000 182.498361 7.524301e+00 2.684905e+10 1.734687e+07 1.976883e+08 8.189179e+04 3.168011e+04 5.621298e+01 2.076290e+08 8.950057e+00 6.312664e-12 6.939619e-11 2.182536e+02 3.474928e+01 1.222498e-03 1.657812e-07 1.767299e-20 4.342633e-07 1.671027e-05 2.704846e-08 6.012098e-10 2.056399e+12 9.776020e+07 3.537284e+01 3.351024e-09 3.174226e+00 7.656677e-12 8.535770e-47 9.197362e-09 4.354635e-14 9.886745e-07 1.717383e-08 1.092450e+01 5.084978e-02 5.964291e-01 5.360332e-05 1.189066e-04 8.718544e-06 1.672834e-03 4.925284e-14 5.481000e-14 3.796164e-23 3.166353e-49 1.596900e-19 1.762368e-19 3.294267e-22 5.395617e-35 2.121645e-29 4.911402e-27 3.262733e-27 2.276598e-39 2.519224e-53 0.000000e+00 2.965636e+14 2.406344e+10 1.014942e+12 2.687594e+15 7.369440e-01 7.858760e-08 2.221803e-06 2.506196e-07 2.118586e-03 1.080887e+01 1.829061e-04 3.962144e+00 3.861602e-14 6.886639e-13 1.371799e-15 1.449109e-23 1.785432e-28 0.000000e+00 3.106878e-10 2.835347e-10 3.600241e-03 4.036688e-19 4.265823e-27 1.248829e-26 9.962433e-52 1.835160e-84 0.000000e+00 0.000000e+00 1.415355e-05 0.000000e+00 0.000000e+00 0.000000e+00 0.000000e+00 0.000000e+00 0.000000e+00 0.000000e+00 0.000000e+00 0.000000e+00 0.000000e+00 0.000000e+00 0.000000e+00 0.000000e+00 0.000000e+00 0.000000e+00 0.000000e+00 0.000000e+00 0.000000e+00 0.000000e+00 0.000000e+00 0.000000e+00 0.000000e+00 0.000000e+00 0.000000e+00 0.000000e+00 2.504813e-64 2.213754e-30 5.850392e-30 3.765272e-19 3.009583e-30 0.000000e+00
55.000000 54.000000 56.000000 183.244393 5.146918e+00 4.643406e+10 1.638953e+07 1.998986e+08 3.647252e+04 1.026234e+04 6.105552e+00 1.054776e+08 9.197937e+00 1.864535e-12 3.257523e-11 1.221957e+02 2.058621e+01 4.922026e-04 5.407418e-08 1.617762e-21 1.028016e-07 2.994669e-06 3.339325e-09 4.487165e-09 1.693593e+12 6.567369e+07 2.323466e+01 1.172392e-09 2.402014e+00 7.485921e-13 4.019243e-46 3.503108e-08 4.917810e-14 1.111635e-06 1.067315e-08 7.118711e+00 1.730352e-01 9.260028e-01 1.004375e-04 7.343535e-05 9.832863e-06 1.440352e-03 1.181812e-13 4.993811e-14 3.210349e-23 9.241481e-55 1.095050e-19 1.305305e-19 2.778778e-22 4.377151e-36 3.392158e-30 1.345729e-27 8.739210e-28 3.418959e-39 1.281802e-52 0.000000e+00 2.017426e+14 1.639329e+10 8.237032e+11 1.830935e+15 1.038418e+00 3.221389e-08 1.327067e-05 2.440684e-06 1.204067e-03 5.522859e+00 1.714413e-04 1.028564e+00 9.164760e-14 2.541246e-13 3.602835e-16 9.701829e-24 3.027281e-29 0.000000e+00 2.758004e-11 8.958116e-11 3.255226e-03 2.678725e-19 3.885413e-27 9.860305e-27 2.807301e-57 2.908625e-89 0.000000e+00 0.000000e+00 2.051344e-04 0.000000e+00 0.000000e+00 0.000000e+00 0.000000e+00 0.000000e+00 0.000000e+00 0.000000e+00 0.000000e+00 0.000000e+00 0.000000e+00 0.000000e+00 0.000000e+00 0.000000e+00 0.000000e+00 0.000000e+00 0.000000e+00 0.000000e+00 0.000000e+00 0.000000e+00 0.000000e+00 0.000000e+00 0.000000e+00 0.000000e+00 0.000000e+00 0.000000e+00 2.904017e-66 3.209213e-31 8.681720e-31 6.614529e-20 7.212564e-31 0.000000e+00
57.000000 56.000000 58.000000 183.712890 3.525849e+00 6.964229e+10 1.395691e+07 1.789108e+08 1.590451e+04 3.416093e+03 6.672766e-01 5.155558e+07 8.407463e+00 5.593352e-13 1.666610e-11 6.860859e+01 1.195547e+01 1.963482e-04 1.618827e-08 1.349711e-22 2.440121e-08 5.176583e-07 3.961829e-10 1.573166e-08 1.412058e+12 4.395221e+07 1.733185e+01 4.997729e-10 1.479781e+00 8.647968e-14 1.268193e-45 9.954121e-08 5.590554e-14 1.250121e-06 6.951241e-09 4.594377e+00 4.450984e-01 1.249197e+00 1.814047e-04 4.750266e-05 1.096222e-05 1.257191e-03 1.751739e-13 4.616657e-14 2.919014e-23 1.804336e-60 8.108417e-20 9.592112e-20 2.093952e-22 3.455493e-37 6.287644e-31 4.072300e-28 2.550936e-28 4.419756e-39 3.479835e-52 0.000000e+00 1.375947e+14 1.119777e+10 6.712975e+11 1.251067e+15 1.333089e+00 1.201971e-08 4.228759e-05 1.024022e-05 8.751484e-04 2.421043e+00 1.380030e-04 2.518879e-01 1.827788e-13 8.123372e-14 8.081038e-17 6.711968e-24 5.058834e-30 0.000000e+00 2.495467e-12 3.650310e-11 2.976635e-03 1.762617e-19 3.382732e-27 7.528796e-27 7.923227e-63 4.616948e-94 0.000000e+00 0.000000e+00 1.413183e-03 0.000000e+00 0.000000e+00 0.000000e+00 0.000000e+00 0.000000e+00 0.000000e+00 0.000000e+00 0.000000e+00 0.000000e+00 0.000000e+00 0.000000e+00 0.000000e+00 0.000000e+00 0.000000e+00 0.000000e+00 0.000000e+00 0.000000e+00 0.000000e+00 0.000000e+00 0.000000e+00 0.000000e+00 0.000000e+00 0.000000e+00 0.000000e+00 0.000000e+00 3.398728e-68 6.300310e-32 1.537716e-31 1.475727e-20 2.387651e-31 0.000000e+00
59.000000 58.000000 60.000000 183.757743 2.417318e+00 9.423752e+10 1.097427e+07 1.480186e+08 6.890912e+03 1.170688e+03 7.660477e-02 2.428938e+07 7.085915e+00 1.645431e-13 8.798542e-12 3.861112e+01 6.880874e+00 7.788016e-05 4.654909e-09 1.076684e-23 5.893681e-09 8.877954e-08 4.657147e-11 4.038157e-08 1.189536e+12 2.920763e+07 1.764313e+01 2.894375e-10 7.940056e-01 1.456071e-14 2.882806e-45 2.348027e-07 6.213311e-14 1.394464e-06 4.401048e-09 2.932027e+00 9.710100e-01 1.498686e+00 3.089938e-04 3.017828e-05 1.139108e-05 1.093481e-03 2.292973e-13 4.090166e-14 2.743248e-23 2.613287e-66 6.212161e-20 6.732159e-20 1.423091e-22 2.912040e-38 1.300197e-31 1.310519e-28 7.873981e-29 5.726495e-39 8.428767e-52 0.000000e+00 9.409005e+13 7.670888e+09 5.477134e+11 8.575204e+14 1.619495e+00 4.248780e-09 1.070216e-04 2.998707e-05 9.187204e-04 9.878702e-01 1.019132e-04 6.040332e-02 3.309263e-13 2.425983e-14 1.660096e-17 4.645941e-24 8.429151e-31 0.000000e+00 2.330431e-13 2.167154e-11 2.694884e-03 1.142929e-19 2.714072e-27 5.390217e-27 2.239953e-68 7.340790e-99 0.000000e+00 0.000000e+00 7.027015e-03 0.000000e+00 0.000000e+00 0.000000e+00 0.000000e+00 0.000000e+00 0.000000e+00 0.000000e+00 0.000000e+00 0.000000e+00 0.000000e+00 0.000000e+00 0.000000e+00 0.000000e+00 0.000000e+00 0.000000e+00 0.000000e+00 0.000000e+00 0.000000e+00 0.000000e+00 0.000000e+00 0.000000e+00 0.000000e+00 0.000000e+00 0.000000e+00 0.000000e+00 4.142511e-70 1.447171e-32 2.933537e-32 4.966762e-21 9.053392e-32 0.000000e+00
61.000000 60.000000 62.000000 183.018669 1.656621e+00 1.194234e+11 8.199453e+06 1.166344e+08 2.959703e+03 4.096963e+02 9.266125e-03 1.104686e+07 5.677985e+00 4.545725e-14 4.479794e-12 2.184021e+01 3.939872e+00 3.085198e-05 1.322492e-09 8.543360e-25 1.443095e-09 1.521058e-08 5.488986e-12 1.179306e-07 1.011583e+12 1.918307e+07 3.356605e+01 2.546085e-10 4.052859e-01 4.879752e-15 6.034406e-45 6.763737e-07 8.786627e-14 2.060433e-06 2.582372e-09 1.845745e+00 1.853328e+00 1.622390e+00 4.786860e-04 1.819854e-05 1.073078e-05 9.323686e-04 3.855653e-13 3.450019e-14 2.789605e-23 3.006380e-72 5.139958e-20 4.873707e-20 1.041700e-22 3.298259e-39 3.089478e-32 4.655382e-29 2.667623e-29 9.339655e-39 3.348953e-51 0.000000e+00 6.454850e+13 5.273495e+09 4.461248e+11 5.900435e+14 1.959048e+00 1.457245e-09 3.239432e-04 9.816850e-05 1.783742e-03 3.909902e-01 7.365306e-05 1.439461e-02 7.762037e-13 7.662952e-15 3.375015e-18 4.164532e-24 1.515590e-31 0.000000e+00 2.254545e-14 2.411105e-11 2.371060e-03 7.231543e-20 2.177685e-27 3.937236e-27 6.344156e-74 1.169309e-103 0.000000e+00 0.000000e+00 3.913899e-02 0.000000e+00 0.000000e+00 0.000000e+00 0.000000e+00 0.000000e+00 0.000000e+00 0.000000e+00 0.000000e+00 0.000000e+00 0.000000e+00 0.000000e+00 0.000000e+00 0.000000e+00 0.000000e+00 0.000000e+00 0.000000e+00 0.000000e+00 0.000000e+00 0.000000e+00 0.000000e+00 0.000000e+00 0.000000e+00 0.000000e+00 0.000000e+00 0.000000e+00 5.870231e-72 3.302121e-33 5.268878e-33 3.051547e-21 4.117530e-32 0.000000e+00
63.000000 62.000000 64.000000 181.512140 1.132916e+00 1.450305e+11 5.890631e+06 8.911064e+07 1.249866e+03 1.446386e+02 1.162816e-03 4.846248e+06 4.400166e+00 1.141728e-14 2.095663e-12 1.244746e+01 2.237981e+00 1.216927e-05 3.738346e-10 6.811665e-26 3.549932e-10 2.581754e-09 6.453843e-13 2.910016e-07 8.653945e+11 1.232831e+07 8.264474e+01 2.353753e-10 2.116306e-01 2.282872e-15 8.294243e-45 1.766658e-06 1.120324e-13 2.892638e-06 1.365205e-09 1.136304e+00 2.891418e+00 1.588771e+00 6.071192e-04 1.020079e-05 9.029203e-06 7.652135e-04 5.899177e-13 2.656257e-14 2.969979e-23 2.886708e-78 4.416766e-20 3.565921e-20 1.016696e-22 7.604487e-40 8.039229e-33 1.746137e-29 9.459622e-30 1.434395e-38 1.162437e-50 0.000000e+00 4.434144e+13 3.631529e+09 3.602132e+11 4.068636e+14 2.464608e+00 4.904081e-10 8.501261e-04 2.690566e-04 4.166473e-03 1.552173e-01 5.477300e-05 3.402736e-03 1.722315e-12 2.938720e-15 7.163314e-19 3.407123e-24 2.842621e-32 0.000000e+00 2.234730e-15 3.260121e-11 1.988800e-03 4.380305e-20 1.720715e-27 2.888046e-27 1.799455e-79 1.865300e-108 0.000000e+00 0.000000e+00 1.810506e-01 0.000000e+00 0.000000e+00 0.000000e+00 0.000000e+00 0.000000e+00 0.000000e+00 0.000000e+00 0.000000e+00 0.000000e+00 0.000000e+00 0.000000e+00 0.000000e+00 0.000000e+00 0.000000e+00 0.000000e+00 0.000000e+00 0.000000e+00 0.000000e+00 0.000000e+00 0.000000e+00 0.000000e+00 0.000000e+00 0.000000e+00 0.000000e+00 0.000000e+00 1.116845e-73 6.678818e-34 8.078780e-34 2.295831e-21 1.675656e-32 0.000000e+00
65.000000 64.000000 66.000000 180.639999 7.735334e-01 1.704300e+11 3.920511e+06 6.649220e+07 5.074354e+02 4.995944e+01 1.411223e-04 2.038189e+06 3.314575e+00 2.736686e-15 9.702431e-13 7.126563e+00 1.244753e+00 4.667536e-06 1.010343e-10 5.012456e-27 8.635854e-11 4.073998e-10 7.100596e-14 5.296682e-07 7.384096e+11 7.605859e+06 1.628723e+02 1.958093e-10 1.115450e-01 8.450716e-16 1.129173e-44 3.353312e-06 1.111721e-13 3.038987e-06 7.334815e-10 6.701865e-01 3.550442e+00 1.412619e+00 6.476975e-04 5.688898e-06 7.603190e-06 5.945452e-04 6.789414e-13 1.987750e-14 3.337795e-23 2.453894e-84 3.912976e-20 2.577090e-20 1.271921e-22 3.000846e-40 2.244882e-33 6.769752e-30 3.483313e-30 1.667808e-38 2.284480e-50 0.000000e+00 3.027696e+13 2.488621e+09 2.840111e+11 2.791396e+14 3.266395e+00 1.611423e-10 1.641120e-03 5.325603e-04 7.836663e-03 6.718107e-02 4.240465e-05 7.619701e-04 2.904347e-12 1.285451e-15 1.511625e-19 2.174813e-24 5.090234e-33 0.000000e+00 2.085637e-16 3.408464e-11 1.565417e-03 2.457353e-20 1.317017e-27 2.086054e-27 5.106829e-85 2.977222e-113 0.000000e+00 0.000000e+00 5.994418e-01 0.000000e+00 0.000000e+00 0.000000e+00 0.000000e+00 0.000000e+00 0.000000e+00 0.000000e+00 0.000000e+00 0.000000e+00 0.000000e+00 0.000000e+00 0.000000e+00 0.000000e+00 0.000000e+00 0.000000e+00 0.000000e+00 0.000000e+00 0.000000e+00 0.000000e+00 0.000000e+00 0.000000e+00 0.000000e+00 0.000000e+00 0.000000e+00 0.000000e+00 3.037347e-75 1.335388e-34 1.195849e-34 1.433095e-21 5.461991e-33 0.000000e+00
67.000000 66.000000 68.000000 180.639999 5.280737e-01 1.945750e+11 2.393892e+06 4.884338e+07 1.980263e+02 1.680206e+01 1.609293e-05 8.170575e+05 2.444074e+00 6.511177e-16 4.619520e-13 4.104742e+00 6.726086e-01 1.724974e-06 2.581382e-11 3.294625e-28 2.080184e-11 5.882883e-11 7.123886e-15 7.246496e-07 6.289877e+11 4.431235e+06 2.322141e+02 1.437048e-10 5.797463e-02 2.155949e-16 1.797032e-44 4.531947e-06 8.550164e-14 2.320745e-06 4.092982e-10 3.714895e-01 3.541815e+00 1.160635e+00 6.044589e-04 3.176887e-06 6.518347e-06 4.391594e-04 5.853639e-13 1.426866e-14 3.938589e-23 2.067472e-90 3.528645e-20 1.811181e-20 1.488195e-22 1.166317e-40 6.698878e-34 2.684472e-30 1.340186e-30 1.392820e-38 2.378412e-50 0.000000e+00 2.054450e+13 1.697605e+09 2.172209e+11 1.905623e+14 4.577143e+00 5.223856e-11 2.335789e-03 7.691536e-04 1.107519e-02 3.622531e-02 3.375333e-05 1.617271e-04 3.689660e-12 5.346018e-16 3.065508e-20 1.080305e-24 8.477561e-34 0.000000e+00 1.784543e-17 2.530067e-11 1.164385e-03 1.232863e-20 9.652382e-28 1.463456e-27 1.442128e-90 4.728423e-118 0.000000e+00 0.000000e+00 1.428545e+00 0.000000e+00 0.000000e+00 0.000000e+00 0.000000e+00 0.000000e+00 0.000000e+00 0.000000e+00 0.000000e+00 0.000000e+00 0.000000e+00 0.000000e+00 0.000000e+00 0.000000e+00 0.000000e+00 0.000000e+00 0.000000e+00 0.000000e+00 0.000000e+00 0.000000e+00 0.000000e+00 0.000000e+00 0.000000e+00 0.000000e+00 0.000000e+00 0.000000e+00 1.130723e-76 2.826870e-35 1.846559e-35 6.897455e-22 1.436807e-33 0.000000e+00
69.000000 68.000000 70.000000 180.639999 3.605042e-01 2.146923e+11 1.360259e+06 3.553699e+07 7.519232e+01 5.606027e+00 1.791492e-06 3.126370e+05 1.777869e+00 1.521344e-16 2.174926e-13 2.392921e+00 3.531467e-01 6.192236e-07 6.381673e-12 2.025461e-29 5.056739e-12 8.027916e-12 6.718104e-16 7.833065e-07 5.363474e+11 2.410928e+06 2.562260e+02 8.238461e-11 2.982700e-02 4.136523e-17 2.522264e-44 4.706272e-06 5.152044e-14 1.384308e-06 2.129665e-10 1.911654e-01 3.029176e+00 8.983741e-01 4.871766e-04 1.653894e-06 5.117288e-06 3.132331e-04 4.025879e-13 9.358123e-15 4.758871e-23 2.217932e-96 3.154486e-20 1.261217e-20 1.360349e-22 3.968032e-41 2.149744e-34 1.081427e-30 5.385653e-31 5.068354e-39 8.618299e-51 0.000000e+00 1.391832e+13 1.157905e+09 1.608374e+11 1.300927e+14 6.596583e+00 1.712718e-11 2.566398e-03 8.522168e-04 1.213754e-02 2.444453e-02 2.637266e-05 3.394374e-05 3.866064e-12 1.904728e-16 5.924476e-21 4.291484e-25 1.402511e-34 0.000000e+00 1.467038e-18 1.408830e-11 8.339379e-04 5.380121e-21 6.951473e-28 1.020971e-27 4.072452e-96 7.509680e-123 0.000000e+00 0.000000e+00 2.540335e+00 0.000000e+00 0.000000e+00 0.000000e+00 0.000000e+00 0.000000e+00 0.000000e+00 0.000000e+00 0.000000e+00 0.000000e+00 0.000000e+00 0.000000e+00 0.000000e+00 0.000000e+00 0.000000e+00 0.000000e+00 0.000000e+00 0.000000e+00 0.000000e+00 0.000000e+00 0.000000e+00 0.000000e+00 0.000000e+00 0.000000e+00 0.000000e+00 0.000000e+00 4.814355e-78 5.995131e-36 2.802486e-36 2.592026e-22 3.028118e-34 0.000000e+00
71.000000 70.000000 72.000000 180.639999 2.461082e-01 2.276513e+11 7.112406e+05 2.559099e+07 2.775941e+01 1.852518e+00 1.957494e-07 1.138228e+05 1.278190e+00 3.537597e-17 1.030835e-13 1.409090e+00 1.792031e-01 2.147854e-07 1.519390e-12 1.159164e-30 1.255929e-12 1.029442e-12 5.956662e-17 7.014521e-07 4.566848e+11 1.209325e+06 2.271322e+02 3.732916e-11 1.471239e-02 6.200942e-18 3.255711e-44 3.907664e-06 2.602561e-14 6.891380e-07 1.019889e-10 9.007936e-02 2.319666e+00 6.656559e-01 3.534055e-04 7.922965e-07 3.620219e-06 2.181722e-04 2.315476e-13 5.902809e-15 2.643226e-23 3.748177e-102 1.246671e-20 3.655348e-21 9.112012e-23 5.543808e-42 3.359584e-35 1.983519e-31 9.709713e-32 3.382176e-39 4.794433e-51 0.000000e+00 9.411200e+12 7.896890e+08 1.145234e+11 8.881137e+13 9.407085e+00 5.720504e-12 2.268636e-03 7.570109e-04 1.071688e-02 1.760147e-02 1.915983e-05 7.098499e-06 3.485277e-12 5.569224e-17 1.031849e-21 1.469843e-25 9.742374e-36 0.000000e+00 1.154452e-19 6.074427e-12 5.831215e-04 1.996651e-21 2.056552e-28 2.953073e-28 1.150026e-101 1.192687e-127 0.000000e+00 0.000000e+00 3.493100e+00 0.000000e+00 0.000000e+00 0.000000e+00 0.000000e+00 0.000000e+00 0.000000e+00 0.000000e+00 0.000000e+00 0.000000e+00 0.000000e+00 0.000000e+00 0.000000e+00 0.000000e+00 0.000000e+00 0.000000e+00 0.000000e+00 0.000000e+00 0.000000e+00 0.000000e+00 0.000000e+00 0.000000e+00 0.000000e+00 0.000000e+00 0.000000e+00 0.000000e+00 2.217766e-79 1.304535e-36 4.299844e-37 7.954685e-23 5.381530e-35 0.000000e+00
73.000000 72.000000 74.000000 180.639999 1.680124e-01 2.313465e+11 3.397959e+05 1.823010e+07 1.001871e+01 6.044211e-01 2.093529e-08 3.936257e+04 9.093325e-01 8.282274e-18 4.978925e-14 8.347178e-01 8.756133e-02 7.172272e-08 3.472358e-13 6.136353e-32 3.260654e-13 1.242544e-13 4.973223e-18 5.415086e-07 3.873505e+11 5.553113e+05 1.673389e+02 1.370910e-11 6.788626e-03 7.487876e-19 3.877102e-44 2.685054e-06 1.187759e-14 3.081221e-07 4.466655e-11 3.858212e-02 1.653446e+00 4.787916e-01 2.399785e-04 3.470480e-07 2.290928e-06 1.496574e-04 1.162229e-13 3.733207e-15 0.000000e+00 8.938196e-108 0.000000e+00 0.000000e+00 4.588187e-23 0.000000e+00 0.000000e+00 0.000000e+00 0.000000e+00 1.956467e-39 2.009980e-51 0.000000e+00 6.349230e+12 5.384822e+08 7.800651e+10 6.062950e+13 1.298635e+01 1.955174e-12 1.670839e-03 5.591377e-04 7.888067e-03 1.191824e-02 1.260372e-05 1.493744e-06 2.765570e-12 1.337627e-17 1.570918e-22 4.696048e-26 0.000000e+00 0.000000e+00 8.640174e-21 2.087554e-12 4.022882e-04 6.253621e-22 0.000000e+00 0.000000e+00 3.247578e-107 1.894224e-132 0.000000e+00 0.000000e+00 3.835659e+00 0.000000e+00 0.000000e+00 0.000000e+00 0.000000e+00 0.000000e+00 0.000000e+00 0.000000e+00 0.000000e+00 0.000000e+00 0.000000e+00 0.000000e+00 0.000000e+00 0.000000e+00 0.000000e+00 0.000000e+00 0.000000e+00 0.000000e+00 0.000000e+00 0.000000e+00 0.000000e+00 0.000000e+00 0.000000e+00 0.000000e+00 0.000000e+00 0.000000e+00 1.127071e-80 2.986010e-37 6.836948e-38 2.077438e-23 8.565895e-36 0.000000e+00
75.000000 74.000000 76.000000 180.639999 1.146982e-01 2.253243e+11 1.479382e+05 1.285705e+07 3.594075e+00 1.941940e-01 2.182135e-09 1.293385e+04 6.408499e-01 1.968576e-18 2.468183e-14 4.951510e-01 4.114476e-02 2.302920e-08 7.609576e-14 2.997673e-33 9.216244e-14 1.433226e-14 3.956205e-19 3.766499e-07 3.266254e+11 2.332355e+05 1.055586e+02 4.184554e-12 2.909225e-03 7.485481e-20 4.135887e-44 1.573719e-06 5.227830e-15 1.318782e-07 1.790685e-11 1.501024e-02 1.132345e+00 3.378395e-01 1.575507e-04 1.391468e-07 1.297478e-06 1.015948e-04 5.649076e-14 2.408293e-15 2.061618e-23 2.491545e-113 4.294829e-21 7.941690e-22 1.863685e-23 1.764407e-43 2.511633e-36 1.619651e-32 9.469754e-33 0.000000e+00 0.000000e+00 0.000000e+00 4.272282e+12 3.671108e+08 5.065362e+10 4.139035e+13 1.725902e+01 6.870468e-13 1.056545e-03 3.541862e-04 4.986220e-03 7.265248e-03 7.482629e-06 3.218856e-07 1.958948e-12 2.684375e-18 2.079388e-23 1.495596e-26 1.304968e-37 0.000000e+00 6.125788e-22 5.871566e-13 2.756328e-04 1.663047e-22 4.721480e-29 6.594166e-29 9.170871e-113 3.008399e-137 0.000000e+00 0.000000e+00 3.466198e+00 0.000000e+00 0.000000e+00 0.000000e+00 0.000000e+00 0.000000e+00 0.000000e+00 0.000000e+00 0.000000e+00 0.000000e+00 0.000000e+00 0.000000e+00 0.000000e+00 0.000000e+00 0.000000e+00 0.000000e+00 0.000000e+00 0.000000e+00 0.000000e+00 0.000000e+00 0.000000e+00 0.000000e+00 0.000000e+00 0.000000e+00 0.000000e+00 0.000000e+00 6.511443e-82 7.301718e-38 1.143852e-38 4.774412e-24 1.291103e-36 0.000000e+00
77.000000 76.000000 78.000000 180.639999 7.830191e-02 2.108130e+11 5.876645e+04 8.993160e+06 1.323306e+00 6.130396e-02 2.207117e-10 4.046634e+03 4.479842e-01 4.774584e-19 1.259451e-14 2.929660e-01 1.861918e-02 7.120122e-09 1.601384e-14 1.354506e-34 2.988551e-14 1.633102e-15 3.081578e-20 3.493736e-05 2.734171e+11 8.997174e+04 5.849656e+01 1.086809e-12 1.163172e-03 6.351269e-21 3.872717e-44 8.078998e-07 2.290204e-15 5.566482e-08 6.619043e-12 5.328118e-03 7.619654e-01 2.355224e-01 1.022482e-04 5.144337e-08 6.622854e-07 6.836705e-05 4.327938e-14 1.579150e-15 2.528757e-23 7.496063e-119 3.253433e-21 2.697030e-22 5.956016e-24 4.478881e-44 1.050093e-36 6.267443e-33 2.542416e-33 3.834341e-41 1.538841e-53 0.000000e+00 2.866154e+12 2.502071e+08 3.130419e+10 2.825626e+13 2.217338e+01 2.501282e-13 5.886933e-04 1.975675e-04 2.777736e-03 3.978059e-03 4.046304e-06 7.322247e-08 1.255197e-12 4.603349e-19 2.416256e-24 4.895355e-27 1.195338e-38 0.000000e+00 4.110229e-23 1.384838e-13 1.882330e-04 3.812042e-23 1.559818e-29 2.163801e-29 2.589775e-118 4.777934e-142 0.000000e+00 0.000000e+00 2.651799e+00 0.000000e+00 0.000000e+00 0.000000e+00 0.000000e+00 0.000000e+00 0.000000e+00 0.000000e+00 0.000000e+00 0.000000e+00 0.000000e+00 0.000000e+00 0.000000e+00 0.000000e+00 0.000000e+00 0.000000e+00 0.000000e+00 0.000000e+00 0.000000e+00 0.000000e+00 0.000000e+00 0.000000e+00 0.000000e+00 0.000000e+00 0.000000e+00 0.000000e+00 4.358948e-83 1.920855e-38 2.026993e-39 9.915394e-25 1.918620e-37 0.000000e+00
79.000000 78.000000 80.000000 180.639999 5.345498e-02 1.901676e+11 2.137922e+04 6.250126e+06 5.264400e-01 1.897061e-02 2.156289e-11 1.209796e+03 3.110967e-01 1.184048e-19 6.613731e-15 1.723617e-01 8.145489e-03 2.127900e-09 3.247958e-15 5.699318e-36 1.150478e-14 1.941981e-16 2.464755e-21 2.238794e-03 2.269727e+11 3.210864e+04 2.910374e+01 2.453354e-13 4.377896e-04 4.677641e-22 3.225649e-44 3.716229e-07 9.954781e-16 2.305149e-08 2.282069e-12 1.738676e-03 5.105062e-01 1.629590e-01 6.642253e-05 1.774452e-08 3.082445e-07 4.557209e-05 7.731538e-14 1.040908e-15 3.012450e-23 2.378205e-124 2.277207e-21 1.139683e-22 1.575588e-24 9.916595e-45 4.509113e-37 2.309080e-33 8.608908e-34 1.828831e-41 9.446080e-54 0.000000e+00 1.916343e+12 1.704600e+08 1.840400e+10 1.928992e+13 2.774362e+01 9.582371e-14 2.954869e-04 9.924006e-05 1.394147e-03 1.978724e-03 2.020415e-06 1.844922e-08 7.379193e-13 6.908028e-20 2.505822e-25 1.638081e-27 1.525619e-39 0.000000e+00 2.613392e-24 2.799306e-14 1.283479e-04 7.677787e-24 6.622529e-30 9.138416e-30 7.313307e-124 7.588312e-147 0.000000e+00 0.000000e+00 1.762671e+00 0.000000e+00 0.000000e+00 0.000000e+00 0.000000e+00 0.000000e+00 0.000000e+00 0.000000e+00 0.000000e+00 0.000000e+00 0.000000e+00 0.000000e+00 0.000000e+00 0.000000e+00 0.000000e+00 0.000000e+00 0.000000e+00 0.000000e+00 0.000000e+00 0.000000e+00 0.000000e+00 0.000000e+00 0.000000e+00 0.000000e+00 0.000000e+00 0.000000e+00 3.401947e-84 5.443960e-39 3.804787e-40 1.899513e-25 2.864115e-38 0.000000e+00
81.000000 80.000000 82.000000 180.639999 3.649252e-02 1.660967e+11 7.157401e+03 4.321664e+06 2.419686e-01 5.739070e-03 2.025637e-12 3.471215e+02 2.149412e-01 3.000788e-20 3.566412e-15 1.005654e-01 3.465842e-03 6.184316e-10 6.384724e-16 2.257107e-37 5.192243e-15 2.592303e-17 2.168246e-22 1.142925e-01 1.866845e+11 1.069453e+04 1.323667e+01 4.905863e-14 1.564549e-04 3.051768e-23 2.467915e-44 1.560901e-07 4.230862e-16 9.207706e-09 7.441693e-13 5.262236e-04 3.426439e-01 1.122191e-01 4.344084e-05 5.792406e-09 1.326974e-07 3.001822e-05 1.759942e-13 6.827177e-16 3.674191e-23 7.897437e-130 1.552783e-21 4.605669e-23 3.561524e-25 2.154133e-45 2.072798e-37 8.515232e-34 2.986025e-34 4.650399e-42 8.085730e-53 0.000000e+00 1.276508e+12 1.160597e+08 1.029488e+10 1.316880e+13 3.401408e+01 3.990056e-14 1.361177e-04 4.573945e-05 6.422304e-04 9.069945e-04 9.439243e-07 5.483018e-09 4.034842e-13 9.287067e-21 2.362459e-26 5.507217e-28 2.220834e-40 0.000000e+00 1.579588e-25 4.943961e-15 8.744774e-05 1.386117e-24 2.684969e-30 3.691539e-30 2.065215e-129 1.205175e-151 0.000000e+00 0.000000e+00 1.041736e+00 0.000000e+00 0.000000e+00 0.000000e+00 0.000000e+00 0.000000e+00 0.000000e+00 0.000000e+00 0.000000e+00 0.000000e+00 0.000000e+00 0.000000e+00 0.000000e+00 0.000000e+00 0.000000e+00 0.000000e+00 0.000000e+00 0.000000e+00 0.000000e+00 0.000000e+00 0.000000e+00 0.000000e+00 0.000000e+00 0.000000e+00 0.000000e+00 0.000000e+00 3.090440e-85 1.660359e-39 7.534080e-41 3.410602e-26 4.301129e-39 0.000000e+00
83.000000 82.000000 84.000000 180.639999 2.491261e-02 1.410410e+11 2.215275e+03 2.975339e+06 1.357925e-01 1.692165e-03 1.827252e-13 9.604676e+01 1.479551e-01 7.756132e-21 1.968911e-15 5.801251e-02 1.445813e-03 1.761891e-10 1.225362e-16 8.533612e-39 2.624721e-15 4.139866e-18 2.251443e-23 2.359500e+00 1.520009e+11 3.355363e+03 5.585172e+00 8.838528e-15 5.342348e-05 1.797604e-24 1.789988e-44 6.080227e-08 1.743209e-16 3.508518e-09 2.328262e-13 1.490725e-04 2.308267e-01 7.704570e-02 2.865553e-05 1.815983e-09 5.364001e-08 1.947689e-05 4.391010e-13 4.423110e-16 4.589076e-23 2.737755e-135 1.031958e-21 1.766163e-23 7.069223e-26 4.607558e-46 1.008335e-37 3.134224e-34 1.074279e-34 1.012629e-42 4.252374e-52 0.000000e+00 8.468878e+11 7.895001e+07 5.480668e+09 8.990039e+12 4.095077e+01 1.908305e-14 5.845324e-05 1.964974e-05 2.758162e-04 3.884873e-04 4.168699e-07 2.022550e-09 2.075930e-13 1.144133e-21 2.060926e-27 1.839412e-28 3.851127e-41 0.000000e+00 9.118779e-27 7.761448e-16 5.955504e-05 2.285581e-25 1.031907e-30 1.415224e-30 5.831985e-135 1.914054e-156 0.000000e+00 0.000000e+00 5.584698e-01 0.000000e+00 0.000000e+00 0.000000e+00 0.000000e+00 0.000000e+00 0.000000e+00 0.000000e+00 0.000000e+00 0.000000e+00 0.000000e+00 0.000000e+00 0.000000e+00 0.000000e+00 0.000000e+00 0.000000e+00 0.000000e+00 0.000000e+00 0.000000e+00 0.000000e+00 0.000000e+00 0.000000e+00 0.000000e+00 0.000000e+00 0.000000e+00 0.000000e+00 3.257065e-86 5.442614e-40 1.564450e-41 5.811483e-27 6.463194e-40 0.000000e+00
85.000000 84.000000 86.000000 180.639999 1.700728e-02 1.168559e+11 6.358540e+02 2.040265e+06 9.319467e-02 4.843543e-04 1.612017e-14 2.575396e+01 1.015785e-01 2.038968e-21 1.109327e-15 3.293900e-02 5.967153e-04 4.965240e-11 2.314581e-17 3.130418e-40 1.421387e-15 8.000600e-19 2.838627e-24 2.474338e+01 1.224046e+11 1.000654e+03 2.212892e+00 1.457026e-15 1.749756e-05 9.737116e-26 1.259489e-44 2.224895e-08 6.965585e-17 1.272542e-09 7.078124e-14 3.988208e-05 1.560637e-01 5.279453e-02 1.906134e-05 5.541287e-10 2.065186e-08 1.241118e-05 1.215571e-12 2.817142e-16 5.813508e-23 9.910061e-141 6.615732e-22 6.382829e-24 1.260940e-26 9.610188e-47 5.090809e-38 1.135925e-34 4.148969e-35 1.974695e-43 1.049432e-51 0.000000e+00 5.595144e+11 5.363641e+07 2.774855e+09 6.137300e+12 4.834612e+01 1.109408e-14 2.371270e-05 7.973933e-06 1.119047e-04 1.574801e-04 1.752811e-07 9.237900e-10 1.014505e-13 1.319335e-22 1.690160e-28 6.090512e-29 7.885854e-42 0.000000e+00 5.052991e-28 1.100942e-16 4.054708e-05 3.500219e-26 3.734925e-31 5.113578e-31 1.646902e-140 3.039898e-161 0.000000e+00 0.000000e+00 2.763168e-01 0.000000e+00 0.000000e+00 0.000000e+00 0.000000e+00 0.000000e+00 0.000000e+00 0.000000e+00 0.000000e+00 0.000000e+00 0.000000e+00 0.000000e+00 0.000000e+00 0.000000e+00 0.000000e+00 0.000000e+00 0.000000e+00 0.000000e+00 0.000000e+00 0.000000e+00 0.000000e+00 0.000000e+00 0.000000e+00 0.000000e+00 0.000000e+00 0.000000e+00 3.977983e-87 1.917457e-40 3.385081e-42 9.491977e-28 9.678156e-41 0.000000e+00
87.000000 86.000000 88.000000 180.639999 1.161049e-02 9.475267e+10 1.689998e+02 1.393430e+06 7.422843e-02 1.335469e-04 1.587636e-15 6.724247e+00 6.961159e-02 5.435344e-22 6.359516e-16 1.825830e-02 2.452378e-04 1.393055e-11 4.324799e-18 1.127740e-41 8.011586e-16 1.787946e-19 4.197108e-25 1.642958e+02 9.741175e+10 2.860696e+02 8.313751e-01 2.230403e-16 5.512155e-06 4.936950e-27 8.722121e-45 7.731471e-09 2.715401e-17 4.409304e-10 2.111949e-14 1.016254e-05 1.058237e-01 3.613100e-02 1.277042e-05 1.663917e-10 7.672211e-09 7.753281e-06 3.185537e-12 1.759603e-16 7.310499e-23 3.758028e-146 3.985420e-22 2.125325e-24 2.060659e-27 1.914067e-47 2.591077e-38 3.936842e-35 1.803633e-35 3.429959e-44 1.492678e-51 0.000000e+00 3.681193e+11 3.637071e+07 1.329836e+09 4.189799e+12 5.585923e+01 7.890288e-15 9.191323e-06 3.091816e-06 4.338284e-05 6.111408e-05 7.058598e-08 4.940780e-10 4.746368e-14 1.448145e-23 1.319331e-29 2.006637e-29 1.763865e-42 0.000000e+00 2.685808e-29 1.436530e-17 2.759956e-05 5.051072e-27 1.244929e-31 1.702471e-31 4.650715e-146 4.827966e-166 0.000000e+00 0.000000e+00 1.280867e-01 0.000000e+00 0.000000e+00 0.000000e+00 0.000000e+00 0.000000e+00 0.000000e+00 0.000000e+00 0.000000e+00 0.000000e+00 0.000000e+00 0.000000e+00 0.000000e+00 0.000000e+00 0.000000e+00 0.000000e+00 0.000000e+00 0.000000e+00 0.000000e+00 0.000000e+00 0.000000e+00 0.000000e+00 0.000000e+00 0.000000e+00 0.000000e+00 0.000000e+00 5.644019e-88 7.272314e-41 7.585928e-43 1.498408e-28 1.443690e-41 0.000000e+00
89.000000 88.000000 90.000000 180.639999 7.926221e-03 7.537790e+10 4.093499e+01 9.474568e+05 6.454703e-02 3.471821e-05 2.833801e-16 1.717257e+00 4.764388e-02 1.464593e-22 3.699041e-16 9.701070e-03 9.952860e-05 3.858428e-12 7.912389e-19 3.938767e-43 4.626690e-16 4.310192e-20 6.787199e-26 8.195938e+02 7.656182e+10 7.900006e+01 2.984998e-01 3.220045e-17 1.675548e-06 2.381683e-28 5.993040e-45 2.575695e-09 1.041202e-17 1.468819e-10 6.236991e-15 2.486011e-06 7.191131e-02 2.470627e-02 8.603883e-06 4.964929e-11 2.786922e-09 4.748675e-06 7.312114e-12 1.077660e-16 8.779325e-23 1.503804e-151 2.130936e-22 6.180662e-25 3.134696e-28 3.503545e-48 1.270343e-38 1.228863e-35 9.039463e-36 5.131223e-45 1.400287e-51 0.000000e+00 2.412457e+11 2.459614e+07 5.921785e+08 2.860281e+12 6.324697e+01 6.511140e-15 3.437898e-06 1.157078e-06 1.623006e-05 2.294369e-05 2.743066e-08 2.902637e-10 2.141167e-14 1.514757e-24 9.810459e-31 6.619773e-30 3.833686e-43 0.000000e+00 1.333650e-30 1.768313e-18 1.878320e-05 6.953279e-28 3.622949e-32 4.950512e-32 1.313321e-151 7.667764e-171 0.000000e+00 0.000000e+00 5.636760e-02 0.000000e+00 0.000000e+00 0.000000e+00 0.000000e+00 0.000000e+00 0.000000e+00 0.000000e+00 0.000000e+00 0.000000e+00 0.000000e+00 0.000000e+00 0.000000e+00 0.000000e+00 0.000000e+00 0.000000e+00 0.000000e+00 0.000000e+00 0.000000e+00 0.000000e+00 0.000000e+00 0.000000e+00 0.000000e+00 0.000000e+00 0.000000e+00 0.000000e+00 9.353520e-89 2.978149e-41 1.750644e-43 2.302178e-29 2.151457e-42 0.000000e+00
91.000000 90.000000 92.000000 180.639999 5.411050e-03 5.893907e+10 8.450120e+00 6.408207e+05 5.885369e-02 7.921107e-06 1.170613e-16 4.307229e-01 3.257943e-02 3.975550e-23 2.177253e-16 4.699117e-03 3.727931e-05 9.859241e-13 1.321464e-19 1.193669e-44 2.714728e-16 1.006091e-20 1.077921e-26 3.648549e+03 5.939613e+10 2.121630e+01 1.030565e-01 4.472573e-18 4.935291e-07 1.107952e-29 4.102866e-45 8.297049e-10 3.961177e-18 4.738704e-11 1.838250e-15 5.880161e-07 4.894123e-02 1.688459e-02 5.820964e-06 1.487043e-11 1.004816e-09 2.858422e-06 1.487840e-11 6.486793e-17 9.483584e-23 6.432161e-157 8.894394e-23 1.257189e-25 4.490464e-29 5.530618e-49 5.595550e-39 3.030401e-36 4.753047e-36 5.493165e-46 8.532744e-52 0.000000e+00 1.575638e+11 1.656849e+07 2.286765e+08 1.952649e+12 7.053716e+01 5.861684e-15 1.251822e-06 4.221367e-07 5.911011e-06 8.413939e-06 1.038864e-08 1.795034e-10 9.381967e-15 1.424564e-25 6.619300e-32 2.202466e-30 6.216576e-44 0.000000e+00 5.468607e-32 2.156927e-19 1.278169e-05 9.224826e-29 7.372901e-33 1.006906e-32 3.708701e-157 1.217792e-175 0.000000e+00 0.000000e+00 2.382955e-02 0.000000e+00 0.000000e+00 0.000000e+00 0.000000e+00 0.000000e+00 0.000000e+00 0.000000e+00 0.000000e+00 0.000000e+00 0.000000e+00 0.000000e+00 0.000000e+00 0.000000e+00 0.000000e+00 0.000000e+00 0.000000e+00 0.000000e+00 0.000000e+00 0.000000e+00 0.000000e+00 0.000000e+00 0.000000e+00 0.000000e+00 0.000000e+00 0.000000e+00 1.823019e-89 1.321539e-41 4.138342e-44 3.463474e-30 3.218261e-43 0.000000e+00
93.000000 92.000000 94.000000 180.639999 3.694000e-03 4.534009e+10 1.026170e+00 4.304774e+05 5.510553e-02 1.090204e-06 6.744923e-17 1.064985e-01 2.226538e-02 1.082983e-23 1.293718e-16 1.716979e-03 8.226973e-06 1.483534e-13 1.282092e-20 1.735595e-46 1.610593e-16 1.427356e-21 1.119124e-27 5.857101e+04 4.544531e+10 5.573701e+00 3.437943e-02 6.187684e-19 1.415848e-07 4.992669e-31 2.804285e-45 2.605133e-10 1.508184e-18 1.492061e-11 5.450540e-16 1.353384e-07 3.334397e-02 1.153476e-02 3.950210e-06 4.518102e-12 3.657622e-10 1.700067e-06 6.600410e-11 3.858064e-17 8.559535e-23 3.003094e-162 1.855512e-23 0.000000e+00 5.849962e-30 6.408820e-50 1.974049e-39 4.526806e-37 0.000000e+00 0.000000e+00 0.000000e+00 0.000000e+00 1.026682e+11 1.109768e+07 5.276813e+07 1.333027e+12 7.793706e+01 5.538247e-15 4.480863e-07 1.581493e-07 2.112870e-06 3.041926e-06 3.873780e-09 1.142491e-10 4.025274e-15 7.798536e-27 2.860436e-33 7.449842e-31 2.771712e-44 0.000000e+00 9.844934e-34 2.896978e-20 8.697521e-06 1.189456e-29 0.000000e+00 0.000000e+00 1.047305e-162 1.934095e-180 0.000000e+00 0.000000e+00 9.783210e-03 0.000000e+00 0.000000e+00 0.000000e+00 0.000000e+00 0.000000e+00 0.000000e+00 0.000000e+00 0.000000e+00 0.000000e+00 0.000000e+00 0.000000e+00 0.000000e+00 0.000000e+00 0.000000e+00 0.000000e+00 0.000000e+00 0.000000e+00 0.000000e+00 0.000000e+00 0.000000e+00 0.000000e+00 0.000000e+00 0.000000e+00 0.000000e+00 0.000000e+00 4.204912e-90 6.374521e-42 9.972144e-45 5.130289e-31 4.859824e-44 0.000000e+00
95.000000 94.000000 96.000000 180.639999 2.521812e-03 3.427358e+10 9.455552e-04 2.864767e+05 5.365978e-02 7.704498e-10 4.377110e-17 2.606885e-02 1.520593e-02 2.950123e-24 7.750797e-17 1.487521e-05 7.349070e-09 9.026787e-17 4.999392e-24 1.179037e-48 9.643838e-17 3.373825e-24 2.308873e-29 3.472971e+07 3.420411e+10 1.441197e+00 1.116535e-02 9.767432e-20 4.003604e-08 2.206409e-32 1.915380e-45 8.047156e-11 5.813580e-19 4.629500e-12 1.669153e-16 3.049496e-08 2.273454e-02 7.877951e-03 2.686932e-06 1.433303e-12 1.377913e-10 1.008680e-06 4.642326e-11 2.289063e-17 7.065671e-23 1.581993e-167 8.932085e-26 0.000000e+00 7.930608e-31 2.377015e-52 7.070406e-40 1.091731e-39 0.000000e+00 0.000000e+00 0.000000e+00 0.000000e+00 6.687500e+10 7.371672e+06 6.195474e+04 9.100287e+11 8.763556e+01 5.521226e-15 4.506810e-07 2.728078e-06 7.487496e-07 1.097104e-06 1.464456e-09 7.568659e-11 1.711101e-15 8.750140e-30 3.233794e-35 2.594431e-31 0.000000e+00 0.000000e+00 5.786015e-36 6.503245e-21 5.918996e-06 1.500855e-30 0.000000e+00 0.000000e+00 2.957499e-168 3.071726e-185 0.000000e+00 0.000000e+00 3.945700e-03 0.000000e+00 0.000000e+00 0.000000e+00 0.000000e+00 0.000000e+00 0.000000e+00 0.000000e+00 0.000000e+00 0.000000e+00 0.000000e+00 0.000000e+00 0.000000e+00 0.000000e+00 0.000000e+00 0.000000e+00 0.000000e+00 0.000000e+00 0.000000e+00 0.000000e+00 0.000000e+00 0.000000e+00 0.000000e+00 0.000000e+00 0.000000e+00 0.000000e+00 1.153103e-90 3.350073e-42 2.443218e-45 7.532282e-32 7.472478e-45 0.000000e+00
97.000000 96.000000 98.000000 180.639999 1.721585e-03 2.538077e+10 4.649605e-06 1.880669e+05 5.661256e-02 6.454955e-12 3.337875e-17 6.418731e-03 1.038085e-02 8.002028e-25 4.677578e-17 4.083310e-07 3.415557e-10 2.802308e-18 9.487581e-26 8.009432e-51 5.818774e-17 3.409185e-26 4.762075e-31 7.216185e+07 2.523635e+10 3.736055e-01 3.595639e-03 2.137601e-20 1.154022e-08 9.854319e-34 1.307851e-45 2.493511e-11 2.322240e-19 1.443786e-12 5.608373e-17 6.826237e-09 1.550915e-02 5.379444e-03 1.831246e-06 5.029364e-13 5.684503e-11 6.070461e-07 6.575958e-12 1.377610e-17 4.829588e-23 9.862389e-173 5.580746e-28 0.000000e+00 1.033988e-31 1.171981e-53 2.393791e-40 4.129837e-42 0.000000e+00 0.000000e+00 0.000000e+00 0.000000e+00 4.371967e+10 4.836268e+06 8.580592e+02 6.212565e+11 1.052296e+02 6.052218e-15 4.243013e-07 3.381656e-06 2.694737e-07 4.025576e-07 5.973960e-10 5.435074e-11 7.381961e-16 2.747162e-32 3.648820e-37 9.553900e-32 0.000000e+00 0.000000e+00 3.400459e-38 2.250787e-21 4.029491e-06 1.867903e-31 0.000000e+00 0.000000e+00 8.351725e-174 4.878510e-190 0.000000e+00 0.000000e+00 1.603044e-03 0.000000e+00 0.000000e+00 0.000000e+00 0.000000e+00 0.000000e+00 0.000000e+00 0.000000e+00 0.000000e+00 0.000000e+00 0.000000e+00 0.000000e+00 0.000000e+00 0.000000e+00 0.000000e+00 0.000000e+00 0.000000e+00 0.000000e+00 0.000000e+00 0.000000e+00 0.000000e+00 0.000000e+00 0.000000e+00 0.000000e+00 0.000000e+00 0.000000e+00 3.770205e-91 1.921019e-42 6.074884e-46 1.113257e-32 1.192599e-45 0.000000e+00
99.000000 98.000000 100.000000 180.639999 1.175287e-03 1.825583e+10 7.395220e-07 1.209231e+05 6.613555e-02 1.360089e-12 3.068088e-17 1.831775e-03 7.086812e-03 2.185887e-25 2.849004e-17 2.140991e-07 1.161663e-10 6.424946e-19 1.300304e-26 5.477820e-53 3.542940e-17 7.698051e-27 1.134875e-32 7.289848e+07 1.810997e+10 1.119801e-01 1.319053e-03 7.465585e-21 3.946163e-09 4.634235e-35 8.929062e-46 8.998768e-12 1.127052e-19 5.261936e-13 2.463587e-17 1.746643e-09 1.058431e-02 3.672833e-03 1.250068e-06 2.223573e-13 2.893742e-11 3.811133e-07 3.427634e-12 8.648883e-18 3.297082e-23 7.764038e-178 5.914418e-29 1.592045e-34 1.457630e-32 1.682643e-54 9.444767e-41 2.671544e-43 0.000000e+00 0.000000e+00 0.000000e+00 0.000000e+00 2.894110e+10 3.113261e+06 2.961596e+02 4.241174e+11 1.379863e+02 7.495084e-15 2.509947e-07 2.084248e-06 1.147744e-07 1.673446e-07 3.133883e-10 4.327431e-11 3.790710e-16 2.066145e-33 4.372146e-39 4.400869e-32 6.143897e-53 0.000000e+00 2.010202e-40 1.009566e-21 2.745528e-06 2.548639e-32 9.344325e-42 1.274960e-41 2.358460e-179 7.748160e-195 0.000000e+00 0.000000e+00 7.625969e-04 0.000000e+00 0.000000e+00 0.000000e+00 0.000000e+00 0.000000e+00 0.000000e+00 0.000000e+00 0.000000e+00 0.000000e+00 0.000000e+00 0.000000e+00 0.000000e+00 0.000000e+00 0.000000e+00 0.000000e+00 0.000000e+00 0.000000e+00 0.000000e+00 0.000000e+00 0.000000e+00 0.000000e+00 0.000000e+00 0.000000e+00 0.000000e+00 0.000000e+00 1.476879e-91 1.202710e-42 1.549409e-46 1.901528e-33 2.298905e-46 0.000000e+00
