z		z0		z1		T		P		1		2		3		4		5		6		7		8		9		10		11		12		13		14		15		16		17		18		19		20		21		22		23		24		25		26		27		28		29		30		31		32		33		34		35		36		37		38		39		40		41		42		43		44		45		46		47		48		49		50		51		52		53		54		55		56		57		58		59		60		61		62		63		64		65		66		67		68		69		70		71		72		73		74		75		76		77		78		79		80		81		82		83		84		85		86		87		88		89		90		91		92		93		94		95		96		97		98		99		100		101		102		103		104		105		106		107		108		109		110		111		
km		km		km		K		Pa		
1.000000	0.000000	2.000000	339.765064	1.188482e+05	1.389142e+00	9.952315e-15	9.155131e+09	1.751996e+05	2.852384e-02	1.939508e+02	7.549976e+18	3.359463e-12	1.135011e-13	6.500392e-17	2.906307e+03	5.119447e-02	2.243232e-10	1.514062e-20	0.000000e+00	6.509145e-03	6.859664e-05	7.225307e-13	5.021428e-19	4.629185e+08	1.323802e+12	7.169667e+05	4.332893e-29	4.079646e+05	3.481707e-13	2.139498e-42	1.927272e-09	4.422610e-11	1.019820e-01	6.575115e-02	3.519409e+04	1.604086e-18	5.016007e-02	4.704456e-04	1.590296e+00	1.269379e-05	2.646123e-05	7.116185e-21	1.702524e-23	0.000000e+00	4.434984e-38	0.000000e+00	0.000000e+00	0.000000e+00	0.000000e+00	0.000000e+00	0.000000e+00	0.000000e+00	0.000000e+00	0.000000e+00	0.000000e+00	2.533540e+18	7.156871e+14	2.091899e-01	2.533543e+19	7.076344e-15	6.065810e-08	6.117267e-16	1.035335e-07	2.995058e+04	5.548053e+03	5.627068e+00	5.307817e+04	1.635113e-22	6.001068e-09	1.037709e-15	1.039967e-25	0.000000e+00	0.000000e+00	5.211944e-25	3.432491e-09	3.770754e-18	0.000000e+00	0.000000e+00	0.000000e+00	1.079580e-40	1.803895e-82	0.000000e+00	0.000000e+00	1.122644e-10	0.000000e+00	0.000000e+00	0.000000e+00	0.000000e+00	0.000000e+00	0.000000e+00	0.000000e+00	0.000000e+00	0.000000e+00	0.000000e+00	0.000000e+00	0.000000e+00	0.000000e+00	0.000000e+00	0.000000e+00	0.000000e+00	0.000000e+00	0.000000e+00	0.000000e+00	0.000000e+00	0.000000e+00	0.000000e+00	0.000000e+00	0.000000e+00	0.000000e+00	1.327231e-88	1.195589e-41	1.101004e-40	7.102618e-17	1.808448e-30	0.000000e+00	
3.000000	2.000000	4.000000	334.415807	9.793568e+04	4.091201e+00	4.568996e-14	1.067327e+10	2.612962e+05	5.028642e-02	3.731178e+02	4.574392e+18	2.502021e-12	1.152305e-13	4.255478e-17	2.440256e+03	4.552864e-02	2.452634e-10	5.192221e-20	1.711262e-34	5.006472e-03	7.894851e-05	1.862797e-12	1.878727e-18	4.896874e+08	1.108133e+12	7.989223e+05	1.474476e-28	4.096522e+05	2.509185e-13	2.882314e-42	8.930057e-10	2.101520e-11	6.450668e-02	3.928278e-02	2.432269e+04	1.736924e-18	5.202360e-02	4.294098e-04	1.020455e+00	1.091470e-05	2.282669e-05	1.456081e-20	7.002543e-23	0.000000e+00	4.132105e-38	0.000000e+00	0.000000e+00	0.000000e+00	0.000000e+00	0.000000e+00	0.000000e+00	0.000000e+00	0.000000e+00	0.000000e+00	0.000000e+00	2.120802e+18	5.991827e+14	4.273719e-01	2.121134e+19	1.446008e-14	3.019760e-08	1.402093e-15	1.203506e-07	2.087737e+04	5.387519e+03	4.918385e+00	8.936020e+04	3.042377e-22	4.201986e-09	8.132736e-16	8.370583e-26	0.000000e+00	0.000000e+00	1.730252e-24	3.983939e-09	7.497793e-18	0.000000e+00	0.000000e+00	0.000000e+00	1.985523e-40	1.079454e-81	0.000000e+00	0.000000e+00	9.927734e-11	0.000000e+00	0.000000e+00	0.000000e+00	0.000000e+00	0.000000e+00	0.000000e+00	0.000000e+00	0.000000e+00	0.000000e+00	0.000000e+00	0.000000e+00	0.000000e+00	0.000000e+00	0.000000e+00	0.000000e+00	0.000000e+00	0.000000e+00	0.000000e+00	0.000000e+00	0.000000e+00	0.000000e+00	0.000000e+00	0.000000e+00	0.000000e+00	0.000000e+00	2.178550e-89	4.361605e-42	4.253702e-41	3.806031e-17	1.763724e-30	0.000000e+00	
5.000000	4.000000	6.000000	329.010484	8.032583e+04	1.218285e+01	2.299321e-13	1.198422e+10	3.928500e+05	9.187454e-02	7.457405e+02	3.611505e+18	1.554226e-12	7.455761e-14	2.289529e-17	2.051276e+03	4.070127e-02	2.846087e-10	1.504262e-19	0.000000e+00	3.854771e-03	9.187811e-05	3.832465e-12	5.134567e-18	5.902425e+08	9.236282e+11	8.911732e+05	4.125119e-28	4.071811e+05	1.863848e-13	1.863724e-42	4.240070e-10	9.566044e-12	3.770080e-02	2.163865e-02	1.543702e+04	2.322607e-18	5.820344e-02	4.355786e-04	7.591931e-01	9.688631e-06	1.982426e-05	2.327003e-20	2.242591e-22	0.000000e+00	0.000000e+00	0.000000e+00	0.000000e+00	0.000000e+00	0.000000e+00	0.000000e+00	0.000000e+00	0.000000e+00	0.000000e+00	0.000000e+00	0.000000e+00	1.767804e+18	4.995128e+14	9.140178e-01	1.768312e+19	2.023541e-14	1.193509e-08	2.412487e-15	1.419302e-07	1.462470e+04	5.794845e+03	4.244650e+00	1.343872e+05	2.890065e-22	2.932880e-09	7.001984e-16	6.524828e-26	0.000000e+00	0.000000e+00	6.496461e-24	5.035465e-09	1.572721e-17	0.000000e+00	0.000000e+00	0.000000e+00	0.000000e+00	0.000000e+00	0.000000e+00	0.000000e+00	7.670279e-11	0.000000e+00	0.000000e+00	0.000000e+00	0.000000e+00	0.000000e+00	0.000000e+00	0.000000e+00	0.000000e+00	0.000000e+00	0.000000e+00	0.000000e+00	0.000000e+00	0.000000e+00	0.000000e+00	0.000000e+00	0.000000e+00	0.000000e+00	0.000000e+00	0.000000e+00	0.000000e+00	0.000000e+00	0.000000e+00	0.000000e+00	0.000000e+00	0.000000e+00	2.063821e-90	1.112949e-42	1.152897e-41	1.596827e-17	1.944267e-30	0.000000e+00	
7.000000	6.000000	8.000000	323.572509	6.562124e+04	4.298976e+01	1.577233e-12	1.401700e+10	6.546270e+05	1.977334e-01	1.756883e+03	2.820386e+18	8.883694e-13	4.477765e-14	1.085390e-17	1.732029e+03	3.663431e-02	3.956257e-10	6.119297e-19	0.000000e+00	2.979999e-03	1.182781e-04	1.039837e-11	1.758335e-17	7.564257e+08	7.670443e+11	1.029442e+06	1.508349e-27	4.112979e+05	1.482390e-13	1.202751e-42	2.036620e-10	4.432806e-12	2.124713e-02	1.147236e-02	9.312402e+03	4.912757e-18	6.809605e-02	4.591388e-04	5.819950e-01	8.122671e-06	1.736623e-05	4.195750e-20	8.579423e-22	0.000000e+00	0.000000e+00	0.000000e+00	0.000000e+00	0.000000e+00	0.000000e+00	0.000000e+00	0.000000e+00	0.000000e+00	0.000000e+00	0.000000e+00	0.000000e+00	1.468297e+18	4.149250e+14	2.345886e+00	1.468883e+19	2.792145e-14	4.067633e-09	4.949370e-15	1.893175e-07	1.044537e+04	6.535209e+03	3.729810e+00	2.179733e+05	2.692938e-22	2.091639e-09	7.267520e-16	4.936377e-26	0.000000e+00	0.000000e+00	3.534695e-23	7.453982e-09	3.724368e-17	0.000000e+00	0.000000e+00	0.000000e+00	0.000000e+00	0.000000e+00	0.000000e+00	0.000000e+00	5.578049e-11	0.000000e+00	0.000000e+00	0.000000e+00	0.000000e+00	0.000000e+00	0.000000e+00	0.000000e+00	0.000000e+00	0.000000e+00	0.000000e+00	0.000000e+00	0.000000e+00	0.000000e+00	0.000000e+00	0.000000e+00	0.000000e+00	0.000000e+00	0.000000e+00	0.000000e+00	0.000000e+00	0.000000e+00	0.000000e+00	0.000000e+00	0.000000e+00	0.000000e+00	1.014279e-90	2.111267e-43	2.330261e-42	5.756530e-18	2.354712e-30	0.000000e+00	
9.000000	8.000000	10.000000	318.094079	5.339597e+04	1.380164e+02	9.847051e-12	1.596695e+10	1.048806e+06	4.027619e-01	3.914559e+03	2.176326e+18	4.876250e-13	2.636476e-14	5.116391e-18	1.474103e+03	3.326672e-02	5.653223e-10	2.408052e-18	1.275974e-39	2.316594e-03	1.479302e-04	2.773840e-11	5.754391e-17	9.917734e+08	6.347074e+11	1.173468e+06	5.758434e-27	4.077161e+05	1.212035e-13	7.622629e-43	1.044789e-10	2.166742e-12	1.193694e-02	6.050823e-03	5.501838e+03	1.343970e-17	7.980678e-02	4.842945e-04	4.758736e-01	6.530439e-06	1.536324e-05	7.418155e-20	3.000316e-21	0.000000e+00	0.000000e+00	0.000000e+00	0.000000e+00	0.000000e+00	0.000000e+00	0.000000e+00	0.000000e+00	0.000000e+00	0.000000e+00	0.000000e+00	0.000000e+00	1.215219e+18	3.434351e+14	5.876537e+00	1.215817e+19	3.805093e-14	1.345141e-09	9.878921e-15	2.489836e-07	7.646047e+03	7.442605e+03	3.207082e+00	3.297384e+05	2.597401e-22	1.477038e-09	7.729673e-16	3.601218e-26	0.000000e+00	0.000000e+00	1.925061e-22	1.129991e-08	8.158043e-17	0.000000e+00	0.000000e+00	0.000000e+00	0.000000e+00	0.000000e+00	0.000000e+00	0.000000e+00	3.996515e-11	0.000000e+00	0.000000e+00	0.000000e+00	0.000000e+00	0.000000e+00	0.000000e+00	0.000000e+00	0.000000e+00	0.000000e+00	0.000000e+00	0.000000e+00	0.000000e+00	0.000000e+00	0.000000e+00	0.000000e+00	0.000000e+00	0.000000e+00	0.000000e+00	0.000000e+00	0.000000e+00	0.000000e+00	0.000000e+00	0.000000e+00	0.000000e+00	0.000000e+00	1.370648e-89	4.051943e-44	4.775194e-43	1.915352e-18	3.077121e-30	0.000000e+00	
11.000000	10.000000	12.000000	312.555500	4.326771e+04	3.656074e+02	4.818166e-11	1.723826e+10	1.522024e+06	7.084323e-01	7.515815e+03	1.656341e+18	2.668798e-13	1.617172e-14	2.625837e-18	1.269606e+03	3.053910e-02	7.608378e-10	7.724105e-18	1.900288e-38	1.814345e-03	1.702943e-04	6.327854e-11	1.607984e-16	1.315068e+09	5.232412e+11	1.308143e+06	3.910996e-26	3.923434e+05	1.016219e-13	4.637518e-43	5.987495e-11	1.129826e-12	6.847149e-03	3.250493e-03	3.258905e+03	3.790949e-17	9.312849e-02	5.084400e-04	4.222632e-01	5.266449e-06	1.373702e-05	1.214007e-19	8.663334e-21	0.000000e+00	1.833673e-36	0.000000e+00	0.000000e+00	0.000000e+00	0.000000e+00	0.000000e+00	0.000000e+00	0.000000e+00	0.000000e+00	0.000000e+00	0.000000e+00	1.002089e+18	2.832196e+14	1.327495e+01	1.002654e+19	5.015510e-14	4.630416e-10	1.761337e-14	3.039980e-07	5.735281e+03	8.473383e+03	2.670082e+00	4.555628e+05	2.616655e-22	1.026757e-09	7.724452e-16	2.499651e-26	0.000000e+00	0.000000e+00	8.802669e-22	1.665261e-08	1.532449e-16	0.000000e+00	0.000000e+00	0.000000e+00	1.349192e-38	1.103354e-77	0.000000e+00	0.000000e+00	2.900866e-11	0.000000e+00	0.000000e+00	0.000000e+00	0.000000e+00	0.000000e+00	0.000000e+00	0.000000e+00	0.000000e+00	0.000000e+00	0.000000e+00	0.000000e+00	0.000000e+00	0.000000e+00	0.000000e+00	0.000000e+00	0.000000e+00	0.000000e+00	0.000000e+00	0.000000e+00	0.000000e+00	0.000000e+00	0.000000e+00	0.000000e+00	0.000000e+00	0.000000e+00	2.396760e-88	9.718159e-45	1.222093e-43	6.359466e-19	4.338945e-30	0.000000e+00	
13.000000	12.000000	14.000000	306.947023	3.490679e+04	8.890749e+02	2.229134e-10	1.817651e+10	2.119436e+06	1.178881e+00	1.355777e+04	1.241431e+18	1.462626e-13	1.104337e-14	1.525185e-18	1.111008e+03	2.837199e-02	1.020830e-09	2.315934e-17	1.436104e-37	1.433448e-03	1.904342e-04	1.372571e-10	4.366900e-16	1.765288e+09	4.296556e+11	1.439713e+06	7.168740e-25	3.685252e+05	9.406406e-14	2.957906e-43	3.900722e-11	6.428363e-13	4.092369e-03	1.814575e-03	1.957616e+03	1.118982e-16	1.087002e-01	5.326581e-04	3.996130e-01	4.322762e-06	1.242089e-05	1.950519e-19	2.268605e-20	0.000000e+00	0.000000e+00	0.000000e+00	0.000000e+00	0.000000e+00	0.000000e+00	0.000000e+00	0.000000e+00	0.000000e+00	0.000000e+00	0.000000e+00	0.000000e+00	8.231708e+17	2.326628e+14	3.021060e+01	8.236836e+18	6.602547e-14	1.621595e-10	3.097866e-14	3.686704e-07	4.453178e+03	9.664882e+03	2.169718e+00	6.004765e+05	2.928338e-22	7.064713e-10	7.578108e-16	1.612510e-26	0.000000e+00	0.000000e+00	3.928495e-21	2.612647e-08	2.623967e-16	0.000000e+00	0.000000e+00	0.000000e+00	1.062103e-39	0.000000e+00	0.000000e+00	0.000000e+00	2.189121e-11	0.000000e+00	0.000000e+00	0.000000e+00	0.000000e+00	0.000000e+00	0.000000e+00	0.000000e+00	0.000000e+00	0.000000e+00	0.000000e+00	0.000000e+00	0.000000e+00	0.000000e+00	0.000000e+00	0.000000e+00	0.000000e+00	0.000000e+00	0.000000e+00	0.000000e+00	0.000000e+00	0.000000e+00	0.000000e+00	0.000000e+00	0.000000e+00	0.000000e+00	4.667159e-87	3.089102e-45	4.097571e-44	2.495611e-19	6.542114e-30	0.000000e+00	
15.000000	14.000000	16.000000	301.261440	2.803145e+04	2.076170e+03	1.070651e-09	1.896500e+10	2.904318e+06	1.944262e+00	2.386872e+04	9.148626e+17	7.935871e-14	9.779522e-15	1.101552e-18	9.916246e+02	2.669136e-02	1.396787e-09	6.853949e-17	1.127065e-36	1.143172e-03	2.118290e-04	2.949531e-10	1.226438e-15	2.420912e+09	3.513502e+11	1.584213e+06	1.581321e-23	3.407404e+05	1.019665e-13	2.124314e-43	2.990650e-11	4.066590e-13	2.594224e-03	1.071276e-03	1.201669e+03	3.557082e-16	1.286633e-01	5.645521e-04	4.055050e-01	3.689385e-06	1.135911e-05	3.157069e-19	5.525835e-20	0.000000e+00	0.000000e+00	0.000000e+00	0.000000e+00	0.000000e+00	0.000000e+00	0.000000e+00	0.000000e+00	0.000000e+00	0.000000e+00	0.000000e+00	0.000000e+00	6.734800e+17	1.903596e+14	7.364296e+01	6.739320e+18	8.811760e-14	5.647818e-11	5.643910e-14	4.594689e-07	3.611622e+03	1.114940e+04	1.741321e+00	7.751734e+05	3.873151e-22	4.862904e-10	7.520343e-16	9.239089e-27	0.000000e+00	0.000000e+00	1.837500e-20	4.621192e-08	4.141051e-16	0.000000e+00	0.000000e+00	0.000000e+00	0.000000e+00	3.132073e-78	0.000000e+00	0.000000e+00	1.752109e-11	0.000000e+00	0.000000e+00	0.000000e+00	0.000000e+00	0.000000e+00	0.000000e+00	0.000000e+00	0.000000e+00	0.000000e+00	0.000000e+00	0.000000e+00	0.000000e+00	0.000000e+00	0.000000e+00	0.000000e+00	0.000000e+00	0.000000e+00	0.000000e+00	0.000000e+00	0.000000e+00	0.000000e+00	0.000000e+00	0.000000e+00	0.000000e+00	0.000000e+00	1.004477e-85	1.600433e-45	2.144569e-44	2.094294e-19	1.045222e-29	0.000000e+00	
17.000000	16.000000	18.000000	295.478926	2.239941e+04	4.835040e+03	5.819103e-09	1.970772e+10	3.967945e+06	3.302097e+00	4.184046e+04	6.612484e+17	4.220786e-14	2.283366e-14	1.312406e-18	9.057128e+02	2.542948e-02	1.968396e-09	2.070144e-16	9.633930e-36	9.203660e-04	2.372160e-04	6.445954e-10	3.685589e-15	3.438595e+09	2.860597e+11	1.770049e+06	3.105703e-22	3.126943e+05	1.693769e-13	1.773659e-43	2.743437e-11	2.902599e-13	1.774190e-03	6.800339e-04	7.593268e+02	1.256658e-15	1.576074e-01	6.183203e-04	4.467877e-01	3.342518e-06	1.050473e-05	5.217412e-19	1.268254e-19	0.000000e+00	2.250485e-37	0.000000e+00	0.000000e+00	0.000000e+00	0.000000e+00	0.000000e+00	0.000000e+00	0.000000e+00	0.000000e+00	0.000000e+00	0.000000e+00	5.486766e+17	1.550858e+14	2.026017e+02	5.490648e+18	1.194594e-13	1.927043e-11	1.094658e-13	5.992466e-07	3.076401e+03	1.318680e+04	1.399139e+00	1.003303e+06	6.248159e-22	3.392223e-10	7.760201e-16	4.172299e-27	0.000000e+00	0.000000e+00	9.492639e-20	9.701104e-08	6.531300e-16	0.000000e+00	0.000000e+00	0.000000e+00	5.048290e-39	0.000000e+00	0.000000e+00	0.000000e+00	1.512411e-11	0.000000e+00	0.000000e+00	0.000000e+00	0.000000e+00	0.000000e+00	0.000000e+00	0.000000e+00	0.000000e+00	0.000000e+00	0.000000e+00	0.000000e+00	0.000000e+00	0.000000e+00	0.000000e+00	0.000000e+00	0.000000e+00	0.000000e+00	0.000000e+00	0.000000e+00	0.000000e+00	0.000000e+00	0.000000e+00	0.000000e+00	0.000000e+00	0.000000e+00	2.388206e-84	2.753654e-45	3.319825e-44	5.421436e-19	1.761016e-29	0.000000e+00	
19.000000	18.000000	20.000000	289.582514	1.780374e+04	1.141580e+05	2.836906e-06	2.036615e+10	5.392661e+06	1.830892e+01	7.277032e+04	4.674981e+17	2.212752e-14	2.097468e-13	1.304688e-17	8.483665e+02	2.452734e-02	3.202099e-09	9.089823e-16	1.441325e-34	7.476663e-04	2.666606e-04	1.608185e-09	1.179379e-14	5.140998e+09	2.318057e+11	2.040520e+06	5.184358e-21	2.854634e+05	3.592014e-12	1.910411e-43	3.338134e-11	2.973526e-13	1.325170e-03	4.696633e-04	4.980473e+02	4.983210e-15	2.045400e-01	7.178558e-04	5.420950e-01	3.281264e-06	9.817856e-06	8.776544e-19	2.729369e-18	0.000000e+00	0.000000e+00	0.000000e+00	0.000000e+00	0.000000e+00	0.000000e+00	0.000000e+00	0.000000e+00	0.000000e+00	0.000000e+00	0.000000e+00	0.000000e+00	4.449721e+17	1.257722e+14	4.928176e+03	4.453007e+18	1.662167e-13	6.051609e-12	2.251724e-13	8.136155e-07	2.745150e+03	1.624749e+04	1.138169e+00	1.328739e+06	1.374829e-21	2.424732e-10	9.441173e-16	6.493429e-28	0.000000e+00	0.000000e+00	1.938514e-18	1.891563e-06	8.293080e-15	0.000000e+00	0.000000e+00	0.000000e+00	0.000000e+00	0.000000e+00	0.000000e+00	0.000000e+00	1.422735e-11	0.000000e+00	0.000000e+00	0.000000e+00	0.000000e+00	0.000000e+00	0.000000e+00	0.000000e+00	0.000000e+00	0.000000e+00	0.000000e+00	0.000000e+00	0.000000e+00	0.000000e+00	0.000000e+00	0.000000e+00	0.000000e+00	0.000000e+00	0.000000e+00	0.000000e+00	0.000000e+00	0.000000e+00	0.000000e+00	0.000000e+00	0.000000e+00	0.000000e+00	6.289134e-83	2.977129e-43	3.169691e-42	2.200838e-18	3.133998e-29	0.000000e+00	
21.000000	20.000000	22.000000	283.554851	1.407218e+04	1.218981e+06	4.228826e-04	2.084883e+10	7.245000e+06	2.008888e+02	1.243909e+05	3.222917e+17	1.298971e-14	1.348177e-12	8.819547e-17	8.158133e+02	2.393748e-02	7.649899e-09	7.693967e-15	6.323282e-33	6.122273e-04	2.988803e-04	5.185194e-09	3.938009e-14	8.039599e+09	1.869217e+11	2.409081e+06	7.150711e-20	2.533923e+05	1.398534e-10	3.637768e-43	7.437112e-11	7.084842e-13	1.085509e-03	3.541835e-04	3.416119e+02	2.168438e-14	2.809013e-01	8.851053e-04	7.145210e-01	3.498409e-06	9.266944e-06	1.490111e-18	2.443651e-17	0.000000e+00	5.532279e-37	0.000000e+00	0.000000e+00	0.000000e+00	0.000000e+00	0.000000e+00	0.000000e+00	0.000000e+00	0.000000e+00	0.000000e+00	0.000000e+00	3.591772e+17	1.015182e+14	8.024805e+04	3.594495e+18	2.487041e-13	1.502064e-12	4.831753e-13	1.131684e-06	2.542655e+03	2.071880e+04	9.260319e-01	1.774269e+06	5.718710e-21	1.755589e-10	1.619847e-15	1.387809e-29	0.000000e+00	0.000000e+00	1.177642e-16	2.580550e-05	4.397823e-14	0.000000e+00	0.000000e+00	0.000000e+00	0.000000e+00	2.062253e-74	0.000000e+00	0.000000e+00	1.460863e-11	0.000000e+00	0.000000e+00	0.000000e+00	0.000000e+00	0.000000e+00	0.000000e+00	0.000000e+00	0.000000e+00	0.000000e+00	0.000000e+00	0.000000e+00	0.000000e+00	0.000000e+00	0.000000e+00	0.000000e+00	0.000000e+00	0.000000e+00	0.000000e+00	0.000000e+00	0.000000e+00	0.000000e+00	0.000000e+00	0.000000e+00	0.000000e+00	0.000000e+00	1.838695e-81	1.348662e-41	1.440665e-40	8.987280e-18	5.933332e-29	0.000000e+00	
23.000000	22.000000	24.000000	277.365063	1.105683e+04	4.403593e+06	7.509424e-03	2.111289e+10	9.598157e+06	9.345283e+02	2.080923e+05	2.156860e+17	1.073287e-14	6.589527e-12	4.014396e-16	8.052987e+02	2.361168e-02	1.679315e-08	4.239286e-14	1.706948e-31	5.044609e-04	3.327951e-04	1.418153e-08	1.354275e-13	1.208962e+10	1.499521e+11	2.674656e+06	6.849566e-19	2.041430e+05	2.628806e-09	6.782015e-43	1.700542e-10	1.539963e-12	9.697151e-04	2.897710e-04	2.457038e+02	9.409021e-14	3.755026e-01	1.069450e-03	9.278635e-01	3.702325e-06	8.824929e-06	2.536413e-18	6.864964e-17	0.000000e+00	4.298114e-37	0.000000e+00	0.000000e+00	0.000000e+00	0.000000e+00	0.000000e+00	0.000000e+00	0.000000e+00	0.000000e+00	0.000000e+00	0.000000e+00	2.885071e+17	8.153748e+13	4.549142e+05	2.887306e+18	5.814681e-13	4.786599e-13	1.068754e-12	1.587922e-06	2.415448e+03	2.513038e+04	7.024068e-01	2.205660e+06	2.521036e-20	1.201240e-10	2.396300e-15	8.883830e-32	0.000000e+00	0.000000e+00	2.793450e-15	1.267743e-04	7.308313e-14	0.000000e+00	0.000000e+00	0.000000e+00	7.023605e-40	0.000000e+00	0.000000e+00	0.000000e+00	1.623893e-11	0.000000e+00	0.000000e+00	0.000000e+00	0.000000e+00	0.000000e+00	0.000000e+00	0.000000e+00	0.000000e+00	0.000000e+00	0.000000e+00	0.000000e+00	0.000000e+00	0.000000e+00	0.000000e+00	0.000000e+00	0.000000e+00	0.000000e+00	0.000000e+00	0.000000e+00	0.000000e+00	0.000000e+00	0.000000e+00	0.000000e+00	0.000000e+00	0.000000e+00	5.965006e-80	2.237690e-40	3.128057e-39	3.632193e-17	1.206878e-28	0.000000e+00	
25.000000	24.000000	26.000000	271.214641	8.632822e+03	9.797274e+06	5.096149e-02	2.114432e+10	1.246799e+07	2.707891e+03	3.346439e+05	1.390066e+17	1.224755e-14	3.421671e-11	2.595169e-15	8.144600e+02	2.348503e-02	2.904105e-08	1.325493e-13	2.002057e-30	4.162566e-04	3.642492e-04	2.905624e-08	4.785569e-13	1.670565e+10	1.195394e+11	2.651359e+06	4.995171e-18	1.431470e+05	2.321683e-08	1.040406e-42	3.248730e-10	2.566719e-12	9.281200e-04	2.533518e-04	1.846998e+02	3.851562e-13	4.643344e-01	1.213082e-03	1.114342e+00	3.702555e-06	8.462345e-06	4.288951e-18	1.131502e-16	0.000000e+00	4.236476e-37	0.000000e+00	0.000000e+00	0.000000e+00	0.000000e+00	0.000000e+00	0.000000e+00	0.000000e+00	0.000000e+00	0.000000e+00	0.000000e+00	2.303628e+17	6.509644e+13	1.588541e+06	2.305441e+18	2.646868e-12	2.497512e-13	2.426430e-12	2.223419e-06	2.331432e+03	2.772734e+04	4.782166e-01	2.481451e+06	9.587755e-20	7.472004e-11	2.540271e-15	2.734751e-33	0.000000e+00	0.000000e+00	2.881971e-14	3.927583e-04	6.955148e-14	0.000000e+00	0.000000e+00	0.000000e+00	6.510763e-40	0.000000e+00	0.000000e+00	0.000000e+00	1.924449e-11	0.000000e+00	0.000000e+00	0.000000e+00	0.000000e+00	0.000000e+00	0.000000e+00	0.000000e+00	0.000000e+00	0.000000e+00	0.000000e+00	0.000000e+00	0.000000e+00	0.000000e+00	0.000000e+00	0.000000e+00	0.000000e+00	0.000000e+00	0.000000e+00	0.000000e+00	0.000000e+00	0.000000e+00	0.000000e+00	0.000000e+00	0.000000e+00	0.000000e+00	2.137934e-78	6.504560e-39	1.345790e-37	1.572162e-16	2.662568e-28	0.000000e+00	
27.000000	26.000000	28.000000	265.140032	6.696985e+03	1.865404e+07	2.543626e-01	2.086691e+10	1.575531e+07	6.653917e+03	5.095976e+05	8.460251e+16	1.605587e-14	1.528739e-10	1.681194e-14	8.429094e+02	2.351065e-02	4.560992e-08	3.301099e-13	1.523686e-29	3.427823e-04	3.880875e-04	5.049043e-08	1.725886e-12	2.207060e+10	9.466642e+10	2.433139e+06	3.713676e-17	8.913925e+04	1.538080e-07	1.541292e-42	5.997454e-10	3.984934e-12	9.305133e-04	2.315320e-04	1.441682e+02	1.541169e-12	5.489522e-01	1.341861e-03	1.267823e+00	3.698437e-06	8.162830e-06	7.128625e-18	1.558471e-16	0.000000e+00	0.000000e+00	0.000000e+00	0.000000e+00	0.000000e+00	0.000000e+00	0.000000e+00	0.000000e+00	0.000000e+00	0.000000e+00	0.000000e+00	0.000000e+00	1.827988e+17	5.164536e+13	4.719271e+06	1.829441e+18	1.527077e-11	1.642633e-13	5.633816e-12	3.046938e-06	2.258684e+03	2.895601e+04	3.002578e-01	2.622059e+06	3.686276e-19	4.369654e-11	2.253477e-15	2.700937e-33	0.000000e+00	0.000000e+00	1.731007e-13	1.050405e-03	5.337973e-14	0.000000e+00	0.000000e+00	0.000000e+00	0.000000e+00	0.000000e+00	0.000000e+00	0.000000e+00	2.376952e-11	0.000000e+00	0.000000e+00	0.000000e+00	0.000000e+00	0.000000e+00	0.000000e+00	0.000000e+00	0.000000e+00	0.000000e+00	0.000000e+00	0.000000e+00	0.000000e+00	0.000000e+00	0.000000e+00	0.000000e+00	0.000000e+00	0.000000e+00	0.000000e+00	0.000000e+00	0.000000e+00	0.000000e+00	0.000000e+00	0.000000e+00	0.000000e+00	0.000000e+00	8.417457e-77	2.328054e-37	5.726477e-36	6.605105e-16	6.425620e-28	0.000000e+00	
29.000000	28.000000	30.000000	258.797882	5.159874e+03	3.332990e+07	1.135690e+00	2.038721e+10	1.969969e+07	1.537050e+04	7.614061e+05	4.910201e+16	2.281887e-14	5.289170e-10	8.614723e-14	8.920818e+02	2.363707e-02	6.944742e-08	7.535061e-13	8.626650e-29	2.814320e-04	4.098507e-04	8.096792e-08	6.368425e-12	2.906837e+10	7.453697e+10	2.159485e+06	3.052604e-16	5.118027e+04	9.178481e-07	2.140080e-42	1.121970e-09	6.079906e-12	9.735925e-04	2.191012e-04	1.162864e+02	6.369631e-12	6.418864e-01	1.501218e-03	1.402708e+00	3.915323e-06	7.918740e-06	1.137401e-17	1.944459e-16	0.000000e+00	0.000000e+00	0.000000e+00	0.000000e+00	0.000000e+00	0.000000e+00	0.000000e+00	0.000000e+00	0.000000e+00	0.000000e+00	0.000000e+00	0.000000e+00	1.442931e+17	4.075325e+13	1.320442e+07	1.444083e+18	8.912440e-11	1.180544e-13	1.338127e-11	4.097362e-06	2.183059e+03	2.978400e+04	1.806130e-01	2.713455e+06	1.489923e-18	2.551056e-11	1.870433e-15	3.551134e-33	0.000000e+00	0.000000e+00	6.861285e-13	2.661477e-03	6.881082e-14	0.000000e+00	0.000000e+00	0.000000e+00	1.529674e-38	5.265719e-73	0.000000e+00	0.000000e+00	3.027517e-11	0.000000e+00	0.000000e+00	0.000000e+00	0.000000e+00	0.000000e+00	0.000000e+00	0.000000e+00	0.000000e+00	0.000000e+00	0.000000e+00	0.000000e+00	0.000000e+00	0.000000e+00	0.000000e+00	0.000000e+00	0.000000e+00	0.000000e+00	0.000000e+00	0.000000e+00	0.000000e+00	0.000000e+00	0.000000e+00	0.000000e+00	0.000000e+00	0.000000e+00	3.610879e-75	5.585733e-36	1.541986e-34	2.477547e-15	1.702407e-27	0.000000e+00	
31.000000	30.000000	32.000000	251.937884	3.946315e+03	5.898897e+07	5.116912e+00	1.947644e+10	2.399273e+07	3.511095e+04	1.097152e+06	2.640927e+16	1.086355e-12	1.468887e-09	3.549253e-13	9.642900e+02	2.381861e-02	1.078400e-07	1.749537e-12	4.567614e-28	2.292261e-04	4.234616e-04	1.264133e-07	2.317121e-11	3.956844e+10	5.837526e+10	1.917695e+06	2.762430e-15	2.963906e+04	6.607945e-06	2.807015e-42	2.260599e-09	9.598138e-12	1.065047e-03	2.139651e-04	9.813132e+01	2.789854e-11	7.606459e-01	1.745506e-03	1.539104e+00	4.772071e-06	7.720462e-06	1.663346e-17	2.322622e-16	0.000000e+00	0.000000e+00	0.000000e+00	0.000000e+00	0.000000e+00	0.000000e+00	0.000000e+00	0.000000e+00	0.000000e+00	0.000000e+00	0.000000e+00	0.000000e+00	1.133611e+17	3.199883e+13	3.654040e+07	1.134520e+18	5.373406e-10	2.563320e-13	3.178157e-11	5.187207e-06	2.066509e+03	3.122665e+04	1.119217e-01	2.812448e+06	6.911856e-18	1.664196e-11	1.958700e-15	2.094691e-31	0.000000e+00	0.000000e+00	2.213764e-12	6.679022e-03	1.779415e-12	0.000000e+00	0.000000e+00	0.000000e+00	2.879549e-38	0.000000e+00	0.000000e+00	0.000000e+00	3.960758e-11	0.000000e+00	0.000000e+00	0.000000e+00	0.000000e+00	0.000000e+00	0.000000e+00	0.000000e+00	0.000000e+00	0.000000e+00	0.000000e+00	0.000000e+00	0.000000e+00	0.000000e+00	0.000000e+00	0.000000e+00	0.000000e+00	0.000000e+00	0.000000e+00	0.000000e+00	0.000000e+00	0.000000e+00	0.000000e+00	0.000000e+00	0.000000e+00	0.000000e+00	1.670303e-73	8.925360e-35	2.768067e-33	8.206767e-15	4.941378e-27	0.000000e+00	
33.000000	32.000000	34.000000	244.238188	2.992955e+03	1.038101e+08	2.387196e+01	1.797825e+10	2.815676e+07	7.975287e+04	1.508282e+06	1.261750e+16	7.918035e-10	3.659700e-09	1.330189e-12	1.063228e+03	2.401098e-02	1.746408e-07	4.342927e-12	9.987618e-27	1.833724e-04	4.250517e-04	2.065172e-07	8.131205e-11	5.635033e+10	4.549384e+10	1.717343e+06	2.697877e-14	2.346112e+04	2.044942e-04	3.472774e-42	5.303637e-09	1.652028e-11	1.283888e-03	2.255023e-04	9.189467e+01	1.325435e-10	9.050278e-01	2.098640e-03	1.654672e+00	7.335210e-06	7.559642e-06	2.094418e-17	2.635532e-16	0.000000e+00	1.288016e-35	0.000000e+00	0.000000e+00	0.000000e+00	0.000000e+00	0.000000e+00	0.000000e+00	0.000000e+00	0.000000e+00	0.000000e+00	0.000000e+00	8.868529e+16	2.500706e+13	1.003086e+08	8.875669e+17	3.351014e-09	4.448314e-11	7.494646e-11	5.932628e-06	1.878179e+03	3.368029e+04	9.098241e-02	2.911237e+06	4.107909e-17	1.503248e-11	1.561233e-14	1.048707e-28	0.000000e+00	0.000000e+00	6.976722e-12	1.655158e-02	6.877225e-11	0.000000e+00	0.000000e+00	0.000000e+00	0.000000e+00	9.659082e-72	0.000000e+00	0.000000e+00	5.565637e-11	0.000000e+00	0.000000e+00	0.000000e+00	0.000000e+00	0.000000e+00	0.000000e+00	0.000000e+00	0.000000e+00	0.000000e+00	0.000000e+00	0.000000e+00	0.000000e+00	0.000000e+00	0.000000e+00	0.000000e+00	0.000000e+00	0.000000e+00	0.000000e+00	0.000000e+00	0.000000e+00	0.000000e+00	0.000000e+00	0.000000e+00	0.000000e+00	0.000000e+00	8.218462e-72	1.229090e-33	4.340585e-32	2.520751e-14	1.561077e-26	0.000000e+00	
35.000000	34.000000	36.000000	234.951195	2.246397e+03	1.791039e+08	1.181918e+02	1.547826e+10	3.066638e+07	1.789038e+05	1.909447e+06	4.847055e+15	7.047978e-09	9.077446e-09	5.424640e-12	1.195385e+03	2.421027e-02	3.068101e-07	1.316745e-11	9.980491e-25	1.412764e-04	4.050846e-04	5.427676e-07	2.531201e-10	8.362739e+10	3.533455e+10	1.532571e+06	2.811227e-13	4.307120e+04	2.424947e-02	4.019525e-42	1.777250e-08	3.454932e-11	1.912779e-03	2.823899e-04	1.084551e+02	6.839656e-10	1.047860e+00	2.523731e-03	1.682161e+00	1.617225e-05	7.436599e-06	2.022600e-17	2.807042e-16	0.000000e+00	6.744892e-37	0.000000e+00	0.000000e+00	0.000000e+00	0.000000e+00	0.000000e+00	0.000000e+00	0.000000e+00	0.000000e+00	0.000000e+00	0.000000e+00	6.919475e+16	1.947135e+13	2.695804e+08	6.925053e+17	2.192785e-08	1.582160e-10	1.691162e-10	5.491919e-06	1.563166e+03	3.695147e+04	1.602578e-01	2.921112e+06	4.064536e-16	2.419528e-11	6.259695e-13	1.162379e-27	0.000000e+00	0.000000e+00	4.552710e-11	3.969623e-02	1.896382e-09	0.000000e+00	0.000000e+00	0.000000e+00	7.473471e-39	5.128625e-72	0.000000e+00	0.000000e+00	9.246933e-11	0.000000e+00	0.000000e+00	0.000000e+00	0.000000e+00	0.000000e+00	0.000000e+00	0.000000e+00	0.000000e+00	0.000000e+00	0.000000e+00	0.000000e+00	0.000000e+00	0.000000e+00	0.000000e+00	0.000000e+00	0.000000e+00	0.000000e+00	0.000000e+00	0.000000e+00	0.000000e+00	0.000000e+00	0.000000e+00	0.000000e+00	0.000000e+00	0.000000e+00	4.214145e-70	2.136828e-32	8.785621e-31	7.519222e-14	5.313293e-26	0.000000e+00	
37.000000	36.000000	38.000000	222.772360	1.663189e+03	2.555862e+08	1.100088e+03	1.063581e+10	3.898554e+07	6.958143e+05	3.545990e+06	1.222208e+15	5.255340e-08	1.696633e-08	2.119281e-11	1.371234e+03	2.435580e-02	7.292921e-07	1.008038e-10	1.145203e-22	1.001996e-04	4.606416e-04	5.598018e-06	9.402700e-10	1.271270e+11	2.744938e+10	1.054991e+06	3.054450e-12	1.480932e+05	3.379811e+00	9.751320e-42	3.483408e-07	1.693412e-10	5.378379e-03	6.279718e-04	1.738179e+02	7.059930e-09	1.340604e+00	4.752788e-03	1.785192e+00	7.576319e-05	7.363156e-06	1.681087e-17	4.280102e-16	0.000000e+00	0.000000e+00	0.000000e+00	0.000000e+00	0.000000e+00	0.000000e+00	0.000000e+00	0.000000e+00	0.000000e+00	0.000000e+00	0.000000e+00	0.000000e+00	5.403113e+16	1.514534e+13	1.229931e+09	5.407473e+17	2.635545e-07	4.462232e-10	6.257541e-10	6.611885e-06	1.601406e+03	3.979741e+04	8.525323e-01	3.045130e+06	2.827017e-14	1.275253e-10	3.059593e-11	3.147620e-26	0.000000e+00	0.000000e+00	4.410102e-09	2.550269e-01	3.242020e-08	0.000000e+00	0.000000e+00	0.000000e+00	0.000000e+00	0.000000e+00	0.000000e+00	0.000000e+00	2.711539e-10	0.000000e+00	0.000000e+00	0.000000e+00	0.000000e+00	0.000000e+00	0.000000e+00	0.000000e+00	0.000000e+00	0.000000e+00	0.000000e+00	0.000000e+00	0.000000e+00	0.000000e+00	0.000000e+00	0.000000e+00	0.000000e+00	0.000000e+00	0.000000e+00	0.000000e+00	0.000000e+00	0.000000e+00	0.000000e+00	0.000000e+00	0.000000e+00	0.000000e+00	2.022489e-68	3.927431e-31	1.873898e-29	2.059317e-13	1.899958e-25	0.000000e+00	
39.000000	38.000000	40.000000	206.742558	1.206884e+03	2.068439e+08	5.646564e+05	4.502224e+08	3.630235e+07	2.037331e+07	1.328054e+07	1.551238e+14	1.885879e-07	9.594529e-10	7.456855e-12	1.598239e+03	2.440166e-02	1.402289e-04	4.254885e-08	1.305973e-20	1.095607e-05	4.144937e-04	1.185004e-04	5.658301e-12	2.451185e+11	2.134926e+10	4.093748e+05	3.694233e-11	6.221855e+05	5.414038e+02	2.083667e-42	3.532244e-05	6.453690e-09	5.513364e-02	5.970322e-03	3.372206e+02	4.380458e-08	1.599301e+00	9.582772e-02	1.720362e+00	1.470452e-02	7.322376e-06	7.537554e-18	1.557387e-14	0.000000e+00	1.181721e-39	0.000000e+00	0.000000e+00	0.000000e+00	0.000000e+00	0.000000e+00	0.000000e+00	0.000000e+00	0.000000e+00	0.000000e+00	0.000000e+00	4.224719e+16	1.182178e+13	6.168868e+10	4.228144e+17	1.694642e-04	6.515444e-11	5.594240e-10	1.481399e-05	4.890854e+03	9.104509e+03	9.557372e+01	3.862184e+05	1.398196e-11	2.110787e-08	1.601631e-09	5.428704e-24	0.000000e+00	0.000000e+00	9.434550e-07	7.010954e+02	2.563376e-07	0.000000e+00	0.000000e+00	0.000000e+00	0.000000e+00	0.000000e+00	0.000000e+00	0.000000e+00	3.368856e-09	0.000000e+00	0.000000e+00	0.000000e+00	0.000000e+00	0.000000e+00	0.000000e+00	0.000000e+00	0.000000e+00	0.000000e+00	0.000000e+00	0.000000e+00	0.000000e+00	0.000000e+00	0.000000e+00	0.000000e+00	0.000000e+00	0.000000e+00	0.000000e+00	0.000000e+00	0.000000e+00	0.000000e+00	0.000000e+00	0.000000e+00	0.000000e+00	0.000000e+00	1.278246e-67	1.028753e-30	7.031290e-30	2.002851e-13	5.853672e-25	0.000000e+00	
41.000000	40.000000	42.000000	192.749318	8.545509e+02	3.301148e+08	5.171073e+06	8.272613e+07	9.185680e+06	1.992778e+07	1.513123e+07	1.927968e+13	1.378337e-06	1.145868e-10	4.906987e-12	1.789808e+03	2.390057e-02	3.826902e-04	1.539026e-07	1.155111e-19	1.020642e-06	1.000266e-04	8.708015e-05	6.339162e-15	5.449098e+11	1.619208e+10	1.363067e+05	4.315795e-11	2.105026e+05	1.013503e+03	6.336117e-45	2.654701e-05	9.896990e-10	1.178698e-02	5.566721e-04	2.186114e+02	1.118735e-08	2.173423e-01	1.465650e-02	2.017953e-01	9.221226e-03	7.068773e-06	7.103698e-19	6.767299e-15	0.000000e+00	1.074388e-36	0.000000e+00	0.000000e+00	0.000000e+00	0.000000e+00	0.000000e+00	0.000000e+00	0.000000e+00	0.000000e+00	0.000000e+00	0.000000e+00	3.208503e+16	9.004570e+12	2.394845e+11	3.211140e+17	1.982770e-03	4.305851e-11	1.287369e-11	1.931587e-07	3.120426e+02	7.701653e+02	7.140203e+00	5.134700e+04	2.299655e-11	2.769270e-09	3.642100e-10	3.988067e-24	0.000000e+00	0.000000e+00	3.509269e-06	3.682690e+02	4.484245e-07	0.000000e+00	0.000000e+00	0.000000e+00	0.000000e+00	0.000000e+00	0.000000e+00	0.000000e+00	4.188030e-10	0.000000e+00	0.000000e+00	0.000000e+00	0.000000e+00	0.000000e+00	0.000000e+00	0.000000e+00	0.000000e+00	0.000000e+00	0.000000e+00	0.000000e+00	0.000000e+00	0.000000e+00	0.000000e+00	0.000000e+00	0.000000e+00	0.000000e+00	0.000000e+00	0.000000e+00	0.000000e+00	0.000000e+00	0.000000e+00	0.000000e+00	0.000000e+00	0.000000e+00	4.602601e-67	2.022602e-30	2.647634e-30	2.718043e-14	1.530072e-25	0.000000e+00	
43.000000	42.000000	44.000000	184.952065	5.933503e+02	4.774181e+08	9.417958e+06	6.245331e+07	5.843848e+06	1.337560e+07	7.964718e+06	5.256925e+12	3.412041e-06	5.263228e-11	4.942502e-12	1.702268e+03	2.251004e-02	2.526091e-04	1.133976e-07	5.124149e-20	3.624914e-07	4.892929e-05	3.110383e-05	1.366111e-15	7.484448e+11	1.170717e+10	5.036104e+04	1.783997e-11	7.427732e+04	2.791723e+02	2.816692e-46	1.401186e-05	2.208609e-10	3.752721e-03	1.265068e-04	1.424923e+02	9.186700e-09	8.682737e-02	5.643326e-03	7.859096e-02	3.463912e-03	6.591131e-06	2.137608e-19	2.989489e-15	0.000000e+00	1.516937e-36	0.000000e+00	0.000000e+00	0.000000e+00	0.000000e+00	0.000000e+00	0.000000e+00	0.000000e+00	0.000000e+00	0.000000e+00	0.000000e+00	2.321682e+16	6.544765e+12	3.649641e+11	2.323623e+17	4.900992e-03	4.051535e-11	5.724488e-12	2.827672e-08	7.005149e+01	3.521253e+02	1.438768e+00	2.344292e+04	2.052062e-11	4.308171e-10	4.795196e-11	1.564343e-24	0.000000e+00	0.000000e+00	1.409829e-06	9.332059e+01	5.779764e-07	0.000000e+00	0.000000e+00	0.000000e+00	3.181979e-38	2.665115e-71	0.000000e+00	0.000000e+00	1.324758e-10	0.000000e+00	0.000000e+00	0.000000e+00	0.000000e+00	0.000000e+00	0.000000e+00	0.000000e+00	0.000000e+00	0.000000e+00	0.000000e+00	0.000000e+00	0.000000e+00	0.000000e+00	0.000000e+00	0.000000e+00	0.000000e+00	0.000000e+00	0.000000e+00	0.000000e+00	0.000000e+00	0.000000e+00	0.000000e+00	0.000000e+00	0.000000e+00	0.000000e+00	4.621265e-67	2.050418e-30	2.000369e-30	4.209216e-15	3.514431e-26	0.000000e+00	
45.000000	44.000000	46.000000	180.349891	4.069586e+02	5.523761e+08	9.548473e+06	6.715057e+07	4.857220e+06	1.063368e+07	5.327314e+06	2.315558e+12	6.029687e-06	3.439663e-11	4.389924e-12	1.354116e+03	2.048144e-02	1.747590e-04	6.645720e-08	1.808081e-20	2.134271e-07	2.817902e-05	1.319431e-05	1.297969e-15	8.437637e+11	8.228653e+09	2.384451e+04	6.232936e-12	2.769438e+04	9.914497e+01	6.638952e-47	9.241006e-06	8.995271e-11	1.732995e-03	5.004208e-05	9.204190e+01	1.175250e-08	4.730887e-02	2.505067e-03	3.933053e-02	1.497314e-03	6.093947e-06	1.095682e-19	1.943690e-15	0.000000e+00	4.788042e-36	0.000000e+00	0.000000e+00	0.000000e+00	0.000000e+00	0.000000e+00	0.000000e+00	0.000000e+00	0.000000e+00	0.000000e+00	0.000000e+00	1.632964e+16	4.632238e+12	4.299415e+11	1.634363e+17	6.987611e-03	4.676647e-11	6.058545e-12	1.159783e-08	2.929684e+01	2.471033e+02	5.136702e-01	1.396464e+04	2.150997e-11	1.236905e-10	1.017491e-11	9.889150e-25	0.000000e+00	0.000000e+00	6.171425e-07	3.478980e+01	6.598486e-07	0.000000e+00	0.000000e+00	0.000000e+00	4.382520e-38	8.272417e-72	0.000000e+00	0.000000e+00	7.466234e-11	0.000000e+00	0.000000e+00	0.000000e+00	0.000000e+00	0.000000e+00	0.000000e+00	0.000000e+00	0.000000e+00	0.000000e+00	0.000000e+00	0.000000e+00	0.000000e+00	0.000000e+00	0.000000e+00	0.000000e+00	0.000000e+00	0.000000e+00	0.000000e+00	0.000000e+00	0.000000e+00	0.000000e+00	0.000000e+00	0.000000e+00	0.000000e+00	0.000000e+00	1.401812e-67	1.123435e-30	1.152334e-30	9.867970e-16	8.808554e-27	0.000000e+00	
47.000000	46.000000	48.000000	177.655966	2.771038e+02	5.387377e+08	6.848181e+06	8.475383e+07	4.616757e+06	9.792483e+06	4.609539e+06	1.404906e+12	8.861586e-06	2.508799e-11	3.690898e-12	9.359516e+02	1.823570e-02	1.363693e-04	3.581560e-08	6.419473e-21	1.679608e-07	1.736936e-05	6.876969e-06	2.490106e-15	8.611991e+11	5.683931e+09	1.344217e+04	2.156435e-12	1.124723e+04	4.984537e+01	5.041371e-47	8.116508e-06	5.967976e-11	1.043020e-03	2.810503e-05	5.890509e+01	2.024748e-08	2.794396e-02	1.151361e-03	2.218393e-02	7.137209e-04	5.658064e-06	8.310753e-20	1.682740e-15	0.000000e+00	0.000000e+00	0.000000e+00	0.000000e+00	0.000000e+00	0.000000e+00	0.000000e+00	0.000000e+00	0.000000e+00	0.000000e+00	0.000000e+00	0.000000e+00	1.128741e+16	3.229998e+12	4.503472e+11	1.129737e+17	7.204719e-03	6.129478e-11	9.748937e-12	8.576910e-09	1.770383e+01	2.086391e+02	2.565324e-01	9.322797e+03	2.875406e-11	5.494658e-11	3.333954e-12	9.982038e-25	0.000000e+00	0.000000e+00	3.300087e-07	1.784546e+01	7.098346e-07	0.000000e+00	0.000000e+00	0.000000e+00	0.000000e+00	0.000000e+00	0.000000e+00	0.000000e+00	6.049229e-11	0.000000e+00	0.000000e+00	0.000000e+00	0.000000e+00	0.000000e+00	0.000000e+00	0.000000e+00	0.000000e+00	0.000000e+00	0.000000e+00	0.000000e+00	0.000000e+00	0.000000e+00	0.000000e+00	0.000000e+00	0.000000e+00	0.000000e+00	0.000000e+00	0.000000e+00	0.000000e+00	0.000000e+00	0.000000e+00	0.000000e+00	0.000000e+00	0.000000e+00	2.330686e-68	4.533741e-31	5.774501e-31	3.851101e-16	2.970302e-27	0.000000e+00	
49.000000	48.000000	50.000000	175.866519	1.879284e+02	5.076038e+08	4.359324e+06	1.137390e+08	4.586150e+06	9.102168e+06	4.037056e+06	9.353485e+11	1.204851e-05	1.762179e-11	2.895266e-12	5.929802e+02	1.620122e-02	1.054794e-04	1.806772e-08	2.082020e-21	1.440280e-07	1.090694e-05	3.665758e-06	6.401005e-15	8.413491e+11	3.890936e+09	8.131259e+03	7.575872e-13	5.108287e+03	2.573214e+01	6.158485e-47	7.717478e-06	4.803884e-11	6.776485e-04	1.746409e-05	3.753997e+01	3.841237e-08	1.702374e-02	5.322484e-04	1.306999e-02	3.451243e-04	5.317226e-06	7.522669e-20	1.564360e-15	0.000000e+00	7.054005e-34	0.000000e+00	0.000000e+00	0.000000e+00	0.000000e+00	0.000000e+00	0.000000e+00	0.000000e+00	0.000000e+00	0.000000e+00	0.000000e+00	7.732622e+15	2.239457e+12	4.476958e+11	7.739706e+16	6.666087e-03	8.112195e-11	1.870289e-11	7.869582e-09	1.215747e+01	1.882723e+02	1.422029e-01	6.427844e+03	3.971040e-11	2.758283e-11	1.197202e-12	1.166987e-24	0.000000e+00	0.000000e+00	1.713776e-07	9.568463e+00	7.419295e-07	0.000000e+00	0.000000e+00	0.000000e+00	1.234600e-35	5.817261e-69	0.000000e+00	0.000000e+00	5.443724e-11	0.000000e+00	0.000000e+00	0.000000e+00	0.000000e+00	0.000000e+00	0.000000e+00	0.000000e+00	0.000000e+00	0.000000e+00	0.000000e+00	0.000000e+00	0.000000e+00	0.000000e+00	0.000000e+00	0.000000e+00	0.000000e+00	0.000000e+00	0.000000e+00	0.000000e+00	0.000000e+00	0.000000e+00	0.000000e+00	0.000000e+00	0.000000e+00	0.000000e+00	2.519638e-69	1.467558e-31	2.480111e-31	1.873319e-16	1.298208e-27	0.000000e+00	
51.000000	50.000000	52.000000	174.422261	1.270216e+02	4.937767e+08	2.757719e+06	1.547946e+08	4.541370e+06	8.023256e+06	3.185236e+06	6.124001e+11	1.604355e-05	1.133942e-11	2.139662e-12	3.563748e+02	1.453074e-02	7.586192e-05	8.600788e-09	5.837590e-22	1.220703e-07	6.810037e-06	1.801671e-06	1.759660e-14	8.125486e+11	2.649218e+09	4.963126e+03	2.677973e-13	2.565464e+03	1.144271e+01	7.817942e-47	6.912922e-06	3.815198e-11	4.293029e-04	1.056374e-05	2.390178e+01	7.285462e-08	1.043494e-02	2.415594e-04	7.738966e-03	1.623903e-04	5.058063e-06	7.182405e-20	1.390655e-15	0.000000e+00	0.000000e+00	0.000000e+00	0.000000e+00	0.000000e+00	0.000000e+00	0.000000e+00	0.000000e+00	0.000000e+00	0.000000e+00	0.000000e+00	0.000000e+00	5.269548e+15	1.550717e+12	4.371305e+11	5.274602e+16	6.164490e-03	1.028842e-10	3.711895e-11	7.292125e-09	8.296157e+00	1.720042e+02	7.660523e-02	4.398957e+03	4.851022e-11	1.303071e-11	3.866092e-13	1.275384e-24	0.000000e+00	0.000000e+00	7.749271e-08	4.643914e+00	7.633409e-07	0.000000e+00	0.000000e+00	0.000000e+00	0.000000e+00	0.000000e+00	0.000000e+00	0.000000e+00	4.768696e-11	0.000000e+00	0.000000e+00	0.000000e+00	0.000000e+00	0.000000e+00	0.000000e+00	0.000000e+00	0.000000e+00	0.000000e+00	0.000000e+00	0.000000e+00	0.000000e+00	0.000000e+00	0.000000e+00	0.000000e+00	0.000000e+00	0.000000e+00	0.000000e+00	0.000000e+00	0.000000e+00	0.000000e+00	0.000000e+00	0.000000e+00	0.000000e+00	0.000000e+00	2.032260e-70	4.097098e-32	9.353096e-32	9.023677e-17	5.869617e-28	0.000000e+00	
53.000000	52.000000	54.000000	174.163789	8.569556e+01	5.014906e+08	1.742979e+06	2.132763e+08	4.412494e+06	6.690411e+06	2.219950e+06	3.914478e+11	2.123673e-05	6.903489e-12	1.549659e-12	2.058315e+02	1.317427e-02	4.977502e-05	3.781824e-09	1.335503e-22	1.011994e-07	4.103528e-06	7.744344e-07	5.262381e-14	7.880133e+11	1.787878e+09	3.161630e+03	9.928414e-14	1.380865e+03	4.336503e+00	1.396850e-46	5.528089e-06	2.855542e-11	2.608667e-04	6.238257e-06	1.514712e+01	1.346363e-07	6.526363e-03	1.081777e-04	4.725544e-03	7.471660e-05	4.842684e-06	8.021599e-20	1.214643e-15	0.000000e+00	0.000000e+00	0.000000e+00	0.000000e+00	0.000000e+00	0.000000e+00	0.000000e+00	0.000000e+00	0.000000e+00	0.000000e+00	0.000000e+00	0.000000e+00	3.560157e+15	1.069558e+12	4.259286e+11	3.563809e+16	5.766871e-03	1.248053e-10	7.858671e-11	7.102036e-09	5.701435e+00	1.601570e+02	3.986195e-02	2.902424e+03	4.777407e-11	5.702275e-12	1.064322e-13	1.245308e-24	0.000000e+00	0.000000e+00	2.938745e-08	2.055875e+00	7.757692e-07	0.000000e+00	0.000000e+00	0.000000e+00	0.000000e+00	0.000000e+00	0.000000e+00	0.000000e+00	4.090811e-11	0.000000e+00	0.000000e+00	0.000000e+00	0.000000e+00	0.000000e+00	0.000000e+00	0.000000e+00	0.000000e+00	0.000000e+00	0.000000e+00	0.000000e+00	0.000000e+00	0.000000e+00	0.000000e+00	0.000000e+00	0.000000e+00	0.000000e+00	0.000000e+00	0.000000e+00	0.000000e+00	0.000000e+00	0.000000e+00	0.000000e+00	0.000000e+00	0.000000e+00	1.413167e-71	1.068726e-32	3.343478e-32	4.250731e-17	2.472078e-28	0.000000e+00	
55.000000	54.000000	56.000000	175.412262	5.789692e+01	5.359891e+08	1.115118e+06	2.940743e+08	4.132344e+06	5.283599e+06	1.364130e+06	2.433706e+11	2.852839e-05	4.341658e-12	1.205593e-12	1.155095e+02	1.212213e-02	2.980214e-05	1.543799e-09	2.474570e-23	8.106435e-08	2.346196e-06	2.848649e-07	1.613652e-13	7.781390e+11	1.197475e+09	2.120836e+03	3.947939e-14	7.668660e+02	1.398469e+00	3.850081e-46	3.848441e-06	1.924310e-11	1.484338e-04	3.561250e-06	9.569036e+00	2.369910e-07	4.199512e-03	4.798633e-05	3.000695e-03	3.393898e-05	4.669450e-06	1.053876e-19	1.054812e-15	0.000000e+00	4.443509e-35	0.000000e+00	0.000000e+00	0.000000e+00	0.000000e+00	0.000000e+00	0.000000e+00	0.000000e+00	0.000000e+00	0.000000e+00	0.000000e+00	2.387915e+15	7.361586e+11	4.199869e+11	2.390613e+16	5.529080e-03	1.451456e-10	1.713514e-10	7.118749e-09	3.881544e+00	1.510245e+02	1.950609e-02	1.809064e+03	3.624896e-11	2.262152e-12	2.394903e-14	1.049963e-24	0.000000e+00	0.000000e+00	9.333259e-09	8.262606e-01	7.849081e-07	0.000000e+00	0.000000e+00	0.000000e+00	8.127809e-37	8.348774e-71	0.000000e+00	0.000000e+00	3.397440e-11	0.000000e+00	0.000000e+00	0.000000e+00	0.000000e+00	0.000000e+00	0.000000e+00	0.000000e+00	0.000000e+00	0.000000e+00	0.000000e+00	0.000000e+00	0.000000e+00	0.000000e+00	0.000000e+00	0.000000e+00	0.000000e+00	0.000000e+00	0.000000e+00	0.000000e+00	0.000000e+00	0.000000e+00	0.000000e+00	0.000000e+00	0.000000e+00	0.000000e+00	1.196073e-72	3.166027e-33	1.359747e-32	2.049646e-17	9.719710e-29	0.000000e+00	
57.000000	56.000000	58.000000	177.166229	3.926349e+01	6.000733e+08	7.484333e+05	3.941811e+08	3.677549e+06	4.006282e+06	7.695105e+05	1.475488e+11	3.976763e-05	3.051741e-12	1.084180e-12	6.397073e+01	1.139219e-02	1.713730e-05	6.256657e-10	4.211679e-24	6.183725e-08	1.292611e-06	9.482921e-08	4.135014e-13	7.902490e+11	8.023566e+08	1.412006e+03	1.603393e-14	4.193284e+02	3.925189e-01	1.020767e-45	2.349813e-06	1.120291e-11	7.741495e-05	1.896117e-06	6.085160e+00	3.922942e-07	2.725593e-03	2.092718e-05	1.904225e-03	1.523471e-05	4.558907e-06	1.364371e-19	8.801533e-16	0.000000e+00	0.000000e+00	0.000000e+00	0.000000e+00	0.000000e+00	0.000000e+00	0.000000e+00	0.000000e+00	0.000000e+00	0.000000e+00	0.000000e+00	0.000000e+00	1.603093e+15	5.096255e+11	4.236924e+11	1.605173e+16	5.565268e-03	1.627836e-10	3.278878e-10	6.354698e-09	2.428311e+00	1.394209e+02	8.509296e-03	1.070544e+03	2.193449e-11	7.952331e-13	4.458623e-15	7.562590e-25	0.000000e+00	0.000000e+00	2.714677e-09	2.963972e-01	7.999776e-07	0.000000e+00	0.000000e+00	0.000000e+00	0.000000e+00	0.000000e+00	0.000000e+00	0.000000e+00	2.615330e-11	0.000000e+00	0.000000e+00	0.000000e+00	0.000000e+00	0.000000e+00	0.000000e+00	0.000000e+00	0.000000e+00	0.000000e+00	0.000000e+00	0.000000e+00	0.000000e+00	0.000000e+00	0.000000e+00	0.000000e+00	0.000000e+00	0.000000e+00	0.000000e+00	0.000000e+00	0.000000e+00	0.000000e+00	0.000000e+00	0.000000e+00	0.000000e+00	0.000000e+00	1.837092e-73	1.282645e-33	7.343400e-33	1.007607e-17	3.656591e-29	0.000000e+00	
59.000000	58.000000	60.000000	178.371374	2.672324e+01	7.000332e+08	5.432296e+05	5.025309e+08	3.083022e+06	2.941948e+06	4.109322e+05	8.733522e+10	5.814894e-05	2.267510e-12	1.057351e-12	3.544791e+01	1.093592e-02	9.910054e-06	2.679667e-10	7.488684e-25	4.425773e-08	6.950405e-07	3.028924e-08	7.601906e-13	8.226832e+11	5.408180e+08	8.765400e+02	6.280147e-15	2.169381e+02	9.787774e-02	1.693624e-45	1.284196e-06	5.581751e-12	3.676460e-05	9.128588e-07	3.925475e+00	1.392811e-06	1.772080e-03	8.911127e-06	1.158076e-03	6.743536e-06	4.509847e-06	1.469448e-19	6.818523e-16	0.000000e+00	0.000000e+00	0.000000e+00	0.000000e+00	0.000000e+00	0.000000e+00	0.000000e+00	0.000000e+00	0.000000e+00	0.000000e+00	0.000000e+00	0.000000e+00	1.083425e+15	3.563892e+11	4.367096e+11	1.085119e+16	6.017461e-03	1.760494e-10	4.847744e-10	4.467914e-09	1.313825e+00	1.224366e+02	3.213376e-03	6.060455e+02	1.132874e-11	2.447114e-13	7.148762e-16	4.702476e-25	0.000000e+00	0.000000e+00	7.818721e-10	9.399102e-02	8.268020e-07	0.000000e+00	0.000000e+00	0.000000e+00	0.000000e+00	0.000000e+00	0.000000e+00	0.000000e+00	2.023790e-11	0.000000e+00	0.000000e+00	0.000000e+00	0.000000e+00	0.000000e+00	0.000000e+00	0.000000e+00	0.000000e+00	0.000000e+00	0.000000e+00	0.000000e+00	0.000000e+00	0.000000e+00	0.000000e+00	0.000000e+00	0.000000e+00	0.000000e+00	0.000000e+00	0.000000e+00	0.000000e+00	0.000000e+00	0.000000e+00	0.000000e+00	0.000000e+00	0.000000e+00	4.541197e-74	6.473041e-34	4.691403e-33	4.574249e-18	1.268706e-29	0.000000e+00	
61.000000	60.000000	62.000000	178.950041	1.822688e+01	8.552193e+08	4.269005e+05	6.103152e+08	2.425147e+06	2.072601e+06	2.041194e+05	5.026428e+10	8.902708e-05	1.617977e-12	1.019172e-12	1.983090e+01	1.064478e-02	5.715844e-06	1.212771e-10	1.395587e-25	2.937372e-08	3.606649e-07	9.209734e-09	2.050794e-12	8.649937e+11	3.661529e+08	5.001384e+02	2.439619e-15	1.048397e+02	2.125048e-02	1.856577e-45	6.565812e-07	2.441162e-12	1.587629e-05	3.938905e-07	2.566769e+00	3.333064e-05	1.416135e-03	3.762426e-06	6.642550e-04	2.939919e-06	4.495482e-06	2.329673e-19	4.906663e-16	0.000000e+00	0.000000e+00	0.000000e+00	0.000000e+00	0.000000e+00	0.000000e+00	0.000000e+00	0.000000e+00	0.000000e+00	0.000000e+00	0.000000e+00	0.000000e+00	7.362670e+14	2.508798e+11	4.541075e+11	7.377255e+15	7.093449e-03	1.824228e-10	1.116850e-09	2.522165e-09	6.095893e-01	1.021191e+02	1.056064e-03	3.260635e+02	5.378798e-12	6.481080e-14	9.921550e-17	2.572069e-25	0.000000e+00	0.000000e+00	2.191888e-10	2.605859e-02	8.658587e-07	0.000000e+00	0.000000e+00	0.000000e+00	0.000000e+00	0.000000e+00	0.000000e+00	0.000000e+00	7.950884e-10	0.000000e+00	0.000000e+00	0.000000e+00	0.000000e+00	0.000000e+00	0.000000e+00	0.000000e+00	0.000000e+00	0.000000e+00	0.000000e+00	0.000000e+00	0.000000e+00	0.000000e+00	0.000000e+00	0.000000e+00	0.000000e+00	0.000000e+00	0.000000e+00	0.000000e+00	0.000000e+00	0.000000e+00	0.000000e+00	0.000000e+00	0.000000e+00	0.000000e+00	1.228870e-74	3.375588e-34	2.949922e-33	1.752801e-18	3.937642e-30	0.000000e+00	
63.000000	62.000000	64.000000	179.498688	1.244745e+01	1.107477e+09	3.563327e+05	7.181107e+08	1.786456e+06	1.373789e+06	9.003806e+04	2.796373e+10	1.420886e-04	1.078241e-12	9.528217e-13	1.131470e+01	1.041635e-02	3.146266e-06	5.553426e-11	2.488363e-26	1.797010e-08	1.764410e-07	2.521304e-09	8.731816e-10	9.038643e+11	2.477985e+08	2.672213e+02	1.704590e-15	4.839196e+01	3.814513e-03	2.896081e-45	5.040275e-07	1.442155e-12	9.309495e-06	1.534021e-07	1.691037e+00	8.769044e-04	3.572821e-03	2.459250e-06	3.566557e-04	1.263999e-06	4.488916e-06	5.192258e-17	3.391467e-16	0.000000e+00	0.000000e+00	0.000000e+00	0.000000e+00	0.000000e+00	0.000000e+00	0.000000e+00	0.000000e+00	0.000000e+00	0.000000e+00	0.000000e+00	0.000000e+00	5.009577e+14	1.765657e+11	4.695100e+11	5.022652e+15	9.351458e-03	1.803869e-10	4.168803e-07	4.970736e-08	2.474851e-01	8.223608e+01	3.118876e-04	1.641915e+02	3.790232e-12	1.439750e-14	1.167562e-17	1.869203e-25	0.000000e+00	0.000000e+00	5.528015e-11	6.193549e-03	9.160033e-07	0.000000e+00	0.000000e+00	0.000000e+00	0.000000e+00	0.000000e+00	0.000000e+00	0.000000e+00	4.534732e-07	0.000000e+00	0.000000e+00	0.000000e+00	0.000000e+00	0.000000e+00	0.000000e+00	0.000000e+00	0.000000e+00	0.000000e+00	0.000000e+00	0.000000e+00	0.000000e+00	0.000000e+00	0.000000e+00	0.000000e+00	0.000000e+00	0.000000e+00	0.000000e+00	0.000000e+00	0.000000e+00	0.000000e+00	0.000000e+00	0.000000e+00	0.000000e+00	0.000000e+00	3.165258e-75	1.711949e-34	1.747502e-33	5.588277e-19	1.598657e-30	0.000000e+00	
65.000000	64.000000	66.000000	180.305751	8.514594e+00	1.529573e+09	3.111472e+05	8.337695e+08	1.236929e+06	8.493217e+05	3.448684e+04	1.500565e+10	2.356284e-04	6.802547e-13	8.707045e-13	6.724563e+00	1.020081e-02	1.609068e-06	2.497045e-11	3.999687e-27	1.019904e-08	8.087413e-08	6.032324e-10	1.282574e-08	9.301270e+11	1.672743e+08	1.357605e+02	4.450461e-15	2.320064e+01	5.485365e-04	1.513856e-44	1.192311e-06	3.201731e-12	2.223390e-05	5.697687e-08	1.117620e+00	1.032758e-02	1.988559e-02	7.629699e-06	1.834723e-04	5.599922e-07	4.485127e-06	4.810389e-16	2.437839e-16	0.000000e+00	0.000000e+00	0.000000e+00	0.000000e+00	0.000000e+00	0.000000e+00	0.000000e+00	0.000000e+00	0.000000e+00	0.000000e+00	0.000000e+00	0.000000e+00	3.408282e+14	1.238062e+11	4.786631e+11	3.420340e+15	1.444923e-02	1.715061e-10	5.358060e-06	4.923344e-07	8.962447e-02	6.499200e+01	9.330151e-05	7.717579e+01	8.092570e-12	2.668965e-15	1.261582e-18	4.968757e-25	0.000000e+00	0.000000e+00	1.200509e-11	1.246962e-03	9.797978e-07	0.000000e+00	0.000000e+00	0.000000e+00	0.000000e+00	0.000000e+00	0.000000e+00	0.000000e+00	4.650683e-06	0.000000e+00	0.000000e+00	0.000000e+00	0.000000e+00	0.000000e+00	0.000000e+00	0.000000e+00	0.000000e+00	0.000000e+00	0.000000e+00	0.000000e+00	0.000000e+00	0.000000e+00	0.000000e+00	0.000000e+00	0.000000e+00	0.000000e+00	0.000000e+00	0.000000e+00	0.000000e+00	0.000000e+00	0.000000e+00	0.000000e+00	0.000000e+00	0.000000e+00	7.640163e-76	8.401661e-35	9.875477e-34	1.509209e-19	2.091832e-30	0.000000e+00	
67.000000	66.000000	68.000000	181.139978	5.836723e+00	2.266033e+09	2.819836e+05	9.866101e+08	8.219207e+05	4.951712e+05	1.169338e+04	7.776806e+09	4.081186e-04	4.193833e-13	7.786351e-13	4.305622e+00	9.958680e-03	7.614488e-07	1.092785e-11	5.755433e-28	5.490492e-09	3.549767e-08	1.282899e-10	2.324153e-07	9.396096e+11	1.126729e+08	7.069404e+01	1.669026e-14	1.401528e+01	6.565721e-05	1.222964e-43	4.478003e-06	1.755719e-11	1.395838e-04	3.703142e-08	7.393441e-01	9.212551e-02	9.258282e-02	3.944921e-05	1.562094e-04	4.590813e-07	4.487964e-06	4.948717e-15	2.938872e-16	0.000000e+00	7.345803e-36	0.000000e+00	0.000000e+00	0.000000e+00	0.000000e+00	0.000000e+00	0.000000e+00	0.000000e+00	0.000000e+00	0.000000e+00	0.000000e+00	2.322555e+14	8.648487e+10	4.797028e+11	2.333825e+15	2.676859e-02	1.621132e-10	8.193727e-05	6.064662e-06	3.111219e-02	5.165304e+01	4.909159e-05	3.464666e+01	2.632351e-11	4.571814e-16	2.097244e-19	3.175630e-24	0.000000e+00	0.000000e+00	2.268488e-12	2.232635e-04	1.061185e-06	0.000000e+00	0.000000e+00	0.000000e+00	3.824137e-37	1.615840e-72	0.000000e+00	0.000000e+00	6.046396e-05	0.000000e+00	0.000000e+00	0.000000e+00	0.000000e+00	0.000000e+00	0.000000e+00	0.000000e+00	0.000000e+00	0.000000e+00	0.000000e+00	0.000000e+00	0.000000e+00	0.000000e+00	0.000000e+00	0.000000e+00	0.000000e+00	0.000000e+00	0.000000e+00	0.000000e+00	0.000000e+00	0.000000e+00	0.000000e+00	0.000000e+00	0.000000e+00	0.000000e+00	1.628274e-76	3.870670e-35	5.326649e-34	3.650845e-20	4.913813e-30	0.000000e+00	
69.000000	68.000000	70.000000	181.812714	4.008380e+00	4.460343e+09	3.146895e+05	1.274557e+09	4.792666e+05	2.414459e+05	2.828543e+03	3.880007e+09	8.530245e-04	2.198441e-13	5.716156e-13	3.069132e+00	9.483505e-03	2.841273e-07	4.630262e-12	6.377290e-29	2.376454e-09	1.340059e-08	1.960312e-11	1.854538e-06	9.311689e+11	7.562990e+07	4.963660e+01	3.339906e-14	1.196893e+01	5.933680e-06	3.179652e-43	6.039713e-06	2.839158e-11	2.940442e-04	3.264827e-08	4.875791e-01	3.849594e-01	2.707239e-01	9.274055e-05	1.783251e-04	6.178166e-07	4.476906e-06	1.532246e-14	5.440027e-16	0.000000e+00	0.000000e+00	0.000000e+00	0.000000e+00	0.000000e+00	0.000000e+00	0.000000e+00	0.000000e+00	0.000000e+00	0.000000e+00	0.000000e+00	0.000000e+00	1.586235e+14	6.011396e+10	4.716208e+11	1.596831e+15	6.104365e-02	1.523598e-10	4.961547e-04	3.507252e-05	1.148801e-02	4.235695e+01	6.248618e-05	1.341356e+01	2.696308e-11	8.857213e-17	6.650571e-20	5.440018e-24	0.000000e+00	0.000000e+00	2.866020e-13	3.345675e-05	1.147356e-06	0.000000e+00	0.000000e+00	0.000000e+00	0.000000e+00	0.000000e+00	0.000000e+00	0.000000e+00	4.088173e-04	0.000000e+00	0.000000e+00	0.000000e+00	0.000000e+00	0.000000e+00	0.000000e+00	0.000000e+00	0.000000e+00	0.000000e+00	0.000000e+00	0.000000e+00	0.000000e+00	0.000000e+00	0.000000e+00	0.000000e+00	0.000000e+00	0.000000e+00	0.000000e+00	0.000000e+00	0.000000e+00	0.000000e+00	0.000000e+00	0.000000e+00	0.000000e+00	0.000000e+00	1.454535e-77	1.112326e-35	1.939564e-34	7.714197e-21	3.877360e-30	0.000000e+00	
71.000000	70.000000	72.000000	182.267246	2.756534e+00	1.624691e+10	6.274807e+05	1.638820e+09	1.527094e+05	6.421396e+04	2.464691e+02	1.839638e+09	2.371753e-03	6.112426e-14	2.154076e-13	2.451712e+00	7.956341e-03	9.152720e-08	2.518663e-12	7.704080e-30	4.875709e-10	2.458615e-09	1.589273e-12	3.905711e-06	9.043289e+11	5.042004e+07	4.864813e+01	2.291454e-14	1.048333e+01	3.154187e-07	6.235410e-44	8.104037e-07	5.124514e-12	8.766792e-05	3.722028e-09	3.183621e-01	5.751713e-01	4.745664e-01	7.622051e-05	2.566825e-05	2.000074e-07	4.382518e-06	6.775784e-15	2.921606e-16	0.000000e+00	0.000000e+00	0.000000e+00	0.000000e+00	0.000000e+00	0.000000e+00	0.000000e+00	0.000000e+00	0.000000e+00	0.000000e+00	0.000000e+00	0.000000e+00	1.085466e+14	4.151378e+10	4.501207e+11	1.095392e+15	1.713725e-01	1.026700e-10	7.741202e-04	9.085071e-05	4.632704e-03	2.676648e+01	6.262466e-05	2.520834e+00	2.229569e-12	2.528052e-17	1.510791e-20	7.483157e-25	0.000000e+00	0.000000e+00	1.773115e-14	3.156649e-06	1.188126e-06	0.000000e+00	0.000000e+00	0.000000e+00	0.000000e+00	0.000000e+00	0.000000e+00	0.000000e+00	1.692317e-03	0.000000e+00	0.000000e+00	0.000000e+00	0.000000e+00	0.000000e+00	0.000000e+00	0.000000e+00	0.000000e+00	0.000000e+00	0.000000e+00	0.000000e+00	0.000000e+00	0.000000e+00	0.000000e+00	0.000000e+00	0.000000e+00	0.000000e+00	0.000000e+00	0.000000e+00	0.000000e+00	0.000000e+00	0.000000e+00	0.000000e+00	0.000000e+00	0.000000e+00	2.485756e-79	9.129107e-37	1.992318e-35	1.172320e-21	4.959301e-31	0.000000e+00	
73.000000	72.000000	74.000000	182.340122	1.897235e+00	4.655995e+10	1.117763e+06	1.655450e+09	4.351233e+04	1.500681e+04	1.557050e+01	8.311182e+08	4.532538e-03	1.436114e-14	7.702410e-14	2.100032e+00	5.793196e-03	4.620295e-08	1.523977e-12	1.600843e-30	8.626464e-11	3.522034e-10	1.493376e-13	5.535240e-06	8.584169e+11	3.323144e+07	7.240152e+01	1.308935e-14	7.542897e+00	1.697648e-08	1.637495e-44	2.197724e-07	1.209904e-12	2.621425e-05	5.983070e-10	2.041177e-01	7.701092e-01	6.464773e-01	6.963066e-05	4.299135e-06	9.133761e-08	4.208489e-06	3.163645e-15	1.754183e-16	0.000000e+00	0.000000e+00	0.000000e+00	0.000000e+00	0.000000e+00	0.000000e+00	0.000000e+00	0.000000e+00	0.000000e+00	0.000000e+00	0.000000e+00	0.000000e+00	7.444308e+13	2.860937e+10	4.103261e+11	7.536206e+14	4.324867e-01	4.759185e-11	9.897402e-04	1.988250e-04	4.645452e-03	1.057940e+01	5.963424e-05	3.570938e-01	3.699439e-13	1.230870e-17	4.981977e-21	1.177875e-25	0.000000e+00	0.000000e+00	1.416064e-15	7.803389e-07	1.203007e-06	0.000000e+00	0.000000e+00	0.000000e+00	0.000000e+00	0.000000e+00	0.000000e+00	0.000000e+00	8.000932e-03	0.000000e+00	0.000000e+00	0.000000e+00	0.000000e+00	0.000000e+00	0.000000e+00	0.000000e+00	0.000000e+00	0.000000e+00	0.000000e+00	0.000000e+00	0.000000e+00	0.000000e+00	0.000000e+00	0.000000e+00	0.000000e+00	0.000000e+00	0.000000e+00	0.000000e+00	0.000000e+00	0.000000e+00	0.000000e+00	0.000000e+00	0.000000e+00	0.000000e+00	3.459283e-81	8.085741e-38	1.780932e-36	2.341201e-22	5.134102e-32	0.000000e+00	
75.000000	74.000000	76.000000	181.163524	1.304959e+00	8.656443e+10	1.446120e+06	1.417503e+09	1.606735e+04	4.305794e+03	1.175954e+00	3.610563e+08	6.132777e-03	3.557986e-15	3.273506e-14	1.829082e+00	4.201425e-03	2.443299e-08	7.059594e-13	2.811523e-31	1.987497e-11	6.635381e-11	1.906770e-14	8.984550e-06	8.026847e+11	2.155811e+07	1.394931e+02	8.878478e-15	4.772364e+00	1.481293e-09	1.046695e-44	2.527855e-07	6.289934e-13	1.573508e-05	2.313250e-10	1.279722e-01	1.239864e+00	8.040101e-01	8.443440e-05	1.749996e-06	7.718427e-08	3.984925e-06	2.973656e-15	1.362223e-16	0.000000e+00	0.000000e+00	0.000000e+00	0.000000e+00	0.000000e+00	0.000000e+00	0.000000e+00	0.000000e+00	0.000000e+00	0.000000e+00	0.000000e+00	0.000000e+00	5.132770e+13	1.979151e+10	3.612093e+11	5.217245e+14	9.111503e-01	2.053263e-11	1.659825e-03	4.266283e-04	7.555590e-03	3.796991e+00	5.648376e-05	6.561891e-02	2.966692e-13	7.412645e-18	1.790547e-21	4.474877e-26	0.000000e+00	0.000000e+00	1.499017e-16	4.441366e-07	1.210172e-06	0.000000e+00	0.000000e+00	0.000000e+00	0.000000e+00	0.000000e+00	0.000000e+00	0.000000e+00	3.651488e-02	0.000000e+00	0.000000e+00	0.000000e+00	0.000000e+00	0.000000e+00	0.000000e+00	0.000000e+00	0.000000e+00	0.000000e+00	0.000000e+00	0.000000e+00	0.000000e+00	0.000000e+00	0.000000e+00	0.000000e+00	0.000000e+00	0.000000e+00	0.000000e+00	0.000000e+00	0.000000e+00	0.000000e+00	0.000000e+00	0.000000e+00	0.000000e+00	0.000000e+00	5.223800e-83	1.141003e-38	2.193735e-37	8.702893e-23	5.654725e-33	0.000000e+00	
77.000000	76.000000	78.000000	180.080002	8.964173e-01	1.284562e+11	1.508106e+06	1.103335e+09	6.586289e+03	1.337741e+03	1.064874e-01	1.505176e+08	7.083905e-03	8.860197e-16	1.514872e-14	1.554050e+00	3.133725e-03	1.296116e-08	2.902707e-13	4.372469e-32	5.358627e-12	1.424873e-11	2.829962e-15	1.315600e-05	7.360209e+11	1.350845e+07	2.478081e+02	5.781377e-15	2.799783e+00	2.310865e-10	9.400346e-45	3.689960e-07	3.948616e-13	1.086902e-05	1.076104e-10	7.705767e-02	1.745139e+00	8.775962e-01	9.887812e-05	8.511647e-07	6.878492e-08	3.643006e-06	3.261851e-15	1.101752e-16	0.000000e+00	0.000000e+00	0.000000e+00	0.000000e+00	0.000000e+00	0.000000e+00	0.000000e+00	0.000000e+00	0.000000e+00	0.000000e+00	0.000000e+00	0.000000e+00	3.528944e+13	1.365448e+10	3.060060e+11	3.605431e+14	1.723755e+00	8.597403e-12	2.657548e-03	7.693513e-04	1.216278e-02	1.372992e+00	5.225895e-05	1.382283e-02	3.387054e-13	4.816657e-18	6.290997e-22	2.195063e-26	0.000000e+00	0.000000e+00	1.738819e-17	2.942266e-07	1.156979e-06	0.000000e+00	0.000000e+00	0.000000e+00	0.000000e+00	0.000000e+00	0.000000e+00	0.000000e+00	1.283310e-01	0.000000e+00	0.000000e+00	0.000000e+00	0.000000e+00	0.000000e+00	0.000000e+00	0.000000e+00	0.000000e+00	0.000000e+00	0.000000e+00	0.000000e+00	0.000000e+00	0.000000e+00	0.000000e+00	0.000000e+00	0.000000e+00	0.000000e+00	0.000000e+00	0.000000e+00	0.000000e+00	0.000000e+00	0.000000e+00	0.000000e+00	0.000000e+00	0.000000e+00	1.059539e-84	2.137913e-39	3.267612e-38	4.291788e-23	7.333115e-34	0.000000e+00	
79.000000	78.000000	80.000000	180.080002	6.155112e-01	1.688517e+11	1.316795e+06	8.111526e+08	2.737266e+03	4.195822e+02	1.017511e-02	5.961395e+07	7.567636e-03	2.194369e-16	7.480438e-15	1.267896e+00	2.380263e-03	6.855356e-09	1.115251e-13	6.171947e-33	1.567258e-12	3.092713e-12	4.242714e-16	1.583448e-05	6.636384e+11	8.002383e+06	3.440768e+02	3.095594e-15	1.507235e+00	3.930696e-11	1.235391e-44	4.578832e-07	2.348270e-13	6.543175e-06	5.402001e-11	4.355617e-02	1.936567e+00	8.310029e-01	1.024258e-04	4.283037e-07	6.157773e-08	3.163741e-06	3.261690e-15	9.269606e-17	0.000000e+00	0.000000e+00	0.000000e+00	0.000000e+00	0.000000e+00	0.000000e+00	0.000000e+00	0.000000e+00	0.000000e+00	0.000000e+00	0.000000e+00	0.000000e+00	2.407270e+13	9.357919e+09	2.489404e+11	2.475622e+14	3.032552e+00	3.527375e-12	3.539232e-03	1.093173e-03	1.636509e-02	5.137129e-01	4.624780e-05	2.992693e-03	3.606596e-13	2.925690e-18	2.040251e-22	1.060931e-26	0.000000e+00	0.000000e+00	1.985782e-18	1.704033e-07	1.025152e-06	0.000000e+00	0.000000e+00	0.000000e+00	0.000000e+00	0.000000e+00	0.000000e+00	0.000000e+00	3.329648e-01	0.000000e+00	0.000000e+00	0.000000e+00	0.000000e+00	0.000000e+00	0.000000e+00	0.000000e+00	0.000000e+00	0.000000e+00	0.000000e+00	0.000000e+00	0.000000e+00	0.000000e+00	0.000000e+00	0.000000e+00	0.000000e+00	0.000000e+00	0.000000e+00	0.000000e+00	0.000000e+00	0.000000e+00	0.000000e+00	0.000000e+00	0.000000e+00	0.000000e+00	3.584077e-86	4.826340e-40	5.513417e-39	1.982924e-23	1.116781e-34	0.000000e+00	
81.000000	80.000000	82.000000	180.080002	4.226314e-01	2.050041e+11	1.012143e+06	5.795718e+08	1.133082e+03	1.332000e+02	1.006313e-03	2.249001e+07	7.732784e-03	5.224385e-17	3.630481e-15	9.959196e-01	1.823351e-03	3.634902e-09	4.192960e-14	8.510884e-34	4.869020e-13	6.742519e-13	6.364835e-17	1.572953e-05	5.931039e+11	4.427916e+06	3.846882e+02	1.262088e-15	7.632569e-01	6.059912e-12	1.538738e-44	4.692272e-07	1.169264e-13	3.264558e-06	2.624186e-11	2.282130e-02	1.777238e+00	6.991349e-01	8.999657e-05	2.083437e-07	5.069770e-08	2.599614e-06	2.839402e-15	7.278335e-17	0.000000e+00	0.000000e+00	0.000000e+00	0.000000e+00	0.000000e+00	0.000000e+00	0.000000e+00	0.000000e+00	0.000000e+00	0.000000e+00	0.000000e+00	0.000000e+00	1.639172e+13	6.408437e+09	1.951202e+11	1.699851e+14	5.021833e+00	1.456565e-12	3.856449e-03	1.233558e-03	1.796067e-02	2.062800e-01	3.823674e-05	6.670395e-04	3.474434e-13	1.566191e-18	6.187622e-23	4.446009e-27	0.000000e+00	0.000000e+00	2.297873e-19	8.361943e-08	8.473495e-07	0.000000e+00	0.000000e+00	0.000000e+00	0.000000e+00	0.000000e+00	0.000000e+00	0.000000e+00	6.494320e-01	0.000000e+00	0.000000e+00	0.000000e+00	0.000000e+00	0.000000e+00	0.000000e+00	0.000000e+00	0.000000e+00	0.000000e+00	0.000000e+00	0.000000e+00	0.000000e+00	0.000000e+00	0.000000e+00	0.000000e+00	0.000000e+00	0.000000e+00	0.000000e+00	0.000000e+00	0.000000e+00	0.000000e+00	0.000000e+00	0.000000e+00	0.000000e+00	0.000000e+00	1.637627e-87	1.096050e-40	9.057531e-40	7.599258e-24	1.734318e-35	0.000000e+00	
83.000000	82.000000	84.000000	180.080002	2.901934e-01	2.339117e+11	6.853347e+05	4.075264e+08	4.565193e+02	4.239467e+01	1.008686e-04	8.043261e+06	7.633493e-03	1.207562e-17	1.738763e-15	7.523968e-01	1.384967e-03	1.904928e-09	1.537567e-14	1.131096e-34	1.572551e-13	1.418891e-13	9.231089e-18	1.318710e-05	5.255270e+11	2.248283e+06	3.498401e+02	3.840597e-16	3.601236e-01	8.018695e-13	1.846401e-44	3.938288e-07	4.727650e-14	1.312744e-06	1.204505e-11	1.088165e-02	1.393623e+00	5.378085e-01	6.834589e-05	9.570521e-08	3.768567e-08	2.016938e-06	2.118575e-15	5.325883e-17	0.000000e+00	0.000000e+00	0.000000e+00	0.000000e+00	0.000000e+00	0.000000e+00	0.000000e+00	0.000000e+00	0.000000e+00	0.000000e+00	0.000000e+00	0.000000e+00	1.113685e+13	4.384396e+09	1.465454e+11	1.167176e+14	7.828616e+00	6.084625e-13	3.452939e-03	1.126245e-03	1.615387e-02	9.106134e-02	2.859197e-05	1.494127e-04	3.003282e-13	7.055356e-19	1.679395e-23	1.555254e-27	0.000000e+00	0.000000e+00	2.637099e-20	3.420770e-08	6.595341e-07	0.000000e+00	0.000000e+00	0.000000e+00	0.000000e+00	0.000000e+00	0.000000e+00	0.000000e+00	9.753747e-01	0.000000e+00	0.000000e+00	0.000000e+00	0.000000e+00	0.000000e+00	0.000000e+00	0.000000e+00	0.000000e+00	0.000000e+00	0.000000e+00	0.000000e+00	0.000000e+00	0.000000e+00	0.000000e+00	0.000000e+00	0.000000e+00	0.000000e+00	0.000000e+00	0.000000e+00	0.000000e+00	0.000000e+00	0.000000e+00	0.000000e+00	0.000000e+00	0.000000e+00	8.086236e-89	2.464919e-41	1.444591e-40	2.393363e-24	2.443647e-36	0.000000e+00	
85.000000	84.000000	86.000000	180.080002	1.992569e-01	2.527666e+11	4.079686e+05	2.838264e+08	1.771584e+02	1.343486e+01	1.009262e-05	2.715067e+06	7.300989e-03	2.757709e-18	8.322398e-16	5.474899e-01	1.031894e-03	9.774883e-10	5.476853e-15	1.429723e-35	5.219073e-14	2.821209e-14	1.266679e-18	9.570388e-06	4.614084e+11	1.033582e+06	2.630109e+02	8.820025e-17	1.564695e-01	9.020141e-14	2.153251e-44	2.732146e-07	1.548465e-14	4.246353e-07	5.113292e-12	4.656810e-03	9.705305e-01	3.898113e-01	4.634013e-05	4.064575e-08	2.480120e-08	1.486720e-06	1.360885e-15	3.685546e-17	0.000000e+00	0.000000e+00	0.000000e+00	0.000000e+00	0.000000e+00	0.000000e+00	0.000000e+00	0.000000e+00	0.000000e+00	0.000000e+00	0.000000e+00	0.000000e+00	7.546383e+12	2.995750e+09	1.048284e+11	8.014223e+13	1.152715e+01	2.575626e-13	2.573366e-03	8.488213e-04	1.207189e-02	4.348486e-02	1.898640e-05	3.327870e-05	2.324863e-13	2.637677e-19	3.969322e-24	4.508664e-28	0.000000e+00	0.000000e+00	2.952404e-21	1.167841e-08	4.903476e-07	0.000000e+00	0.000000e+00	0.000000e+00	0.000000e+00	0.000000e+00	0.000000e+00	0.000000e+00	1.153635e+00	0.000000e+00	0.000000e+00	0.000000e+00	0.000000e+00	0.000000e+00	0.000000e+00	0.000000e+00	0.000000e+00	0.000000e+00	0.000000e+00	0.000000e+00	0.000000e+00	0.000000e+00	0.000000e+00	0.000000e+00	0.000000e+00	0.000000e+00	0.000000e+00	0.000000e+00	0.000000e+00	0.000000e+00	0.000000e+00	0.000000e+00	0.000000e+00	0.000000e+00	4.112776e-90	5.582646e-42	2.290818e-41	6.320138e-25	2.996948e-37	0.000000e+00	
87.000000	86.000000	88.000000	180.080002	1.368167e-01	2.597258e+11	2.133351e+05	1.963774e+08	6.630323e+01	4.211337e+00	9.949433e-07	8.626086e+05	6.771198e-03	6.323551e-19	4.034311e-16	3.851419e-01	7.519728e-04	4.900789e-10	1.896036e-15	1.715484e-36	1.774345e-14	5.291061e-15	1.638798e-19	6.168856e-06	4.010574e+11	4.271763e+05	1.665478e+02	1.583760e-17	6.240992e-02	8.662275e-15	2.371633e-44	1.591857e-07	4.197635e-15	1.128180e-07	1.977077e-12	1.775955e-03	6.260350e-01	2.730312e-01	2.921975e-05	1.571877e-08	1.425128e-08	1.052280e-06	7.888006e-16	2.463955e-17	0.000000e+00	0.000000e+00	0.000000e+00	0.000000e+00	0.000000e+00	0.000000e+00	0.000000e+00	0.000000e+00	0.000000e+00	0.000000e+00	0.000000e+00	0.000000e+00	5.097371e+12	2.043225e+09	7.101459e+10	5.502856e+13	1.617071e+01	1.104539e-13	1.623467e-03	5.390750e-04	7.628630e-03	2.132389e-02	1.116968e-05	7.377446e-06	1.607836e-13	8.241419e-20	8.130942e-25	1.103163e-28	0.000000e+00	0.000000e+00	3.195745e-22	3.355684e-09	3.533381e-07	0.000000e+00	0.000000e+00	0.000000e+00	0.000000e+00	0.000000e+00	0.000000e+00	0.000000e+00	1.098812e+00	0.000000e+00	0.000000e+00	0.000000e+00	0.000000e+00	0.000000e+00	0.000000e+00	0.000000e+00	0.000000e+00	0.000000e+00	0.000000e+00	0.000000e+00	0.000000e+00	0.000000e+00	0.000000e+00	0.000000e+00	0.000000e+00	0.000000e+00	0.000000e+00	0.000000e+00	0.000000e+00	0.000000e+00	0.000000e+00	0.000000e+00	0.000000e+00	0.000000e+00	2.208967e-91	1.303405e-42	3.710788e-42	1.436831e-25	3.211368e-38	0.000000e+00	
89.000000	88.000000	90.000000	180.080002	9.394310e-02	2.545592e+11	9.810895e+04	1.351159e+08	2.426316e+01	1.296488e+00	9.533800e-08	2.577531e+05	6.093744e-03	1.472255e-19	1.999694e-16	2.633609e-01	5.389555e-04	2.415077e-10	6.426087e-16	1.978594e-37	6.207149e-15	9.540794e-16	2.031747e-20	3.044845e-05	3.447322e+11	1.586154e+05	9.061306e+01	2.347355e-18	2.298303e-02	7.163588e-16	2.343671e-44	7.940328e-08	9.915309e-16	2.588193e-08	6.930053e-13	6.032662e-04	3.893610e-01	1.880739e-01	1.784733e-05	5.509720e-09	7.132560e-09	7.224450e-07	5.803884e-16	1.619792e-17	0.000000e+00	0.000000e+00	0.000000e+00	0.000000e+00	0.000000e+00	0.000000e+00	0.000000e+00	0.000000e+00	0.000000e+00	0.000000e+00	0.000000e+00	0.000000e+00	3.430680e+12	1.389983e+09	4.532613e+10	3.778446e+13	2.190618e+01	4.792219e-14	8.835637e-04	2.945914e-04	4.156338e-03	1.021415e-02	5.879079e-06	1.648065e-06	9.959824e-14	2.199396e-20	1.465316e-25	2.392689e-29	0.000000e+00	0.000000e+00	3.339320e-23	8.212527e-10	2.496998e-07	0.000000e+00	0.000000e+00	0.000000e+00	0.000000e+00	0.000000e+00	0.000000e+00	0.000000e+00	8.627410e-01	0.000000e+00	0.000000e+00	0.000000e+00	0.000000e+00	0.000000e+00	0.000000e+00	0.000000e+00	0.000000e+00	0.000000e+00	0.000000e+00	0.000000e+00	0.000000e+00	0.000000e+00	0.000000e+00	0.000000e+00	0.000000e+00	0.000000e+00	0.000000e+00	0.000000e+00	0.000000e+00	0.000000e+00	0.000000e+00	0.000000e+00	0.000000e+00	0.000000e+00	1.299053e-92	3.196542e-43	6.266003e-43	2.884688e-26	3.082053e-39	0.000000e+00	
91.000000	90.000000	92.000000	180.080002	6.450462e-02	2.386752e+11	3.975998e+04	9.242474e+07	8.934491e+00	3.888737e-01	8.748415e-09	7.252616e+04	5.326384e-03	3.498906e-20	1.018424e-16	1.761867e-01	3.850396e-04	1.185823e-10	2.162604e-16	2.253503e-38	2.259649e-15	1.724900e-16	2.507180e-21	4.132131e-03	2.925955e+11	5.314638e+04	4.321542e+01	3.054442e-19	7.903446e-03	5.155250e-17	2.038236e-44	3.460542e-08	2.238307e-16	5.610529e-09	2.215865e-13	1.833193e-04	2.410837e-01	1.287209e-01	1.090354e-05	1.761428e-09	3.137992e-09	4.840787e-07	1.064545e-15	1.055103e-17	0.000000e+00	0.000000e+00	0.000000e+00	0.000000e+00	0.000000e+00	0.000000e+00	0.000000e+00	0.000000e+00	0.000000e+00	0.000000e+00	0.000000e+00	0.000000e+00	2.299734e+12	9.420945e+08	2.712470e+10	2.594415e+13	2.913660e+01	2.098955e-14	4.231235e-04	1.414428e-04	1.991914e-03	4.655476e-03	2.818188e-06	3.808214e-07	5.585161e-14	5.179107e-21	2.394253e-26	5.035348e-30	0.000000e+00	0.000000e+00	3.386296e-24	1.735533e-10	1.744522e-07	0.000000e+00	0.000000e+00	0.000000e+00	0.000000e+00	0.000000e+00	0.000000e+00	0.000000e+00	5.720278e-01	0.000000e+00	0.000000e+00	0.000000e+00	0.000000e+00	0.000000e+00	0.000000e+00	0.000000e+00	0.000000e+00	0.000000e+00	0.000000e+00	0.000000e+00	0.000000e+00	0.000000e+00	0.000000e+00	0.000000e+00	0.000000e+00	0.000000e+00	0.000000e+00	0.000000e+00	0.000000e+00	0.000000e+00	0.000000e+00	0.000000e+00	0.000000e+00	0.000000e+00	8.588467e-94	8.324712e-44	1.115067e-43	5.229216e-27	2.745598e-40	0.000000e+00	
93.000000	92.000000	94.000000	180.080002	4.429111e-02	2.145555e+11	1.421896e+04	6.277326e+07	3.474843e+00	1.127065e-01	7.570635e-10	1.927424e+04	4.523773e-03	8.493134e-21	5.336039e-17	1.161060e-01	2.793692e-04	5.911536e-11	7.363416e-17	2.630003e-39	8.693995e-16	3.343169e-17	3.279815e-22	4.607697e-01	2.446232e+11	1.619615e+04	1.842603e+01	3.678980e-20	2.571941e-03	3.271608e-18	1.598643e-44	1.344542e-08	5.437644e-17	1.289718e-09	6.564047e-14	5.018845e-05	1.515753e-01	8.797655e-02	6.789684e-06	5.216212e-10	1.236382e-09	3.170400e-07	6.276783e-15	6.798934e-18	0.000000e+00	0.000000e+00	0.000000e+00	0.000000e+00	0.000000e+00	0.000000e+00	0.000000e+00	0.000000e+00	0.000000e+00	0.000000e+00	0.000000e+00	0.000000e+00	1.535361e+12	6.351019e+08	1.514686e+10	1.781415e+13	3.863287e+01	9.253758e-15	1.818860e-04	6.090582e-05	8.567762e-04	2.010313e-03	1.256660e-06	9.520798e-08	2.883223e-14	1.118994e-21	3.686910e-27	1.155731e-30	0.000000e+00	0.000000e+00	3.366814e-25	3.222547e-11	1.210742e-07	0.000000e+00	0.000000e+00	0.000000e+00	0.000000e+00	0.000000e+00	0.000000e+00	0.000000e+00	3.280800e-01	0.000000e+00	0.000000e+00	0.000000e+00	0.000000e+00	0.000000e+00	0.000000e+00	0.000000e+00	0.000000e+00	0.000000e+00	0.000000e+00	0.000000e+00	0.000000e+00	0.000000e+00	0.000000e+00	0.000000e+00	0.000000e+00	0.000000e+00	0.000000e+00	0.000000e+00	0.000000e+00	0.000000e+00	0.000000e+00	0.000000e+00	0.000000e+00	0.000000e+00	6.470410e-95	2.313124e-44	2.098465e-44	8.722936e-28	2.370827e-41	0.000000e+00	
95.000000	94.000000	96.000000	180.080002	3.041184e-02	1.849917e+11	4.492696e+03	4.222689e+07	1.534261e+00	3.139391e-02	6.116708e-11	4.863125e+03	3.728419e-03	2.100699e-21	2.875594e-17	7.596367e-02	2.101675e-04	3.054821e-11	2.588020e-17	3.276377e-40	3.594528e-16	7.622668e-18	4.984499e-23	1.655932e+01	2.005815e+11	4.539225e+03	7.168912e+00	4.237158e-21	8.029577e-04	1.872128e-19	1.173855e-44	4.752032e-09	1.524896e-17	3.355042e-10	1.843786e-14	1.249084e-05	9.755683e-02	6.017062e-02	4.340425e-06	1.464465e-10	4.475446e-10	2.029461e-07	1.217855e-13	4.315122e-18	0.000000e+00	0.000000e+00	0.000000e+00	0.000000e+00	0.000000e+00	0.000000e+00	0.000000e+00	0.000000e+00	0.000000e+00	0.000000e+00	0.000000e+00	0.000000e+00	1.021618e+12	4.247803e+08	7.872496e+09	1.223183e+13	5.140743e+01	4.091412e-15	7.170383e-05	2.403871e-05	3.379512e-04	8.303628e-04	5.319845e-07	2.757397e-08	1.398075e-14	2.314913e-22	5.571410e-28	3.098113e-31	0.000000e+00	0.000000e+00	3.331850e-26	5.431904e-12	8.369031e-08	0.000000e+00	0.000000e+00	0.000000e+00	0.000000e+00	0.000000e+00	0.000000e+00	0.000000e+00	1.667953e-01	0.000000e+00	0.000000e+00	0.000000e+00	0.000000e+00	0.000000e+00	0.000000e+00	0.000000e+00	0.000000e+00	0.000000e+00	0.000000e+00	0.000000e+00	0.000000e+00	0.000000e+00	0.000000e+00	0.000000e+00	0.000000e+00	0.000000e+00	0.000000e+00	0.000000e+00	0.000000e+00	0.000000e+00	0.000000e+00	0.000000e+00	0.000000e+00	0.000000e+00	5.592640e-96	6.875596e-45	4.176270e-45	1.362843e-28	2.082677e-42	0.000000e+00	
97.000000	96.000000	98.000000	180.080002	2.088183e-02	1.525231e+11	1.267474e+03	2.801709e+07	8.378687e-01	8.485949e-03	4.695867e-12	1.185470e+03	2.966743e-03	5.274849e-22	1.594102e-17	4.999055e-02	1.684744e-04	1.681657e-11	9.633690e-18	4.594034e-41	1.632233e-16	2.290519e-18	9.921857e-24	2.708063e+02	1.601160e+11	1.199423e+03	2.631865e+00	4.746710e-22	2.499329e-04	1.016536e-20	8.311536e-45	1.573822e-09	4.871754e-18	9.671169e-11	5.108702e-15	2.879767e-06	6.431581e-02	4.120757e-02	2.849341e-06	4.055726e-11	1.549717e-10	1.277966e-07	1.857879e-12	2.705884e-18	0.000000e+00	0.000000e+00	0.000000e+00	0.000000e+00	0.000000e+00	0.000000e+00	0.000000e+00	0.000000e+00	0.000000e+00	0.000000e+00	0.000000e+00	0.000000e+00	6.790889e+11	2.807859e+08	3.849728e+09	8.398768e+12	6.877358e+01	1.805077e-15	2.686251e-05	9.014312e-06	1.266809e-04	3.352972e-04	2.211759e-07	1.004059e-08	6.569822e-15	4.887425e-23	8.782369e-29	9.552441e-32	0.000000e+00	0.000000e+00	3.401856e-27	9.159128e-13	5.769062e-08	0.000000e+00	0.000000e+00	0.000000e+00	0.000000e+00	0.000000e+00	0.000000e+00	0.000000e+00	7.796157e-02	0.000000e+00	0.000000e+00	0.000000e+00	0.000000e+00	0.000000e+00	0.000000e+00	0.000000e+00	0.000000e+00	0.000000e+00	0.000000e+00	0.000000e+00	0.000000e+00	0.000000e+00	0.000000e+00	0.000000e+00	0.000000e+00	0.000000e+00	0.000000e+00	0.000000e+00	0.000000e+00	0.000000e+00	0.000000e+00	0.000000e+00	0.000000e+00	0.000000e+00	5.601808e-97	2.197677e-45	8.793552e-46	2.045605e-29	1.959297e-43	0.000000e+00	
99.000000	98.000000	100.000000	180.080002	1.433819e-02	1.191091e+11	3.411638e+02	1.820787e+07	7.798455e-01	2.402308e-03	4.230923e-13	3.228108e+02	2.246824e-03	1.359519e-22	9.118330e-18	3.400012e-02	1.521243e-04	1.042393e-11	4.000275e-18	8.096417e-42	8.533994e-17	1.319695e-18	3.745274e-24	3.091245e+03	1.228491e+11	3.477526e+02	1.077003e+00	5.748220e-23	1.032842e-04	7.033361e-22	5.776062e-45	5.741009e-10	1.960929e-18	3.362954e-11	2.092673e-15	7.101149e-07	4.332782e-02	2.825949e-02	1.917222e-06	1.656671e-11	7.645666e-11	8.135375e-08	2.440561e-11	1.720383e-18	0.000000e+00	0.000000e+00	0.000000e+00	0.000000e+00	0.000000e+00	0.000000e+00	0.000000e+00	0.000000e+00	0.000000e+00	0.000000e+00	0.000000e+00	0.000000e+00	4.533781e+11	1.823002e+08	1.906594e+09	5.766900e+12	1.348249e+02	7.936328e-16	1.132940e-05	3.812386e-06	5.353505e-05	1.435579e-04	1.455915e-07	6.315964e-09	3.540842e-15	1.441325e-23	2.410319e-29	3.728812e-32	0.000000e+00	0.000000e+00	4.087381e-28	2.730430e-13	3.967764e-08	0.000000e+00	0.000000e+00	0.000000e+00	0.000000e+00	0.000000e+00	0.000000e+00	0.000000e+00	3.955399e-02	0.000000e+00	0.000000e+00	0.000000e+00	0.000000e+00	0.000000e+00	0.000000e+00	0.000000e+00	0.000000e+00	0.000000e+00	0.000000e+00	0.000000e+00	0.000000e+00	0.000000e+00	0.000000e+00	0.000000e+00	0.000000e+00	0.000000e+00	0.000000e+00	0.000000e+00	0.000000e+00	0.000000e+00	0.000000e+00	0.000000e+00	0.000000e+00	0.000000e+00	7.005308e-98	7.828899e-46	1.985033e-46	3.423839e-30	2.305587e-44	0.000000e+00	
