z		z0		z1		T		P		1		2		3		4		5		6		7		8		9		10		11		12		13		14		15		16		17		18		19		20		21		22		23		24		25		26		27		28		29		30		31		32		33		34		35		36		37		38		39		40		41		42		43		44		45		46		47		48		49		50		51		52		53		54		55		56		57		58		59		60		61		62		63		64		65		66		67		68		69		70		71		72		73		74		75		76		77		78		79		80		81		82		83		84		85		86		87		88		89		90		91		92		93		94		95		96		97		98		99		100		101		102		103		104		105		106		107		108		109		110		111		
km		km		km		K		Pa		
0.500000	0.000000	1.000000	280.786111	9.148344e+04	6.808678e+04	1.279231e+04	1.686499e+05	4.650975e+03	1.665417e+08	1.210193e+10	2.359830e+17	0.000000e+00	0.000000e+00	0.000000e+00	0.000000e+00	0.000000e+00	0.000000e+00	0.000000e+00	0.000000e+00	0.000000e+00	0.000000e+00	0.000000e+00	2.016239e-28	8.445735e+14	4.619522e+13	9.457654e+09	2.545139e+04	8.915876e+06	5.745457e+01	0.000000e+00	1.666644e-03	8.128915e-04	1.788028e+05	5.117686e+03	1.253306e+11	6.444068e-14	7.716049e+03	3.380483e+02	2.455739e+05	2.476147e+02	0.000000e+00	0.000000e+00	0.000000e+00	1.364753e+03	3.163913e+02	2.423109e+07	2.725310e+09	1.234083e-01	3.641264e+09	1.496855e+06	5.650801e+08	1.267365e+04	0.000000e+00	0.000000e+00	0.000000e+00	2.123847e+19	1.755809e+15	4.956521e+08	2.359830e+18	1.165620e-09	0.000000e+00	8.835887e-20	1.878726e-08	1.549689e+04	1.145418e+08	7.184841e+02	1.231444e+00	1.235415e-14	0.000000e+00	0.000000e+00	0.000000e+00	1.474200e+05	0.000000e+00	0.000000e+00	3.044724e-04	0.000000e+00	4.432382e+07	1.419039e-03	9.731655e-03	1.357768e-04	1.177665e-03	3.168758e+08	1.418371e+04	3.797226e-07	0.000000e+00	0.000000e+00	0.000000e+00	0.000000e+00	0.000000e+00	0.000000e+00	0.000000e+00	0.000000e+00	0.000000e+00	0.000000e+00	0.000000e+00	0.000000e+00	0.000000e+00	0.000000e+00	0.000000e+00	0.000000e+00	0.000000e+00	0.000000e+00	0.000000e+00	0.000000e+00	0.000000e+00	0.000000e+00	0.000000e+00	0.000000e+00	0.000000e+00	0.000000e+00	0.000000e+00	0.000000e+00	0.000000e+00	0.000000e+00	3.010739e-04	
1.500000	1.000000	2.000000	266.358333	7.619615e+04	3.461947e+05	5.872404e+05	1.016583e+05	4.474813e+03	2.146898e+08	2.697225e+10	1.872737e+16	0.000000e+00	0.000000e+00	0.000000e+00	0.000000e+00	0.000000e+00	0.000000e+00	0.000000e+00	0.000000e+00	0.000000e+00	0.000000e+00	0.000000e+00	2.588301e-26	7.416378e+14	4.055956e+13	1.542776e+09	6.294513e+04	7.615917e+06	7.792086e+01	0.000000e+00	4.482706e-02	1.621266e-02	5.879355e+05	6.391118e+04	1.100077e+11	4.617417e-12	2.182814e+04	4.881080e+02	9.643976e+05	1.223948e+04	0.000000e+00	0.000000e+00	0.000000e+00	6.537822e+04	9.770960e+03	5.805803e+08	3.390590e+09	3.040425e+00	1.526751e+09	3.809469e+06	2.677682e+08	7.433860e+05	0.000000e+00	0.000000e+00	0.000000e+00	1.864760e+19	1.541609e+15	2.135872e+10	2.071956e+18	8.930208e-08	0.000000e+00	1.474911e-17	4.535215e-07	9.331987e+03	4.671969e+06	1.402885e+01	1.553711e-01	3.867725e-12	0.000000e+00	0.000000e+00	0.000000e+00	5.029731e+03	0.000000e+00	0.000000e+00	7.649399e-03	0.000000e+00	3.614123e+07	2.478791e-03	1.699974e-02	1.719416e-01	9.909903e-01	5.110957e+08	1.245341e+04	1.156055e-05	0.000000e+00	0.000000e+00	0.000000e+00	0.000000e+00	0.000000e+00	0.000000e+00	0.000000e+00	0.000000e+00	0.000000e+00	0.000000e+00	0.000000e+00	0.000000e+00	0.000000e+00	0.000000e+00	0.000000e+00	0.000000e+00	0.000000e+00	0.000000e+00	0.000000e+00	0.000000e+00	0.000000e+00	0.000000e+00	0.000000e+00	0.000000e+00	0.000000e+00	0.000000e+00	0.000000e+00	0.000000e+00	0.000000e+00	0.000000e+00	4.276607e-02	
2.500000	2.000000	3.000000	251.930556	6.281936e+04	9.152482e+05	4.595244e+06	1.376526e+05	6.209692e+03	2.034129e+08	2.918444e+10	5.278257e+15	0.000000e+00	0.000000e+00	0.000000e+00	0.000000e+00	0.000000e+00	0.000000e+00	0.000000e+00	0.000000e+00	0.000000e+00	0.000000e+00	0.000000e+00	5.039661e-25	6.465972e+14	3.535378e+13	2.599488e+08	4.891336e+04	6.480435e+06	7.518961e+01	0.000000e+00	2.051922e-01	3.574703e-02	7.830281e+05	1.014846e+05	9.584440e+10	5.709384e-11	3.649479e+04	3.700532e+02	2.507470e+06	2.247847e+04	0.000000e+00	0.000000e+00	0.000000e+00	7.981644e+04	2.998373e+03	7.061745e+08	3.601597e+09	1.978384e+01	4.146045e+08	9.941575e+05	3.620336e+07	3.179964e+05	0.000000e+00	0.000000e+00	0.000000e+00	1.625432e+19	1.343746e+15	7.884017e+10	1.806037e+18	1.046468e-06	0.000000e+00	1.642570e-16	1.325140e-06	3.303981e+03	1.189882e+06	7.300906e-01	4.836255e-02	4.232838e-11	0.000000e+00	0.000000e+00	0.000000e+00	2.162812e+03	0.000000e+00	0.000000e+00	9.614267e-03	0.000000e+00	3.894141e+07	3.646165e-03	2.502997e-02	5.763062e-02	9.435599e-02	6.634614e+08	1.085442e+04	3.121544e-05	0.000000e+00	0.000000e+00	0.000000e+00	0.000000e+00	0.000000e+00	0.000000e+00	0.000000e+00	0.000000e+00	0.000000e+00	0.000000e+00	0.000000e+00	0.000000e+00	0.000000e+00	0.000000e+00	0.000000e+00	0.000000e+00	0.000000e+00	0.000000e+00	0.000000e+00	0.000000e+00	0.000000e+00	0.000000e+00	0.000000e+00	0.000000e+00	0.000000e+00	0.000000e+00	0.000000e+00	0.000000e+00	0.000000e+00	0.000000e+00	7.243150e-01	
3.500000	3.000000	4.000000	237.502778	5.120354e+04	2.020504e+06	1.776662e+07	1.863091e+05	8.009677e+03	1.910344e+08	2.641003e+10	1.270470e+15	0.000000e+00	0.000000e+00	0.000000e+00	0.000000e+00	0.000000e+00	0.000000e+00	0.000000e+00	0.000000e+00	0.000000e+00	0.000000e+00	0.000000e+00	3.456277e-24	5.592601e+14	3.056692e+13	4.873602e+07	2.987348e+04	5.487225e+06	5.494564e+01	0.000000e+00	4.858371e-01	3.622726e-02	6.064768e+05	6.956943e+04	8.282680e+10	3.255629e-10	4.802286e+04	2.810783e+02	3.476559e+06	1.955899e+04	0.000000e+00	0.000000e+00	0.000000e+00	4.514100e+04	3.396055e+02	4.847317e+08	3.307760e+09	1.197271e+02	9.451825e+07	1.696928e+05	4.818918e+06	8.505290e+04	0.000000e+00	0.000000e+00	0.000000e+00	1.405359e+19	1.161805e+15	1.667861e+11	1.561512e+18	5.828818e-06	0.000000e+00	6.363680e-16	1.663200e-06	1.304711e+03	5.214095e+05	1.467468e-01	1.808412e-02	1.856011e-10	0.000000e+00	0.000000e+00	0.000000e+00	1.343742e+03	0.000000e+00	0.000000e+00	7.686118e-03	0.000000e+00	4.506424e+07	4.616422e-03	3.171554e-02	3.324291e-03	1.256348e-03	7.712121e+08	9.383217e+03	3.241305e-05	0.000000e+00	0.000000e+00	0.000000e+00	0.000000e+00	0.000000e+00	0.000000e+00	0.000000e+00	0.000000e+00	0.000000e+00	0.000000e+00	0.000000e+00	0.000000e+00	0.000000e+00	0.000000e+00	0.000000e+00	0.000000e+00	0.000000e+00	0.000000e+00	0.000000e+00	0.000000e+00	0.000000e+00	0.000000e+00	0.000000e+00	0.000000e+00	0.000000e+00	0.000000e+00	0.000000e+00	0.000000e+00	0.000000e+00	0.000000e+00	2.213009e+00	
4.500000	4.000000	5.000000	223.075000	4.120306e+04	4.234096e+06	5.117328e+07	2.487535e+05	1.021432e+04	1.775098e+08	2.238254e+10	2.534239e+14	0.000000e+00	0.000000e+00	0.000000e+00	0.000000e+00	0.000000e+00	0.000000e+00	0.000000e+00	0.000000e+00	0.000000e+00	0.000000e+00	0.000000e+00	1.417261e-23	4.794148e+14	2.618765e+13	1.327804e+07	1.691881e+04	4.615331e+06	3.402791e+01	0.000000e+00	8.931095e-01	2.530638e-02	3.679643e+05	3.382535e+04	7.092653e+10	1.424907e-09	5.440833e+04	3.351321e+02	3.392162e+06	1.464119e+04	0.000000e+00	0.000000e+00	0.000000e+00	1.999336e+04	3.613486e+01	2.631448e+08	2.864073e+09	8.055797e+02	1.899335e+07	2.877669e+04	8.316190e+05	2.626476e+04	0.000000e+00	0.000000e+00	0.000000e+00	1.204023e+19	9.953560e+14	2.780795e+11	1.337804e+18	2.378599e-05	0.000000e+00	1.474005e-15	1.562445e-06	5.884134e+02	2.775917e+05	7.962166e-02	7.491384e-03	5.701160e-10	0.000000e+00	0.000000e+00	0.000000e+00	9.973584e+02	0.000000e+00	0.000000e+00	5.504016e-03	0.000000e+00	5.104166e+07	5.504888e-03	3.784018e-02	1.419519e-04	1.503434e-05	8.318886e+08	8.037197e+03	2.282302e-05	0.000000e+00	0.000000e+00	0.000000e+00	0.000000e+00	0.000000e+00	0.000000e+00	0.000000e+00	0.000000e+00	0.000000e+00	0.000000e+00	0.000000e+00	0.000000e+00	0.000000e+00	0.000000e+00	0.000000e+00	0.000000e+00	0.000000e+00	0.000000e+00	0.000000e+00	0.000000e+00	0.000000e+00	0.000000e+00	0.000000e+00	0.000000e+00	0.000000e+00	0.000000e+00	0.000000e+00	0.000000e+00	0.000000e+00	0.000000e+00	3.642228e+00	
5.500000	5.000000	6.000000	208.647222	3.267627e+04	7.134658e+06	1.039937e+08	3.140270e+05	1.288362e+04	1.618919e+08	1.842976e+10	4.031959e+13	0.000000e+00	0.000000e+00	0.000000e+00	0.000000e+00	0.000000e+00	0.000000e+00	0.000000e+00	0.000000e+00	0.000000e+00	0.000000e+00	0.000000e+00	4.103881e-23	4.068357e+14	2.220421e+13	5.653078e+06	9.263832e+03	3.847643e+06	1.880882e+01	1.008174e-26	1.450257e+00	1.335951e-02	2.185318e+05	1.599814e+04	6.011062e+10	5.178858e-09	5.559677e+04	3.497083e+02	2.666681e+06	1.008077e+04	0.000000e+00	0.000000e+00	0.000000e+00	9.700447e+03	6.028063e+00	1.503024e+08	2.363879e+09	5.570846e+03	3.418720e+06	5.352890e+03	2.112598e+05	1.058870e+04	0.000000e+00	0.000000e+00	0.000000e+00	1.020883e+19	8.439520e+14	4.053210e+11	1.134315e+18	6.790704e-05	0.000000e+00	2.514023e-15	1.298987e-06	2.786273e+02	1.543109e+05	5.655175e-02	3.346126e-03	1.505806e-09	0.000000e+00	0.000000e+00	0.000000e+00	8.081009e+02	0.000000e+00	0.000000e+00	3.598741e-03	0.000000e+00	5.410052e+07	6.255314e-03	4.300845e-02	1.047307e-05	4.524787e-07	8.440976e+08	6.812938e+03	1.545098e-05	0.000000e+00	0.000000e+00	0.000000e+00	0.000000e+00	0.000000e+00	0.000000e+00	0.000000e+00	0.000000e+00	0.000000e+00	0.000000e+00	0.000000e+00	0.000000e+00	0.000000e+00	0.000000e+00	0.000000e+00	0.000000e+00	0.000000e+00	0.000000e+00	0.000000e+00	0.000000e+00	0.000000e+00	0.000000e+00	0.000000e+00	0.000000e+00	0.000000e+00	0.000000e+00	0.000000e+00	0.000000e+00	0.000000e+00	0.000000e+00	4.835155e+00	
6.500000	6.000000	7.000000	196.405694	2.551961e+04	1.071348e+07	1.659685e+08	3.778453e+05	1.627214e+04	1.477673e+08	1.478240e+10	6.843899e+12	0.000000e+00	0.000000e+00	0.000000e+00	0.000000e+00	0.000000e+00	0.000000e+00	0.000000e+00	0.000000e+00	0.000000e+00	0.000000e+00	0.000000e+00	1.139930e-22	3.379374e+14	1.842184e+13	3.085524e+06	5.043174e+03	3.141723e+06	9.933329e+00	0.000000e+00	2.241428e+00	6.890289e-03	1.404521e+05	8.022507e+03	4.984947e+10	1.814005e-08	5.246685e+04	3.254662e+02	1.916087e+06	7.164696e+03	0.000000e+00	0.000000e+00	0.000000e+00	5.554436e+03	1.650251e+00	9.533665e+07	1.881062e+09	3.203344e+04	5.735670e+05	1.311734e+03	7.398823e+04	5.397382e+03	0.000000e+00	0.000000e+00	0.000000e+00	8.469854e+18	7.001900e+14	5.358448e+11	9.410957e+17	1.535946e-04	0.000000e+00	4.152414e-15	1.121708e-06	1.457392e+02	8.667259e+04	4.666326e-02	1.629694e-03	3.792520e-09	0.000000e+00	0.000000e+00	0.000000e+00	6.870440e+02	0.000000e+00	0.000000e+00	2.355748e-03	0.000000e+00	5.334394e+07	6.915569e-03	4.750237e-02	1.458001e-06	3.579568e-08	8.031932e+08	5.650966e+03	1.125862e-05	0.000000e+00	0.000000e+00	0.000000e+00	0.000000e+00	0.000000e+00	0.000000e+00	0.000000e+00	0.000000e+00	0.000000e+00	0.000000e+00	0.000000e+00	0.000000e+00	0.000000e+00	0.000000e+00	0.000000e+00	0.000000e+00	0.000000e+00	0.000000e+00	0.000000e+00	0.000000e+00	0.000000e+00	0.000000e+00	0.000000e+00	0.000000e+00	0.000000e+00	0.000000e+00	0.000000e+00	0.000000e+00	0.000000e+00	0.000000e+00	5.463193e+00	
7.500000	7.000000	8.000000	186.593333	1.965063e+04	1.618505e+07	2.860182e+08	3.952469e+05	2.091750e+04	1.347721e+08	1.139591e+10	1.394911e+12	0.000000e+00	0.000000e+00	0.000000e+00	0.000000e+00	0.000000e+00	0.000000e+00	0.000000e+00	0.000000e+00	0.000000e+00	0.000000e+00	0.000000e+00	2.899735e-22	2.746078e+14	1.493102e+13	1.839473e+06	2.380836e+03	2.488023e+06	4.756285e+00	3.216603e-23	3.426344e+00	3.788101e-03	9.680525e+04	4.071845e+03	4.037646e+10	6.585527e-08	4.879416e+04	3.068357e+02	1.323613e+06	4.585592e+03	0.000000e+00	0.000000e+00	0.000000e+00	2.889786e+03	3.842924e-01	6.099482e+07	1.424278e+09	1.460267e+05	6.257912e+04	3.081207e+02	2.270649e+04	2.515699e+03	0.000000e+00	0.000000e+00	0.000000e+00	6.864934e+18	5.675099e+14	7.846938e+11	7.627712e+17	3.783006e-04	0.000000e+00	7.015286e-15	1.085987e-06	7.173902e+01	3.693697e+04	4.154994e-02	6.233003e-04	9.585321e-09	0.000000e+00	0.000000e+00	0.000000e+00	4.997006e+02	0.000000e+00	0.000000e+00	1.610719e-03	0.000000e+00	5.116145e+07	7.329304e-03	5.024764e-02	1.517527e-07	1.959054e-09	7.592536e+08	4.578824e+03	8.473317e-06	0.000000e+00	0.000000e+00	0.000000e+00	0.000000e+00	0.000000e+00	0.000000e+00	0.000000e+00	0.000000e+00	0.000000e+00	0.000000e+00	0.000000e+00	0.000000e+00	0.000000e+00	0.000000e+00	0.000000e+00	0.000000e+00	0.000000e+00	0.000000e+00	0.000000e+00	0.000000e+00	0.000000e+00	0.000000e+00	0.000000e+00	0.000000e+00	0.000000e+00	0.000000e+00	0.000000e+00	0.000000e+00	0.000000e+00	0.000000e+00	5.785056e+00	
8.500000	8.000000	9.000000	178.404306	1.492896e+04	2.313459e+07	7.533524e+08	2.313163e+05	2.541617e+04	1.178836e+08	7.916653e+09	3.233598e+11	0.000000e+00	0.000000e+00	0.000000e+00	0.000000e+00	0.000000e+00	0.000000e+00	0.000000e+00	0.000000e+00	0.000000e+00	0.000000e+00	0.000000e+00	2.785444e-22	2.207353e+14	1.186367e+13	1.114021e+06	5.688215e+02	1.843086e+06	1.903878e+00	0.000000e+00	6.100232e+00	2.391103e-03	7.435332e+04	2.049314e+03	3.201076e+10	2.676198e-07	5.030661e+04	2.767759e+02	8.544804e+05	1.661295e+03	0.000000e+00	0.000000e+00	0.000000e+00	8.693217e+02	2.979736e-02	3.683947e+07	9.260476e+08	4.663862e+05	2.019573e+03	3.071260e+01	2.996966e+03	6.238987e+02	0.000000e+00	0.000000e+00	0.000000e+00	5.454814e+18	4.509276e+14	1.884507e+12	6.060913e+17	1.423764e-03	0.000000e+00	8.657457e-15	1.155598e-06	2.111640e+01	5.252587e+03	3.587520e-02	7.354480e-05	2.858551e-08	0.000000e+00	0.000000e+00	0.000000e+00	1.771615e+02	0.000000e+00	0.000000e+00	1.081432e-03	0.000000e+00	4.630536e+07	6.681018e-03	4.571862e-02	2.967289e-09	1.149635e-11	8.114355e+08	3.635710e+03	6.406646e-06	0.000000e+00	0.000000e+00	0.000000e+00	0.000000e+00	0.000000e+00	0.000000e+00	0.000000e+00	0.000000e+00	0.000000e+00	0.000000e+00	0.000000e+00	0.000000e+00	0.000000e+00	0.000000e+00	0.000000e+00	0.000000e+00	0.000000e+00	0.000000e+00	0.000000e+00	0.000000e+00	0.000000e+00	0.000000e+00	0.000000e+00	0.000000e+00	0.000000e+00	0.000000e+00	0.000000e+00	0.000000e+00	0.000000e+00	0.000000e+00	7.152021e+00	
9.500000	9.000000	10.000000	175.000000	1.124197e+04	3.004752e+07	1.865262e+09	1.020810e+05	2.784251e+04	1.001075e+08	4.640396e+09	1.691200e+11	0.000000e+00	0.000000e+00	0.000000e+00	0.000000e+00	0.000000e+00	0.000000e+00	0.000000e+00	0.000000e+00	0.000000e+00	0.000000e+00	0.000000e+00	1.497870e-22	1.766813e+14	9.106521e+12	8.289969e+05	5.572335e+01	1.183792e+06	9.450086e-01	9.843526e-27	8.679524e+00	1.698616e-03	5.296435e+04	1.160402e+03	2.441504e+10	6.640951e-07	5.233642e+04	2.541087e+02	5.730687e+05	4.979466e+02	0.000000e+00	0.000000e+00	0.000000e+00	2.096103e+02	1.314039e-03	2.019290e+07	4.573488e+08	4.531013e+05	2.118691e+01	2.686048e+00	2.572503e+02	1.083667e+02	0.000000e+00	0.000000e+00	0.000000e+00	4.187545e+18	3.461434e+14	5.045006e+12	4.652842e+17	5.167047e-03	0.000000e+00	1.058132e-14	1.240285e-06	6.426574e+00	5.119708e+02	3.260246e-02	3.159056e-06	6.547723e-08	0.000000e+00	0.000000e+00	0.000000e+00	3.584362e+01	0.000000e+00	0.000000e+00	8.445169e-04	0.000000e+00	3.400429e+07	4.698133e-03	3.209772e-02	2.445441e-11	1.868786e-14	8.743059e+08	2.787186e+03	5.559665e-06	0.000000e+00	0.000000e+00	0.000000e+00	0.000000e+00	0.000000e+00	0.000000e+00	0.000000e+00	0.000000e+00	0.000000e+00	0.000000e+00	0.000000e+00	0.000000e+00	0.000000e+00	0.000000e+00	0.000000e+00	0.000000e+00	0.000000e+00	0.000000e+00	0.000000e+00	0.000000e+00	0.000000e+00	0.000000e+00	0.000000e+00	0.000000e+00	0.000000e+00	0.000000e+00	0.000000e+00	0.000000e+00	0.000000e+00	0.000000e+00	9.242718e+00	
10.500000	10.000000	11.000000	175.000000	8.449276e+03	3.714429e+07	2.962357e+09	6.477451e+04	3.049115e+04	8.681413e+07	2.661465e+09	1.630374e+11	0.000000e+00	0.000000e+00	0.000000e+00	0.000000e+00	0.000000e+00	0.000000e+00	0.000000e+00	0.000000e+00	0.000000e+00	0.000000e+00	0.000000e+00	1.336742e-22	1.443038e+14	6.842908e+12	7.601100e+05	3.380162e+00	6.750156e+05	6.059800e-01	0.000000e+00	9.320042e+00	1.258123e-03	3.624430e+04	7.705604e+02	1.814386e+10	1.059691e-06	4.726322e+04	2.571129e+02	4.327775e+05	2.170134e+02	0.000000e+00	0.000000e+00	0.000000e+00	6.522792e+01	8.767485e-05	1.025349e+07	1.901966e+08	1.968394e+05	1.269259e-01	4.864368e-01	3.616743e+01	2.395462e+01	0.000000e+00	0.000000e+00	0.000000e+00	3.147276e+18	2.601224e+14	9.526804e+12	3.496998e+17	1.213816e-02	0.000000e+00	1.866634e-14	1.379549e-06	3.331929e+00	1.059886e+02	2.948321e-02	1.170397e-07	1.081643e-07	0.000000e+00	0.000000e+00	0.000000e+00	8.107290e+00	0.000000e+00	0.000000e+00	7.938433e-04	0.000000e+00	2.216023e+07	2.790170e-03	1.903492e-02	3.731319e-13	6.170083e-17	7.979446e+08	2.091503e+03	5.656914e-06	0.000000e+00	0.000000e+00	0.000000e+00	0.000000e+00	0.000000e+00	0.000000e+00	0.000000e+00	0.000000e+00	0.000000e+00	0.000000e+00	0.000000e+00	0.000000e+00	0.000000e+00	0.000000e+00	0.000000e+00	0.000000e+00	0.000000e+00	0.000000e+00	0.000000e+00	0.000000e+00	0.000000e+00	0.000000e+00	0.000000e+00	0.000000e+00	0.000000e+00	0.000000e+00	0.000000e+00	0.000000e+00	0.000000e+00	0.000000e+00	9.980842e+00	
11.500000	11.000000	12.000000	175.000000	6.350326e+03	4.457755e+07	3.767306e+09	5.469924e+04	3.468147e+04	7.830611e+07	1.715842e+09	1.628064e+11	0.000000e+00	0.000000e+00	0.000000e+00	0.000000e+00	0.000000e+00	0.000000e+00	0.000000e+00	0.000000e+00	0.000000e+00	0.000000e+00	0.000000e+00	1.694555e-22	1.232786e+14	5.141370e+12	7.312999e+05	2.165163e-01	3.514390e+05	4.213020e-01	2.519824e-27	9.355975e+00	8.981828e-04	2.571075e+04	5.454018e+02	1.341517e+10	1.626370e-06	3.867314e+04	2.626215e+02	3.433887e+05	1.207870e+02	0.000000e+00	0.000000e+00	0.000000e+00	2.259885e+01	7.367895e-06	4.777086e+06	7.183606e+07	7.384407e+04	8.358538e-04	1.284177e-01	7.344252e+00	6.245256e+00	0.000000e+00	0.000000e+00	0.000000e+00	2.365422e+18	1.954656e+14	1.454708e+13	2.628281e+17	2.234513e-02	0.000000e+00	3.697017e-14	1.551323e-06	2.241000e+00	3.781705e+01	2.639361e-02	5.545294e-09	1.644288e-07	0.000000e+00	0.000000e+00	0.000000e+00	2.112970e+00	0.000000e+00	0.000000e+00	7.760980e-04	0.000000e+00	1.365572e+07	1.481655e-03	1.009442e-02	8.027045e-15	3.246465e-19	6.486646e+08	1.569624e+03	5.994389e-06	0.000000e+00	0.000000e+00	0.000000e+00	0.000000e+00	0.000000e+00	0.000000e+00	0.000000e+00	0.000000e+00	0.000000e+00	0.000000e+00	0.000000e+00	0.000000e+00	0.000000e+00	0.000000e+00	0.000000e+00	0.000000e+00	0.000000e+00	0.000000e+00	0.000000e+00	0.000000e+00	0.000000e+00	0.000000e+00	0.000000e+00	0.000000e+00	0.000000e+00	0.000000e+00	0.000000e+00	0.000000e+00	0.000000e+00	0.000000e+00	9.405502e+00	
12.500000	12.000000	13.000000	175.000000	4.772792e+03	5.305901e+07	4.061293e+09	5.758640e+04	4.035303e+04	7.207415e+07	1.196508e+09	1.593189e+11	0.000000e+00	0.000000e+00	0.000000e+00	0.000000e+00	0.000000e+00	0.000000e+00	0.000000e+00	0.000000e+00	0.000000e+00	0.000000e+00	0.000000e+00	3.051928e-22	1.081822e+14	3.862600e+12	6.941139e+05	5.870640e-02	1.739920e+05	2.972276e-01	0.000000e+00	8.882759e+00	6.250321e-04	1.862982e+04	3.965982e+02	9.886721e+09	2.403813e-06	3.002215e+04	2.713825e+02	2.798960e+05	8.131137e+01	0.000000e+00	0.000000e+00	0.000000e+00	8.951454e+00	8.162792e-07	2.182131e+06	2.681611e+07	2.779374e+04	9.730099e-05	4.730324e-02	2.108854e+00	1.942948e+00	0.000000e+00	0.000000e+00	0.000000e+00	1.777794e+18	1.468737e+14	1.867516e+13	1.975369e+17	3.425831e-02	0.000000e+00	7.699290e-14	1.766680e-06	1.786413e+00	2.053822e+01	2.356731e-02	1.295471e-09	2.321738e-07	0.000000e+00	0.000000e+00	0.000000e+00	6.534903e-01	0.000000e+00	0.000000e+00	7.484394e-04	0.000000e+00	8.355911e+06	7.679783e-04	5.225114e-03	2.613550e-16	2.975741e-21	4.893968e+08	1.178370e+03	6.385822e-06	0.000000e+00	0.000000e+00	0.000000e+00	0.000000e+00	0.000000e+00	0.000000e+00	0.000000e+00	0.000000e+00	0.000000e+00	0.000000e+00	0.000000e+00	0.000000e+00	0.000000e+00	0.000000e+00	0.000000e+00	0.000000e+00	0.000000e+00	0.000000e+00	0.000000e+00	0.000000e+00	0.000000e+00	0.000000e+00	0.000000e+00	0.000000e+00	0.000000e+00	0.000000e+00	0.000000e+00	0.000000e+00	0.000000e+00	0.000000e+00	7.936185e+00	
13.500000	13.000000	14.000000	175.000000	3.587150e+03	6.418292e+07	4.034990e+09	6.832868e+04	4.676199e+04	6.482496e+07	8.247938e+08	1.506512e+11	0.000000e+00	0.000000e+00	0.000000e+00	0.000000e+00	0.000000e+00	0.000000e+00	0.000000e+00	0.000000e+00	0.000000e+00	0.000000e+00	0.000000e+00	6.786185e-22	9.617305e+13	2.901706e+12	6.422147e+05	3.558195e-02	8.356814e+04	2.069991e-01	0.000000e+00	7.766233e+00	4.133887e-04	1.320355e+04	2.820528e+02	7.271484e+09	3.275104e-06	2.300075e+04	2.889606e+02	2.280549e+05	6.074421e+01	0.000000e+00	0.000000e+00	0.000000e+00	3.856254e+00	1.070016e-07	9.882030e+05	1.022291e+07	1.103750e+04	3.520730e-05	2.068574e-02	7.420989e-01	6.671623e-01	0.000000e+00	0.000000e+00	0.000000e+00	1.336145e+18	1.103586e+14	2.144995e+13	1.484654e+17	4.771585e-02	0.000000e+00	1.621145e-13	1.994512e-06	1.566281e+00	1.421306e+01	2.141877e-02	7.417468e-10	2.966315e-07	0.000000e+00	0.000000e+00	0.000000e+00	2.266677e-01	0.000000e+00	0.000000e+00	7.020355e-04	0.000000e+00	5.187677e+06	4.025044e-04	2.734536e-03	1.098511e-17	3.825019e-23	3.538209e+08	8.849382e+02	6.527311e-06	0.000000e+00	0.000000e+00	0.000000e+00	0.000000e+00	0.000000e+00	0.000000e+00	0.000000e+00	0.000000e+00	0.000000e+00	0.000000e+00	0.000000e+00	0.000000e+00	0.000000e+00	0.000000e+00	0.000000e+00	0.000000e+00	0.000000e+00	0.000000e+00	0.000000e+00	0.000000e+00	0.000000e+00	0.000000e+00	0.000000e+00	0.000000e+00	0.000000e+00	0.000000e+00	0.000000e+00	0.000000e+00	0.000000e+00	0.000000e+00	6.217914e+00	
14.500000	14.000000	15.000000	175.000000	2.696038e+03	8.041678e+07	3.838237e+09	8.887898e+04	5.456971e+04	5.586076e+07	5.380098e+08	1.364660e+11	0.000000e+00	0.000000e+00	0.000000e+00	0.000000e+00	0.000000e+00	0.000000e+00	0.000000e+00	0.000000e+00	0.000000e+00	0.000000e+00	0.000000e+00	1.842984e-21	8.512549e+13	2.179803e+12	5.865457e+05	2.256976e-02	4.028700e+04	1.425479e-01	0.000000e+00	6.199209e+00	2.605771e-04	9.103357e+03	1.949453e+02	5.347677e+09	4.135738e-06	1.787257e+04	3.307902e+02	1.870358e+05	4.993556e+01	0.000000e+00	0.000000e+00	0.000000e+00	1.816509e+00	1.662301e-08	4.548308e+05	4.142713e+06	4.922475e+03	1.484402e-05	1.027185e-02	3.115018e-01	2.564135e-01	0.000000e+00	0.000000e+00	0.000000e+00	1.004210e+18	8.292155e+13	2.252909e+13	1.115840e+17	6.290723e-02	0.000000e+00	3.519675e-13	2.261757e-06	1.499572e+00	1.172231e+01	2.017400e-02	4.783039e-10	3.406546e-07	0.000000e+00	0.000000e+00	0.000000e+00	9.087381e-02	0.000000e+00	0.000000e+00	6.491170e-04	0.000000e+00	3.346845e+06	2.225058e-04	1.509123e-03	5.997768e-19	6.913940e-25	2.498887e+08	6.647659e+02	6.380462e-06	0.000000e+00	0.000000e+00	0.000000e+00	0.000000e+00	0.000000e+00	0.000000e+00	0.000000e+00	0.000000e+00	0.000000e+00	0.000000e+00	0.000000e+00	0.000000e+00	0.000000e+00	0.000000e+00	0.000000e+00	0.000000e+00	0.000000e+00	0.000000e+00	0.000000e+00	0.000000e+00	0.000000e+00	0.000000e+00	0.000000e+00	0.000000e+00	0.000000e+00	0.000000e+00	0.000000e+00	0.000000e+00	0.000000e+00	0.000000e+00	4.632663e+00	
15.500000	15.000000	16.000000	175.000000	2.026294e+03	1.045529e+08	3.611803e+09	1.232624e+05	6.459918e+04	4.622941e+07	3.321227e+08	1.196348e+11	0.000000e+00	0.000000e+00	0.000000e+00	0.000000e+00	0.000000e+00	0.000000e+00	0.000000e+00	0.000000e+00	0.000000e+00	0.000000e+00	0.000000e+00	5.837342e-21	7.486950e+13	1.637477e+12	5.370188e+05	1.434622e-02	1.958573e+04	9.796025e-02	0.000000e+00	4.562224e+00	1.603717e-04	6.144199e+03	1.316792e+02	3.933811e+09	4.933070e-06	1.448479e+04	4.095662e+02	1.548168e+05	4.405132e+01	0.000000e+00	0.000000e+00	0.000000e+00	9.042936e-01	2.837990e-09	2.119755e+05	1.779753e+06	2.444629e+03	6.686813e-06	5.356235e-03	1.457923e-01	1.070884e-01	0.000000e+00	0.000000e+00	0.000000e+00	7.547353e+17	6.230615e+13	2.236724e+13	8.386453e+16	8.130851e-02	0.000000e+00	7.940518e-13	2.601517e-06	1.541223e+00	1.082476e+01	1.972105e-02	3.228196e-10	3.559873e-07	0.000000e+00	0.000000e+00	0.000000e+00	4.100707e-02	0.000000e+00	0.000000e+00	6.008385e-04	0.000000e+00	2.243067e+06	1.296078e-04	8.772661e-04	3.810189e-20	1.510697e-26	1.737853e+08	4.994665e+02	6.015531e-06	0.000000e+00	0.000000e+00	0.000000e+00	0.000000e+00	0.000000e+00	0.000000e+00	0.000000e+00	0.000000e+00	0.000000e+00	0.000000e+00	0.000000e+00	0.000000e+00	0.000000e+00	0.000000e+00	0.000000e+00	0.000000e+00	0.000000e+00	0.000000e+00	0.000000e+00	0.000000e+00	0.000000e+00	0.000000e+00	0.000000e+00	0.000000e+00	0.000000e+00	0.000000e+00	0.000000e+00	0.000000e+00	0.000000e+00	0.000000e+00	3.338690e+00	
16.500000	16.000000	17.000000	175.000000	1.522927e+03	1.395993e+08	3.377448e+09	1.785282e+05	7.737032e+04	3.698865e+07	1.958035e+08	1.021773e+11	0.000000e+00	0.000000e+00	0.000000e+00	0.000000e+00	0.000000e+00	0.000000e+00	0.000000e+00	0.000000e+00	0.000000e+00	0.000000e+00	0.000000e+00	2.078623e-20	6.535844e+13	1.230071e+12	4.924336e+05	9.250532e-03	9.652626e+03	6.702050e-02	7.542157e-25	3.150826e+00	9.897098e-05	4.091055e+03	8.759641e+01	2.895338e+09	5.662532e-06	1.268687e+04	5.384478e+02	1.285347e+05	4.090471e+01	0.000000e+00	0.000000e+00	0.000000e+00	4.737688e-01	5.255655e-10	1.010414e+05	8.097963e+05	1.333709e+03	3.090962e-06	2.829000e-03	7.356987e-02	4.814236e-02	0.000000e+00	0.000000e+00	0.000000e+00	5.672366e+17	4.681649e+13	2.134689e+13	6.303109e+16	1.037078e-01	0.000000e+00	1.858150e-12	3.033870e-06	1.671041e+00	1.077164e+01	1.980107e-02	2.276514e-10	3.453673e-07	0.000000e+00	0.000000e+00	0.000000e+00	2.046100e-02	0.000000e+00	0.000000e+00	5.565897e-04	0.000000e+00	1.554084e+06	7.957827e-05	5.372642e-04	2.766933e-21	3.886410e-28	1.194499e+08	3.753156e+02	5.527052e-06	0.000000e+00	0.000000e+00	0.000000e+00	0.000000e+00	0.000000e+00	0.000000e+00	0.000000e+00	0.000000e+00	0.000000e+00	0.000000e+00	0.000000e+00	0.000000e+00	0.000000e+00	0.000000e+00	0.000000e+00	0.000000e+00	0.000000e+00	0.000000e+00	0.000000e+00	0.000000e+00	0.000000e+00	0.000000e+00	0.000000e+00	0.000000e+00	0.000000e+00	0.000000e+00	0.000000e+00	0.000000e+00	0.000000e+00	0.000000e+00	2.350041e+00	
17.500000	17.000000	18.000000	175.000000	1.144605e+03	1.901197e+08	3.154466e+09	2.661853e+05	9.350147e+04	2.884682e+07	1.116101e+08	8.557609e+10	0.000000e+00	0.000000e+00	0.000000e+00	0.000000e+00	0.000000e+00	0.000000e+00	0.000000e+00	0.000000e+00	0.000000e+00	0.000000e+00	0.000000e+00	8.109419e-20	5.674431e+13	9.240199e+11	4.524152e+05	6.132217e-03	4.817221e+03	4.566954e-02	0.000000e+00	2.080381e+00	6.198569e-05	2.697450e+03	5.762807e+01	2.131972e+09	6.411854e-06	1.250332e+04	7.370617e+02	1.063263e+05	3.934383e+01	0.000000e+00	0.000000e+00	0.000000e+00	2.584292e-01	1.027791e-10	4.927841e+04	3.875288e+05	7.854282e+02	1.396924e-06	1.444822e-03	3.861868e-02	2.293272e-02	0.000000e+00	0.000000e+00	0.000000e+00	4.263173e+17	3.517800e+13	1.984908e+13	4.737305e+16	1.314069e-01	0.000000e+00	4.513967e-12	3.580460e-06	1.884424e+00	1.125963e+01	2.028424e-02	1.681474e-10	3.175459e-07	0.000000e+00	0.000000e+00	0.000000e+00	1.105617e-02	0.000000e+00	0.000000e+00	5.164031e-04	0.000000e+00	1.104516e+06	5.119628e-05	3.445203e-04	2.211459e-22	1.115488e-29	8.116139e+07	2.820455e+02	4.980778e-06	0.000000e+00	0.000000e+00	0.000000e+00	0.000000e+00	0.000000e+00	0.000000e+00	0.000000e+00	0.000000e+00	0.000000e+00	0.000000e+00	0.000000e+00	0.000000e+00	0.000000e+00	0.000000e+00	0.000000e+00	0.000000e+00	0.000000e+00	0.000000e+00	0.000000e+00	0.000000e+00	0.000000e+00	0.000000e+00	0.000000e+00	0.000000e+00	0.000000e+00	0.000000e+00	0.000000e+00	0.000000e+00	0.000000e+00	0.000000e+00	1.622795e+00	
18.500000	18.000000	19.000000	175.000000	8.602655e+02	2.632267e+08	2.959158e+09	4.051286e+05	1.138946e+05	2.209651e+07	6.221931e+07	7.064700e+10	0.000000e+00	0.000000e+00	0.000000e+00	0.000000e+00	0.000000e+00	0.000000e+00	0.000000e+00	0.000000e+00	0.000000e+00	0.000000e+00	0.000000e+00	3.410471e-19	4.915098e+13	6.941041e+11	4.172264e+05	4.229939e-03	2.424764e+03	3.107315e-02	0.000000e+00	1.337747e+00	3.938835e-05	1.764436e+03	3.758261e+01	1.570141e+09	7.422301e-06	1.421732e+04	1.033085e+03	8.714488e+04	3.876216e+01	0.000000e+00	0.000000e+00	0.000000e+00	1.447863e-01	2.053418e-11	2.445832e+04	1.932261e+05	4.910343e+02	5.882514e-07	6.799511e-04	2.039864e-02	1.138517e-02	0.000000e+00	0.000000e+00	0.000000e+00	3.204064e+17	2.643305e+13	1.816517e+13	3.560478e+16	1.665452e-01	0.000000e+00	1.140468e-11	4.271212e-06	2.187238e+00	1.217606e+01	2.113742e-02	1.306142e-10	2.823746e-07	0.000000e+00	0.000000e+00	0.000000e+00	6.343353e-03	0.000000e+00	0.000000e+00	4.808982e-04	0.000000e+00	7.993807e+05	3.421412e-05	2.292686e-04	1.856102e-23	3.343044e-31	5.439612e+07	2.119639e+02	4.420872e-06	0.000000e+00	0.000000e+00	0.000000e+00	0.000000e+00	0.000000e+00	0.000000e+00	0.000000e+00	0.000000e+00	0.000000e+00	0.000000e+00	0.000000e+00	0.000000e+00	0.000000e+00	0.000000e+00	0.000000e+00	0.000000e+00	0.000000e+00	0.000000e+00	0.000000e+00	0.000000e+00	0.000000e+00	0.000000e+00	0.000000e+00	0.000000e+00	0.000000e+00	0.000000e+00	0.000000e+00	0.000000e+00	0.000000e+00	0.000000e+00	1.100048e+00	
19.500000	19.000000	20.000000	175.000000	6.465602e+02	3.705707e+08	2.791103e+09	6.290692e+05	1.402641e+05	1.667947e+07	3.407070e+07	5.754545e+10	0.000000e+00	0.000000e+00	0.000000e+00	0.000000e+00	0.000000e+00	0.000000e+00	0.000000e+00	0.000000e+00	0.000000e+00	0.000000e+00	0.000000e+00	1.555118e-18	4.242894e+13	5.213888e+11	3.863282e+05	3.059943e-03	1.246310e+03	2.112484e-02	0.000000e+00	8.555317e-01	2.530329e-05	1.148210e+03	2.437619e+01	1.156964e+09	9.280177e-06	1.821380e+04	1.469612e+03	7.054935e+04	3.917232e+01	0.000000e+00	0.000000e+00	0.000000e+00	8.379277e-02	4.215004e-12	1.242912e+04	1.008961e+05	3.269154e+02	2.272396e-07	2.906056e-04	1.075667e-02	5.933552e-03	0.000000e+00	0.000000e+00	0.000000e+00	2.408062e+17	1.986225e+13	1.639311e+13	2.675992e+16	2.115625e-01	0.000000e+00	3.020760e-11	5.165258e-06	2.604510e+00	1.357463e+01	2.242617e-02	1.075516e-10	2.483845e-07	0.000000e+00	0.000000e+00	0.000000e+00	3.884283e-03	0.000000e+00	0.000000e+00	4.500654e-04	0.000000e+00	5.862927e+05	2.388552e-05	1.591752e-04	1.654316e-24	1.057902e-32	3.596559e+07	1.593003e+02	3.883143e-06	0.000000e+00	0.000000e+00	0.000000e+00	0.000000e+00	0.000000e+00	0.000000e+00	0.000000e+00	0.000000e+00	0.000000e+00	0.000000e+00	0.000000e+00	0.000000e+00	0.000000e+00	0.000000e+00	0.000000e+00	0.000000e+00	0.000000e+00	0.000000e+00	0.000000e+00	0.000000e+00	0.000000e+00	0.000000e+00	0.000000e+00	0.000000e+00	0.000000e+00	0.000000e+00	0.000000e+00	0.000000e+00	0.000000e+00	0.000000e+00	7.331746e-01	
20.500000	20.000000	21.000000	175.000000	4.859432e+02	5.243777e+08	2.641697e+09	9.806791e+05	1.726333e+05	1.249638e+07	1.851847e+07	4.645482e+10	0.000000e+00	0.000000e+00	0.000000e+00	0.000000e+00	0.000000e+00	0.000000e+00	0.000000e+00	0.000000e+00	0.000000e+00	0.000000e+00	0.000000e+00	7.289519e-18	3.673355e+13	3.916356e+11	3.568133e+05	2.312511e-03	6.562650e+02	1.426167e-02	0.000000e+00	5.505355e-01	1.632107e-05	7.430550e+02	1.572299e+01	8.523647e+08	1.303877e-05	2.524914e+04	2.044627e+03	5.576770e+04	3.971824e+01	0.000000e+00	0.000000e+00	0.000000e+00	4.963619e-02	8.777741e-13	6.466584e+03	5.452029e+04	2.251686e+02	8.029954e-08	1.134419e-04	5.542929e-03	3.175785e-03	0.000000e+00	0.000000e+00	0.000000e+00	1.809808e+17	1.492492e+13	1.474032e+13	2.011228e+16	2.690273e-01	0.000000e+00	8.164461e-11	6.256608e-06	3.119786e+00	1.529296e+01	2.397699e-02	9.265346e-11	2.189141e-07	0.000000e+00	0.000000e+00	0.000000e+00	2.448055e-03	0.000000e+00	0.000000e+00	4.200658e-04	0.000000e+00	4.333847e+05	1.721857e-05	1.139198e-04	1.531799e-25	3.446498e-34	2.328633e+07	1.197233e+02	3.379019e-06	0.000000e+00	0.000000e+00	0.000000e+00	0.000000e+00	0.000000e+00	0.000000e+00	0.000000e+00	0.000000e+00	0.000000e+00	0.000000e+00	0.000000e+00	0.000000e+00	0.000000e+00	0.000000e+00	0.000000e+00	0.000000e+00	0.000000e+00	0.000000e+00	0.000000e+00	0.000000e+00	0.000000e+00	0.000000e+00	0.000000e+00	0.000000e+00	0.000000e+00	0.000000e+00	0.000000e+00	0.000000e+00	0.000000e+00	0.000000e+00	4.775579e-01	
21.500000	21.000000	22.000000	175.000000	3.652267e+02	7.378852e+08	2.470632e+09	1.519636e+06	2.103280e+05	9.271552e+06	9.944563e+06	3.709694e+10	0.000000e+00	0.000000e+00	0.000000e+00	0.000000e+00	0.000000e+00	0.000000e+00	0.000000e+00	0.000000e+00	0.000000e+00	0.000000e+00	0.000000e+00	3.423056e-17	3.176359e+13	2.941669e+11	3.239742e+05	1.795510e-03	3.716000e+02	9.416806e-03	4.946043e-32	3.582805e-01	1.053586e-05	4.790845e+02	1.010547e+01	6.283765e+08	2.098932e-05	3.518389e+04	2.705761e+03	4.278731e+04	4.020530e+01	0.000000e+00	0.000000e+00	0.000000e+00	3.107457e-02	1.999393e-13	3.539269e+03	3.096204e+04	1.608727e+02	2.733231e-08	4.326146e-05	2.871074e-03	1.783664e-03	0.000000e+00	0.000000e+00	0.000000e+00	1.360180e+17	1.121509e+13	1.315403e+13	1.511605e+16	3.374131e-01	0.000000e+00	2.207479e-10	7.521128e-06	3.716924e+00	1.723328e+01	2.559987e-02	8.249574e-11	1.943888e-07	0.000000e+00	0.000000e+00	0.000000e+00	1.599317e-03	0.000000e+00	0.000000e+00	3.850121e-04	0.000000e+00	3.220997e+05	1.301882e-05	8.532312e-05	1.640110e-26	1.343507e-35	1.478530e+07	8.998011e+01	2.921251e-06	0.000000e+00	0.000000e+00	0.000000e+00	0.000000e+00	0.000000e+00	0.000000e+00	0.000000e+00	0.000000e+00	0.000000e+00	0.000000e+00	0.000000e+00	0.000000e+00	0.000000e+00	0.000000e+00	0.000000e+00	0.000000e+00	0.000000e+00	0.000000e+00	0.000000e+00	0.000000e+00	0.000000e+00	0.000000e+00	0.000000e+00	0.000000e+00	0.000000e+00	0.000000e+00	0.000000e+00	0.000000e+00	0.000000e+00	0.000000e+00	3.045756e-01	
22.500000	22.000000	23.000000	175.000000	2.744979e+02	1.015625e+09	2.256491e+09	2.296824e+06	2.492561e+05	6.835592e+06	5.297978e+06	2.935101e+10	0.000000e+00	0.000000e+00	0.000000e+00	0.000000e+00	0.000000e+00	0.000000e+00	0.000000e+00	0.000000e+00	0.000000e+00	0.000000e+00	0.000000e+00	1.510761e-16	2.752545e+13	2.209472e+11	2.852030e+05	1.401374e-03	2.384571e+02	5.989511e-03	3.822648e-32	2.347959e-01	6.783075e-06	3.075134e+02	6.467740e+00	4.634764e+08	3.733914e-05	4.714107e+04	3.255627e+03	3.168191e+04	3.972483e+01	0.000000e+00	0.000000e+00	0.000000e+00	2.081909e-02	5.207243e-14	2.073003e+03	1.848643e+04	1.169278e+02	9.369779e-09	1.711357e-05	1.522411e-03	1.045314e-03	0.000000e+00	0.000000e+00	0.000000e+00	1.022251e+17	8.427517e+12	1.171086e+13	1.136095e+16	4.126548e-01	0.000000e+00	5.738106e-10	8.815897e-06	4.310495e+00	1.902553e+01	2.688908e-02	7.383595e-11	1.730729e-07	0.000000e+00	0.000000e+00	0.000000e+00	1.056892e-03	0.000000e+00	0.000000e+00	3.402716e-04	0.000000e+00	2.401195e+05	1.032809e-05	6.685811e-05	2.149286e-27	6.847681e-37	9.143935e+06	6.762650e+01	2.509138e-06	0.000000e+00	0.000000e+00	0.000000e+00	0.000000e+00	0.000000e+00	0.000000e+00	0.000000e+00	0.000000e+00	0.000000e+00	0.000000e+00	0.000000e+00	0.000000e+00	0.000000e+00	0.000000e+00	0.000000e+00	0.000000e+00	0.000000e+00	0.000000e+00	0.000000e+00	0.000000e+00	0.000000e+00	0.000000e+00	0.000000e+00	0.000000e+00	0.000000e+00	0.000000e+00	0.000000e+00	0.000000e+00	0.000000e+00	0.000000e+00	1.890216e-01	
23.500000	23.000000	24.000000	175.000000	2.063077e+02	1.360126e+09	1.997950e+09	3.367596e+06	2.856306e+05	5.001071e+06	2.792120e+06	2.299426e+10	0.000000e+00	0.000000e+00	0.000000e+00	0.000000e+00	0.000000e+00	0.000000e+00	0.000000e+00	0.000000e+00	0.000000e+00	0.000000e+00	0.000000e+00	6.160394e-16	2.385661e+13	1.659470e+11	2.416534e+05	1.077839e-03	1.820934e+02	3.629480e-03	8.922327e-32	1.543481e-01	4.350535e-06	1.965328e+02	4.122805e+00	3.421935e+08	6.977935e-05	5.830403e+04	3.473500e+03	2.271005e+04	3.816779e+01	0.000000e+00	0.000000e+00	0.000000e+00	1.515552e-02	1.616707e-14	1.316712e+03	1.169126e+04	8.640613e+01	3.356071e-09	7.335091e-06	8.469288e-04	6.449625e-04	0.000000e+00	0.000000e+00	0.000000e+00	7.682736e+16	6.332938e+12	1.038482e+13	8.538692e+15	4.886674e-01	0.000000e+00	1.415040e-09	1.001989e-05	4.825443e+00	2.045610e+01	2.763029e-02	6.518400e-11	1.536447e-07	0.000000e+00	0.000000e+00	0.000000e+00	7.080451e-04	0.000000e+00	0.000000e+00	2.863513e-04	0.000000e+00	1.793453e+05	8.659725e-06	5.516567e-05	3.648896e-28	4.960505e-38	5.500521e+06	5.082641e+01	2.142570e-06	0.000000e+00	0.000000e+00	0.000000e+00	0.000000e+00	0.000000e+00	0.000000e+00	0.000000e+00	0.000000e+00	0.000000e+00	0.000000e+00	0.000000e+00	0.000000e+00	0.000000e+00	0.000000e+00	0.000000e+00	0.000000e+00	0.000000e+00	0.000000e+00	0.000000e+00	0.000000e+00	0.000000e+00	0.000000e+00	0.000000e+00	0.000000e+00	0.000000e+00	0.000000e+00	0.000000e+00	0.000000e+00	0.000000e+00	0.000000e+00	1.140201e-01	
24.500000	24.000000	25.000000	175.000000	1.550572e+02	1.775041e+09	1.715821e+09	4.796857e+06	3.168047e+05	3.628832e+06	1.452473e+06	1.783852e+10	0.000000e+00	0.000000e+00	0.000000e+00	0.000000e+00	0.000000e+00	0.000000e+00	0.000000e+00	0.000000e+00	0.000000e+00	0.000000e+00	0.000000e+00	2.327218e-15	2.065417e+13	1.246341e+11	1.969976e+05	8.039867e-04	1.634764e+02	2.080151e-03	0.000000e+00	1.015604e-01	2.779173e-06	1.250667e+02	2.617623e+00	2.529861e+08	1.315783e-04	6.534075e+04	3.243859e+03	1.585040e+04	3.573395e+01	0.000000e+00	0.000000e+00	0.000000e+00	1.197878e-02	5.998458e-15	9.054669e+02	7.828325e+03	6.482153e+01	1.273006e-09	3.451664e-06	4.983497e-04	4.189763e-04	0.000000e+00	0.000000e+00	0.000000e+00	5.773936e+16	4.759057e+12	9.165955e+12	6.417529e+15	5.607135e-01	0.000000e+00	3.312238e-09	1.105674e-05	5.189263e+00	2.143776e+01	2.773286e-02	5.587982e-11	1.353101e-07	0.000000e+00	0.000000e+00	0.000000e+00	4.815032e-04	0.000000e+00	0.000000e+00	2.276480e-04	0.000000e+00	1.341079e+05	7.668308e-06	4.784755e-05	8.039085e-29	5.132504e-39	3.212116e+06	3.820000e+01	1.819654e-06	0.000000e+00	0.000000e+00	0.000000e+00	0.000000e+00	0.000000e+00	0.000000e+00	0.000000e+00	0.000000e+00	0.000000e+00	0.000000e+00	0.000000e+00	0.000000e+00	0.000000e+00	0.000000e+00	0.000000e+00	0.000000e+00	0.000000e+00	0.000000e+00	0.000000e+00	0.000000e+00	0.000000e+00	0.000000e+00	0.000000e+00	0.000000e+00	0.000000e+00	0.000000e+00	0.000000e+00	0.000000e+00	0.000000e+00	0.000000e+00	6.673285e-02	
25.500000	25.000000	26.000000	175.000000	1.165383e+02	2.270638e+09	1.432416e+09	6.679298e+06	3.418710e+05	2.604624e+06	7.426765e+05	1.370439e+10	0.000000e+00	0.000000e+00	0.000000e+00	0.000000e+00	0.000000e+00	0.000000e+00	0.000000e+00	0.000000e+00	0.000000e+00	0.000000e+00	0.000000e+00	8.313470e-15	1.780117e+13	9.360430e+10	1.547034e+05	5.727132e-04	1.618728e+02	1.117929e-03	0.000000e+00	6.684664e-02	1.768436e-06	7.925886e+01	1.655592e+00	1.873733e+08	2.453092e-04	6.606025e+04	2.663227e+03	1.083499e+04	3.288231e+01	0.000000e+00	0.000000e+00	0.000000e+00	1.019450e-02	2.611191e-15	6.663327e+02	5.515197e+03	4.921895e+01	5.096656e-10	1.771876e-06	3.089180e-04	2.856186e-04	0.000000e+00	0.000000e+00	0.000000e+00	4.339360e+16	3.576414e+12	8.026995e+12	4.823301e+15	6.249067e-01	0.000000e+00	7.441464e-09	1.191376e-05	5.332300e+00	2.202450e+01	2.720664e-02	4.595246e-11	1.176014e-07	0.000000e+00	0.000000e+00	0.000000e+00	3.333097e-04	0.000000e+00	0.000000e+00	1.693036e-04	0.000000e+00	1.003580e+05	7.123265e-06	4.328123e-05	2.237686e-29	7.310795e-40	1.825527e+06	2.871033e+01	1.537687e-06	0.000000e+00	0.000000e+00	0.000000e+00	0.000000e+00	0.000000e+00	0.000000e+00	0.000000e+00	0.000000e+00	0.000000e+00	0.000000e+00	0.000000e+00	0.000000e+00	0.000000e+00	0.000000e+00	0.000000e+00	0.000000e+00	0.000000e+00	0.000000e+00	0.000000e+00	0.000000e+00	0.000000e+00	0.000000e+00	0.000000e+00	0.000000e+00	0.000000e+00	0.000000e+00	0.000000e+00	0.000000e+00	0.000000e+00	0.000000e+00	3.799504e-02	
26.500000	26.000000	27.000000	175.000000	8.758818e+01	2.847323e+09	1.165869e+09	9.102259e+06	3.589749e+05	1.857332e+06	3.755102e+05	1.043968e+10	0.000000e+00	0.000000e+00	0.000000e+00	0.000000e+00	0.000000e+00	0.000000e+00	0.000000e+00	0.000000e+00	0.000000e+00	0.000000e+00	0.000000e+00	2.794720e-14	1.530890e+13	7.029722e+10	1.172660e+05	3.833879e-04	1.677549e+02	5.573788e-04	0.000000e+00	4.406535e-02	1.121623e-06	5.003879e+01	1.043510e+00	1.389917e+08	4.448701e-04	6.125081e+04	1.949826e+03	7.278201e+03	2.964121e+01	0.000000e+00	0.000000e+00	0.000000e+00	9.184288e-03	1.291842e-15	5.174758e+02	4.031463e+03	3.733186e+01	2.140941e-10	9.844756e-07	1.999402e-04	2.008762e-04	0.000000e+00	0.000000e+00	0.000000e+00	3.261196e+16	2.687724e+12	6.997042e+12	3.625111e+15	6.785345e-01	0.000000e+00	1.600120e-08	1.253889e-05	5.151566e+00	2.218444e+01	2.597557e-02	3.554668e-11	1.003907e-07	0.000000e+00	0.000000e+00	0.000000e+00	2.311273e-04	0.000000e+00	0.000000e+00	1.162555e-04	0.000000e+00	7.513042e+04	6.840236e-06	4.018447e-05	7.494184e-30	1.345197e-40	1.002530e+06	2.157815e+01	1.293718e-06	0.000000e+00	0.000000e+00	0.000000e+00	0.000000e+00	0.000000e+00	0.000000e+00	0.000000e+00	0.000000e+00	0.000000e+00	0.000000e+00	0.000000e+00	0.000000e+00	0.000000e+00	0.000000e+00	0.000000e+00	0.000000e+00	0.000000e+00	0.000000e+00	0.000000e+00	0.000000e+00	0.000000e+00	0.000000e+00	0.000000e+00	0.000000e+00	0.000000e+00	0.000000e+00	0.000000e+00	0.000000e+00	0.000000e+00	0.000000e+00	2.089819e-02	
27.500000	27.000000	28.000000	175.000000	6.582972e+01	3.508999e+09	9.256665e+08	1.218582e+07	3.673794e+05	1.315448e+06	1.880073e+05	7.891205e+09	0.000000e+00	0.000000e+00	0.000000e+00	0.000000e+00	0.000000e+00	0.000000e+00	0.000000e+00	0.000000e+00	0.000000e+00	0.000000e+00	0.000000e+00	8.923205e-14	1.311283e+13	5.279133e+10	8.600135e+04	2.381663e-04	1.753144e+02	2.552088e-04	1.171889e-33	2.908230e-02	7.089663e-07	3.146666e+01	6.553119e-01	1.032697e+08	7.794233e-04	5.312921e+04	1.309770e+03	4.818200e+03	2.625276e+01	0.000000e+00	0.000000e+00	0.000000e+00	8.650177e-03	7.078479e-16	4.181180e+02	3.020475e+03	2.803879e+01	9.365267e-11	5.847421e-07	1.337831e-04	1.441609e-04	0.000000e+00	0.000000e+00	0.000000e+00	2.450896e+16	2.019899e+12	6.061493e+12	2.724569e+15	7.183018e-01	0.000000e+00	3.305922e-08	1.291950e-05	4.613248e+00	2.198010e+01	2.415229e-02	2.558052e-11	8.349633e-08	0.000000e+00	0.000000e+00	0.000000e+00	1.592664e-04	0.000000e+00	0.000000e+00	7.260873e-05	0.000000e+00	5.625971e+04	6.701711e-06	3.774511e-05	2.906258e-30	3.036443e-41	5.320690e+05	1.621773e+01	1.083674e-06	0.000000e+00	0.000000e+00	0.000000e+00	0.000000e+00	0.000000e+00	0.000000e+00	0.000000e+00	0.000000e+00	0.000000e+00	0.000000e+00	0.000000e+00	0.000000e+00	0.000000e+00	0.000000e+00	0.000000e+00	0.000000e+00	0.000000e+00	0.000000e+00	0.000000e+00	0.000000e+00	0.000000e+00	0.000000e+00	0.000000e+00	0.000000e+00	0.000000e+00	0.000000e+00	0.000000e+00	0.000000e+00	0.000000e+00	0.000000e+00	1.110615e-02	
28.500000	28.000000	29.000000	175.000000	4.947645e+01	4.241170e+09	7.171368e+08	1.606464e+07	3.664749e+05	9.320391e+05	9.422633e+04	5.924095e+09	0.000000e+00	0.000000e+00	0.000000e+00	0.000000e+00	0.000000e+00	0.000000e+00	0.000000e+00	0.000000e+00	0.000000e+00	0.000000e+00	0.000000e+00	2.693017e-13	1.121172e+13	3.964216e+10	6.137214e+04	1.363897e-04	1.828363e+02	1.069479e-04	4.839460e-34	1.925964e-02	4.477360e-07	1.975564e+01	4.109833e-01	7.682586e+07	1.311125e-03	4.414026e+04	8.272025e+02	3.154703e+03	2.276053e+01	0.000000e+00	0.000000e+00	0.000000e+00	8.422654e-03	4.213607e-16	3.485002e+02	2.295099e+03	2.068044e+01	4.285917e-11	3.708752e-07	9.232441e-05	1.043900e-04	0.000000e+00	0.000000e+00	0.000000e+00	1.841915e+16	1.518032e+12	5.233016e+12	2.047738e+15	7.416261e-01	0.000000e+00	6.533825e-08	1.303391e-05	3.794310e+00	2.145589e+01	2.183995e-02	1.696372e-11	6.731103e-08	0.000000e+00	0.000000e+00	0.000000e+00	1.077273e-04	0.000000e+00	0.000000e+00	4.103817e-05	0.000000e+00	4.213410e+04	6.620984e-06	3.540395e-05	1.265876e-30	8.089849e-42	2.703861e+05	1.218894e+01	9.060020e-07	0.000000e+00	0.000000e+00	0.000000e+00	0.000000e+00	0.000000e+00	0.000000e+00	0.000000e+00	0.000000e+00	0.000000e+00	0.000000e+00	0.000000e+00	0.000000e+00	0.000000e+00	0.000000e+00	0.000000e+00	0.000000e+00	0.000000e+00	0.000000e+00	0.000000e+00	0.000000e+00	0.000000e+00	0.000000e+00	0.000000e+00	0.000000e+00	0.000000e+00	0.000000e+00	0.000000e+00	0.000000e+00	0.000000e+00	0.000000e+00	5.650870e-03	
29.500000	29.000000	30.000000	175.000000	3.718566e+01	5.034678e+09	5.410906e+08	2.099111e+07	3.575383e+05	6.622771e+05	4.761923e+04	4.420290e+09	0.000000e+00	0.000000e+00	0.000000e+00	0.000000e+00	0.000000e+00	0.000000e+00	0.000000e+00	0.000000e+00	0.000000e+00	0.000000e+00	0.000000e+00	7.791168e-13	9.543181e+12	2.976620e+10	4.284911e+04	7.246253e-05	1.879389e+02	4.134680e-05	5.029995e-39	1.281374e-02	2.831287e-07	1.241158e+01	2.579855e-01	5.722701e+07	2.116978e-03	3.573114e+04	5.006485e+02	2.051340e+03	1.939726e+01	0.000000e+00	0.000000e+00	0.000000e+00	8.423085e-03	2.687904e-16	2.968602e+02	1.754627e+03	1.493608e+01	2.063257e-11	2.502896e-07	6.552624e-05	7.602108e-05	0.000000e+00	0.000000e+00	0.000000e+00	1.384240e+16	1.140873e+12	4.490429e+12	1.539045e+15	7.454569e-01	0.000000e+00	1.241377e-07	1.292169e-05	2.877719e+00	2.076155e+01	1.926937e-02	1.046441e-11	5.232543e-08	0.000000e+00	0.000000e+00	0.000000e+00	7.142148e-05	0.000000e+00	0.000000e+00	2.105095e-05	0.000000e+00	3.156000e+04	6.534360e-06	3.281799e-05	6.068857e-31	2.475328e-42	1.318828e+05	9.160997e+00	7.578023e-07	0.000000e+00	0.000000e+00	0.000000e+00	0.000000e+00	0.000000e+00	0.000000e+00	0.000000e+00	0.000000e+00	0.000000e+00	0.000000e+00	0.000000e+00	0.000000e+00	0.000000e+00	0.000000e+00	0.000000e+00	0.000000e+00	0.000000e+00	0.000000e+00	0.000000e+00	0.000000e+00	0.000000e+00	0.000000e+00	0.000000e+00	0.000000e+00	0.000000e+00	0.000000e+00	0.000000e+00	0.000000e+00	0.000000e+00	0.000000e+00	2.759438e-03	
30.500000	30.000000	31.000000	175.000000	2.794808e+01	5.859620e+09	3.963814e+08	2.736528e+07	3.423362e+05	4.757462e+05	2.466180e+04	3.280830e+09	0.000000e+00	0.000000e+00	0.000000e+00	0.000000e+00	0.000000e+00	0.000000e+00	0.000000e+00	0.000000e+00	0.000000e+00	0.000000e+00	0.000000e+00	2.175351e-12	8.082257e+12	2.234883e+10	2.939267e+04	3.626083e-05	1.898378e+02	1.501462e-05	8.414128e-44	8.617678e-03	1.801687e-07	7.840384e+00	1.628598e-01	4.267494e+07	3.274385e-03	2.858645e+04	2.932217e+02	1.332361e+03	1.624895e+01	0.000000e+00	0.000000e+00	0.000000e+00	8.614499e-03	1.825990e-16	2.572159e+02	1.342006e+03	1.054855e+01	1.061719e-11	1.811728e-07	4.804103e-05	5.562394e-05	0.000000e+00	0.000000e+00	0.000000e+00	1.040279e+16	8.574245e+11	3.828787e+12	1.156719e+15	7.272915e-01	0.000000e+00	2.266951e-07	1.262494e-05	2.039934e+00	2.003395e+01	1.659327e-02	6.100841e-12	3.940051e-08	0.000000e+00	0.000000e+00	0.000000e+00	4.634072e-05	0.000000e+00	0.000000e+00	9.945999e-06	0.000000e+00	2.364274e+04	6.394597e-06	2.982652e-05	3.168797e-31	8.589909e-43	6.163919e+04	6.885240e+00	6.372024e-07	0.000000e+00	0.000000e+00	0.000000e+00	0.000000e+00	0.000000e+00	0.000000e+00	0.000000e+00	0.000000e+00	0.000000e+00	0.000000e+00	0.000000e+00	0.000000e+00	0.000000e+00	0.000000e+00	0.000000e+00	0.000000e+00	0.000000e+00	0.000000e+00	0.000000e+00	0.000000e+00	0.000000e+00	0.000000e+00	0.000000e+00	0.000000e+00	0.000000e+00	0.000000e+00	0.000000e+00	0.000000e+00	0.000000e+00	0.000000e+00	1.291147e-03	
31.500000	31.000000	32.000000	175.000000	2.100528e+01	6.635912e+09	2.801009e+08	3.604459e+07	3.252040e+05	3.536004e+05	1.355330e+04	2.422880e+09	0.000000e+00	0.000000e+00	0.000000e+00	0.000000e+00	0.000000e+00	0.000000e+00	0.000000e+00	0.000000e+00	0.000000e+00	0.000000e+00	0.000000e+00	5.930379e-12	6.829651e+12	1.677771e+10	1.986318e+04	1.731253e-05	1.894292e+02	5.231253e-06	2.271616e-45	5.964255e-03	1.171508e-07	5.051792e+00	1.048853e-01	3.184556e+07	4.877239e-03	2.291793e+04	1.663438e+02	8.761134e+02	1.335391e+01	0.000000e+00	0.000000e+00	0.000000e+00	8.982686e-03	1.323381e-16	2.266868e+02	1.023524e+03	7.284184e+00	6.078362e-12	1.456499e-07	3.713730e-05	4.120879e-05	0.000000e+00	0.000000e+00	0.000000e+00	7.817800e+15	6.443970e+11	3.254146e+12	8.693694e+14	6.843112e-01	0.000000e+00	3.987813e-07	1.223761e-05	1.382404e+00	1.951479e+01	1.388957e-02	3.399289e-12	2.944559e-08	0.000000e+00	0.000000e+00	0.000000e+00	2.959166e-05	0.000000e+00	0.000000e+00	4.447335e-06	0.000000e+00	1.771188e+04	6.172852e-06	2.644570e-05	1.799736e-31	3.392622e-43	2.724407e+04	5.174823e+00	5.464687e-07	0.000000e+00	0.000000e+00	0.000000e+00	0.000000e+00	0.000000e+00	0.000000e+00	0.000000e+00	0.000000e+00	0.000000e+00	0.000000e+00	0.000000e+00	0.000000e+00	0.000000e+00	0.000000e+00	0.000000e+00	0.000000e+00	0.000000e+00	0.000000e+00	0.000000e+00	0.000000e+00	0.000000e+00	0.000000e+00	0.000000e+00	0.000000e+00	0.000000e+00	0.000000e+00	0.000000e+00	0.000000e+00	0.000000e+00	0.000000e+00	5.713392e-04	
32.500000	32.000000	33.000000	175.000000	1.578720e+01	7.406511e+09	1.926113e+08	4.819844e+07	3.074596e+05	2.693735e+05	7.783428e+03	1.781149e+09	0.000000e+00	0.000000e+00	0.000000e+00	0.000000e+00	0.000000e+00	0.000000e+00	0.000000e+00	0.000000e+00	0.000000e+00	0.000000e+00	0.000000e+00	1.596899e-11	5.749816e+12	1.259368e+10	1.328130e+04	8.026168e-06	1.857785e+02	1.776741e-06	2.953580e-45	4.185063e-03	7.715052e-08	3.293124e+00	6.834561e-02	2.377836e+07	6.999782e-03	1.871382e+04	9.197404e+01	5.803031e+02	1.073713e+01	0.000000e+00	0.000000e+00	0.000000e+00	9.446710e-03	9.892438e-17	2.007025e+02	7.777528e+02	4.976693e+00	3.809583e-12	1.263799e-07	2.967421e-05	3.067195e-05	0.000000e+00	0.000000e+00	0.000000e+00	5.875102e+15	4.842916e+11	2.752965e+12	6.534026e+14	6.264540e-01	0.000000e+00	6.793679e-07	1.181980e-05	9.065269e-01	1.926663e+01	1.144817e-02	1.845103e-12	2.151096e-08	0.000000e+00	0.000000e+00	0.000000e+00	1.864971e-05	0.000000e+00	0.000000e+00	1.904694e-06	0.000000e+00	1.326884e+04	5.860226e-06	2.283305e-05	1.063310e-31	1.425439e-43	1.139090e+04	3.889304e+00	4.740935e-07	0.000000e+00	0.000000e+00	0.000000e+00	0.000000e+00	0.000000e+00	0.000000e+00	0.000000e+00	0.000000e+00	0.000000e+00	0.000000e+00	0.000000e+00	0.000000e+00	0.000000e+00	0.000000e+00	0.000000e+00	0.000000e+00	0.000000e+00	0.000000e+00	0.000000e+00	0.000000e+00	0.000000e+00	0.000000e+00	0.000000e+00	0.000000e+00	0.000000e+00	0.000000e+00	0.000000e+00	0.000000e+00	0.000000e+00	0.000000e+00	2.391783e-04	
33.500000	33.000000	34.000000	175.000000	1.186538e+01	8.449930e+09	1.337146e+08	6.469341e+07	2.849517e+05	2.008990e+05	4.307860e+03	1.303100e+09	0.000000e+00	0.000000e+00	0.000000e+00	0.000000e+00	0.000000e+00	0.000000e+00	0.000000e+00	0.000000e+00	0.000000e+00	0.000000e+00	0.000000e+00	4.124258e-11	4.830471e+12	9.451367e+09	8.861411e+03	3.631265e-06	1.790987e+02	5.826447e-07	3.494965e-45	2.807444e-03	4.940076e-08	2.092263e+00	4.340702e-02	1.776047e+07	9.475147e-03	1.590650e+04	5.037187e+01	3.751046e+02	8.353106e+00	0.000000e+00	0.000000e+00	0.000000e+00	9.824020e-03	7.075200e-17	1.753112e+02	5.913788e+02	3.435880e+00	2.370681e-12	1.060893e-07	2.295927e-05	2.215274e-05	0.000000e+00	0.000000e+00	0.000000e+00	4.415114e+15	3.639579e+11	2.322164e+12	4.910858e+14	5.788964e-01	0.000000e+00	1.102661e-06	1.135825e-05	5.726700e-01	1.901053e+01	9.566340e-03	9.765910e-13	1.423231e-08	0.000000e+00	0.000000e+00	0.000000e+00	1.139275e-05	0.000000e+00	0.000000e+00	7.799559e-07	0.000000e+00	9.939300e+03	5.483114e-06	1.927919e-05	5.943832e-32	5.483793e-44	4.455966e+03	2.923131e+00	4.008300e-07	0.000000e+00	0.000000e+00	0.000000e+00	0.000000e+00	0.000000e+00	0.000000e+00	0.000000e+00	0.000000e+00	0.000000e+00	0.000000e+00	0.000000e+00	0.000000e+00	0.000000e+00	0.000000e+00	0.000000e+00	0.000000e+00	0.000000e+00	0.000000e+00	0.000000e+00	0.000000e+00	0.000000e+00	0.000000e+00	0.000000e+00	0.000000e+00	0.000000e+00	0.000000e+00	0.000000e+00	0.000000e+00	0.000000e+00	0.000000e+00	9.369738e-05	
34.500000	34.000000	35.000000	175.000000	8.917816e+00	1.020166e+10	9.751184e+07	8.373170e+07	2.463701e+05	1.361682e+05	2.069169e+03	9.487765e+08	0.000000e+00	0.000000e+00	0.000000e+00	0.000000e+00	0.000000e+00	0.000000e+00	0.000000e+00	0.000000e+00	0.000000e+00	0.000000e+00	0.000000e+00	9.131976e-11	4.049171e+12	7.091611e+09	5.908520e+03	1.628710e-06	1.685949e+02	1.842204e-07	3.319463e-45	1.685397e-03	2.914650e-08	1.232633e+00	2.555969e-02	1.326766e+07	1.130283e-02	1.429755e+04	2.815851e+01	2.263517e+02	6.211739e+00	0.000000e+00	0.000000e+00	0.000000e+00	1.003349e-02	4.612908e-17	1.500033e+02	4.515130e+02	2.442757e+00	1.264122e-12	7.417272e-08	1.585916e-05	1.467833e-05	0.000000e+00	0.000000e+00	0.000000e+00	3.317906e+15	2.735152e+11	1.952717e+12	3.690917e+14	5.618978e-01	0.000000e+00	1.586275e-06	1.068079e-05	3.431035e-01	1.791088e+01	8.269341e-03	5.091194e-13	7.836566e-09	0.000000e+00	0.000000e+00	0.000000e+00	6.368070e-06	0.000000e+00	0.000000e+00	3.008524e-07	0.000000e+00	7.443935e+03	5.063305e-06	1.598990e-05	2.974632e-32	1.753997e-44	1.622009e+03	2.196976e+00	3.141743e-07	0.000000e+00	0.000000e+00	0.000000e+00	0.000000e+00	0.000000e+00	0.000000e+00	0.000000e+00	0.000000e+00	0.000000e+00	0.000000e+00	0.000000e+00	0.000000e+00	0.000000e+00	0.000000e+00	0.000000e+00	0.000000e+00	0.000000e+00	0.000000e+00	0.000000e+00	0.000000e+00	0.000000e+00	0.000000e+00	0.000000e+00	0.000000e+00	0.000000e+00	0.000000e+00	0.000000e+00	0.000000e+00	0.000000e+00	0.000000e+00	3.416625e-05	
35.500000	35.000000	36.000000	175.000000	6.702472e+00	1.311435e+10	7.628055e+07	1.057771e+08	2.005944e+05	8.567799e+04	8.572615e+02	6.840350e+08	0.000000e+00	0.000000e+00	0.000000e+00	0.000000e+00	0.000000e+00	0.000000e+00	0.000000e+00	0.000000e+00	0.000000e+00	0.000000e+00	0.000000e+00	1.725012e-10	3.437575e+12	5.318142e+09	3.976625e+03	7.013493e-07	1.579722e+02	5.442788e-08	2.587180e-45	9.178505e-04	1.630028e-08	6.931638e-01	1.437039e-02	9.901965e+06	1.224314e-02	1.395072e+04	1.637858e+01	1.303677e+02	4.522364e+00	0.000000e+00	0.000000e+00	0.000000e+00	9.929090e-03	2.651558e-17	1.259300e+02	3.498526e+02	1.806600e+00	5.686164e-13	4.340089e-08	9.854335e-06	8.891408e-06	0.000000e+00	0.000000e+00	0.000000e+00	2.493285e+15	2.055341e+11	1.662047e+12	2.774028e+14	5.850312e-01	0.000000e+00	2.018867e-06	1.015344e-05	1.997546e-01	1.619706e+01	7.415130e-03	2.493005e-13	3.625755e-09	0.000000e+00	0.000000e+00	0.000000e+00	3.236365e-06	0.000000e+00	0.000000e+00	1.137986e-07	0.000000e+00	5.570434e+03	4.656253e-06	1.319143e-05	1.271708e-32	4.364007e-45	5.045150e+02	1.651208e+00	2.351239e-07	0.000000e+00	0.000000e+00	0.000000e+00	0.000000e+00	0.000000e+00	0.000000e+00	0.000000e+00	0.000000e+00	0.000000e+00	0.000000e+00	0.000000e+00	0.000000e+00	0.000000e+00	0.000000e+00	0.000000e+00	0.000000e+00	0.000000e+00	0.000000e+00	0.000000e+00	0.000000e+00	0.000000e+00	0.000000e+00	0.000000e+00	0.000000e+00	0.000000e+00	0.000000e+00	0.000000e+00	0.000000e+00	0.000000e+00	0.000000e+00	1.065491e-05	
36.500000	36.000000	37.000000	175.000000	5.037459e+00	1.791862e+10	6.448392e+07	1.261347e+08	1.488738e+05	4.842292e+04	2.968355e+02	4.876565e+08	0.000000e+00	0.000000e+00	0.000000e+00	0.000000e+00	0.000000e+00	0.000000e+00	0.000000e+00	0.000000e+00	0.000000e+00	0.000000e+00	0.000000e+00	2.661937e-10	2.953049e+12	3.985301e+09	2.708285e+03	2.951323e-07	1.444809e+02	1.542458e-08	1.668031e-45	4.688842e-04	8.914752e-09	3.834097e-01	7.948937e-03	7.380357e+06	1.276880e-02	1.462025e+04	1.053763e+01	7.368004e+01	3.399227e+00	0.000000e+00	0.000000e+00	0.000000e+00	9.539024e-03	1.350786e-17	1.037744e+02	2.762555e+02	1.398633e+00	1.993206e-13	1.998028e-08	5.339648e-06	4.781276e-06	0.000000e+00	0.000000e+00	0.000000e+00	1.873539e+15	1.544362e+11	1.429839e+12	2.084910e+14	6.582526e-01	0.000000e+00	2.247559e-06	9.985090e-06	1.156831e-01	1.344916e+01	6.826479e-03	1.162691e-13	1.469003e-09	0.000000e+00	0.000000e+00	0.000000e+00	1.430505e-06	0.000000e+00	0.000000e+00	4.317174e-08	0.000000e+00	4.163807e+03	4.277245e-06	1.089867e-05	4.677783e-33	8.538626e-46	1.315037e+02	1.241019e+00	1.731296e-07	0.000000e+00	0.000000e+00	0.000000e+00	0.000000e+00	0.000000e+00	0.000000e+00	0.000000e+00	0.000000e+00	0.000000e+00	0.000000e+00	0.000000e+00	0.000000e+00	0.000000e+00	0.000000e+00	0.000000e+00	0.000000e+00	0.000000e+00	0.000000e+00	0.000000e+00	0.000000e+00	0.000000e+00	0.000000e+00	0.000000e+00	0.000000e+00	0.000000e+00	0.000000e+00	0.000000e+00	0.000000e+00	0.000000e+00	0.000000e+00	2.789725e-06	
37.500000	37.000000	38.000000	175.000000	3.786069e+00	2.519844e+10	5.741526e+07	1.403844e+08	1.013618e+05	2.504509e+04	8.762682e+01	3.434457e+08	0.000000e+00	0.000000e+00	0.000000e+00	0.000000e+00	0.000000e+00	0.000000e+00	0.000000e+00	0.000000e+00	0.000000e+00	0.000000e+00	0.000000e+00	3.527971e-10	2.563912e+12	2.983618e+09	1.869221e+03	1.236327e-07	1.266158e+02	4.316967e-09	9.991559e-46	2.475463e-04	5.143849e-09	2.240078e-01	4.645317e-03	5.491201e+06	1.748352e-02	1.593637e+04	7.866498e+00	4.371369e+01	2.807576e+00	0.000000e+00	0.000000e+00	0.000000e+00	8.990241e-03	6.429642e-18	8.466278e+01	2.224467e+02	1.121870e+00	5.521166e-14	7.583690e-09	2.597544e-06	2.325529e-06	0.000000e+00	0.000000e+00	0.000000e+00	1.407776e+15	1.160293e+11	1.240989e+12	1.566983e+14	7.802084e-01	0.000000e+00	2.322888e-06	1.047637e-05	6.925733e-02	1.004715e+01	6.277292e-03	5.255917e-14	5.918810e-10	0.000000e+00	0.000000e+00	0.000000e+00	5.513792e-07	0.000000e+00	0.000000e+00	1.704743e-08	0.000000e+00	3.107696e+03	3.926006e-06	9.051216e-06	1.577182e-33	1.460768e-46	2.821738e+01	9.327286e-01	1.350152e-07	0.000000e+00	0.000000e+00	0.000000e+00	0.000000e+00	0.000000e+00	0.000000e+00	0.000000e+00	0.000000e+00	0.000000e+00	0.000000e+00	0.000000e+00	0.000000e+00	0.000000e+00	0.000000e+00	0.000000e+00	0.000000e+00	0.000000e+00	0.000000e+00	0.000000e+00	0.000000e+00	0.000000e+00	0.000000e+00	0.000000e+00	0.000000e+00	0.000000e+00	0.000000e+00	0.000000e+00	0.000000e+00	0.000000e+00	0.000000e+00	6.040176e-07	
38.500000	38.000000	39.000000	175.000000	2.845542e+00	3.513212e+10	5.193658e+07	1.463280e+08	6.508740e+04	1.231993e+04	2.314303e+01	2.388192e+08	0.000000e+00	0.000000e+00	0.000000e+00	0.000000e+00	0.000000e+00	0.000000e+00	0.000000e+00	0.000000e+00	0.000000e+00	0.000000e+00	0.000000e+00	4.266327e-10	2.246944e+12	2.230813e+09	1.304247e+03	5.240128e-08	1.048578e+02	1.223038e-09	6.266773e-46	1.463752e-04	3.248153e-09	1.428303e-01	2.962717e-03	4.076296e+06	4.297546e-02	1.744505e+04	6.760344e+00	2.814659e+01	2.569358e+00	0.000000e+00	0.000000e+00	0.000000e+00	8.474317e-03	3.085644e-18	6.957950e+01	1.820090e+02	9.137547e-01	1.302188e-14	2.610810e-09	1.202017e-06	1.074294e-06	0.000000e+00	0.000000e+00	0.000000e+00	1.057739e+15	8.716219e+10	1.084570e+12	1.177717e+14	9.399091e-01	0.000000e+00	2.355203e-06	1.154878e-05	4.358486e-02	6.769380e+00	5.616260e-03	2.340940e-14	2.662607e-10	0.000000e+00	0.000000e+00	0.000000e+00	1.926579e-07	0.000000e+00	0.000000e+00	7.113728e-09	0.000000e+00	2.314741e+03	3.589778e-06	7.553327e-06	5.362256e-34	2.544322e-47	4.912165e+00	7.010222e-01	1.503982e-07	0.000000e+00	0.000000e+00	0.000000e+00	0.000000e+00	0.000000e+00	0.000000e+00	0.000000e+00	0.000000e+00	0.000000e+00	0.000000e+00	0.000000e+00	0.000000e+00	0.000000e+00	0.000000e+00	0.000000e+00	0.000000e+00	0.000000e+00	0.000000e+00	0.000000e+00	0.000000e+00	0.000000e+00	0.000000e+00	0.000000e+00	0.000000e+00	0.000000e+00	0.000000e+00	0.000000e+00	0.000000e+00	0.000000e+00	0.000000e+00	1.073935e-07	
39.500000	39.000000	40.000000	175.000000	2.138659e+00	4.755973e+10	4.660278e+07	1.443046e+08	4.039655e+04	5.934361e+03	5.712739e+00	1.639061e+08	0.000000e+00	0.000000e+00	0.000000e+00	0.000000e+00	0.000000e+00	0.000000e+00	0.000000e+00	0.000000e+00	0.000000e+00	0.000000e+00	0.000000e+00	5.849190e-10	1.985302e+12	1.665057e+09	9.159709e+02	2.273649e-08	8.148909e+01	3.557208e-10	5.899984e-46	1.344466e-04	2.202761e-09	9.741016e-02	2.020934e-03	3.017286e+06	1.419388e-01	1.873913e+04	6.362071e+00	1.931568e+01	2.509249e+00	0.000000e+00	0.000000e+00	0.000000e+00	8.136026e-03	1.581250e-18	5.856051e+01	1.507645e+02	7.429018e-01	2.828540e-15	8.797838e-10	5.548182e-07	4.925655e-07	0.000000e+00	0.000000e+00	0.000000e+00	7.946816e+14	6.546632e+10	9.528203e+11	8.851509e+13	1.124238e+00	0.000000e+00	2.876439e-06	1.274351e-05	2.860664e-02	4.186635e+00	4.827009e-03	1.040287e-14	1.895836e-10	0.000000e+00	0.000000e+00	0.000000e+00	6.380560e-08	0.000000e+00	0.000000e+00	3.108044e-09	0.000000e+00	1.719367e+03	3.261571e-06	6.329240e-06	1.982818e-34	5.060418e-48	6.889285e-01	5.268758e-01	2.447518e-06	0.000000e+00	0.000000e+00	0.000000e+00	0.000000e+00	0.000000e+00	0.000000e+00	0.000000e+00	0.000000e+00	0.000000e+00	0.000000e+00	0.000000e+00	0.000000e+00	0.000000e+00	0.000000e+00	0.000000e+00	0.000000e+00	0.000000e+00	0.000000e+00	0.000000e+00	0.000000e+00	0.000000e+00	0.000000e+00	0.000000e+00	0.000000e+00	0.000000e+00	0.000000e+00	0.000000e+00	0.000000e+00	0.000000e+00	0.000000e+00	1.594005e-08	
40.500000	40.000000	41.000000	175.000000	1.607378e+00	6.222671e+10	4.107668e+07	1.361733e+08	2.456374e+04	2.839776e+03	1.357463e+00	1.109983e+08	0.000000e+00	0.000000e+00	0.000000e+00	0.000000e+00	0.000000e+00	0.000000e+00	0.000000e+00	0.000000e+00	0.000000e+00	0.000000e+00	0.000000e+00	1.429199e-09	1.766736e+12	1.239880e+09	6.456744e+02	1.017884e-08	5.937973e+01	1.066669e-10	1.579467e-45	3.566251e-04	1.554989e-09	6.890779e-02	1.429483e-03	2.225421e+06	4.514413e-01	1.955271e+04	6.261595e+00	1.371679e+01	2.518836e+00	0.000000e+00	0.000000e+00	0.000000e+00	8.036864e-03	8.871749e-19	5.090800e+01	1.262479e+02	5.982277e-01	5.996668e-16	3.018041e-10	2.617899e-07	2.296470e-07	0.000000e+00	0.000000e+00	0.000000e+00	5.969940e+14	4.916078e+10	8.401762e+11	6.652637e+13	1.323285e+00	0.000000e+00	6.567164e-06	1.385559e-05	1.931720e-02	2.429754e+00	3.982228e-03	4.657993e-15	4.000040e-10	0.000000e+00	0.000000e+00	0.000000e+00	2.067433e-08	0.000000e+00	0.000000e+00	1.400748e-09	0.000000e+00	1.272342e+03	2.945631e-06	5.331379e-06	8.259220e-35	1.208022e-48	7.940827e-02	3.959905e-01	3.055071e-05	0.000000e+00	0.000000e+00	0.000000e+00	0.000000e+00	0.000000e+00	0.000000e+00	0.000000e+00	0.000000e+00	0.000000e+00	0.000000e+00	0.000000e+00	0.000000e+00	0.000000e+00	0.000000e+00	0.000000e+00	0.000000e+00	0.000000e+00	0.000000e+00	0.000000e+00	0.000000e+00	0.000000e+00	0.000000e+00	0.000000e+00	0.000000e+00	0.000000e+00	0.000000e+00	0.000000e+00	0.000000e+00	0.000000e+00	0.000000e+00	2.151887e-09	
41.500000	41.000000	42.000000	175.000000	1.208077e+00	7.899162e+10	3.549991e+07	1.242317e+08	1.472091e+04	1.356911e+03	3.159032e-01	7.415123e+07	0.000000e+00	0.000000e+00	0.000000e+00	0.000000e+00	0.000000e+00	0.000000e+00	0.000000e+00	0.000000e+00	0.000000e+00	0.000000e+00	0.000000e+00	6.141289e-09	1.582246e+12	9.203552e+08	4.581420e+02	4.743532e-09	4.071212e+01	3.299362e-11	7.112336e-45	1.603328e-03	1.119322e-09	4.957535e-02	1.026933e-03	1.634035e+06	1.261131e+00	1.977655e+04	6.275294e+00	9.880509e+00	2.544506e+00	0.000000e+00	0.000000e+00	0.000000e+00	8.190481e-03	5.459204e-19	4.576979e+01	1.068988e+02	4.777925e-01	1.288555e-16	1.068507e-10	1.272672e-07	1.098593e-07	0.000000e+00	0.000000e+00	0.000000e+00	4.484357e+14	3.690671e+10	7.425356e+11	5.000004e+13	1.532264e+00	0.000000e+00	2.733512e-05	1.725918e-05	1.334888e-02	1.349487e+00	3.169927e-03	2.125523e-15	1.465389e-09	0.000000e+00	0.000000e+00	0.000000e+00	6.667485e-09	0.000000e+00	0.000000e+00	6.469317e-10	0.000000e+00	9.367014e+02	2.650582e-06	4.524672e-06	3.892743e-35	3.473035e-49	8.584592e-03	2.976194e-01	2.932861e-04	0.000000e+00	0.000000e+00	0.000000e+00	0.000000e+00	0.000000e+00	0.000000e+00	0.000000e+00	0.000000e+00	0.000000e+00	0.000000e+00	0.000000e+00	0.000000e+00	0.000000e+00	0.000000e+00	0.000000e+00	0.000000e+00	0.000000e+00	0.000000e+00	0.000000e+00	0.000000e+00	0.000000e+00	0.000000e+00	0.000000e+00	0.000000e+00	0.000000e+00	0.000000e+00	0.000000e+00	0.000000e+00	0.000000e+00	0.000000e+00	3.267955e-10	
42.500000	42.000000	43.000000	175.000000	9.079700e-01	9.790374e+10	3.011021e+07	1.105550e+08	8.717726e+03	6.481649e+02	7.266129e-02	4.885004e+07	0.000000e+00	0.000000e+00	0.000000e+00	0.000000e+00	0.000000e+00	0.000000e+00	0.000000e+00	0.000000e+00	0.000000e+00	0.000000e+00	0.000000e+00	2.524938e-08	1.425119e+12	6.802332e+08	3.352727e+02	2.359146e-09	2.642543e+01	1.068717e-11	2.811959e-44	6.336789e-03	8.157159e-10	3.604349e-02	7.407687e-04	1.192994e+06	3.060228e+00	1.942402e+04	6.317550e+00	7.140723e+00	2.561435e+00	0.000000e+00	0.000000e+00	0.000000e+00	8.601662e-03	3.653064e-19	4.244552e+01	9.157783e+01	3.832137e-01	2.903673e-17	3.913614e-11	6.374572e-08	5.404241e-08	0.000000e+00	0.000000e+00	0.000000e+00	3.368008e+14	2.769770e+10	6.567612e+11	3.757918e+13	1.752066e+00	0.000000e+00	1.116901e-04	3.476250e-05	9.674146e-03	7.286884e-01	2.451733e-03	1.015948e-15	4.811915e-09	0.000000e+00	0.000000e+00	0.000000e+00	2.156536e-09	0.000000e+00	0.000000e+00	3.133606e-10	0.000000e+00	6.846936e+02	2.383008e-06	3.876907e-06	2.056041e-35	1.182173e-49	1.305658e-03	2.236857e-01	2.079973e-03	0.000000e+00	0.000000e+00	0.000000e+00	0.000000e+00	0.000000e+00	0.000000e+00	0.000000e+00	0.000000e+00	0.000000e+00	0.000000e+00	0.000000e+00	0.000000e+00	0.000000e+00	0.000000e+00	0.000000e+00	0.000000e+00	0.000000e+00	0.000000e+00	0.000000e+00	0.000000e+00	0.000000e+00	0.000000e+00	0.000000e+00	0.000000e+00	0.000000e+00	0.000000e+00	0.000000e+00	0.000000e+00	0.000000e+00	0.000000e+00	6.455474e-11	
43.500000	43.000000	44.000000	175.000000	6.824141e-01	1.191636e+11	2.508751e+07	9.671554e+07	5.109480e+03	3.096163e+02	1.659838e-02	3.172237e+07	0.000000e+00	0.000000e+00	0.000000e+00	0.000000e+00	0.000000e+00	0.000000e+00	0.000000e+00	0.000000e+00	0.000000e+00	0.000000e+00	0.000000e+00	8.660708e-08	1.290225e+12	4.997846e+08	2.781946e+02	1.350343e-09	1.637868e+01	3.937362e-12	9.255443e-44	2.075265e-02	6.088153e-10	2.680105e-02	5.330829e-04	8.645864e+05	6.506117e+00	1.858360e+04	6.338402e+00	5.145865e+00	2.556097e+00	0.000000e+00	0.000000e+00	0.000000e+00	9.287848e-03	2.631022e-19	4.043992e+01	7.937251e+01	3.210107e-01	7.429736e-18	1.482804e-11	3.283208e-08	2.735259e-08	0.000000e+00	0.000000e+00	0.000000e+00	2.529143e+14	2.077718e+10	5.803722e+11	2.824385e+13	1.991694e+00	0.000000e+00	3.869365e-04	1.043497e-04	8.205960e-03	3.884145e-01	1.857448e-03	5.498535e-16	1.328922e-08	0.000000e+00	0.000000e+00	0.000000e+00	7.014603e-10	0.000000e+00	0.000000e+00	1.773732e-10	0.000000e+00	4.954806e+02	2.145149e-06	3.357112e-06	1.201729e-35	4.667499e-50	3.535481e-04	1.681182e-01	1.175904e-02	0.000000e+00	0.000000e+00	0.000000e+00	0.000000e+00	0.000000e+00	0.000000e+00	0.000000e+00	0.000000e+00	0.000000e+00	0.000000e+00	0.000000e+00	0.000000e+00	0.000000e+00	0.000000e+00	0.000000e+00	0.000000e+00	0.000000e+00	0.000000e+00	0.000000e+00	0.000000e+00	0.000000e+00	0.000000e+00	0.000000e+00	0.000000e+00	0.000000e+00	0.000000e+00	0.000000e+00	0.000000e+00	0.000000e+00	0.000000e+00	1.297035e-11	
44.500000	44.000000	45.000000	175.000000	5.128903e-01	1.430221e+11	2.052951e+07	8.373879e+07	2.967728e+03	1.479987e+02	3.777013e-03	2.029242e+07	0.000000e+00	0.000000e+00	0.000000e+00	0.000000e+00	0.000000e+00	0.000000e+00	0.000000e+00	0.000000e+00	0.000000e+00	0.000000e+00	0.000000e+00	2.986634e-07	1.173550e+12	3.641869e+08	3.438210e+02	1.025004e-09	9.820516e+00	2.091657e-12	3.090213e-43	6.827732e-02	5.016072e-10	2.196535e-02	3.810453e-04	6.204618e+05	1.226679e+01	1.737793e+04	6.301497e+00	3.682120e+00	2.518026e+00	0.000000e+00	0.000000e+00	0.000000e+00	1.028874e-02	2.022404e-19	3.941700e+01	6.952285e+01	3.118187e-01	2.787508e-18	5.817355e-12	1.736187e-08	1.425805e-08	0.000000e+00	0.000000e+00	0.000000e+00	1.898821e+14	1.557659e+10	5.113747e+11	2.122757e+13	2.278785e+00	0.000000e+00	1.357657e-03	3.789945e-04	1.093679e-02	2.112282e-01	1.396476e-03	3.892659e-16	3.731770e-08	0.000000e+00	0.000000e+00	0.000000e+00	2.295658e-10	0.000000e+00	0.000000e+00	1.571764e-10	0.000000e+00	3.534275e+02	1.935102e-06	2.936439e-06	7.690818e-36	2.102007e-50	1.203416e-04	1.263547e-01	6.600088e-02	0.000000e+00	0.000000e+00	0.000000e+00	0.000000e+00	0.000000e+00	0.000000e+00	0.000000e+00	0.000000e+00	0.000000e+00	0.000000e+00	0.000000e+00	0.000000e+00	0.000000e+00	0.000000e+00	0.000000e+00	0.000000e+00	0.000000e+00	0.000000e+00	0.000000e+00	0.000000e+00	0.000000e+00	0.000000e+00	0.000000e+00	0.000000e+00	0.000000e+00	0.000000e+00	0.000000e+00	0.000000e+00	0.000000e+00	0.000000e+00	1.440943e-12	
45.500000	45.000000	46.000000	175.000000	3.854792e-01	1.696530e+11	1.647352e+07	7.216503e+07	1.709893e+03	7.086299e+01	8.581964e-04	1.277359e+07	0.000000e+00	0.000000e+00	0.000000e+00	0.000000e+00	0.000000e+00	0.000000e+00	0.000000e+00	0.000000e+00	0.000000e+00	0.000000e+00	0.000000e+00	9.288719e-07	1.071864e+12	2.623134e+08	6.951480e+02	1.070444e-09	5.819447e+00	1.753206e-12	9.654856e-43	2.062907e-01	5.454147e-10	2.375525e-02	2.695185e-04	4.393381e+05	2.055913e+01	1.593463e+04	6.191115e+00	2.606537e+00	2.437643e+00	0.000000e+00	0.000000e+00	0.000000e+00	1.166921e-02	1.648728e-19	3.912883e+01	6.136939e+01	4.004120e-01	1.887371e-18	2.368389e-12	9.416400e-09	7.663508e-09	0.000000e+00	0.000000e+00	0.000000e+00	1.425222e+14	1.166857e+10	4.481707e+11	1.595427e+13	2.690001e+00	0.000000e+00	4.292987e-03	1.272245e-03	2.363802e-02	1.324853e-01	1.069994e-03	3.750730e-16	9.745340e-08	0.000000e+00	0.000000e+00	0.000000e+00	7.549438e-11	0.000000e+00	0.000000e+00	2.245367e-10	0.000000e+00	2.468379e+02	1.747407e-06	2.588215e-06	5.344522e-36	1.066279e-50	4.092183e-05	9.496591e-02	3.300308e-01	0.000000e+00	0.000000e+00	0.000000e+00	0.000000e+00	0.000000e+00	0.000000e+00	0.000000e+00	0.000000e+00	0.000000e+00	0.000000e+00	0.000000e+00	0.000000e+00	0.000000e+00	0.000000e+00	0.000000e+00	0.000000e+00	0.000000e+00	0.000000e+00	0.000000e+00	0.000000e+00	0.000000e+00	0.000000e+00	0.000000e+00	0.000000e+00	0.000000e+00	0.000000e+00	0.000000e+00	0.000000e+00	0.000000e+00	0.000000e+00	4.222645e-14	
46.500000	46.000000	47.000000	175.000000	2.897193e-01	1.989916e+11	1.292306e+07	6.213720e+07	9.771186e+02	3.400225e+01	1.950091e-04	7.898740e+06	0.000000e+00	0.000000e+00	0.000000e+00	0.000000e+00	0.000000e+00	0.000000e+00	0.000000e+00	0.000000e+00	0.000000e+00	0.000000e+00	0.000000e+00	2.341658e-06	9.824782e+11	1.858489e+08	1.561085e+03	1.271809e-09	3.523044e+00	1.646726e-12	2.550900e-42	5.089095e-01	8.153824e-10	3.541305e-02	1.879011e-04	3.053233e+05	3.057708e+01	1.436724e+04	6.036329e+00	1.818365e+00	2.307646e+00	0.000000e+00	0.000000e+00	0.000000e+00	1.351331e-02	1.417018e-19	3.933358e+01	5.429300e+01	6.413325e-01	1.629045e-18	1.002114e-12	5.225823e-09	4.244157e-09	0.000000e+00	0.000000e+00	0.000000e+00	1.069403e+14	8.731954e+09	3.895263e+11	1.199094e+13	3.414844e+00	0.000000e+00	1.092074e-02	3.392175e-03	5.431585e-02	1.225374e-01	8.743620e-04	4.082167e-16	2.119155e-07	0.000000e+00	0.000000e+00	0.000000e+00	2.483940e-11	0.000000e+00	0.000000e+00	3.380967e-10	0.000000e+00	1.670795e+02	1.573083e-06	2.286593e-06	3.997893e-36	6.019543e-51	1.305536e-05	7.137469e-02	1.315073e+00	0.000000e+00	0.000000e+00	0.000000e+00	0.000000e+00	0.000000e+00	0.000000e+00	0.000000e+00	0.000000e+00	0.000000e+00	0.000000e+00	0.000000e+00	0.000000e+00	0.000000e+00	0.000000e+00	0.000000e+00	0.000000e+00	0.000000e+00	0.000000e+00	0.000000e+00	0.000000e+00	0.000000e+00	0.000000e+00	0.000000e+00	0.000000e+00	0.000000e+00	0.000000e+00	0.000000e+00	0.000000e+00	0.000000e+00	0.000000e+00	9.391301e-16	
47.500000	47.000000	48.000000	175.000000	2.177482e-01	2.305067e+11	9.865661e+06	5.349014e+07	5.523555e+02	1.632639e+01	4.428594e-05	4.785199e+06	0.000000e+00	0.000000e+00	0.000000e+00	0.000000e+00	0.000000e+00	0.000000e+00	0.000000e+00	0.000000e+00	0.000000e+00	0.000000e+00	0.000000e+00	4.697480e-06	9.030090e+11	1.286556e+08	3.024577e+03	1.426476e-09	2.261702e+00	1.336250e-12	5.657588e-42	9.921132e-01	1.322499e-09	5.730879e-02	1.285376e-04	2.067045e+05	4.041067e+01	1.276254e+04	5.914650e+00	1.244506e+00	2.125725e+00	0.000000e+00	0.000000e+00	0.000000e+00	1.590342e-02	1.273583e-19	3.971072e+01	4.767204e+01	1.036680e+00	1.305115e-18	4.402255e-13	2.949279e-09	2.407653e-09	0.000000e+00	0.000000e+00	0.000000e+00	8.020991e+13	6.525352e+09	3.345741e+11	9.012190e+12	4.847482e+00	0.000000e+00	2.184943e-02	7.007478e-03	1.056725e-01	1.642764e-01	7.927362e-04	4.183246e-16	3.779353e-07	0.000000e+00	0.000000e+00	0.000000e+00	8.096260e-12	0.000000e+00	0.000000e+00	4.258477e-10	0.000000e+00	1.079990e+02	1.399734e-06	2.005317e-06	3.178253e-36	3.719759e-51	3.783587e-06	5.364401e-02	4.078980e+00	0.000000e+00	0.000000e+00	0.000000e+00	0.000000e+00	0.000000e+00	0.000000e+00	0.000000e+00	0.000000e+00	0.000000e+00	0.000000e+00	0.000000e+00	0.000000e+00	0.000000e+00	0.000000e+00	0.000000e+00	0.000000e+00	0.000000e+00	0.000000e+00	0.000000e+00	0.000000e+00	0.000000e+00	0.000000e+00	0.000000e+00	0.000000e+00	0.000000e+00	0.000000e+00	0.000000e+00	0.000000e+00	0.000000e+00	0.000000e+00	1.581426e-17	
48.500000	48.000000	49.000000	175.000000	1.636556e-01	2.629301e+11	7.283419e+06	4.587419e+07	3.069992e+02	7.810063e+00	1.000582e-05	2.829486e+06	0.000000e+00	0.000000e+00	0.000000e+00	0.000000e+00	0.000000e+00	0.000000e+00	0.000000e+00	0.000000e+00	0.000000e+00	0.000000e+00	0.000000e+00	7.629212e-06	8.311490e+11	8.629247e+07	4.800096e+03	1.395576e-09	1.564857e+00	8.693445e-13	1.099015e-41	1.544891e+00	1.934199e-09	8.345090e-02	8.580867e-05	1.350178e+05	4.778362e+01	1.117493e+04	5.895364e+00	8.311191e-01	1.896519e+00	0.000000e+00	0.000000e+00	0.000000e+00	1.888668e-02	1.183663e-19	3.981638e+01	4.093736e+01	1.466479e+00	8.971305e-19	2.004268e-13	1.673193e-09	1.380293e-09	0.000000e+00	0.000000e+00	0.000000e+00	6.013189e+13	4.867337e+09	2.828392e+11	6.773402e+12	7.665908e+00	0.000000e+00	3.495969e-02	1.144739e-02	1.674802e-01	2.339187e-01	7.857304e-04	3.750571e-16	5.737942e-07	0.000000e+00	0.000000e+00	0.000000e+00	2.570098e-12	0.000000e+00	0.000000e+00	4.299408e-10	0.000000e+00	6.539737e+01	1.214206e-06	1.720288e-06	2.636517e-36	2.458370e-51	9.630793e-07	4.031789e-02	9.988239e+00	0.000000e+00	0.000000e+00	0.000000e+00	0.000000e+00	0.000000e+00	0.000000e+00	0.000000e+00	0.000000e+00	0.000000e+00	0.000000e+00	0.000000e+00	0.000000e+00	0.000000e+00	0.000000e+00	0.000000e+00	0.000000e+00	0.000000e+00	0.000000e+00	0.000000e+00	0.000000e+00	0.000000e+00	0.000000e+00	0.000000e+00	0.000000e+00	0.000000e+00	0.000000e+00	0.000000e+00	0.000000e+00	0.000000e+00	0.000000e+00	2.012670e-19	
49.500000	49.000000	50.000000	175.000000	1.230007e-01	2.940670e+11	5.158503e+06	3.893019e+07	1.663073e+02	3.697033e+00	2.230121e-06	1.626080e+06	0.000000e+00	0.000000e+00	0.000000e+00	0.000000e+00	0.000000e+00	0.000000e+00	0.000000e+00	0.000000e+00	0.000000e+00	0.000000e+00	0.000000e+00	1.027924e-05	7.645274e+11	5.557898e+07	6.298329e+03	1.169076e-09	1.143148e+00	4.496277e-13	1.961039e-41	1.966280e+00	2.415673e-09	1.034006e-01	5.558304e-05	8.419113e+04	5.111570e+01	9.631785e+03	5.955199e+00	5.385173e-01	1.632111e+00	0.000000e+00	0.000000e+00	0.000000e+00	2.245097e-02	1.124079e-19	3.914768e+01	3.376587e+01	1.717792e+00	5.348386e-19	9.508424e-14	9.400092e-10	7.840764e-10	0.000000e+00	0.000000e+00	0.000000e+00	4.505422e+13	3.621586e+09	2.342669e+11	5.090768e+12	1.286433e+01	0.000000e+00	4.594041e-02	1.524138e-02	2.191781e-01	2.983104e-01	7.991141e-04	2.907104e-16	7.760493e-07	0.000000e+00	0.000000e+00	0.000000e+00	7.773986e-13	0.000000e+00	0.000000e+00	3.510912e-10	0.000000e+00	3.630715e+01	1.009206e-06	1.417767e-06	2.236943e-36	1.694649e-51	2.075937e-07	3.030221e-02	1.975492e+01	0.000000e+00	0.000000e+00	0.000000e+00	0.000000e+00	0.000000e+00	0.000000e+00	0.000000e+00	0.000000e+00	0.000000e+00	0.000000e+00	0.000000e+00	0.000000e+00	0.000000e+00	0.000000e+00	0.000000e+00	0.000000e+00	0.000000e+00	0.000000e+00	0.000000e+00	0.000000e+00	0.000000e+00	0.000000e+00	0.000000e+00	0.000000e+00	0.000000e+00	0.000000e+00	0.000000e+00	0.000000e+00	0.000000e+00	0.000000e+00	1.933317e-21	
50.500000	50.000000	51.000000	175.000000	9.244523e-02	3.208228e+11	3.472337e+06	3.244800e+07	8.707738e+01	1.719813e+00	4.854699e-07	9.057495e+05	0.000000e+00	0.000000e+00	0.000000e+00	0.000000e+00	0.000000e+00	0.000000e+00	0.000000e+00	0.000000e+00	0.000000e+00	0.000000e+00	0.000000e+00	1.179132e-05	7.007078e+11	3.414363e+07	6.996786e+03	8.438564e-10	8.553657e-01	1.870845e-13	3.301918e-41	2.098771e+00	2.580116e-09	1.090365e-01	3.483839e-05	4.966843e+04	5.011514e+01	8.148924e+03	5.966077e+00	3.376138e-01	1.352865e+00	0.000000e+00	0.000000e+00	0.000000e+00	2.654491e-02	1.082615e-19	3.732485e+01	2.628360e+01	1.641827e+00	2.898106e-19	4.805459e-14	5.160351e-10	4.323422e-10	0.000000e+00	0.000000e+00	0.000000e+00	3.373589e+13	2.685669e+09	1.892116e+11	3.826135e+12	2.185117e+01	0.000000e+00	5.101979e-02	1.706320e-02	2.428750e-01	3.293965e-01	7.908135e-04	1.974427e-16	9.610188e-07	0.000000e+00	0.000000e+00	0.000000e+00	2.195431e-13	0.000000e+00	0.000000e+00	2.366867e-10	0.000000e+00	1.811954e+01	7.901437e-07	1.102886e-06	1.914500e-36	1.198407e-51	3.666495e-08	2.277463e-02	3.232829e+01	0.000000e+00	0.000000e+00	0.000000e+00	0.000000e+00	0.000000e+00	0.000000e+00	0.000000e+00	0.000000e+00	0.000000e+00	0.000000e+00	0.000000e+00	0.000000e+00	0.000000e+00	0.000000e+00	0.000000e+00	0.000000e+00	0.000000e+00	0.000000e+00	0.000000e+00	0.000000e+00	0.000000e+00	0.000000e+00	0.000000e+00	0.000000e+00	0.000000e+00	0.000000e+00	0.000000e+00	0.000000e+00	0.000000e+00	0.000000e+00	1.400207e-23	
51.500000	51.000000	52.000000	175.000000	6.948019e-02	3.394404e+11	2.198817e+06	2.641346e+07	4.392213e+01	7.829088e-01	1.024804e-07	4.908647e+05	0.000000e+00	0.000000e+00	0.000000e+00	0.000000e+00	0.000000e+00	0.000000e+00	0.000000e+00	0.000000e+00	0.000000e+00	0.000000e+00	0.000000e+00	1.189668e-05	6.372715e+11	2.002626e+07	6.796665e+03	5.366396e-10	6.634413e-01	6.436005e-14	5.303193e-41	1.938199e+00	2.415121e-09	1.000902e-01	2.137600e-05	2.767235e+04	4.562398e+01	6.746520e+03	5.813219e+00	2.072336e-01	1.092292e+00	0.000000e+00	0.000000e+00	0.000000e+00	3.114626e-02	1.058810e-19	3.427515e+01	1.904466e+01	1.288823e+00	1.536187e-19	2.688077e-14	2.749975e-10	2.278098e-10	0.000000e+00	0.000000e+00	0.000000e+00	2.524467e+13	1.982626e+09	1.483613e+11	2.875655e+12	3.737099e+01	0.000000e+00	4.952578e-02	1.664264e-02	2.354857e-01	3.201110e-01	7.617507e-04	1.210458e-16	1.106043e-06	0.000000e+00	0.000000e+00	0.000000e+00	5.726142e-14	0.000000e+00	0.000000e+00	1.355293e-10	0.000000e+00	8.039445e+00	5.750392e-07	7.987284e-07	1.651203e-36	8.700157e-52	5.227070e-09	1.711700e-02	4.505210e+01	0.000000e+00	0.000000e+00	0.000000e+00	0.000000e+00	0.000000e+00	0.000000e+00	0.000000e+00	0.000000e+00	0.000000e+00	0.000000e+00	0.000000e+00	0.000000e+00	0.000000e+00	0.000000e+00	0.000000e+00	0.000000e+00	0.000000e+00	0.000000e+00	0.000000e+00	0.000000e+00	0.000000e+00	0.000000e+00	0.000000e+00	0.000000e+00	0.000000e+00	0.000000e+00	0.000000e+00	0.000000e+00	0.000000e+00	0.000000e+00	7.640096e-26	
52.500000	52.000000	53.000000	175.000000	5.222008e-02	3.455435e+11	1.295670e+06	2.092712e+07	2.161786e+01	3.495349e-01	2.106199e-08	2.651436e+05	0.000000e+00	0.000000e+00	0.000000e+00	0.000000e+00	0.000000e+00	0.000000e+00	0.000000e+00	0.000000e+00	0.000000e+00	0.000000e+00	0.000000e+00	2.206666e-04	5.716345e+11	1.146087e+07	6.106551e+03	3.158740e-10	5.866435e-01	1.950131e-14	8.404881e-41	1.640237e+00	2.100805e-09	8.444935e-02	1.379716e-05	1.484572e+04	3.900697e+01	5.452533e+03	5.661490e+00	1.343125e-01	9.236724e-01	0.000000e+00	0.000000e+00	0.000000e+00	3.630289e-02	1.062016e-19	3.025582e+01	1.272614e+01	8.622819e-01	8.907621e-20	1.746413e-14	1.426763e-10	1.136959e-10	0.000000e+00	0.000000e+00	0.000000e+00	1.888078e+13	1.454653e+09	1.126259e+11	2.161291e+12	7.008014e+01	0.000000e+00	4.443017e-02	1.497101e-02	2.112972e-01	2.882683e-01	7.961688e-04	7.102410e-17	1.248750e-06	0.000000e+00	0.000000e+00	0.000000e+00	1.395538e-14	0.000000e+00	0.000000e+00	6.955964e-11	0.000000e+00	3.228041e+00	3.855288e-07	5.335223e-07	1.450858e-36	6.599572e-52	6.251864e-10	1.286484e-02	5.615910e+01	0.000000e+00	0.000000e+00	0.000000e+00	0.000000e+00	0.000000e+00	0.000000e+00	0.000000e+00	0.000000e+00	0.000000e+00	0.000000e+00	0.000000e+00	0.000000e+00	0.000000e+00	0.000000e+00	0.000000e+00	0.000000e+00	0.000000e+00	0.000000e+00	0.000000e+00	0.000000e+00	0.000000e+00	0.000000e+00	0.000000e+00	0.000000e+00	0.000000e+00	0.000000e+00	0.000000e+00	0.000000e+00	0.000000e+00	0.000000e+00	3.138812e-28	
53.500000	53.000000	54.000000	175.000000	3.924768e-02	3.321571e+11	7.010100e+05	1.606376e+07	1.243423e+01	1.565497e-01	4.706665e-09	1.544796e+05	0.000000e+00	0.000000e+00	0.000000e+00	0.000000e+00	0.000000e+00	0.000000e+00	0.000000e+00	0.000000e+00	0.000000e+00	0.000000e+00	0.000000e+00	1.481719e+02	4.991449e+11	6.891691e+06	5.853099e+03	1.924876e-10	6.648911e-01	6.462181e-15	1.368713e-40	1.500717e+00	2.054038e-09	7.755677e-02	1.750329e-05	8.334548e+03	3.149525e+01	4.288581e+03	7.362642e+00	1.689867e-01	1.466242e+00	0.000000e+00	0.000000e+00	0.000000e+00	4.174209e-02	1.097795e-19	2.560077e+01	7.851867e+00	5.532166e-01	7.153255e-20	1.466893e-14	7.310960e-11	5.515404e-11	0.000000e+00	0.000000e+00	0.000000e+00	1.412094e+13	1.058321e+09	8.317728e+10	1.624388e+12	2.971468e+02	0.000000e+00	4.205979e-02	1.419663e-02	2.023581e-01	2.771213e-01	1.982269e-03	4.548136e-17	1.748254e-06	0.000000e+00	0.000000e+00	0.000000e+00	3.883250e-15	0.000000e+00	0.000000e+00	3.735520e-11	0.000000e+00	1.358388e+00	2.384597e-07	3.290773e-07	1.296055e-36	5.262844e-52	7.028397e-11	9.668982e-03	7.030277e+01	0.000000e+00	0.000000e+00	0.000000e+00	0.000000e+00	0.000000e+00	0.000000e+00	0.000000e+00	0.000000e+00	0.000000e+00	0.000000e+00	0.000000e+00	0.000000e+00	0.000000e+00	0.000000e+00	0.000000e+00	0.000000e+00	0.000000e+00	0.000000e+00	0.000000e+00	0.000000e+00	0.000000e+00	0.000000e+00	0.000000e+00	0.000000e+00	0.000000e+00	0.000000e+00	0.000000e+00	0.000000e+00	0.000000e+00	0.000000e+00	9.705079e-31	
