# z		 z0		 z1		 T		 P		1		2		3		4		5		6		7		8		9		10		11		12		13		14		15		16		17		18		19		20		21		22		23		24		25		26		27		28		29		30		31		32		33		34		35		36		37		38		39		40		41		42		43		44		45		46		47		48		49		50		51		52		53		54		55		56		57		58		59		60		61		62		63		64		65		66		67		68		69		70		71		72		73		74		75		76		77		78		79		80		81		82		83		84		85		86		87		88		89		90		91		92		93		94		95		96		97		98		99		100		101		102		103		104		105		106		107		108		109		110		111		
#  km		 km		 km		 K		 Pa		
1.000000 0.000000 2.000000 279.069563 9.117092e+04 5.597705e+03 1.726257e-09 6.311680e+09 1.127450e+05 6.185224e-02 3.344333e+02 4.732469e+17 1.337868e-09 9.272260e-04 7.208914e-09 7.310719e+01 1.608209e+01 2.288134e-07 8.320813e-15 4.543958e-29 2.683810e+00 2.006198e-02 2.376574e-08 1.123078e-16 3.810043e+11 1.823844e+13 1.665785e+09 1.445089e-05 9.334637e+08 2.868950e-15 2.794949e-44 2.036245e-08 1.445748e-11 1.435547e-01 4.408008e-02 2.766854e+05 1.522558e-13 2.217185e+02 6.366239e-01 2.775655e+03 1.078788e-02 4.681029e+01 9.951187e-15 8.745080e-13 0.000000e+00 7.559847e-31 0.000000e+00 0.000000e+00 0.000000e+00 0.000000e+00 0.000000e+00 0.000000e+00 0.000000e+00 0.000000e+00 0.000000e+00 0.000000e+00 2.366235e+15 6.666465e+15 3.046259e+00 2.366234e+19 2.025738e-15 2.564716e-05 1.828861e-12 2.084413e-05 2.182517e+04 2.455430e+06 2.561856e+03 1.323353e+08 3.101290e-19 1.045305e-03 8.673121e-10 3.492873e-22 0.000000e+00 0.000000e+00 3.285792e-18 1.060550e-12 8.080636e-09 0.000000e+00 0.000000e+00 0.000000e+00 4.431842e-34 1.383144e-55 0.000000e+00 0.000000e+00 1.031561e-11 0.000000e+00 0.000000e+00 0.000000e+00 0.000000e+00 0.000000e+00 0.000000e+00 0.000000e+00 0.000000e+00 0.000000e+00 0.000000e+00 0.000000e+00 0.000000e+00 0.000000e+00 0.000000e+00 0.000000e+00 0.000000e+00 0.000000e+00 0.000000e+00 0.000000e+00 0.000000e+00 0.000000e+00 0.000000e+00 0.000000e+00 0.000000e+00 0.000000e+00 1.080525e-49 6.769710e-24 1.297624e-22 4.162396e-08 3.891616e-20 0.000000e+00
3.000000 2.000000 4.000000 267.344620 7.142100e+04 1.184913e+05 1.597522e-06 2.982597e+09 5.401379e+04 1.033869e+00 2.077373e+02 2.036266e+16 3.840398e-08 1.189413e-02 4.242224e-07 6.041174e+01 1.405754e+01 7.665260e-06 8.785247e-12 9.062886e-26 2.025212e+00 7.569945e-03 4.211683e-07 1.304318e-16 3.342720e+11 1.491268e+13 1.091977e+09 8.870775e-05 7.662539e+08 2.724748e-14 1.231294e-43 1.950705e-07 1.140375e-10 8.411105e-02 2.173018e-02 2.225286e+05 3.796299e-13 3.460306e+02 6.953392e-01 2.351586e+03 5.522334e-03 3.954041e+01 3.576691e-15 3.563815e-11 0.000000e+00 1.109319e-30 0.000000e+00 0.000000e+00 0.000000e+00 0.000000e+00 0.000000e+00 0.000000e+00 0.000000e+00 0.000000e+00 0.000000e+00 0.000000e+00 1.934920e+15 5.451359e+15 6.704959e+01 1.934944e+19 4.103144e-15 6.119516e-05 3.094094e-12 4.454148e-06 9.846934e+03 1.710658e+06 1.208325e+03 2.005717e+08 2.095599e-17 4.004892e-04 4.795009e-09 3.426720e-22 0.000000e+00 0.000000e+00 6.219281e-15 1.007707e-11 3.165877e-08 0.000000e+00 0.000000e+00 0.000000e+00 6.333056e-33 1.376641e-55 0.000000e+00 0.000000e+00 7.817982e-12 0.000000e+00 0.000000e+00 0.000000e+00 0.000000e+00 0.000000e+00 0.000000e+00 0.000000e+00 0.000000e+00 0.000000e+00 0.000000e+00 0.000000e+00 0.000000e+00 0.000000e+00 0.000000e+00 0.000000e+00 0.000000e+00 0.000000e+00 0.000000e+00 0.000000e+00 0.000000e+00 0.000000e+00 0.000000e+00 0.000000e+00 0.000000e+00 0.000000e+00 1.301285e-48 1.707462e-21 3.803707e-20 8.233475e-08 4.294608e-20 0.000000e+00
5.000000 4.000000 6.000000 253.581730 5.525261e+04 5.234509e+05 2.469976e-05 6.415567e+09 1.609490e+05 6.366253e+00 1.139882e+03 6.168378e+15 5.958563e-06 2.608682e-02 7.268261e-07 5.083868e+01 1.222532e+01 1.328888e-05 3.451578e-11 2.702674e-24 1.616046e+00 1.725571e-02 1.485794e-06 2.811832e-15 2.964490e+11 1.216120e+13 1.066034e+09 7.528138e-05 6.167543e+08 4.727210e-14 6.217724e-44 3.016498e-07 1.340849e-10 5.336258e-02 1.108987e-02 1.771884e+05 4.301607e-12 1.871946e+02 2.527822e-01 5.765751e+02 7.087844e-04 3.354340e+01 6.252941e-15 2.974961e-11 0.000000e+00 0.000000e+00 0.000000e+00 0.000000e+00 0.000000e+00 0.000000e+00 0.000000e+00 0.000000e+00 0.000000e+00 0.000000e+00 0.000000e+00 0.000000e+00 1.578109e+15 4.446139e+15 4.876816e+02 1.578153e+19 6.104728e-15 4.222690e-04 2.126457e-11 5.743097e-06 4.736627e+03 1.161577e+06 6.084992e+02 1.857854e+08 6.718775e-17 1.603368e-04 3.774110e-09 1.399924e-21 0.000000e+00 0.000000e+00 4.084398e-13 3.357784e-11 1.134898e-08 0.000000e+00 0.000000e+00 0.000000e+00 1.233313e-33 3.705088e-56 0.000000e+00 0.000000e+00 5.812887e-12 0.000000e+00 0.000000e+00 0.000000e+00 0.000000e+00 0.000000e+00 0.000000e+00 0.000000e+00 0.000000e+00 0.000000e+00 0.000000e+00 0.000000e+00 0.000000e+00 0.000000e+00 0.000000e+00 0.000000e+00 0.000000e+00 0.000000e+00 0.000000e+00 0.000000e+00 0.000000e+00 0.000000e+00 0.000000e+00 0.000000e+00 0.000000e+00 0.000000e+00 2.323046e-48 2.345164e-21 6.959219e-20 6.851589e-08 6.338635e-20 0.000000e+00
7.000000 6.000000 8.000000 237.032449 4.206602e+04 1.393396e+06 2.146206e-04 1.012035e+10 3.917508e+05 2.693620e+01 5.993136e+03 1.214980e+15 2.844028e-05 4.092883e-02 1.029810e-06 4.410431e+01 1.067985e+01 1.973268e-05 8.709512e-11 1.838316e-23 1.313362e+00 3.348497e-02 4.240676e-06 2.488915e-14 2.674092e+11 9.903341e+12 9.309982e+08 3.140075e-05 4.658673e+08 7.445594e-14 1.319348e-44 7.835862e-07 2.391239e-10 4.249453e-02 6.626270e-03 1.411005e+05 3.261619e-11 7.055967e+01 5.866891e-02 2.098012e+02 1.102525e-04 2.863400e+01 7.119641e-15 1.443328e-11 0.000000e+00 0.000000e+00 0.000000e+00 0.000000e+00 0.000000e+00 0.000000e+00 0.000000e+00 0.000000e+00 0.000000e+00 0.000000e+00 0.000000e+00 0.000000e+00 1.285338e+15 3.621337e+15 2.294552e+03 1.285397e+19 9.464045e-15 9.603360e-04 8.191898e-11 5.889187e-06 2.516527e+03 7.357867e+05 2.524400e+02 1.549514e+08 3.365083e-16 5.455654e-05 2.253479e-09 4.630193e-21 0.000000e+00 0.000000e+00 5.118765e-12 7.951496e-11 5.231826e-09 0.000000e+00 0.000000e+00 0.000000e+00 0.000000e+00 0.000000e+00 0.000000e+00 0.000000e+00 4.957297e-12 0.000000e+00 0.000000e+00 0.000000e+00 0.000000e+00 0.000000e+00 0.000000e+00 0.000000e+00 0.000000e+00 0.000000e+00 0.000000e+00 0.000000e+00 0.000000e+00 0.000000e+00 0.000000e+00 0.000000e+00 0.000000e+00 0.000000e+00 0.000000e+00 0.000000e+00 0.000000e+00 0.000000e+00 0.000000e+00 0.000000e+00 0.000000e+00 0.000000e+00 9.736806e-48 3.028595e-21 1.264311e-19 4.819045e-08 1.180941e-19 0.000000e+00
9.000000 8.000000 10.000000 218.558845 3.135678e+04 3.455252e+06 2.496926e-03 1.081549e+10 6.509072e+05 1.083525e+02 2.035846e+04 1.473045e+14 1.243191e-04 5.306615e-02 1.644774e-06 3.958984e+01 9.337534e+00 4.173428e-05 4.097313e-10 2.537814e-22 1.077139e+00 4.553202e-02 1.187520e-05 5.666860e-14 2.452797e+11 8.004073e+12 6.734625e+08 8.738106e-06 3.295379e+08 1.576379e-13 1.206194e-45 3.960323e-06 7.763292e-10 4.479309e-02 4.874241e-03 1.121847e+05 1.134798e-10 3.840038e+01 1.855220e-02 1.142339e+02 2.661657e-05 2.446624e+01 4.204406e-15 6.904049e-12 0.000000e+00 0.000000e+00 0.000000e+00 0.000000e+00 0.000000e+00 0.000000e+00 0.000000e+00 0.000000e+00 0.000000e+00 0.000000e+00 0.000000e+00 0.000000e+00 1.039071e+15 2.927554e+15 9.952487e+03 1.039147e+19 3.396833e-14 1.493550e-03 1.186731e-10 3.933267e-06 1.439046e+03 4.283783e+05 9.695230e+01 1.147684e+08 3.287482e-15 1.766051e-05 1.872133e-09 2.566778e-20 0.000000e+00 0.000000e+00 4.306969e-11 1.853873e-10 8.982109e-09 0.000000e+00 0.000000e+00 0.000000e+00 3.012616e-32 0.000000e+00 0.000000e+00 0.000000e+00 5.218717e-12 0.000000e+00 0.000000e+00 0.000000e+00 0.000000e+00 0.000000e+00 0.000000e+00 0.000000e+00 0.000000e+00 0.000000e+00 0.000000e+00 0.000000e+00 0.000000e+00 0.000000e+00 0.000000e+00 0.000000e+00 0.000000e+00 0.000000e+00 0.000000e+00 0.000000e+00 0.000000e+00 0.000000e+00 0.000000e+00 0.000000e+00 0.000000e+00 0.000000e+00 1.707099e-46 7.492033e-21 4.587376e-19 3.777556e-08 2.578820e-19 0.000000e+00
11.000000 10.000000 12.000000 201.791815 2.278579e+04 1.046712e+07 6.051013e-02 7.532882e+09 6.400463e+05 4.889864e+02 2.607852e+04 1.548733e+13 4.799973e-04 6.363065e-02 3.745155e-06 3.762818e+01 8.265030e+00 1.636476e-04 6.108858e-09 9.034121e-21 8.381261e-01 3.678176e-02 3.458581e-05 3.200626e-14 2.306803e+11 6.296978e+12 3.319294e+08 1.870490e-06 2.219702e+08 4.848738e-13 6.699414e-47 2.457951e-05 3.045476e-09 4.902107e-02 3.679271e-03 8.732620e+04 1.561809e-10 2.807464e+01 8.342351e-03 6.752349e+01 3.074397e-05 2.087724e+01 1.333812e-15 5.618899e-12 0.000000e+00 0.000000e+00 0.000000e+00 0.000000e+00 0.000000e+00 0.000000e+00 0.000000e+00 0.000000e+00 0.000000e+00 0.000000e+00 0.000000e+00 0.000000e+00 8.177577e+14 2.304078e+15 4.973704e+04 8.178515e+18 8.096052e-13 1.084740e-03 6.210319e-11 1.563199e-06 8.031866e+02 2.456848e+05 5.222666e+01 5.290060e+07 4.029863e-14 8.117789e-06 3.761027e-09 1.310753e-19 0.000000e+00 0.000000e+00 6.048825e-10 4.831374e-10 4.983145e-08 0.000000e+00 0.000000e+00 0.000000e+00 1.055580e-33 0.000000e+00 0.000000e+00 0.000000e+00 5.798921e-12 0.000000e+00 0.000000e+00 0.000000e+00 0.000000e+00 0.000000e+00 0.000000e+00 0.000000e+00 0.000000e+00 0.000000e+00 0.000000e+00 0.000000e+00 0.000000e+00 0.000000e+00 0.000000e+00 0.000000e+00 0.000000e+00 0.000000e+00 0.000000e+00 0.000000e+00 0.000000e+00 0.000000e+00 0.000000e+00 0.000000e+00 0.000000e+00 0.000000e+00 5.281812e-45 5.600170e-20 4.385132e-18 3.880546e-08 7.076259e-19 0.000000e+00
13.000000 12.000000 14.000000 191.453476 1.620646e+04 2.881115e+07 1.556848e+00 4.302353e+09 6.044656e+05 2.354164e+03 2.259589e+04 3.175159e+12 2.190734e-03 1.135271e-01 1.679399e-05 6.631927e+01 1.027433e+01 8.818634e-04 1.212031e-07 7.099446e-19 7.311007e-01 3.752508e-02 1.392072e-04 2.373788e-14 3.053000e+11 4.708751e+12 1.589153e+08 2.981379e-07 9.928469e+07 3.894184e-12 1.375531e-47 1.395448e-04 1.221211e-08 6.112459e-02 3.528958e-03 6.432783e+04 3.524820e-10 3.852520e+01 1.026297e-02 6.278999e+01 1.303128e-04 2.309201e+01 7.716654e-16 1.026457e-11 0.000000e+00 0.000000e+00 0.000000e+00 0.000000e+00 0.000000e+00 0.000000e+00 0.000000e+00 0.000000e+00 0.000000e+00 0.000000e+00 0.000000e+00 0.000000e+00 6.129197e+14 1.727187e+15 2.900636e+05 6.131106e+18 3.429503e-11 7.805845e-04 4.675628e-11 1.101424e-06 6.419118e+02 2.236493e+05 3.643275e+01 2.563015e+07 4.414077e-13 6.562997e-06 1.302095e-08 9.002597e-19 0.000000e+00 0.000000e+00 1.281060e-08 2.113150e-09 6.201510e-07 0.000000e+00 0.000000e+00 0.000000e+00 0.000000e+00 0.000000e+00 0.000000e+00 0.000000e+00 8.563903e-12 0.000000e+00 0.000000e+00 0.000000e+00 0.000000e+00 0.000000e+00 0.000000e+00 0.000000e+00 0.000000e+00 0.000000e+00 0.000000e+00 0.000000e+00 0.000000e+00 0.000000e+00 0.000000e+00 0.000000e+00 0.000000e+00 0.000000e+00 0.000000e+00 0.000000e+00 0.000000e+00 0.000000e+00 0.000000e+00 0.000000e+00 0.000000e+00 0.000000e+00 8.012713e-43 1.835866e-18 1.246958e-16 1.094804e-07 5.835029e-18 0.000000e+00
15.000000 14.000000 16.000000 185.688787 1.137793e+04 6.133404e+07 2.128687e+01 2.625850e+09 6.411718e+05 9.097424e+03 2.014042e+04 1.218125e+12 1.241632e-02 1.281168e-01 4.808865e-05 2.124678e+02 1.953255e+01 4.723844e-03 1.572558e-06 4.108370e-17 7.357952e-01 6.231612e-02 5.837206e-04 3.660961e-14 4.439997e+11 3.373874e+12 8.285167e+07 2.857930e-07 2.300423e+07 5.274696e-11 9.650463e-48 5.773022e-04 3.886433e-08 8.028470e-02 3.869473e-03 4.866041e+04 1.270449e-09 6.109191e+01 1.945908e-02 6.974417e+01 5.032235e-04 3.839005e+01 1.099853e-15 3.081964e-11 0.000000e+00 0.000000e+00 0.000000e+00 0.000000e+00 0.000000e+00 0.000000e+00 0.000000e+00 0.000000e+00 0.000000e+00 0.000000e+00 0.000000e+00 0.000000e+00 4.434778e+14 1.250146e+15 1.469205e+06 4.438035e+18 6.489964e-10 9.241242e-04 6.322137e-11 1.298604e-06 6.311224e+02 2.494967e+05 1.570357e+01 1.618734e+07 3.416517e-12 4.923318e-06 2.632961e-08 7.774401e-18 0.000000e+00 0.000000e+00 2.106393e-07 9.901726e-09 6.803645e-06 0.000000e+00 0.000000e+00 0.000000e+00 4.005606e-32 8.888307e-57 0.000000e+00 0.000000e+00 1.476894e-11 0.000000e+00 0.000000e+00 0.000000e+00 0.000000e+00 0.000000e+00 0.000000e+00 0.000000e+00 0.000000e+00 0.000000e+00 0.000000e+00 0.000000e+00 0.000000e+00 0.000000e+00 0.000000e+00 0.000000e+00 0.000000e+00 0.000000e+00 0.000000e+00 0.000000e+00 0.000000e+00 0.000000e+00 0.000000e+00 0.000000e+00 0.000000e+00 0.000000e+00 8.984593e-41 2.320844e-17 1.085473e-15 2.637465e-07 3.827419e-17 0.000000e+00
17.000000 16.000000 18.000000 181.309040 7.912748e+03 1.056347e+08 1.230255e+02 2.065323e+09 7.341061e+05 2.341558e+04 1.967124e+04 5.652145e+11 4.635448e-02 9.818988e-02 7.461402e-05 7.021718e+02 3.156434e+01 1.299449e-02 6.763964e-06 4.248332e-16 5.858917e-01 9.269614e-02 1.337251e-03 9.832588e-14 4.967644e+11 2.353343e+12 4.088660e+07 2.759513e-07 3.522375e+06 3.734423e-10 9.318667e-48 1.612865e-03 8.402130e-08 9.979896e-02 4.086535e-03 4.332391e+04 4.297049e-09 5.428840e+01 2.108770e-02 5.001147e+01 1.186257e-03 5.850160e+01 1.753242e-15 6.004356e-11 0.000000e+00 0.000000e+00 0.000000e+00 0.000000e+00 0.000000e+00 0.000000e+00 0.000000e+00 0.000000e+00 0.000000e+00 0.000000e+00 0.000000e+00 0.000000e+00 3.157347e+14 8.904245e+14 5.192860e+06 3.160978e+18 3.017159e-06 1.125597e-03 1.113689e-10 1.512838e-06 5.482546e+02 2.178118e+05 3.749149e+00 9.753751e+06 1.761504e-11 1.825775e-06 1.507913e-08 3.698835e-17 0.000000e+00 0.000000e+00 1.181298e-06 2.846628e-08 4.533005e-05 0.000000e+00 0.000000e+00 0.000000e+00 0.000000e+00 0.000000e+00 0.000000e+00 0.000000e+00 2.442139e-11 0.000000e+00 0.000000e+00 0.000000e+00 0.000000e+00 0.000000e+00 0.000000e+00 0.000000e+00 0.000000e+00 0.000000e+00 0.000000e+00 0.000000e+00 0.000000e+00 0.000000e+00 0.000000e+00 0.000000e+00 0.000000e+00 0.000000e+00 0.000000e+00 0.000000e+00 0.000000e+00 0.000000e+00 0.000000e+00 0.000000e+00 0.000000e+00 0.000000e+00 6.230584e-40 6.550278e-17 2.335886e-15 3.108022e-07 1.003732e-16 0.000000e+00
19.000000 18.000000 20.000000 178.557867 5.464235e+03 1.374231e+08 2.364011e+02 2.305090e+09 9.912962e+05 3.647471e+04 2.571877e+04 3.417695e+11 9.885137e-02 7.599396e-02 8.324277e-05 1.320082e+03 4.008621e+01 1.456335e-02 7.035907e-06 4.386745e-16 4.839052e-01 1.236768e-01 1.460406e-03 6.053601e-13 4.531790e+11 1.599628e+12 2.306374e+07 2.148425e-07 4.434331e+05 8.880491e-10 1.647717e-47 3.150958e-03 1.382435e-07 1.235841e-01 4.663929e-03 4.474464e+04 1.572190e-08 3.171969e+01 1.385208e-02 2.727033e+01 1.606813e-03 7.277530e+01 3.193671e-15 6.172824e-11 0.000000e+00 0.000000e+00 0.000000e+00 0.000000e+00 0.000000e+00 0.000000e+00 0.000000e+00 0.000000e+00 0.000000e+00 0.000000e+00 0.000000e+00 0.000000e+00 2.213392e+14 6.244620e+14 1.126235e+07 2.216483e+18 1.830140e-05 1.443773e-03 3.056631e-10 1.897595e-06 4.419931e+02 1.613555e+05 5.605419e-01 7.045181e+06 6.146577e-11 4.098396e-07 2.208366e-09 1.007372e-16 0.000000e+00 0.000000e+00 1.608962e-06 4.617385e-08 1.980919e-04 0.000000e+00 0.000000e+00 0.000000e+00 0.000000e+00 0.000000e+00 0.000000e+00 0.000000e+00 4.333117e-11 0.000000e+00 0.000000e+00 0.000000e+00 0.000000e+00 0.000000e+00 0.000000e+00 0.000000e+00 0.000000e+00 0.000000e+00 0.000000e+00 0.000000e+00 0.000000e+00 0.000000e+00 0.000000e+00 0.000000e+00 0.000000e+00 0.000000e+00 0.000000e+00 0.000000e+00 0.000000e+00 0.000000e+00 0.000000e+00 0.000000e+00 0.000000e+00 0.000000e+00 5.550991e-40 6.528882e-17 2.366040e-15 2.505555e-07 1.475980e-16 0.000000e+00
21.000000 20.000000 22.000000 176.881150 3.757100e+03 1.692126e+08 3.606121e+02 2.760767e+09 1.373617e+06 5.130254e+04 3.478973e+04 2.176476e+11 1.601095e-01 5.002170e-02 7.298463e-05 1.481031e+03 4.300910e+01 1.185331e-02 4.668094e-06 2.108818e-16 3.597039e-01 1.389963e-01 1.193747e-03 4.653898e-12 3.802663e+11 1.067707e+12 1.266684e+07 2.023912e-07 5.980114e+04 1.739377e-09 4.661438e-47 6.035867e-03 2.300841e-07 1.586234e-01 5.742068e-03 4.947656e+04 5.516523e-08 1.818445e+01 8.822429e-03 1.516002e+01 2.060448e-03 7.732401e+01 5.776838e-15 5.455171e-11 0.000000e+00 3.510757e-35 0.000000e+00 0.000000e+00 0.000000e+00 0.000000e+00 0.000000e+00 0.000000e+00 0.000000e+00 0.000000e+00 0.000000e+00 0.000000e+00 1.536080e+14 4.335429e+14 2.239429e+07 1.538455e+18 4.958091e-05 1.577689e-03 9.529605e-10 2.471960e-06 3.696213e+02 1.109775e+05 8.735100e-02 4.899743e+06 2.026532e-10 1.268059e-07 2.461040e-10 2.218797e-16 0.000000e+00 0.000000e+00 1.417613e-06 7.015632e-08 7.027315e-04 0.000000e+00 0.000000e+00 0.000000e+00 3.420516e-36 6.306783e-63 0.000000e+00 0.000000e+00 8.203884e-11 0.000000e+00 0.000000e+00 0.000000e+00 0.000000e+00 0.000000e+00 0.000000e+00 0.000000e+00 0.000000e+00 0.000000e+00 0.000000e+00 0.000000e+00 0.000000e+00 0.000000e+00 0.000000e+00 0.000000e+00 0.000000e+00 0.000000e+00 0.000000e+00 0.000000e+00 0.000000e+00 0.000000e+00 0.000000e+00 0.000000e+00 0.000000e+00 0.000000e+00 1.567366e-40 3.616566e-17 1.436805e-15 1.687288e-07 1.765891e-16 0.000000e+00
23.000000 22.000000 24.000000 176.136721 2.577294e+03 2.112489e+08 5.956140e+02 3.115777e+09 1.808225e+06 7.405722e+04 4.208205e+04 1.358799e+11 2.263438e-01 2.641909e-02 5.382688e-05 1.362600e+03 4.164828e+01 9.121757e-03 2.991838e-06 9.234338e-17 2.270898e-01 1.303011e-01 8.798366e-04 3.837103e-11 3.152125e+11 7.019470e+11 6.370077e+06 2.656487e-07 1.381415e+04 3.820758e-09 1.922785e-46 1.231351e-02 4.061829e-07 2.076911e-01 7.335418e-03 5.607823e+04 1.949111e-07 1.283100e+01 7.061024e-03 1.042945e+01 2.928650e-03 7.443759e+01 1.009641e-14 5.263638e-11 0.000000e+00 0.000000e+00 0.000000e+00 0.000000e+00 0.000000e+00 0.000000e+00 0.000000e+00 0.000000e+00 0.000000e+00 0.000000e+00 0.000000e+00 0.000000e+00 1.057975e+14 2.987412e+14 4.672419e+07 1.059811e+18 1.034928e-04 1.388686e-03 3.320389e-09 3.497259e-06 3.315945e+02 7.470369e+04 2.513182e-02 3.068294e+06 6.838756e-10 6.809279e-08 4.784274e-11 4.447833e-16 0.000000e+00 0.000000e+00 1.190536e-06 1.174960e-07 2.193388e-03 0.000000e+00 0.000000e+00 0.000000e+00 0.000000e+00 0.000000e+00 0.000000e+00 0.000000e+00 5.389741e-10 0.000000e+00 0.000000e+00 0.000000e+00 0.000000e+00 0.000000e+00 0.000000e+00 0.000000e+00 0.000000e+00 0.000000e+00 0.000000e+00 0.000000e+00 0.000000e+00 0.000000e+00 0.000000e+00 0.000000e+00 0.000000e+00 0.000000e+00 0.000000e+00 0.000000e+00 0.000000e+00 0.000000e+00 0.000000e+00 0.000000e+00 0.000000e+00 0.000000e+00 2.368186e-41 1.448824e-17 6.078165e-16 1.047446e-07 1.956582e-16 0.000000e+00
25.000000 24.000000 26.000000 176.302750 1.767332e+03 2.547132e+08 9.350316e+02 3.362323e+09 2.263326e+06 1.026907e+05 4.563934e+04 8.650580e+10 2.807919e-01 1.192527e-02 3.513446e-05 1.249889e+03 3.780248e+01 6.513216e-03 1.728862e-06 3.344683e-17 1.319078e-01 1.060007e-01 5.690158e-04 4.159582e-10 2.612923e+11 4.550490e+11 3.020902e+06 4.413039e-07 1.246240e+04 8.045779e-09 1.712947e-45 3.905122e-02 1.075540e-06 2.754454e-01 9.572196e-03 6.394673e+04 1.004043e-06 1.162907e+01 7.179896e-03 9.185826e+00 4.267873e-03 6.732117e+01 1.820219e-14 5.444624e-11 0.000000e+00 2.329942e-32 0.000000e+00 0.000000e+00 0.000000e+00 0.000000e+00 0.000000e+00 0.000000e+00 0.000000e+00 0.000000e+00 0.000000e+00 0.000000e+00 7.246092e+13 2.047234e+14 9.512531e+07 7.260603e+17 2.229004e-04 1.056291e-03 1.565110e-08 6.053624e-06 3.140760e+02 4.956100e+04 2.383868e-02 1.834663e+06 3.443299e-09 4.575812e-08 2.826695e-11 1.211665e-15 0.000000e+00 0.000000e+00 8.694426e-07 1.974449e-07 6.068811e-03 0.000000e+00 0.000000e+00 0.000000e+00 3.040438e-34 0.000000e+00 0.000000e+00 0.000000e+00 4.741952e-09 0.000000e+00 0.000000e+00 0.000000e+00 0.000000e+00 0.000000e+00 0.000000e+00 0.000000e+00 0.000000e+00 0.000000e+00 0.000000e+00 0.000000e+00 0.000000e+00 0.000000e+00 0.000000e+00 0.000000e+00 0.000000e+00 0.000000e+00 0.000000e+00 0.000000e+00 0.000000e+00 0.000000e+00 0.000000e+00 0.000000e+00 0.000000e+00 0.000000e+00 2.270900e-42 4.579282e-18 1.971283e-16 6.187157e-08 3.538330e-16 0.000000e+00
27.000000 26.000000 28.000000 176.833029 1.213245e+03 2.878112e+08 1.307740e+03 3.502746e+09 2.711237e+06 1.324202e+05 4.528182e+04 5.628563e+10 3.121156e-01 4.928598e-03 2.145171e-05 1.160125e+03 3.318293e+01 4.363106e-03 8.890899e-07 9.951203e-18 7.520496e-02 7.858455e-02 3.279735e-04 3.787190e-05 2.169744e+11 2.910901e+11 1.385234e+06 8.431649e-07 3.418730e+04 1.608931e-08 1.637691e-43 1.194035e+00 2.821662e-05 6.178827e+00 1.980926e-02 7.378584e+04 1.995182e-02 2.826316e+01 1.816897e-02 1.583452e+01 1.166788e-02 5.895873e+01 2.405955e-11 5.935115e-11 0.000000e+00 4.764766e-33 0.000000e+00 0.000000e+00 0.000000e+00 0.000000e+00 0.000000e+00 0.000000e+00 0.000000e+00 0.000000e+00 0.000000e+00 0.000000e+00 4.957632e+13 1.401631e+14 1.806268e+08 4.969348e+17 4.936351e-04 7.408206e-04 6.436967e-04 6.742424e-02 3.291067e+02 3.205961e+04 6.425052e-02 1.093341e+06 1.616627e-07 4.004876e-08 4.415313e-11 3.120825e-14 0.000000e+00 0.000000e+00 5.433871e-07 3.340593e-07 1.550206e-02 0.000000e+00 0.000000e+00 0.000000e+00 6.532999e-35 4.025514e-63 0.000000e+00 0.000000e+00 2.914583e-04 0.000000e+00 0.000000e+00 0.000000e+00 0.000000e+00 0.000000e+00 0.000000e+00 0.000000e+00 0.000000e+00 0.000000e+00 0.000000e+00 0.000000e+00 0.000000e+00 0.000000e+00 0.000000e+00 0.000000e+00 0.000000e+00 0.000000e+00 0.000000e+00 0.000000e+00 0.000000e+00 0.000000e+00 0.000000e+00 0.000000e+00 0.000000e+00 0.000000e+00 1.696535e-43 1.268676e-18 5.486860e-17 3.862069e-08 4.600181e-15 0.000000e+00
29.000000 28.000000 30.000000 177.205284 8.339260e+02 3.016337e+08 1.610306e+03 3.536388e+09 3.131865e+06 1.579398e+05 4.199314e+04 3.701474e+10 3.169123e-01 1.968648e-03 1.283453e-05 1.033497e+03 2.854139e+01 2.792796e-03 4.132871e-07 2.517632e-18 4.329694e-02 5.483961e-02 1.735691e-04 1.840604e-03 1.798838e+11 1.835794e+11 7.231304e+05 2.926717e-06 1.214425e+05 5.323316e-08 8.509271e-42 2.218236e+01 4.342204e-04 8.144863e+01 1.161208e-01 8.537232e+04 3.810451e-01 2.124069e+02 1.491759e-01 9.317062e+01 8.956769e-02 5.063887e+01 7.317859e-10 1.080332e-10 0.000000e+00 0.000000e+00 0.000000e+00 0.000000e+00 0.000000e+00 0.000000e+00 0.000000e+00 0.000000e+00 0.000000e+00 0.000000e+00 0.000000e+00 0.000000e+00 3.398980e+13 9.617372e+13 3.150736e+08 3.408510e+17 1.022862e-03 4.969200e-04 1.467207e-02 7.700383e-01 6.541674e+02 2.008320e+04 2.600401e-01 6.611100e+05 4.502883e-06 7.097065e-08 9.808846e-11 4.646779e-13 0.000000e+00 0.000000e+00 2.973773e-07 9.699659e-07 3.642530e-02 0.000000e+00 0.000000e+00 0.000000e+00 0.000000e+00 0.000000e+00 0.000000e+00 0.000000e+00 4.450500e-03 0.000000e+00 0.000000e+00 0.000000e+00 0.000000e+00 0.000000e+00 0.000000e+00 0.000000e+00 0.000000e+00 0.000000e+00 0.000000e+00 0.000000e+00 0.000000e+00 0.000000e+00 0.000000e+00 0.000000e+00 0.000000e+00 0.000000e+00 0.000000e+00 0.000000e+00 0.000000e+00 0.000000e+00 0.000000e+00 0.000000e+00 0.000000e+00 0.000000e+00 1.188794e-44 3.388951e-19 1.446902e-17 4.696982e-08 3.626536e-14 0.000000e+00
31.000000 30.000000 32.000000 177.338726 5.736240e+02 2.968383e+08 1.768456e+03 3.480976e+09 3.481056e+06 1.749631e+05 3.628459e+04 2.433362e+10 3.048627e-01 8.231584e-04 8.130219e-06 8.679671e+02 2.445329e+01 1.761590e-03 1.809483e-07 5.834771e-19 2.551061e-02 3.665314e-02 8.685084e-05 6.779899e-02 1.500215e+11 1.127729e+11 1.338138e+06 2.223803e-05 3.995836e+05 4.737543e-07 2.690558e-40 2.824106e+02 4.516349e-03 8.994196e+02 1.132179e+00 9.942820e+04 5.831927e+00 1.815570e+03 1.551592e+00 8.447427e+02 9.299047e-01 4.334404e+01 1.044257e-07 9.191388e-10 0.000000e+00 0.000000e+00 0.000000e+00 0.000000e+00 0.000000e+00 0.000000e+00 0.000000e+00 0.000000e+00 0.000000e+00 0.000000e+00 0.000000e+00 0.000000e+00 2.334965e+13 6.613284e+13 5.068048e+08 2.342812e+17 1.943369e-03 3.286142e-04 2.647386e-01 7.030097e+00 4.285060e+03 1.252464e+04 1.192870e+00 4.016480e+05 8.454787e-05 2.573587e-07 2.399259e-10 4.721719e-12 0.000000e+00 0.000000e+00 1.482343e-07 8.488712e-06 7.919168e-02 0.000000e+00 0.000000e+00 0.000000e+00 0.000000e+00 0.000000e+00 0.000000e+00 0.000000e+00 5.441664e-02 0.000000e+00 0.000000e+00 0.000000e+00 0.000000e+00 0.000000e+00 0.000000e+00 0.000000e+00 0.000000e+00 0.000000e+00 0.000000e+00 0.000000e+00 0.000000e+00 0.000000e+00 0.000000e+00 0.000000e+00 0.000000e+00 0.000000e+00 0.000000e+00 0.000000e+00 0.000000e+00 0.000000e+00 0.000000e+00 0.000000e+00 0.000000e+00 0.000000e+00 1.053308e-45 1.017527e-19 4.227591e-18 1.785806e-07 1.973475e-13 0.000000e+00
33.000000 32.000000 34.000000 177.425536 3.947226e+02 2.765433e+08 1.724911e+03 3.384053e+09 3.754118e+06 1.803784e+05 2.956361e+04 1.610252e+10 2.809425e-01 3.965343e-04 5.958081e-06 6.736547e+02 2.080638e+01 1.089042e-03 7.401344e-08 1.226328e-19 1.537479e-02 2.353569e-02 4.111176e-05 4.377733e-01 1.244824e+11 6.703932e+10 2.067675e+06 5.263925e-05 7.369309e+05 1.128914e-06 1.919964e-39 8.280096e+02 1.034844e-02 1.842472e+03 2.344770e+00 1.074027e+05 1.633723e+01 3.299779e+03 3.125478e+00 1.563106e+03 1.870539e+00 3.665754e+01 4.618425e-07 2.728947e-09 0.000000e+00 0.000000e+00 0.000000e+00 0.000000e+00 0.000000e+00 0.000000e+00 0.000000e+00 0.000000e+00 0.000000e+00 0.000000e+00 0.000000e+00 0.000000e+00 1.604874e+13 4.550728e+13 7.553681e+08 1.611348e+17 3.294119e-03 2.174568e-04 8.816254e-01 1.189560e+01 8.412784e+03 7.802592e+03 2.468883e+00 2.406439e+05 3.584301e-04 3.339872e-07 2.569935e-10 1.069910e-11 0.000000e+00 0.000000e+00 6.698005e-08 2.046561e-05 1.372490e-01 0.000000e+00 0.000000e+00 0.000000e+00 0.000000e+00 0.000000e+00 0.000000e+00 0.000000e+00 1.235475e-01 0.000000e+00 0.000000e+00 0.000000e+00 0.000000e+00 0.000000e+00 0.000000e+00 0.000000e+00 0.000000e+00 0.000000e+00 0.000000e+00 0.000000e+00 0.000000e+00 0.000000e+00 0.000000e+00 0.000000e+00 0.000000e+00 0.000000e+00 0.000000e+00 0.000000e+00 0.000000e+00 0.000000e+00 0.000000e+00 0.000000e+00 0.000000e+00 0.000000e+00 1.653463e-46 4.064620e-20 1.633030e-18 2.508402e-07 2.946090e-13 0.000000e+00
35.000000 34.000000 36.000000 177.653326 2.717762e+02 2.470192e+08 1.499566e+03 3.296715e+09 3.962385e+06 1.740653e+05 2.299094e+04 1.085474e+10 2.512007e-01 2.428527e-04 5.520461e-06 4.900420e+02 1.761813e+01 6.600895e-04 2.831186e-08 2.344102e-20 9.494558e-03 1.463579e-02 1.852001e-05 1.665221e+00 1.024536e+11 3.812426e+10 2.286486e+06 8.178843e-05 1.105461e+06 1.554621e-06 9.479538e-39 1.545972e+03 1.482457e-02 2.340493e+03 3.080858e+00 1.080796e+05 2.872403e+01 3.767014e+03 3.834613e+00 1.780403e+03 2.257515e+00 3.058085e+01 1.119208e-06 5.345947e-09 0.000000e+00 0.000000e+00 0.000000e+00 0.000000e+00 0.000000e+00 0.000000e+00 0.000000e+00 0.000000e+00 0.000000e+00 0.000000e+00 0.000000e+00 0.000000e+00 1.102690e+13 3.130926e+13 1.052456e+09 1.108030e+17 5.078631e-03 1.460849e-04 1.886616e+00 1.288568e+01 1.091870e+04 4.849785e+03 3.818701e+00 1.405276e+05 9.430813e-04 3.007421e-07 1.992871e-10 1.533105e-11 0.000000e+00 0.000000e+00 2.753362e-08 3.006935e-05 2.034166e-01 0.000000e+00 0.000000e+00 0.000000e+00 0.000000e+00 0.000000e+00 0.000000e+00 0.000000e+00 1.805443e-01 0.000000e+00 0.000000e+00 0.000000e+00 0.000000e+00 0.000000e+00 0.000000e+00 0.000000e+00 0.000000e+00 0.000000e+00 0.000000e+00 0.000000e+00 0.000000e+00 0.000000e+00 0.000000e+00 0.000000e+00 0.000000e+00 0.000000e+00 0.000000e+00 0.000000e+00 0.000000e+00 0.000000e+00 0.000000e+00 0.000000e+00 0.000000e+00 0.000000e+00 6.450572e-47 2.553806e-20 9.957577e-19 3.010556e-07 3.480789e-13 0.000000e+00
37.000000 36.000000 38.000000 178.152764 1.873194e+02 2.137542e+08 1.142288e+03 3.316060e+09 4.175494e+06 1.572119e+05 1.762544e+04 7.610279e+09 2.153804e-01 1.999627e-04 6.657994e-06 3.437325e+02 1.475243e+01 3.805867e-04 9.722514e-09 3.790566e-21 6.038557e-03 8.919573e-03 7.846319e-06 6.494517e+00 8.340511e+10 2.045431e+10 2.880757e+06 1.426921e-04 1.702344e+06 2.099974e-06 5.754225e-38 2.935568e+03 2.160320e-02 3.195724e+03 4.452030e+00 1.042849e+05 5.687352e+01 4.626459e+03 4.954351e+00 2.149928e+03 2.785632e+00 2.503174e+01 2.612418e-06 1.149712e-08 0.000000e+00 0.000000e+00 0.000000e+00 0.000000e+00 0.000000e+00 0.000000e+00 0.000000e+00 0.000000e+00 0.000000e+00 0.000000e+00 0.000000e+00 0.000000e+00 7.571652e+12 2.153074e+13 1.372000e+09 7.615601e+16 7.511255e-03 1.007738e-04 4.710933e+00 1.587054e+01 1.636575e+04 3.174734e+03 6.210367e+00 8.075762e+04 2.466670e-03 2.877766e-07 1.526019e-10 2.209769e-11 0.000000e+00 0.000000e+00 9.962901e-09 4.669192e-05 2.750396e-01 0.000000e+00 0.000000e+00 0.000000e+00 0.000000e+00 0.000000e+00 0.000000e+00 0.000000e+00 3.079017e-01 0.000000e+00 0.000000e+00 0.000000e+00 0.000000e+00 0.000000e+00 0.000000e+00 0.000000e+00 0.000000e+00 0.000000e+00 0.000000e+00 0.000000e+00 0.000000e+00 0.000000e+00 0.000000e+00 0.000000e+00 0.000000e+00 0.000000e+00 0.000000e+00 0.000000e+00 0.000000e+00 0.000000e+00 0.000000e+00 0.000000e+00 0.000000e+00 0.000000e+00 6.699041e-47 2.607029e-20 1.014187e-18 5.366639e-07 5.264022e-13 0.000000e+00
39.000000 38.000000 40.000000 178.947929 1.293069e+02 1.774368e+08 7.701579e+02 3.490960e+09 4.580499e+06 1.371257e+05 1.444308e+04 5.706811e+09 1.722991e-01 2.105066e-04 9.829321e-06 2.379422e+02 1.222426e+01 2.074387e-04 2.925119e-09 5.002432e-22 3.991914e-03 5.561485e-03 3.241801e-06 2.260506e+01 6.728475e+10 1.011085e+10 3.676330e+06 2.651225e-04 2.458899e+06 2.659328e-06 4.005307e-37 4.994844e+03 2.830144e-02 4.084755e+03 6.175543e+00 9.555275e+04 1.151953e+02 5.328516e+03 6.037297e+00 2.344707e+03 3.062574e+00 2.005030e+01 6.976903e-06 2.583175e-08 0.000000e+00 2.005012e-31 0.000000e+00 0.000000e+00 0.000000e+00 0.000000e+00 0.000000e+00 0.000000e+00 0.000000e+00 0.000000e+00 0.000000e+00 0.000000e+00 5.197476e+12 1.480414e+13 1.726806e+09 5.233704e+16 1.101104e-02 7.209822e-05 1.245320e+01 2.007798e+01 2.606904e+04 2.281589e+03 9.879033e+00 4.732977e+04 5.716259e-03 2.678154e-07 1.067286e-10 2.781935e-11 0.000000e+00 0.000000e+00 3.244043e-09 7.235317e-05 3.421973e-01 0.000000e+00 0.000000e+00 0.000000e+00 7.553469e-34 8.126567e-64 0.000000e+00 0.000000e+00 5.592962e-01 0.000000e+00 0.000000e+00 0.000000e+00 0.000000e+00 0.000000e+00 0.000000e+00 0.000000e+00 0.000000e+00 0.000000e+00 0.000000e+00 0.000000e+00 0.000000e+00 0.000000e+00 0.000000e+00 0.000000e+00 0.000000e+00 0.000000e+00 0.000000e+00 0.000000e+00 0.000000e+00 0.000000e+00 0.000000e+00 0.000000e+00 0.000000e+00 0.000000e+00 1.414320e-46 3.782754e-20 1.525307e-18 1.200499e-06 8.397340e-13 0.000000e+00
41.000000 40.000000 42.000000 179.813334 8.943971e+01 1.295818e+08 5.420276e+02 3.548187e+09 5.875472e+06 1.380647e+05 1.603084e+04 4.677813e+09 1.156267e-01 2.337848e-04 1.590673e-05 1.649231e+02 9.976642e+00 1.266313e-04 8.909916e-10 7.325696e-23 2.685225e-03 3.982889e-03 1.750119e-06 4.302836e+01 5.449238e+10 4.567540e+09 3.483940e+06 4.917770e-04 2.829901e+06 3.557271e-06 2.422733e-36 6.600468e+03 2.857318e-02 3.859637e+03 6.399161e+00 7.846681e+04 1.836909e+02 4.149500e+03 5.927318e+00 1.634699e+03 2.581302e+00 1.553786e+01 1.591336e-05 5.210116e-08 0.000000e+00 0.000000e+00 0.000000e+00 0.000000e+00 0.000000e+00 0.000000e+00 0.000000e+00 0.000000e+00 0.000000e+00 0.000000e+00 0.000000e+00 0.000000e+00 3.571929e+12 1.019452e+13 2.505800e+09 3.602655e+16 1.602287e-02 5.051542e-05 2.594301e+01 2.125999e+01 3.657167e+04 1.698088e+03 1.428289e+01 2.921567e+04 1.057512e-02 2.290394e-07 7.527021e-11 2.572871e-11 0.000000e+00 0.000000e+00 1.333794e-09 1.109758e-04 3.899395e-01 0.000000e+00 0.000000e+00 0.000000e+00 0.000000e+00 0.000000e+00 0.000000e+00 0.000000e+00 8.203758e-01 0.000000e+00 0.000000e+00 0.000000e+00 0.000000e+00 0.000000e+00 0.000000e+00 0.000000e+00 0.000000e+00 0.000000e+00 0.000000e+00 0.000000e+00 0.000000e+00 0.000000e+00 0.000000e+00 0.000000e+00 0.000000e+00 0.000000e+00 0.000000e+00 0.000000e+00 0.000000e+00 0.000000e+00 0.000000e+00 0.000000e+00 0.000000e+00 0.000000e+00 4.509160e-46 6.775635e-20 2.749068e-18 2.459441e-06 1.083124e-12 0.000000e+00
43.000000 42.000000 44.000000 180.270281 6.196674e+01 8.443317e+07 6.706884e+02 2.809859e+09 9.025011e+06 2.193872e+05 2.549865e+04 3.847405e+09 6.344109e-02 1.705130e-04 2.142023e-05 1.161539e+02 7.983357e+00 1.559658e-04 5.894791e-10 4.672841e-23 1.596127e-03 3.364658e-03 2.254954e-06 2.498871e+01 4.894581e+10 1.847361e+09 2.409911e+06 9.775460e-04 2.318789e+06 8.881563e-06 9.555556e-36 6.796625e+03 2.250932e-02 2.843019e+03 4.945613e+00 5.345379e+04 2.399775e+02 2.260936e+03 6.049387e+00 7.736868e+02 2.324117e+00 1.157836e+01 2.511148e-05 1.103437e-07 0.000000e+00 4.282399e-32 0.000000e+00 0.000000e+00 0.000000e+00 0.000000e+00 0.000000e+00 0.000000e+00 0.000000e+00 0.000000e+00 0.000000e+00 0.000000e+00 2.458497e+12 7.047399e+12 5.759053e+09 2.489709e+16 2.340827e-02 3.136260e-05 3.860343e+01 2.101718e+01 4.466595e+04 1.402456e+03 2.006395e+01 1.525005e+04 1.745803e-02 2.441035e-07 1.026147e-10 1.703851e-11 0.000000e+00 0.000000e+00 1.693011e-09 2.314506e-04 4.230877e-01 0.000000e+00 0.000000e+00 0.000000e+00 0.000000e+00 0.000000e+00 0.000000e+00 0.000000e+00 8.888055e-01 0.000000e+00 0.000000e+00 0.000000e+00 0.000000e+00 0.000000e+00 0.000000e+00 0.000000e+00 0.000000e+00 0.000000e+00 0.000000e+00 0.000000e+00 0.000000e+00 0.000000e+00 0.000000e+00 0.000000e+00 0.000000e+00 0.000000e+00 0.000000e+00 0.000000e+00 0.000000e+00 0.000000e+00 0.000000e+00 0.000000e+00 0.000000e+00 0.000000e+00 1.105065e-45 1.072300e-19 3.551922e-18 3.407590e-06 8.731831e-13 0.000000e+00
45.000000 44.000000 46.000000 179.737972 4.294292e+01 1.167249e+08 2.731487e+03 1.533885e+09 7.258601e+06 3.882701e+05 1.748064e+04 2.177744e+09 6.412539e-02 2.729276e-05 8.170355e-06 8.392635e+01 6.185074e+00 3.595434e-04 1.821175e-09 2.509480e-22 4.967623e-04 1.480788e-03 2.905617e-06 5.910886e+00 5.756752e+10 6.615697e+08 2.096464e+06 9.476699e-04 1.282838e+06 2.013632e-05 1.680235e-35 5.028625e+03 1.315873e-02 1.818884e+03 2.532363e+00 2.190003e+04 3.280881e+02 2.237774e+03 8.541646e+00 5.207382e+02 2.251121e+00 8.276682e+00 3.258202e-05 1.885643e-07 0.000000e+00 1.362035e-33 0.000000e+00 0.000000e+00 0.000000e+00 0.000000e+00 0.000000e+00 0.000000e+00 0.000000e+00 0.000000e+00 0.000000e+00 0.000000e+00 1.685858e+12 4.900460e+12 1.537268e+10 1.730476e+16 3.671166e-02 1.248054e-05 4.349285e+01 2.207211e+01 2.513584e+04 1.299938e+03 1.811501e+01 4.166849e+03 2.507712e-02 2.243883e-07 1.661351e-10 7.296393e-12 0.000000e+00 0.000000e+00 5.036364e-09 2.589212e-04 4.225448e-01 0.000000e+00 0.000000e+00 0.000000e+00 1.196394e-35 0.000000e+00 0.000000e+00 0.000000e+00 7.248731e-01 0.000000e+00 0.000000e+00 0.000000e+00 0.000000e+00 0.000000e+00 0.000000e+00 0.000000e+00 0.000000e+00 0.000000e+00 0.000000e+00 0.000000e+00 0.000000e+00 0.000000e+00 0.000000e+00 0.000000e+00 0.000000e+00 0.000000e+00 0.000000e+00 0.000000e+00 0.000000e+00 0.000000e+00 0.000000e+00 0.000000e+00 0.000000e+00 0.000000e+00 4.898180e-47 2.093906e-20 4.028373e-19 7.962086e-07 1.732480e-13 0.000000e+00
47.000000 46.000000 48.000000 177.832650 2.969221e+01 4.119405e+08 1.611227e+04 9.760838e+08 2.388312e+06 3.512663e+05 6.774016e+03 8.135034e+08 1.624599e-01 2.049079e-06 1.122286e-06 6.125460e+01 4.629406e+00 3.915126e-04 5.914482e-09 6.748890e-22 6.657044e-05 2.660208e-04 7.876468e-07 1.930848e+00 7.192353e+10 2.193016e+08 1.505348e+06 1.927482e-04 5.165649e+05 6.902968e-06 8.081439e-36 1.582058e+03 2.332720e-03 4.969278e+02 2.723734e-01 6.629506e+03 4.138023e+02 4.074656e+03 8.108856e+00 2.759932e+02 7.921572e-01 5.699617e+00 2.256752e-05 9.304147e-08 0.000000e+00 0.000000e+00 0.000000e+00 0.000000e+00 0.000000e+00 0.000000e+00 0.000000e+00 0.000000e+00 0.000000e+00 0.000000e+00 0.000000e+00 0.000000e+00 1.146699e+12 3.425970e+12 2.653656e+10 1.209330e+16 5.992565e-02 2.928185e-06 3.867795e+01 1.528245e+01 3.860395e+03 6.242684e+02 6.726442e+00 6.870585e+02 1.417588e-02 4.008315e-08 5.436778e-11 9.351078e-13 0.000000e+00 0.000000e+00 4.059304e-09 5.191941e-05 3.655913e-01 0.000000e+00 0.000000e+00 0.000000e+00 0.000000e+00 0.000000e+00 0.000000e+00 0.000000e+00 4.873118e-01 0.000000e+00 0.000000e+00 0.000000e+00 0.000000e+00 0.000000e+00 0.000000e+00 0.000000e+00 0.000000e+00 0.000000e+00 0.000000e+00 0.000000e+00 0.000000e+00 0.000000e+00 0.000000e+00 0.000000e+00 0.000000e+00 0.000000e+00 0.000000e+00 0.000000e+00 0.000000e+00 0.000000e+00 0.000000e+00 0.000000e+00 0.000000e+00 0.000000e+00 4.294639e-49 6.627672e-22 8.225266e-21 6.234662e-08 1.081624e-14 0.000000e+00
49.000000 48.000000 50.000000 174.681610 2.042418e+01 2.853165e+09 9.571877e+04 9.868324e+08 3.297102e+05 9.950525e+04 6.401453e+02 2.443059e+08 7.288036e-01 1.372779e-07 9.946553e-08 4.380780e+01 2.916768e+00 1.651616e-04 1.131306e-08 4.244475e-22 4.654509e-06 1.734921e-05 4.488269e-08 8.852902e-01 7.669120e+10 7.084948e+07 6.807760e+05 2.083280e-05 1.640324e+05 3.921467e-07 6.262996e-37 1.138952e+02 2.787389e-05 2.200246e+01 2.112583e-03 1.945943e+03 2.937708e+02 5.972852e+03 2.739029e+00 1.565067e+01 3.617052e-02 3.797417e+00 4.367701e-06 8.232939e-09 0.000000e+00 0.000000e+00 0.000000e+00 0.000000e+00 0.000000e+00 0.000000e+00 0.000000e+00 0.000000e+00 0.000000e+00 0.000000e+00 0.000000e+00 0.000000e+00 7.767591e+11 2.399475e+12 3.054341e+10 8.468597e+15 9.190035e-02 8.896087e-07 2.034333e+01 4.464121e+00 2.334423e+02 1.674650e+02 1.086786e+00 4.273589e+01 1.375686e-03 1.680942e-09 3.413276e-12 7.327409e-15 0.000000e+00 0.000000e+00 4.002299e-10 2.779988e-06 2.707291e-01 0.000000e+00 0.000000e+00 0.000000e+00 0.000000e+00 0.000000e+00 0.000000e+00 0.000000e+00 2.945795e-01 0.000000e+00 0.000000e+00 0.000000e+00 0.000000e+00 0.000000e+00 0.000000e+00 0.000000e+00 0.000000e+00 0.000000e+00 0.000000e+00 0.000000e+00 0.000000e+00 0.000000e+00 0.000000e+00 0.000000e+00 0.000000e+00 0.000000e+00 0.000000e+00 0.000000e+00 0.000000e+00 0.000000e+00 0.000000e+00 0.000000e+00 0.000000e+00 0.000000e+00 4.110855e-51 8.566586e-24 1.039069e-22 4.752089e-09 6.096758e-16 0.000000e+00
51.000000 50.000000 52.000000 170.868025 1.394562e+01 8.709760e+09 2.019821e+05 9.067480e+08 6.799483e+04 2.199947e+04 4.236223e+01 7.334610e+07 1.224598e+00 1.329966e-08 1.590763e-08 3.008172e+01 1.512828e+00 8.037683e-05 1.025769e-08 1.464459e-22 5.088146e-07 1.375950e-06 3.272600e-09 2.913575e-01 7.064721e+10 2.342136e+07 2.390713e+05 2.383276e-06 4.771733e+04 2.081761e-08 3.007069e-38 7.653811e+00 4.277545e-07 9.564646e-01 2.548980e-05 5.842104e+02 1.064215e+02 4.042918e+03 5.370762e-01 3.569823e-01 1.463933e-03 2.479144e+00 1.525612e-06 5.091613e-10 0.000000e+00 0.000000e+00 0.000000e+00 0.000000e+00 0.000000e+00 0.000000e+00 0.000000e+00 0.000000e+00 0.000000e+00 0.000000e+00 0.000000e+00 0.000000e+00 5.251204e+11 1.675003e+12 2.654064e+10 5.911409e+15 1.253277e-01 2.993186e-07 5.879653e+00 1.094959e+00 2.988276e+01 4.147268e+01 1.683159e-01 3.405628e+00 1.093399e-04 1.034152e-10 2.156471e-13 6.271257e-17 0.000000e+00 0.000000e+00 3.350154e-11 2.392258e-07 1.863385e-01 0.000000e+00 0.000000e+00 0.000000e+00 0.000000e+00 0.000000e+00 0.000000e+00 0.000000e+00 1.718225e-01 0.000000e+00 0.000000e+00 0.000000e+00 0.000000e+00 0.000000e+00 0.000000e+00 0.000000e+00 0.000000e+00 0.000000e+00 0.000000e+00 0.000000e+00 0.000000e+00 0.000000e+00 0.000000e+00 0.000000e+00 0.000000e+00 0.000000e+00 0.000000e+00 0.000000e+00 0.000000e+00 0.000000e+00 0.000000e+00 0.000000e+00 0.000000e+00 0.000000e+00 4.765820e-53 1.488580e-25 1.675758e-24 4.260902e-10 4.018347e-17 0.000000e+00
53.000000 52.000000 54.000000 167.151252 9.442878e+00 1.421840e+10 2.104809e+05 7.607227e+08 2.265179e+04 6.437879e+03 3.409065e+00 2.083158e+07 1.279889e+00 1.889790e-09 4.159095e-09 1.961299e+01 7.634377e-01 3.211922e-05 4.261957e-09 1.921536e-23 9.145551e-08 1.685930e-07 2.994006e-10 1.761713e-01 6.166013e+10 7.235577e+06 7.960675e+04 2.655142e-07 1.266049e+04 1.080416e-09 8.264897e-38 1.269485e+00 2.484958e-08 9.057672e-02 1.126654e-06 1.625107e+02 3.342933e+01 2.405204e+03 1.036397e-01 1.510499e-02 1.286740e-04 1.574342e+00 9.270409e-07 4.862284e-11 0.000000e+00 0.000000e+00 0.000000e+00 0.000000e+00 0.000000e+00 0.000000e+00 0.000000e+00 0.000000e+00 0.000000e+00 0.000000e+00 0.000000e+00 0.000000e+00 3.507261e+11 1.159479e+12 2.066170e+10 4.091744e+15 1.565070e-01 1.105305e-07 1.545223e+00 2.981457e-01 6.516441e+00 1.223994e+01 3.426411e-02 5.216589e-01 2.078429e-05 8.430520e-12 1.391536e-14 2.364131e-18 0.000000e+00 0.000000e+00 2.927915e-12 3.104569e-08 1.256023e-01 0.000000e+00 0.000000e+00 0.000000e+00 0.000000e+00 2.080049e-69 0.000000e+00 0.000000e+00 8.981117e-02 0.000000e+00 0.000000e+00 0.000000e+00 0.000000e+00 0.000000e+00 0.000000e+00 0.000000e+00 0.000000e+00 0.000000e+00 0.000000e+00 0.000000e+00 0.000000e+00 0.000000e+00 0.000000e+00 0.000000e+00 0.000000e+00 0.000000e+00 0.000000e+00 0.000000e+00 0.000000e+00 0.000000e+00 0.000000e+00 0.000000e+00 0.000000e+00 0.000000e+00 5.506619e-55 4.437142e-27 4.307761e-26 3.797084e-11 2.592889e-18 0.000000e+00
55.000000 54.000000 56.000000 164.503546 6.346777e+00 1.780241e+10 1.484639e+05 6.131088e+08 8.657945e+03 2.060638e+03 3.330513e-01 5.675271e+06 1.123592e+00 3.486715e-10 1.422772e-09 1.204077e+01 3.799328e-01 1.158731e-05 1.274399e-09 1.580547e-24 2.039499e-08 2.284442e-08 2.905191e-11 7.656250e-01 5.129890e+10 2.110740e+06 2.543446e+04 2.920139e-08 3.161721e+03 5.547485e-11 1.718705e-36 3.146973e-01 3.219668e-09 1.555435e-02 1.165481e-07 4.237425e+01 9.600952e+00 1.402462e+03 2.076915e-02 1.619825e-03 2.103968e-05 9.704432e-01 6.562586e-07 7.338580e-12 0.000000e+00 0.000000e+00 0.000000e+00 0.000000e+00 0.000000e+00 0.000000e+00 0.000000e+00 0.000000e+00 0.000000e+00 0.000000e+00 0.000000e+00 0.000000e+00 2.303395e+11 7.920316e+11 1.466044e+10 2.794422e+15 1.802085e-01 4.259509e-08 4.198077e-01 8.682776e-02 1.698260e+00 4.045527e+00 8.023390e-03 1.010781e-01 5.890570e-06 7.523767e-13 8.947436e-16 2.169193e-19 0.000000e+00 0.000000e+00 2.453683e-13 4.232726e-09 8.321751e-02 0.000000e+00 0.000000e+00 0.000000e+00 0.000000e+00 3.253877e-74 0.000000e+00 0.000000e+00 4.315560e-02 0.000000e+00 0.000000e+00 0.000000e+00 0.000000e+00 0.000000e+00 0.000000e+00 0.000000e+00 0.000000e+00 0.000000e+00 0.000000e+00 0.000000e+00 0.000000e+00 0.000000e+00 0.000000e+00 0.000000e+00 0.000000e+00 0.000000e+00 0.000000e+00 0.000000e+00 0.000000e+00 0.000000e+00 0.000000e+00 0.000000e+00 0.000000e+00 0.000000e+00 6.326438e-57 3.013126e-28 2.417972e-27 3.358031e-12 1.638143e-19 0.000000e+00
57.000000 56.000000 58.000000 164.559563 4.252322e+00 1.935301e+10 7.477531e+04 4.861000e+08 3.397422e+03 6.450021e+02 3.248117e-02 1.491593e+06 8.999143e-01 8.312416e-11 6.604905e-10 6.923386e+00 1.808589e-01 3.786735e-06 3.007374e-10 8.756367e-26 5.158061e-09 2.863019e-09 2.549644e-12 5.170640e+00 4.079167e+10 5.864376e+05 7.498994e+03 3.191835e-09 7.507345e+02 2.743996e-12 1.235948e-35 7.707761e-02 6.202335e-10 3.410464e-03 1.928468e-08 1.046096e+01 2.185576e+00 8.002880e+02 4.106274e-03 2.639787e-04 4.767912e-06 5.784184e-01 4.684087e-07 2.147784e-12 0.000000e+00 0.000000e+00 0.000000e+00 0.000000e+00 0.000000e+00 0.000000e+00 0.000000e+00 0.000000e+00 0.000000e+00 0.000000e+00 0.000000e+00 0.000000e+00 1.478419e+11 5.308280e+11 9.321345e+09 1.871617e+15 1.920644e-01 1.666883e-08 1.160737e-01 2.622952e-02 4.719631e-01 1.453292e+00 1.984819e-03 2.031197e-02 1.658009e-06 6.419680e-14 5.125913e-17 3.076991e-20 0.000000e+00 0.000000e+00 1.708955e-14 5.102341e-10 5.373867e-02 0.000000e+00 0.000000e+00 0.000000e+00 0.000000e+00 5.122884e-79 0.000000e+00 0.000000e+00 1.950086e-02 0.000000e+00 0.000000e+00 0.000000e+00 0.000000e+00 0.000000e+00 0.000000e+00 0.000000e+00 0.000000e+00 0.000000e+00 0.000000e+00 0.000000e+00 0.000000e+00 0.000000e+00 0.000000e+00 0.000000e+00 0.000000e+00 0.000000e+00 0.000000e+00 0.000000e+00 0.000000e+00 0.000000e+00 0.000000e+00 0.000000e+00 0.000000e+00 0.000000e+00 7.209069e-59 4.780511e-29 3.082060e-28 2.940981e-13 1.013551e-20 0.000000e+00
59.000000 58.000000 60.000000 169.542751 2.865658e+00 1.892863e+10 2.598855e+04 3.835342e+08 1.341213e+03 1.864973e+02 2.684830e-03 3.796182e+05 6.749753e-01 2.913375e-11 4.872804e-10 3.726112e+00 7.965492e-02 1.088577e-06 5.475782e-11 3.055577e-27 1.641898e-09 3.025788e-10 1.833432e-13 2.516333e+01 3.111659e+10 1.560693e+05 1.955955e+03 3.593937e-10 1.691517e+02 1.276874e-13 3.806782e-35 1.625220e-02 1.459435e-10 7.663933e-04 4.560877e-09 2.462435e+00 3.345828e-01 4.356745e+02 7.823588e-04 5.052277e-05 1.349589e-06 3.323742e-01 3.219231e-07 1.900466e-12 0.000000e+00 3.614778e-49 0.000000e+00 0.000000e+00 0.000000e+00 0.000000e+00 0.000000e+00 0.000000e+00 0.000000e+00 0.000000e+00 0.000000e+00 0.000000e+00 9.226822e+10 3.478000e+11 5.179666e+09 1.224218e+15 1.910066e-01 6.617704e-09 3.261627e-02 8.311491e-03 1.364054e-01 5.781086e-01 5.087008e-04 3.955743e-03 4.094458e-07 4.859984e-15 2.361496e-18 5.445050e-21 0.000000e+00 0.000000e+00 8.699155e-16 4.916065e-11 3.349217e-02 0.000000e+00 0.000000e+00 0.000000e+00 1.035497e-50 2.221556e-81 0.000000e+00 0.000000e+00 8.421723e-03 0.000000e+00 0.000000e+00 0.000000e+00 0.000000e+00 0.000000e+00 0.000000e+00 0.000000e+00 0.000000e+00 0.000000e+00 0.000000e+00 0.000000e+00 0.000000e+00 0.000000e+00 0.000000e+00 0.000000e+00 0.000000e+00 0.000000e+00 0.000000e+00 0.000000e+00 0.000000e+00 0.000000e+00 0.000000e+00 0.000000e+00 0.000000e+00 0.000000e+00 8.119311e-61 2.077013e-29 1.061189e-28 2.543307e-14 6.136413e-22 0.000000e+00
61.000000 60.000000 62.000000 180.893074 1.966687e+00 1.685153e+10 6.360747e+03 3.055537e+08 5.622786e+02 5.047176e+01 1.852871e-04 9.496841e+04 4.831122e-01 1.602370e-11 5.963295e-10 1.898841e+00 3.227684e-02 2.755286e-07 7.774192e-12 6.854317e-29 9.957739e-10 2.820990e-11 1.105926e-14 9.311268e+01 2.309261e+10 4.008970e+04 4.392133e+02 6.285701e-11 3.566088e+01 5.616514e-15 7.059072e-35 2.891886e-03 3.936005e-11 1.649669e-04 1.651111e-09 5.572854e-01 3.276453e-02 2.216408e+02 1.393310e-04 1.191184e-05 5.087564e-07 1.852466e-01 2.143148e-07 4.384024e-12 0.000000e+00 3.074625e-44 0.000000e+00 0.000000e+00 0.000000e+00 0.000000e+00 0.000000e+00 0.000000e+00 0.000000e+00 0.000000e+00 0.000000e+00 0.000000e+00 5.627263e+10 2.245091e+11 2.532450e+09 7.874576e+14 1.813977e-01 2.767173e-09 9.528118e-03 2.910811e-03 4.101766e-02 2.628477e-01 1.352727e-04 7.936373e-04 8.795348e-08 3.270947e-16 8.599817e-20 1.133087e-21 0.000000e+00 0.000000e+00 3.248093e-17 3.784041e-12 2.013609e-02 0.000000e+00 0.000000e+00 0.000000e+00 2.434262e-45 8.774234e-77 0.000000e+00 0.000000e+00 3.493068e-03 0.000000e+00 0.000000e+00 0.000000e+00 0.000000e+00 0.000000e+00 0.000000e+00 0.000000e+00 0.000000e+00 0.000000e+00 0.000000e+00 0.000000e+00 0.000000e+00 0.000000e+00 0.000000e+00 0.000000e+00 0.000000e+00 0.000000e+00 0.000000e+00 0.000000e+00 0.000000e+00 0.000000e+00 0.000000e+00 0.000000e+00 0.000000e+00 0.000000e+00 9.090000e-63 2.522827e-29 1.024652e-28 2.173623e-15 3.640818e-23 0.000000e+00
63.000000 62.000000 64.000000 197.542971 1.387850e+00 1.405934e+10 1.271034e+03 2.489732e+08 2.933935e+02 1.358123e+01 1.196562e-05 2.455010e+04 3.392989e-01 1.155698e-11 9.574697e-10 9.385332e-01 1.255764e-02 6.560434e-08 9.715933e-13 1.186828e-30 1.255652e-09 2.992102e-12 6.856196e-16 2.829111e+02 1.711095e+10 1.008905e+04 8.762579e+01 4.676792e-11 6.849563e+00 2.356306e-16 1.006769e-34 4.743168e-04 1.223637e-11 3.469059e-05 9.343450e-10 1.230225e-01 2.489198e-03 1.055439e+02 2.381679e-05 3.967285e-06 2.703633e-07 1.020524e-01 1.418990e-07 1.448139e-11 0.000000e+00 1.964531e-39 0.000000e+00 0.000000e+00 0.000000e+00 0.000000e+00 0.000000e+00 0.000000e+00 0.000000e+00 0.000000e+00 0.000000e+00 0.000000e+00 3.417496e+10 1.459217e+11 1.145787e+09 5.088564e+14 1.699247e-01 1.297115e-09 2.971181e-03 1.324581e-03 1.271602e-02 1.364901e-01 3.697031e-05 2.020557e-04 1.779340e-08 2.120114e-17 2.718690e-21 2.808742e-22 0.000000e+00 0.000000e+00 1.048152e-18 2.598925e-13 1.186864e-02 0.000000e+00 0.000000e+00 0.000000e+00 5.765247e-40 2.784327e-72 0.000000e+00 0.000000e+00 1.388669e-03 0.000000e+00 0.000000e+00 0.000000e+00 0.000000e+00 0.000000e+00 0.000000e+00 0.000000e+00 0.000000e+00 0.000000e+00 0.000000e+00 0.000000e+00 0.000000e+00 0.000000e+00 0.000000e+00 0.000000e+00 0.000000e+00 0.000000e+00 0.000000e+00 0.000000e+00 0.000000e+00 0.000000e+00 0.000000e+00 0.000000e+00 0.000000e+00 0.000000e+00 3.374827e-64 4.967024e-29 1.646437e-28 1.861110e-16 2.139278e-24 0.000000e+00
65.000000 64.000000 66.000000 208.568557 1.000788e+00 1.176438e+10 2.982169e+02 2.081730e+08 2.132098e+02 4.058123e+00 1.020838e-06 7.264887e+03 2.473439e-01 6.727104e-12 1.062036e-09 4.726024e-01 5.166916e-03 1.767510e-08 1.517661e-13 2.605181e-32 1.337907e-09 5.332798e-13 6.814798e-17 7.408632e+02 1.332837e+10 2.565109e+03 1.990809e+01 2.628523e-11 1.251093e+00 9.723503e-18 1.254565e-34 9.478160e-05 3.944230e-12 8.064443e-06 4.127584e-10 2.727606e-02 3.312840e-04 5.104137e+01 4.974193e-06 1.290691e-06 1.137910e-07 5.831667e-02 9.892259e-08 2.314829e-11 0.000000e+00 0.000000e+00 0.000000e+00 0.000000e+00 0.000000e+00 0.000000e+00 0.000000e+00 0.000000e+00 0.000000e+00 0.000000e+00 0.000000e+00 0.000000e+00 2.169923e+10 1.000863e+11 5.224492e+08 3.475415e+14 1.585387e-01 7.039573e-10 1.068595e-03 9.808418e-04 3.949713e-03 7.619491e-02 9.410254e-06 8.441991e-05 4.346487e-09 1.595643e-18 9.737665e-23 7.628999e-23 0.000000e+00 0.000000e+00 4.610774e-20 2.128673e-14 7.299233e-03 0.000000e+00 0.000000e+00 0.000000e+00 0.000000e+00 0.000000e+00 0.000000e+00 0.000000e+00 5.250019e-04 0.000000e+00 0.000000e+00 0.000000e+00 0.000000e+00 0.000000e+00 0.000000e+00 0.000000e+00 0.000000e+00 0.000000e+00 0.000000e+00 0.000000e+00 0.000000e+00 0.000000e+00 0.000000e+00 0.000000e+00 0.000000e+00 0.000000e+00 0.000000e+00 0.000000e+00 0.000000e+00 0.000000e+00 0.000000e+00 0.000000e+00 0.000000e+00 0.000000e+00 2.274463e-64 4.851448e-29 1.343676e-28 1.637834e-17 1.269864e-25 0.000000e+00
67.000000 66.000000 68.000000 210.279999 7.261677e-01 9.923639e+09 8.741512e+01 1.706100e+08 1.439573e+02 1.322182e+00 1.417893e-07 2.497511e+03 1.870438e-01 2.781466e-12 7.425194e-10 2.451330e-01 2.270023e-03 5.531984e-09 3.095238e-14 9.945177e-34 9.276045e-10 1.113590e-13 9.521093e-18 1.726565e+03 1.078731e+10 6.771736e+02 5.720081e+00 5.938454e-12 2.417536e-01 4.221725e-19 1.131261e-34 2.494303e-05 1.233445e-12 2.186182e-06 1.083190e-10 6.268146e-03 1.215263e-04 2.703613e+01 1.608831e-06 3.221985e-07 3.052817e-08 3.484032e-02 7.408380e-08 1.618023e-11 0.000000e+00 5.679157e-39 0.000000e+00 0.000000e+00 0.000000e+00 0.000000e+00 0.000000e+00 0.000000e+00 0.000000e+00 0.000000e+00 0.000000e+00 0.000000e+00 1.442171e+10 7.206200e+10 2.450465e+08 2.501225e+14 1.485856e-01 3.895730e-10 5.679894e-04 1.109757e-03 1.260790e-03 4.260081e-02 2.279051e-06 3.881637e-05 1.400506e-09 1.483075e-19 4.706397e-24 2.127644e-23 0.000000e+00 0.000000e+00 3.141859e-21 2.261482e-15 4.801719e-03 0.000000e+00 0.000000e+00 0.000000e+00 4.582317e-40 1.818197e-73 0.000000e+00 0.000000e+00 1.957723e-04 0.000000e+00 0.000000e+00 0.000000e+00 0.000000e+00 0.000000e+00 0.000000e+00 0.000000e+00 0.000000e+00 0.000000e+00 0.000000e+00 0.000000e+00 0.000000e+00 0.000000e+00 0.000000e+00 0.000000e+00 0.000000e+00 0.000000e+00 0.000000e+00 0.000000e+00 0.000000e+00 0.000000e+00 0.000000e+00 0.000000e+00 0.000000e+00 0.000000e+00 4.531213e-65 2.119792e-29 4.800715e-29 1.532587e-18 7.869567e-27 0.000000e+00
69.000000 68.000000 70.000000 210.279999 5.269043e-01 8.185978e+09 2.498217e+01 1.342317e+08 9.282353e+01 4.134862e-01 2.710939e-08 9.392029e+02 1.410106e-01 1.030458e-12 4.787209e-10 1.240314e-01 9.843419e-04 1.732936e-09 6.305964e-15 4.475722e-35 5.957636e-10 2.259751e-14 1.386645e-18 3.830039e+03 8.678373e+09 1.790856e+02 1.726881e+00 9.946588e-13 4.844139e-02 1.873173e-20 8.885226e-35 7.025534e-06 3.979326e-13 6.193202e-07 2.562442e-11 1.442063e-03 8.692474e-05 1.525870e+01 8.653383e-07 7.558257e-08 7.575216e-09 2.088977e-02 5.698999e-08 9.710402e-12 0.000000e+00 0.000000e+00 0.000000e+00 0.000000e+00 0.000000e+00 0.000000e+00 0.000000e+00 0.000000e+00 0.000000e+00 0.000000e+00 0.000000e+00 0.000000e+00 9.613194e+09 5.225958e+10 1.106667e+08 1.814879e+14 1.403472e-01 2.118071e-10 4.975485e-04 1.480272e-03 4.115040e-04 2.340233e-02 5.821304e-07 1.774466e-05 4.930592e-10 1.448427e-20 2.643145e-25 6.273323e-24 0.000000e+00 0.000000e+00 2.227226e-22 2.477115e-16 3.246121e-03 0.000000e+00 0.000000e+00 0.000000e+00 0.000000e+00 0.000000e+00 0.000000e+00 0.000000e+00 7.234775e-05 0.000000e+00 0.000000e+00 0.000000e+00 0.000000e+00 0.000000e+00 0.000000e+00 0.000000e+00 0.000000e+00 0.000000e+00 0.000000e+00 0.000000e+00 0.000000e+00 0.000000e+00 0.000000e+00 0.000000e+00 0.000000e+00 0.000000e+00 0.000000e+00 0.000000e+00 0.000000e+00 0.000000e+00 0.000000e+00 0.000000e+00 0.000000e+00 0.000000e+00 6.907779e-66 8.195824e-30 1.462974e-29 1.482814e-19 4.924068e-28 0.000000e+00
71.000000 70.000000 72.000000 210.279999 3.823196e-01 6.607897e+09 6.170659e+00 1.025349e+08 6.052486e+01 1.138174e-01 6.666677e-09 3.809168e+02 1.054434e-01 3.719547e-13 3.113030e-10 5.790490e-02 3.907330e-04 4.956428e-10 1.145204e-15 1.740316e-36 3.865177e-10 4.245620e-15 1.892375e-19 8.998073e+03 6.893244e+09 4.712491e+01 5.224314e-01 1.446440e-13 9.977322e-03 8.413078e-22 6.676976e-35 2.004449e-06 1.338115e-13 1.783200e-07 6.041469e-12 3.299584e-04 1.590603e-04 9.081594e+00 1.288174e-06 1.760307e-08 1.888091e-09 1.247944e-02 4.451006e-08 5.806919e-12 0.000000e+00 8.494705e-39 0.000000e+00 0.000000e+00 0.000000e+00 0.000000e+00 0.000000e+00 0.000000e+00 0.000000e+00 0.000000e+00 0.000000e+00 0.000000e+00 6.379035e+09 3.789435e+10 4.433895e+07 1.316868e+14 1.322726e-01 1.148798e-10 6.377855e-04 2.238691e-03 1.366905e-04 1.267514e-02 1.597880e-07 8.270825e-06 1.790855e-10 1.337102e-21 1.506469e-26 1.954144e-24 0.000000e+00 0.000000e+00 1.298072e-23 2.516054e-17 2.230871e-03 0.000000e+00 0.000000e+00 0.000000e+00 5.592277e-40 1.466088e-72 0.000000e+00 0.000000e+00 2.653057e-05 0.000000e+00 0.000000e+00 0.000000e+00 0.000000e+00 0.000000e+00 0.000000e+00 0.000000e+00 0.000000e+00 0.000000e+00 0.000000e+00 0.000000e+00 0.000000e+00 0.000000e+00 0.000000e+00 0.000000e+00 0.000000e+00 0.000000e+00 0.000000e+00 0.000000e+00 0.000000e+00 0.000000e+00 0.000000e+00 0.000000e+00 0.000000e+00 0.000000e+00 1.109807e-66 3.292698e-30 4.503464e-30 1.492991e-20 3.105930e-29 0.000000e+00
73.000000 72.000000 74.000000 210.279999 2.774099e-01 5.248628e+09 9.048208e-01 7.689616e+07 4.011099e+01 1.899563e-02 1.956596e-09 1.648712e+02 7.838505e-02 1.332197e-13 2.046999e-10 2.070221e-02 9.428652e-05 8.583642e-11 1.231247e-16 3.131795e-38 2.537165e-10 4.953610e-16 1.713403e-20 7.738541e+04 5.412781e+09 1.235276e+01 1.736865e-01 1.860266e-14 2.111917e-03 3.817751e-23 4.950260e-35 5.783378e-07 5.008938e-14 5.592138e-08 1.452784e-12 7.518241e-05 1.569637e-03 5.675171e+00 1.191373e-05 4.196730e-09 4.818960e-10 7.433662e-03 3.916626e-08 3.462591e-12 0.000000e+00 4.971844e-39 0.000000e+00 0.000000e+00 0.000000e+00 0.000000e+00 0.000000e+00 0.000000e+00 0.000000e+00 0.000000e+00 0.000000e+00 0.000000e+00 4.217472e+09 2.747290e+10 1.079602e+07 9.555161e+13 1.227559e-01 6.281662e-11 3.376189e-03 1.273462e-02 4.632483e-05 6.798856e-03 4.736331e-08 3.935062e-06 6.662666e-11 7.758719e-23 6.205179e-28 6.846389e-25 0.000000e+00 0.000000e+00 3.219419e-25 1.834771e-18 1.553757e-03 0.000000e+00 0.000000e+00 0.000000e+00 2.995529e-40 5.374287e-73 0.000000e+00 0.000000e+00 9.671273e-06 0.000000e+00 0.000000e+00 0.000000e+00 0.000000e+00 0.000000e+00 0.000000e+00 0.000000e+00 0.000000e+00 0.000000e+00 0.000000e+00 0.000000e+00 0.000000e+00 0.000000e+00 0.000000e+00 0.000000e+00 0.000000e+00 0.000000e+00 0.000000e+00 0.000000e+00 0.000000e+00 0.000000e+00 0.000000e+00 0.000000e+00 0.000000e+00 0.000000e+00 1.929772e-67 1.377404e-30 1.415688e-30 1.598398e-21 2.035999e-30 0.000000e+00
75.000000 74.000000 76.000000 210.279999 2.012877e-01 4.112072e+09 3.709478e-03 5.702804e+07 2.729382e+01 8.476242e-05 6.472366e-10 7.552459e+01 5.795334e-02 4.780799e-14 1.363687e-10 6.846580e-04 6.531351e-07 4.215166e-13 3.685505e-19 2.142747e-40 1.687848e-10 2.569796e-18 3.597446e-22 8.572442e+06 4.198621e+09 3.228453e+00 5.769562e-01 2.215180e-15 4.665783e-04 1.747993e-24 3.662578e-35 2.700618e-07 3.043831e-13 2.792912e-07 2.191832e-12 1.707620e-05 1.866654e-02 3.704085e+00 1.365930e-04 6.052845e-09 7.651397e-10 4.418060e-03 3.180229e-08 2.059840e-12 0.000000e+00 0.000000e+00 0.000000e+00 0.000000e+00 0.000000e+00 0.000000e+00 0.000000e+00 0.000000e+00 0.000000e+00 0.000000e+00 0.000000e+00 0.000000e+00 2.780541e+09 1.991224e+10 7.000437e+04 6.933191e+13 1.144427e-01 3.491822e-11 2.430707e-01 9.485103e-01 2.186738e-05 3.796959e-03 2.001359e-08 1.924434e-06 4.052708e-11 2.471005e-25 7.577651e-30 3.925927e-24 1.110565e-39 0.000000e+00 1.930525e-27 9.969491e-20 1.093528e-03 0.000000e+00 0.000000e+00 0.000000e+00 0.000000e+00 0.000000e+00 0.000000e+00 0.000000e+00 3.509690e-06 0.000000e+00 0.000000e+00 0.000000e+00 0.000000e+00 0.000000e+00 0.000000e+00 0.000000e+00 0.000000e+00 0.000000e+00 0.000000e+00 0.000000e+00 0.000000e+00 0.000000e+00 0.000000e+00 0.000000e+00 0.000000e+00 0.000000e+00 0.000000e+00 0.000000e+00 0.000000e+00 0.000000e+00 0.000000e+00 0.000000e+00 0.000000e+00 0.000000e+00 3.618391e-68 5.981249e-31 4.563275e-31 2.015517e-22 4.015762e-31 0.000000e+00
77.000000 76.000000 78.000000 210.279999 1.460535e-01 3.185978e+09 1.116208e-04 4.194284e+07 1.899530e+01 3.237740e-06 2.267291e-10 3.619456e+01 4.265325e-02 1.721507e-14 9.183523e-11 1.596532e-05 7.563427e-08 3.346090e-14 1.733377e-20 1.465186e-42 1.134959e-10 1.021918e-19 8.180354e-24 2.028210e+07 3.220560e+09 8.418847e-01 6.260165e-01 2.770498e-16 1.098547e-04 8.063402e-26 2.712506e-35 3.223034e-07 4.983104e-13 3.685380e-07 2.218805e-12 3.869253e-06 2.214768e-02 2.489276e+00 1.596926e-04 5.923062e-09 8.155016e-10 2.621247e-03 2.189272e-08 1.223112e-12 0.000000e+00 4.767463e-41 0.000000e+00 0.000000e+00 0.000000e+00 0.000000e+00 0.000000e+00 0.000000e+00 0.000000e+00 0.000000e+00 0.000000e+00 0.000000e+00 1.829430e+09 1.442702e+10 3.887280e+03 5.030691e+13 1.081607e-01 1.981048e-11 3.799025e-01 1.525532e+00 1.200169e-05 2.148333e-03 1.035528e-08 9.621991e-07 6.351660e-11 7.848751e-27 1.046804e-31 6.105361e-24 0.000000e+00 0.000000e+00 1.156179e-29 2.156417e-20 7.758028e-04 0.000000e+00 0.000000e+00 0.000000e+00 2.778639e-42 7.467696e-76 0.000000e+00 0.000000e+00 1.269476e-06 0.000000e+00 0.000000e+00 0.000000e+00 0.000000e+00 0.000000e+00 0.000000e+00 0.000000e+00 0.000000e+00 0.000000e+00 0.000000e+00 0.000000e+00 0.000000e+00 0.000000e+00 0.000000e+00 0.000000e+00 0.000000e+00 0.000000e+00 0.000000e+00 0.000000e+00 0.000000e+00 0.000000e+00 0.000000e+00 0.000000e+00 0.000000e+00 0.000000e+00 7.220978e-69 2.677939e-31 1.502230e-31 3.347389e-23 2.390935e-31 0.000000e+00
79.000000 78.000000 80.000000 210.279999 1.059758e-01 2.448768e+09 2.307228e-05 3.065171e+07 1.338160e+01 8.178836e-07 8.157047e-11 1.788882e+01 3.130702e-02 6.215655e-15 6.232024e-11 2.590340e-06 2.649775e-08 8.034215e-15 2.431643e-21 1.002870e-44 7.686535e-11 1.764354e-20 3.178272e-25 2.628512e+07 2.450720e+09 2.191697e-01 3.919151e-01 3.790565e-17 2.773677e-05 3.741795e-27 2.004952e-35 2.760962e-07 4.889241e-13 2.874478e-07 1.390814e-12 8.751633e-07 1.517848e-02 1.703895e+00 1.085440e-04 3.576363e-09 5.379938e-10 1.553186e-03 1.663180e-08 7.253004e-13 0.000000e+00 9.727750e-42 0.000000e+00 0.000000e+00 0.000000e+00 0.000000e+00 0.000000e+00 0.000000e+00 0.000000e+00 0.000000e+00 0.000000e+00 0.000000e+00 1.201963e+09 1.044759e+10 1.423826e+03 3.650246e+13 1.009254e-01 1.149786e-11 3.280907e-01 1.353855e+00 5.895482e-06 1.177885e-03 5.089052e-09 4.869711e-07 7.187438e-11 9.121117e-28 2.920955e-33 5.720562e-24 0.000000e+00 0.000000e+00 6.956864e-32 5.070550e-21 5.537192e-04 0.000000e+00 0.000000e+00 0.000000e+00 7.507903e-43 5.823475e-77 0.000000e+00 0.000000e+00 4.581328e-07 0.000000e+00 0.000000e+00 0.000000e+00 0.000000e+00 0.000000e+00 0.000000e+00 0.000000e+00 0.000000e+00 0.000000e+00 0.000000e+00 0.000000e+00 0.000000e+00 0.000000e+00 0.000000e+00 0.000000e+00 0.000000e+00 0.000000e+00 0.000000e+00 0.000000e+00 0.000000e+00 0.000000e+00 0.000000e+00 0.000000e+00 0.000000e+00 0.000000e+00 1.509948e-69 1.226586e-31 5.020002e-32 6.709371e-24 1.175890e-31 0.000000e+00
81.000000 80.000000 82.000000 210.279999 7.689563e-02 1.869033e+09 5.992638e-06 2.230049e+07 9.540046e+00 2.613022e-07 3.005244e-11 9.037160e+00 2.292856e-02 2.253842e-15 4.258885e-11 1.124586e-06 1.144670e-08 2.361999e-15 4.111940e-22 6.904659e-47 5.238761e-11 3.931812e-21 3.067225e-26 2.818082e+07 1.852233e+09 5.698534e-02 2.026464e-01 5.982667e-18 7.538737e-06 1.744491e-28 1.476512e-35 1.856417e-07 4.151573e-13 1.917446e-07 7.359134e-13 1.976867e-07 8.614604e-03 1.182169e+00 6.132338e-05 1.800734e-09 2.988179e-10 9.194763e-04 1.276482e-08 4.296787e-13 0.000000e+00 7.254068e-42 0.000000e+00 0.000000e+00 0.000000e+00 0.000000e+00 0.000000e+00 0.000000e+00 0.000000e+00 0.000000e+00 0.000000e+00 0.000000e+00 7.890314e+08 7.560664e+09 6.579765e+02 2.648608e+13 9.328920e-02 6.844029e-12 2.362736e-01 1.000043e+00 2.743162e-06 6.319359e-04 2.477654e-09 2.494476e-07 6.416177e-11 1.264154e-28 2.153464e-34 4.660965e-24 0.000000e+00 0.000000e+00 4.419766e-34 1.272333e-21 3.969851e-04 0.000000e+00 0.000000e+00 0.000000e+00 2.237318e-43 2.266888e-77 0.000000e+00 0.000000e+00 1.650993e-07 0.000000e+00 0.000000e+00 0.000000e+00 0.000000e+00 0.000000e+00 0.000000e+00 0.000000e+00 0.000000e+00 0.000000e+00 0.000000e+00 0.000000e+00 0.000000e+00 0.000000e+00 0.000000e+00 0.000000e+00 0.000000e+00 0.000000e+00 0.000000e+00 0.000000e+00 0.000000e+00 0.000000e+00 0.000000e+00 0.000000e+00 0.000000e+00 0.000000e+00 3.284683e-70 5.728776e-32 1.700579e-32 1.455550e-24 5.040416e-32 0.000000e+00
83.000000 82.000000 84.000000 210.279999 5.579515e-02 1.417854e+09 1.724792e-06 1.617319e+07 6.879313e+00 9.368828e-08 1.132539e-11 4.641419e+00 1.676251e-02 8.217325e-16 2.928710e-11 5.573916e-07 5.543650e-09 7.716698e-16 7.620782e-23 4.938489e-49 3.589526e-11 9.949131e-22 4.791900e-27 2.740397e+07 1.391752e+09 1.480267e-02 9.456368e-02 1.140537e-18 2.213181e-06 8.162639e-30 1.083312e-35 1.098641e-07 3.304548e-13 1.187305e-07 3.546399e-13 4.461105e-08 4.472718e-03 8.290358e-01 3.176765e-05 8.144863e-10 1.507400e-10 5.440197e-04 9.878301e-09 2.543901e-13 0.000000e+00 3.034775e-42 0.000000e+00 0.000000e+00 0.000000e+00 0.000000e+00 0.000000e+00 0.000000e+00 0.000000e+00 0.000000e+00 0.000000e+00 0.000000e+00 5.177824e+08 5.466408e+09 3.403537e+02 1.921819e+13 8.566964e-02 4.181357e-12 1.554131e-01 6.733576e-01 1.249901e-06 3.341498e-04 1.233423e-09 1.292743e-07 5.063715e-11 1.926568e-29 2.401028e-35 3.575389e-24 0.000000e+00 0.000000e+00 4.823367e-36 3.426893e-22 2.855578e-04 0.000000e+00 0.000000e+00 0.000000e+00 1.116625e-43 0.000000e+00 0.000000e+00 0.000000e+00 5.945931e-08 0.000000e+00 0.000000e+00 0.000000e+00 0.000000e+00 0.000000e+00 0.000000e+00 0.000000e+00 0.000000e+00 0.000000e+00 0.000000e+00 0.000000e+00 0.000000e+00 0.000000e+00 0.000000e+00 0.000000e+00 0.000000e+00 0.000000e+00 0.000000e+00 0.000000e+00 0.000000e+00 0.000000e+00 0.000000e+00 0.000000e+00 0.000000e+00 0.000000e+00 7.395132e-71 2.721487e-32 5.831691e-33 3.245282e-25 2.020602e-32 0.000000e+00
85.000000 84.000000 86.000000 210.279999 4.048478e-02 1.069824e+09 5.319902e-07 1.169975e+07 5.014311e+00 3.639198e-08 4.360325e-12 2.415259e+00 1.223703e-02 3.014037e-16 2.024633e-11 2.929363e-07 2.907047e-09 2.700627e-16 1.495035e-23 4.467344e-51 2.469401e-11 2.756274e-22 8.699834e-28 2.506793e+07 1.040517e+09 3.842530e-03 4.128950e-02 2.654960e-19 7.054580e-07 3.830044e-31 7.924210e-36 6.110327e-08 2.537196e-13 7.036914e-08 1.605005e-13 1.005999e-08 2.218242e-03 5.863932e-01 1.574303e-05 3.404960e-10 7.123250e-11 3.218291e-04 7.700347e-09 1.505817e-13 0.000000e+00 1.232216e-42 0.000000e+00 0.000000e+00 0.000000e+00 0.000000e+00 0.000000e+00 0.000000e+00 0.000000e+00 0.000000e+00 0.000000e+00 0.000000e+00 3.398518e+08 3.947304e+09 1.902774e+02 1.394464e+13 7.834394e-02 2.619546e-12 9.672385e-02 4.281827e-01 5.720015e-07 1.749388e-04 6.442512e-10 6.774200e-08 3.770685e-11 3.203519e-30 3.138044e-36 2.655959e-24 0.000000e+00 0.000000e+00 2.436710e-37 9.981172e-23 2.059053e-04 0.000000e+00 0.000000e+00 0.000000e+00 1.222027e-44 1.430828e-79 0.000000e+00 0.000000e+00 2.141570e-08 0.000000e+00 0.000000e+00 0.000000e+00 0.000000e+00 0.000000e+00 0.000000e+00 0.000000e+00 0.000000e+00 0.000000e+00 0.000000e+00 0.000000e+00 0.000000e+00 0.000000e+00 0.000000e+00 0.000000e+00 0.000000e+00 0.000000e+00 0.000000e+00 0.000000e+00 0.000000e+00 0.000000e+00 0.000000e+00 0.000000e+00 0.000000e+00 0.000000e+00 1.715754e-71 1.312249e-32 2.020643e-33 7.363564e-26 7.817837e-33 0.000000e+00
87.000000 86.000000 88.000000 210.279999 2.937562e-02 8.033680e+08 1.729976e-07 8.443224e+06 3.692293e+00 1.503750e-08 1.713126e-12 1.270486e+00 8.922861e-03 1.112350e-16 1.405454e-11 1.603861e-07 1.621882e-09 9.926557e-17 3.049138e-24 8.995540e-53 1.703000e-11 8.208120e-23 1.694678e-28 2.196767e+07 7.745454e+08 9.969493e-04 1.719114e-02 7.375305e-20 2.458365e-07 1.800953e-32 5.783438e-36 3.326679e-08 1.901245e-13 4.047306e-08 6.927641e-14 2.267383e-09 1.077443e-03 4.175675e-01 7.648379e-06 1.333055e-10 3.204296e-11 1.904737e-04 6.043208e-09 8.917220e-14 0.000000e+00 5.697440e-43 0.000000e+00 0.000000e+00 0.000000e+00 0.000000e+00 0.000000e+00 0.000000e+00 0.000000e+00 0.000000e+00 0.000000e+00 0.000000e+00 2.232665e+08 2.845514e+09 1.129562e+02 1.011819e+13 7.148793e-02 1.678961e-12 5.792934e-02 2.616061e-01 2.691713e-07 9.093159e-05 3.595562e-10 3.587567e-08 2.758732e-11 5.865277e-31 4.627405e-37 1.932553e-24 0.000000e+00 0.000000e+00 2.512274e-38 3.171549e-23 1.487346e-04 0.000000e+00 0.000000e+00 0.000000e+00 7.268109e-46 1.831756e-79 0.000000e+00 0.000000e+00 7.719805e-09 0.000000e+00 0.000000e+00 0.000000e+00 0.000000e+00 0.000000e+00 0.000000e+00 0.000000e+00 0.000000e+00 0.000000e+00 0.000000e+00 0.000000e+00 0.000000e+00 0.000000e+00 0.000000e+00 0.000000e+00 0.000000e+00 0.000000e+00 0.000000e+00 0.000000e+00 0.000000e+00 0.000000e+00 0.000000e+00 0.000000e+00 0.000000e+00 0.000000e+00 4.088193e-72 6.411528e-33 7.058898e-34 1.716458e-26 2.958039e-33 0.000000e+00
89.000000 88.000000 90.000000 210.279999 2.131483e-02 6.006574e+08 5.875339e-08 6.076523e+06 2.745590e+00 6.534814e-09 6.863476e-13 6.744376e-01 6.500039e-03 4.130348e-17 9.784912e-12 9.070972e-08 9.526380e-10 3.783195e-17 6.392099e-25 4.061034e-54 1.175222e-11 2.598884e-23 3.465993e-29 1.863118e+07 5.743607e+08 2.585631e-04 6.904474e-03 2.370889e-20 9.409013e-08 8.482210e-34 4.214223e-36 1.817293e-08 1.396556e-13 2.273425e-08 2.875946e-14 5.108417e-10 5.218804e-04 2.988925e-01 3.708089e-06 4.919455e-11 1.385137e-11 1.129027e-04 4.775717e-09 5.288612e-14 0.000000e+00 8.323947e-43 0.000000e+00 0.000000e+00 0.000000e+00 0.000000e+00 0.000000e+00 0.000000e+00 0.000000e+00 0.000000e+00 0.000000e+00 0.000000e+00 1.469559e+08 2.046523e+09 7.045884e+01 7.341720e+12 6.521525e-02 1.097426e-12 3.368150e-02 1.549867e-01 1.331474e-07 4.700111e-05 2.159073e-10 1.919623e-08 2.032364e-11 1.199343e-31 7.625990e-38 1.383093e-24 0.000000e+00 0.000000e+00 2.993096e-39 1.106622e-23 1.075770e-04 0.000000e+00 0.000000e+00 0.000000e+00 0.000000e+00 0.000000e+00 0.000000e+00 0.000000e+00 2.787452e-09 0.000000e+00 0.000000e+00 0.000000e+00 0.000000e+00 0.000000e+00 0.000000e+00 0.000000e+00 0.000000e+00 0.000000e+00 0.000000e+00 0.000000e+00 0.000000e+00 0.000000e+00 0.000000e+00 0.000000e+00 0.000000e+00 0.000000e+00 0.000000e+00 0.000000e+00 0.000000e+00 0.000000e+00 0.000000e+00 0.000000e+00 0.000000e+00 0.000000e+00 9.980007e-73 3.170542e-33 2.480262e-34 4.180909e-27 1.099494e-33 0.000000e+00
91.000000 90.000000 92.000000 210.279999 1.546595e-02 4.472656e+08 2.071431e-08 4.358234e+06 2.061656e+00 2.962957e-09 2.803837e-13 3.608616e-01 4.731338e-03 1.542835e-17 6.823292e-12 5.279314e-08 5.850291e-10 1.481374e-17 1.366406e-25 2.371192e-55 8.098286e-12 8.688067e-24 7.363755e-30 1.538351e+07 4.244552e+08 6.704197e-05 2.696023e-03 8.604287e-21 3.943850e-08 4.000128e-35 3.067196e-36 1.006281e-08 1.005961e-13 1.250178e-08 1.153320e-14 1.150612e-10 2.560695e-04 2.147905e-01 1.822104e-06 1.716475e-11 5.786818e-12 6.716121e-05 3.805818e-09 3.147798e-14 0.000000e+00 2.833893e-43 0.000000e+00 0.000000e+00 0.000000e+00 0.000000e+00 0.000000e+00 0.000000e+00 0.000000e+00 0.000000e+00 0.000000e+00 0.000000e+00 9.706451e+07 1.467240e+09 4.587083e+01 5.327126e+12 5.961004e-02 7.288567e-13 1.909387e-02 8.946856e-02 7.037769e-08 2.417576e-05 1.388730e-10 1.037877e-08 1.523049e-11 2.766048e-32 1.385369e-38 9.738761e-25 0.000000e+00 0.000000e+00 3.839596e-40 4.237162e-24 7.788282e-05 0.000000e+00 0.000000e+00 0.000000e+00 6.529346e-45 5.427818e-80 0.000000e+00 0.000000e+00 1.009212e-09 0.000000e+00 0.000000e+00 0.000000e+00 0.000000e+00 0.000000e+00 0.000000e+00 0.000000e+00 0.000000e+00 0.000000e+00 0.000000e+00 0.000000e+00 0.000000e+00 0.000000e+00 0.000000e+00 0.000000e+00 0.000000e+00 0.000000e+00 0.000000e+00 0.000000e+00 0.000000e+00 0.000000e+00 0.000000e+00 0.000000e+00 0.000000e+00 0.000000e+00 2.493234e-73 1.585994e-33 8.742622e-35 1.082239e-27 4.014128e-34 0.000000e+00
93.000000 92.000000 94.000000 210.279999 1.122203e-02 3.317118e+08 7.553796e-09 3.111513e+06 1.564092e+00 1.393820e-09 1.169112e-13 1.944792e-01 3.441602e-03 5.795742e-18 4.758676e-12 3.160685e-08 3.739740e-10 5.921354e-18 2.961754e-26 1.478476e-56 5.558175e-12 3.054523e-24 1.614743e-30 1.240551e+07 3.126741e+08 1.738216e-05 1.029554e-03 3.454682e-21 1.789303e-08 1.888702e-36 2.230399e-36 5.631656e-09 7.089480e-14 6.729095e-09 4.473366e-15 2.591253e-11 1.293328e-04 1.548139e-01 9.220028e-07 5.667186e-12 2.343812e-12 4.025617e-05 3.069732e-09 1.887966e-14 0.000000e+00 0.000000e+00 0.000000e+00 0.000000e+00 0.000000e+00 0.000000e+00 0.000000e+00 0.000000e+00 0.000000e+00 0.000000e+00 0.000000e+00 0.000000e+00 6.449527e+07 1.047369e+09 3.104175e+01 3.865336e+12 5.475534e-02 4.899899e-13 1.056842e-02 5.042398e-02 3.996236e-08 1.237547e-05 9.461326e-11 5.674005e-09 1.157913e-11 7.188718e-33 2.725420e-39 6.731601e-25 0.000000e+00 0.000000e+00 5.221571e-41 1.764759e-24 5.642470e-05 0.000000e+00 0.000000e+00 0.000000e+00 0.000000e+00 0.000000e+00 0.000000e+00 0.000000e+00 3.669080e-10 0.000000e+00 0.000000e+00 0.000000e+00 0.000000e+00 0.000000e+00 0.000000e+00 0.000000e+00 0.000000e+00 0.000000e+00 0.000000e+00 0.000000e+00 0.000000e+00 0.000000e+00 0.000000e+00 0.000000e+00 0.000000e+00 0.000000e+00 0.000000e+00 0.000000e+00 0.000000e+00 0.000000e+00 0.000000e+00 0.000000e+00 0.000000e+00 0.000000e+00 6.380020e-74 8.029336e-34 3.082486e-35 3.004845e-28 1.434864e-34 0.000000e+00
95.000000 94.000000 96.000000 210.279999 8.142671e-03 2.449842e+08 2.845219e-09 2.207391e+06 1.200607e+00 6.778824e-10 4.989869e-14 1.056673e-01 2.501959e-03 2.188019e-18 3.313391e-12 1.952422e-08 2.483325e-10 2.407399e-18 6.488791e-27 9.519028e-58 3.787577e-12 1.128710e-24 3.645148e-31 9.781519e+06 2.296102e+08 4.513202e-06 3.864368e-04 1.509183e-21 8.648973e-09 8.936297e-38 1.620772e-36 3.148588e-09 4.866073e-14 3.536841e-09 1.675351e-15 5.839747e-12 6.853615e-05 1.118383e-01 4.896360e-07 1.768740e-12 9.212266e-13 2.450681e-05 2.525858e-09 1.150181e-14 0.000000e+00 8.564906e-44 0.000000e+00 0.000000e+00 0.000000e+00 0.000000e+00 0.000000e+00 0.000000e+00 0.000000e+00 0.000000e+00 0.000000e+00 0.000000e+00 4.328242e+07 7.431624e+08 2.180359e+01 2.804677e+12 5.076097e-02 3.321701e-13 5.705402e-03 2.773634e-02 2.420010e-08 6.301298e-06 6.748523e-11 3.141789e-09 8.831410e-12 2.085180e-33 5.715894e-40 4.548051e-25 0.000000e+00 0.000000e+00 7.470566e-42 7.903413e-25 4.090027e-05 0.000000e+00 0.000000e+00 0.000000e+00 1.177900e-45 3.822164e-81 0.000000e+00 0.000000e+00 1.343773e-10 0.000000e+00 0.000000e+00 0.000000e+00 0.000000e+00 0.000000e+00 0.000000e+00 0.000000e+00 0.000000e+00 0.000000e+00 0.000000e+00 0.000000e+00 0.000000e+00 0.000000e+00 0.000000e+00 0.000000e+00 0.000000e+00 0.000000e+00 0.000000e+00 0.000000e+00 0.000000e+00 0.000000e+00 0.000000e+00 0.000000e+00 0.000000e+00 0.000000e+00 1.683497e-74 4.128136e-34 1.083349e-35 8.921789e-29 4.992955e-35 0.000000e+00
97.000000 96.000000 98.000000 210.279999 5.908295e-03 1.800856e+08 1.108548e-09 1.552019e+06 9.352697e-01 3.405120e-10 2.193278e-14 5.833129e-02 1.817834e-03 8.288970e-19 2.298171e-12 1.253127e-08 1.714708e-10 9.953781e-19 1.436685e-27 6.302283e-59 2.552034e-12 4.401238e-25 8.492411e-32 7.534664e+06 1.680558e+08 1.191691e-06 1.432481e-04 7.144216e-22 4.414116e-09 4.261976e-39 1.177105e-36 1.735655e-09 3.230504e-14 1.807073e-09 6.028806e-16 1.331816e-12 3.909113e-05 8.093510e-02 2.799353e-07 5.207007e-13 3.513253e-13 1.537865e-05 2.152442e-09 7.224257e-15 0.000000e+00 2.013237e-43 0.000000e+00 0.000000e+00 0.000000e+00 0.000000e+00 0.000000e+00 0.000000e+00 0.000000e+00 0.000000e+00 0.000000e+00 0.000000e+00 2.951699e+07 5.228714e+08 1.592400e+01 2.035064e+12 4.779575e-02 2.262176e-13 2.993331e-03 1.484998e-02 1.538810e-08 3.187684e-06 5.001886e-11 1.767891e-09 6.674971e-12 6.688247e-34 1.267592e-40 2.984365e-25 0.000000e+00 0.000000e+00 1.122843e-42 3.795789e-25 2.965918e-05 0.000000e+00 0.000000e+00 0.000000e+00 3.201120e-45 1.637026e-81 0.000000e+00 0.000000e+00 5.047004e-11 0.000000e+00 0.000000e+00 0.000000e+00 0.000000e+00 0.000000e+00 0.000000e+00 0.000000e+00 0.000000e+00 0.000000e+00 0.000000e+00 0.000000e+00 0.000000e+00 0.000000e+00 0.000000e+00 0.000000e+00 0.000000e+00 0.000000e+00 0.000000e+00 0.000000e+00 0.000000e+00 0.000000e+00 0.000000e+00 0.000000e+00 0.000000e+00 0.000000e+00 4.720317e-75 2.188539e-34 3.778619e-36 2.798051e-29 1.678902e-35 0.000000e+00
99.000000 98.000000 100.000000 210.279999 4.287035e-03 1.316319e+08 4.488686e-10 1.077199e+06 7.433892e-01 1.769251e-10 1.012549e-14 3.403757e-02 1.319978e-03 3.174932e-19 1.582987e-12 8.459882e-09 1.237591e-10 4.204478e-19 3.224480e-28 4.344828e-60 1.690756e-12 1.831584e-25 2.086664e-32 5.651932e+06 1.225335e+08 3.705135e-07 5.315390e-05 3.833354e-22 2.450941e-09 2.218300e-40 8.544749e-37 9.592074e-10 2.068688e-14 8.973138e-10 2.080448e-16 3.548929e-13 2.478915e-05 5.865433e-02 1.779711e-07 1.498825e-13 1.342269e-13 1.019974e-05 1.948245e-09 4.797256e-15 0.000000e+00 0.000000e+00 0.000000e+00 0.000000e+00 0.000000e+00 0.000000e+00 0.000000e+00 0.000000e+00 0.000000e+00 0.000000e+00 0.000000e+00 0.000000e+00 2.063968e+07 3.634598e+08 1.215797e+01 1.476634e+12 4.612811e-02 1.541805e-13 1.515787e-03 7.694249e-03 1.009946e-08 1.601217e-06 3.850717e-11 1.017116e-09 5.090085e-12 2.375449e-34 3.004496e-41 1.898572e-25 0.000000e+00 0.000000e+00 1.791363e-43 2.032913e-25 2.151458e-05 0.000000e+00 0.000000e+00 0.000000e+00 0.000000e+00 0.000000e+00 0.000000e+00 0.000000e+00 2.259061e-11 0.000000e+00 0.000000e+00 0.000000e+00 0.000000e+00 0.000000e+00 0.000000e+00 0.000000e+00 0.000000e+00 0.000000e+00 0.000000e+00 0.000000e+00 0.000000e+00 0.000000e+00 0.000000e+00 0.000000e+00 0.000000e+00 0.000000e+00 0.000000e+00 0.000000e+00 0.000000e+00 0.000000e+00 0.000000e+00 0.000000e+00 0.000000e+00 0.000000e+00 1.580973e-75 1.267265e-34 1.308190e-36 9.522590e-30 5.610463e-36 0.000000e+00
