0.000000 2.621513e-02 2.347492e-02 34.500000 56
0.000010 2.425966e-03 1.913968e-03 44.500000 56
0.000110 1.934384e-04 1.349349e-04 49.500000 56
0.001110 3.932446e-05 3.043650e-05 13.500000 61
0.011110 4.184141e-06 3.510036e-06 13.500000 61
0.111110 3.339412e-07 2.917829e-07 36.500000 61
1.111110 2.997583e-08 2.400620e-08 2.500000 61
11.111110 3.538683e-09 2.471575e-09 13.500000 47
111.111110 3.757342e-10 2.484004e-10 34.500000 2
1111.111110 4.771669e-11 2.983165e-11 6.500000 41
11111.111110 4.773492e-12 3.267077e-12 36.500000 6
111111.111110 3.135702e-13 2.852696e-13 19.500000 61
1111111.111110 8.992050e-14 8.920105e-14 1.500000 62
11111111.111110 5.021311e-15 4.897023e-15 1.500000 77
111111111.111110 1.953807e-16 1.952049e-16 39.500000 6
1111111111.111110 3.720674e-17 3.052458e-17 1.500000 77
11111111111.111111 1.974013e-18 1.827549e-18 1.500000 77
111111111111.111115 1.120381e-19 1.120277e-19 0.500000 31
1111111111111.111084 1.345231e-21 1.345139e-21 0.500000 31
11111111111111.111328 6.095276e-23 6.094984e-23 3.500000 111
111111111111111.109375 7.539558e-24 7.539198e-24 3.500000 111
1111111111111111.125000 2.937807e-24 2.937667e-24 3.500000 111
11111111111111112.000000 7.290878e-25 7.290530e-25 3.500000 111
111111111111111104.000000 1.275857e-25 1.275796e-25 3.500000 111
1111111111111111168.000000 6.879690e-27 6.879361e-27 3.500000 111
11111111111111110656.000000 5.910108e-28 5.909825e-28 3.500000 111
111111111111111114752.000000 8.772885e-29 8.772466e-29 3.500000 111
1111111111111111081984.000000 5.145563e-30 5.145317e-30 3.500000 111
11111111111111111344128.000000 1.465353e-30 1.465283e-30 3.500000 111
111111111111111109246976.000000 1.059370e-31 1.059319e-31 3.500000 111
1111111111111111092469760.000000 1.450533e-33 1.450463e-33 3.500000 111
11111111111111108777213952.000000 3.349810e-35 3.349650e-35 3.500000 111
111111111111111104952008704.000000 5.250137e-35 5.249886e-35 3.500000 111
1111111111111110912081133568.000000 8.865206e-36 8.864782e-36 3.500000 111
11111111111111109670567149568.000000 1.126911e-36 1.126857e-36 3.500000 111
111111111111111105501764517888.000000 1.095571e-37 1.095519e-37 3.500000 111
1111111111111110914280156823552.000000 1.545233e-38 1.545159e-38 3.500000 111
11111111111111109705751521656832.000000 8.808129e-40 8.807708e-40 3.500000 111
111111111111111097057515216568320.000000 2.186175e-41 2.186070e-41 3.500000 111
1111111111111111114690340241539072.000000 4.251602e-42 4.251399e-42 3.500000 111
11111111111111109993981897808543744.000000 2.017736e-43 2.017640e-43 3.500000 111
111111111111111113774877033367601152.000000 1.683087e-44 1.683007e-44 3.500000 111
1111111111111111027068305891418701824.000000 3.110215e-45 3.110066e-45 3.500000 111
11111111111111108499795627838070063104.000000 1.783239e-46 1.783153e-46 3.500000 111
111111111111111089720322761250345844736.000000 6.787080e-48 6.786756e-48 3.500000 111
1111111111111110859424295749546296737792.000000 3.640358e-48 3.640184e-48 3.500000 111
11111111111111107687548592784491086348288.000000 4.488317e-49 4.488102e-49 3.500000 111
111111111111111081711189206303427562307584.000000 6.600554e-50 6.600238e-50 3.500000 111
1111111111111110971854396973706809985466368.000000 4.365855e-51 4.365646e-51 3.500000 111
11111111111111110028028979558413168579444736.000000 1.167277e-51 1.167221e-51 3.500000 111
111111111111111107707930031296413335189192704.000000 6.467845e-53 6.467536e-53 3.500000 111
1111111111111110997851137798699795758347976704.000000 3.816902e-56 3.816718e-56 3.500000 111
11111111111111110612336678101112658331831369728.000000 7.159153e-55 7.158811e-55 3.500000 111
111111111111111113729270382380502992298532929536.000000 3.057279e-56 3.057133e-56 3.500000 111
1111111111111111177857523031108370770879831867392.000000 2.318515e-57 2.318404e-57 3.500000 111
11111111111111112103093783969510434491954339250176.000000 7.272403e-59 7.272055e-59 3.500000 111
111111111111111128819383127497345787715287886331904.000000 7.479214e-59 7.478856e-59 3.500000 111
1111111111111111122040331801858973764176996328275968.000000 5.418809e-60 5.418550e-60 3.500000 111
11111111111111110888096319072360769415818198212673536.000000 4.640316e-61 4.640095e-61 3.500000 111
111111111111111100905595216014112456735339620444667904.000000 5.975591e-62 5.975305e-62 3.500000 111
1111111111111111179197135620610356299040699920330784768.000000 5.466969e-64 5.466707e-64 3.500000 111
11111111111111112132253723127042026453781606635076059136.000000 6.902830e-65 6.902500e-65 3.500000 111
111111111111111121322537231270420264537816066350760591360.000000 1.914965e-66 1.914873e-66 3.500000 111
1111111111111111126113086380943955998754261160974943780864.000000 2.965936e-66 2.965794e-66 3.500000 111
11111111111111112654927438717603506333525003650272031932416.000000 8.631634e-67 8.631222e-67 3.500000 111
111111111111111115398901787910723492567390900178539566333952.000000 7.609132e-68 7.608768e-68 3.500000 111
1111111111111111332394979467352220057959655182972287711182848.000000 1.334118e-68 1.334054e-68 3.500000 111
11111111111111112610325948320542260050453567104975308920455168.000000 1.023268e-70 1.023219e-70 3.500000 111
111111111111111117539773326969663314154819854352782270908071936.000000 2.337920e-72 2.337808e-72 3.500000 111
1111111111111111358085437936059497917008802633063200166072287232.000000 3.043144e-72 3.042999e-72 3.500000 111
11111111111111112484728151362417790517324401793419736918773465088.000000 1.914509e-73 1.914418e-73 3.500000 111
111111111111111133616291337609595414395353014231895487123329908736.000000 1.475235e-74 1.475164e-74 3.500000 111
1111111111111111195858756192329273996399786201555784984263774961664.000000 2.975968e-75 2.975826e-75 3.500000 111
11111111111111113081020819393426181144427813541663208938393942622208.000000 4.106427e-76 4.106231e-76 3.500000 111
111111111111111121830742134173194282000838523207789216617889882177536.000000 5.616861e-79 5.616592e-79 3.500000 111
1111111111111111170416935689672915996310040633630730178093301253537792.000000 7.871995e-81 7.871619e-81 3.500000 111
11111111111111112087293242113201374552687163123884597685617793081278464.000000 9.840679e-80 9.840209e-80 3.500000 111
111111111111111123937923502863791462243565685539464344093656175179988992.000000 2.319262e-80 2.319151e-80 3.500000 111
1111111111111111288419092336346358089902761724204537316736213661675159552.000000 3.478378e-81 3.478212e-81 3.500000 111
11111111111111112491872064901796033159290778291566222160964921337749438464.000000 7.779650e-82 7.779278e-82 3.500000 111
111111111111111115503068045937939185839223648104162597456116046681442615296.000000 3.356305e-83 3.356144e-83 3.500000 111
1111111111111111230355901284019561024421709559533622967789425800382840307712.000000 5.178390e-84 5.178142e-84 3.500000 111
11111111111111111098355479645952903587745526339464277786242012666733776601088.000000 6.261305e-85 6.261006e-85 3.500000 111
111111111111111120625183062013470689129227817441618392995638089364094777819136.000000 6.265877e-86 6.265578e-86 3.500000 111
1111111111111111257673848036422395708635065129333387210666876694690318507835392.000000 9.143075e-87 9.142638e-87 3.500000 111
11111111111111112576738480364223957086350651293333872106668766946903185078353920.000000 1.515930e-88 1.515857e-88 3.500000 111
111111111111111125767384803642239570863506512933338721066687669469031850783539200.000000 2.757370e-89 2.757239e-89 3.500000 111
1111111111111111257673848036422395708635065129333387210666876694690318507835392000.000000 6.390695e-90 6.390390e-90 3.500000 111
11111111111111112576738480364223957086350651293333872106668766946903185078353920000.000000 8.176743e-92 8.176352e-92 3.500000 111
111111111111111132507371470429899519530260284688246389475973775104174971059441762304.000000 3.002362e-92 3.002218e-92 3.500000 111
1111111111111111486833394707202833963304693369000247936582604286285184597216079118336.000000 6.840743e-93 6.840416e-93 3.500000 111
11111111111111115299693093746438576347719175082316570144020353623501005669818555170816.000000 5.339940e-94 5.339685e-94 3.500000 111
111111111111111149546057764069103869759813819684652975214649050149816779116923439808512.000000 6.443174e-95 6.442866e-95 3.500000 111
1111111111111111605888519189340059296554231993278936991364234056224352673769621978873856.000000 5.987168e-96 5.986882e-96 3.500000 111
11111111111111116942308724282592757757191070304248627827384289000053005798499320435048448.000000 3.482216e-98 3.482050e-98 3.500000 111
111111111111111162355698983712390259238720700070812214963907302498054225498568399180005376.000000 3.870622e-98 3.870437e-98 3.500000 111
1111111111111111199513694290311663492395806822407678351042937774831992305800195681571307520.000000 8.223413e-99 8.223020e-99 3.500000 111
2111111111111111279076019151592160635552032962574588866981581772180785381020371794985484288.000000 3.412590e-98 3.412427e-98 3.500000 111
3111111111111111358638344012872657778708259102741499382920225769529578456240547908399661056.000000 7.484113e-98 7.483755e-98 3.500000 111
4111111111111111438200668874153154921864485242908409898858869766878371531460724021813837824.000000 2.104197e-99 2.104097e-99 3.500000 111
5111111111111111517762993735433652065020711383075320414797513764227164606680900135228014592.000000 7.598739e-98 7.598376e-98 3.500000 111
6111111111111111597325318596714149208176937523242230930736157761575957681901076248642191360.000000 5.932936e-99 5.932652e-99 3.500000 111
