5.000000		-6.918434e+205		-1.609368e+206		-1.104218e+206		-1.860562e+206		-2.388837e+206		inf		-1.001993e+206		5.150765e+207		2.356751e+206		-1.913558e+206		-2.326575e+206		1.632022e+205		1.365619e+205		-6.135457e+205		-5.383989e+205		-6.378287e+206		1.016885e+205		1.901983e+205		1.062175e+206		1.809672e+205		1.917471e+205		2.661916e+205		2.014196e+205		1.803961e+205		1.525502e+205		1.610031e+205		3.034110e+205		-4.881977e+205		-3.322398e+205		-1.971891e+205		-1.659377e+205		-1.357433e+206		1.621369e+207		9.693538e+206		9.730701e+206		-1.959170e+206		1.041245e+207		-1.083723e+206		2.385727e+206		-1.000898e+206		-2.851642e+206		-2.834262e+207		-2.809911e+207		-1.704817e+208		-1.938060e+206		
15.000000		-6.163255e+205		-1.672511e+206		-7.280346e+205		-1.905540e+206		-1.570143e+206		3.557832e+216		-1.289420e+206		5.149667e+207		2.356756e+206		-1.915387e+206		-2.098400e+206		1.664526e+205		1.365619e+205		-5.878731e+205		-5.379618e+205		-5.562068e+206		1.015456e+205		1.965658e+205		-3.887851e+206		2.171000e+205		1.920626e+205		2.706558e+205		2.014196e+205		1.802857e+205		1.550936e+205		1.629226e+205		3.128363e+205		-6.404374e+205		-4.318302e+205		-2.571663e+205		-2.155703e+205		-2.075454e+206		3.783183e+206		3.385042e+206		3.387550e+206		-5.372130e+206		9.394329e+206		-1.398522e+206		2.389235e+206		-1.001003e+206		2.510795e+207		-2.919024e+207		-2.810373e+207		-6.690411e+209		-2.598472e+207		
25.000000		-6.982273e+205		-2.600981e+206		-9.210666e+205		-1.858689e+206		-2.136535e+206		-5.155336e+217		-1.218216e+206		5.148437e+207		2.356762e+206		-1.903617e+206		-2.285567e+206		1.559996e+205		1.365619e+205		-6.527466e+205		-5.403615e+205		-5.289151e+206		1.028845e+205		1.768203e+205		-2.933667e+206		2.214025e+205		1.929239e+205		2.454285e+205		2.014196e+205		1.799842e+205		1.451242e+205		1.519910e+205		2.520836e+205		-8.407578e+205		-5.286501e+205		-3.231802e+205		-2.637011e+205		-2.655651e+207		1.889181e+206		1.805698e+206		1.806069e+206		-1.226506e+207		8.492948e+206		-1.497118e+206		1.671140e+206		-1.001183e+206		2.556270e+206		-3.155395e+207		-2.825590e+207		-2.262315e+210		-2.549045e+207		
35.000000		-7.473290e+205		-2.329356e+206		-9.669650e+205		-1.732638e+206		-1.969877e+206		8.649534e+216		-1.090285e+206		5.147009e+207		2.356770e+206		-1.786727e+206		-2.409963e+206		1.500605e+205		1.365618e+205		-6.708056e+205		-5.441012e+205		-5.008158e+206		1.059641e+205		1.669850e+205		-2.356849e+206		2.246330e+205		1.944392e+205		2.324684e+205		2.014196e+205		1.799118e+205		1.380504e+205		1.452239e+205		2.167561e+205		-1.053913e+206		-6.335528e+205		-3.935852e+205		-3.158770e+205		9.548568e+206		1.196860e+206		1.167806e+206		1.167888e+206		-1.498495e+207		7.449882e+206		-1.667763e+206		1.637523e+206		-1.001390e+206		1.277329e+206		-3.642047e+207		-2.855642e+207		-1.847534e+209		-2.223062e+207		
45.000000		-7.599239e+205		-1.785759e+206		-8.694621e+205		-1.437540e+206		-1.296137e+206		-6.072718e+216		-8.892025e+205		5.145325e+207		2.356780e+206		-1.527905e+206		-2.331188e+206		1.479665e+205		1.365618e+205		-6.446850e+205		-5.486861e+205		-4.778245e+206		1.110576e+205		1.650244e+205		-1.715364e+206		2.292017e+205		1.966343e+205		2.274447e+205		2.014196e+205		1.803535e+205		1.335839e+205		1.429590e+205		1.988883e+205		-1.497218e+206		-8.361902e+205		-5.329931e+205		-4.167464e+205		3.921195e+206		8.564698e+205		8.431729e+205		8.432026e+205		-2.963033e+207		6.436689e+206		-1.996519e+206		1.776345e+206		-1.001626e+206		8.008431e+205		-3.954980e+207		-2.888619e+207		-4.976723e+207		-1.902470e+207		
55.000000		-7.905833e+205		-1.742159e+206		-8.735582e+205		-1.272860e+206		-1.089763e+206		4.021509e+216		-7.793313e+205		5.143312e+207		2.356794e+206		-1.392970e+206		-2.307231e+206		1.466722e+205		1.365618e+205		-6.383658e+205		-5.572503e+205		-4.869789e+206		1.182220e+205		1.627325e+205		-1.336005e+206		2.323048e+205		1.994065e+205		2.244568e+205		2.014196e+205		1.811871e+205		1.308666e+205		1.435181e+205		1.932426e+205		-2.382310e+206		-1.164114e+206		-7.759069e+205		-5.802514e+205		1.910953e+206		6.635688e+205		6.565119e+205		6.565328e+205		-8.520519e+207		5.471524e+206		-2.410084e+206		1.597202e+206		-1.001905e+206		5.550178e+205		-4.385358e+207		-2.905658e+207		-4.379699e+206		-1.632967e+207		
65.000000		-8.796282e+205		-1.975299e+206		-1.016710e+206		-1.340385e+206		-1.217020e+206		6.114232e+216		-8.166492e+205		5.140590e+207		2.356814e+206		-1.541199e+206		-2.651169e+206		1.454104e+205		1.365617e+205		-6.889930e+205		-5.718134e+205		-5.598390e+206		1.276538e+205		1.590716e+205		-1.323894e+206		2.300962e+205		2.026891e+205		2.215141e+205		2.014196e+205		1.822427e+205		1.302148e+205		1.447937e+205		1.951964e+205		-3.053156e+206		-1.433805e+206		-9.697764e+205		-7.159422e+205		2.013821e+206		6.526902e+205		6.470652e+205		6.470936e+205		-1.794049e+208		4.404540e+206		-2.860029e+206		1.913538e+206		-1.002282e+206		4.148794e+205		-4.976079e+207		-2.916867e+207		-1.263437e+206		-1.400405e+207		
75.000000		-1.385089e+206		-3.697451e+206		-1.764027e+206		-1.701175e+206		-1.505409e+206		-3.324776e+216		-1.078188e+206		5.130328e+207		2.356893e+206		-2.122141e+206		-3.912001e+206		1.432645e+205		1.365615e+205		-9.295285e+205		-6.244145e+205		-1.345213e+207		1.417637e+205		1.496798e+205		-1.026629e+206		2.435421e+205		2.087236e+205		2.152540e+205		2.014196e+205		1.842387e+205		1.303782e+205		1.440492e+205		1.962140e+205		1.639597e+207		-6.448905e+206		-1.040637e+207		-3.254902e+206		1.318244e+206		6.604209e+205		6.566108e+205		6.566496e+205		2.415880e+207		2.636663e+206		-4.941826e+206		1.936063e+206		-1.003740e+206		5.512877e+205		-7.191289e+207		-2.930951e+207		-3.123932e+206		-1.091242e+207		
85.000000		-2.035979e+206		-3.794991e+206		-1.483737e+206		-2.270811e+206		-1.502688e+206		-9.741814e+215		-1.556143e+206		5.097290e+207		2.357153e+206		-3.491867e+206		-6.794931e+206		1.423591e+205		1.365608e+205		-1.087430e+206		-7.373156e+205		6.272931e+206		1.617268e+205		1.505956e+205		-6.940049e+205		2.768137e+205		2.118341e+205		2.126477e+205		2.014196e+205		1.862626e+205		1.314671e+205		1.434235e+205		2.026557e+205		5.815711e+206		1.823423e+207		4.369928e+206		8.611971e+206		1.551756e+206		1.037149e+206		1.032556e+206		1.032659e+206		2.115373e+207		2.329782e+206		-9.210983e+206		2.495010e+206		-1.008650e+206		9.936814e+205		-1.209687e+208		-2.938471e+207		9.716662e+206		-1.975682e+207		
95.000000		-2.542252e+206		-4.144412e+206		-1.517625e+206		-2.839936e+206		-1.752934e+206		-1.945471e+214		-3.048155e+206		5.021670e+207		2.357770e+206		-7.307109e+206		-1.534266e+207		1.426010e+205		1.365590e+205		-1.467044e+206		-1.002913e+206		3.182595e+206		1.863522e+205		1.517106e+205		-5.244619e+205		3.207766e+205		2.136479e+205		2.116221e+205		2.014196e+205		1.875432e+205		1.346560e+205		1.440492e+205		2.049343e+205		6.604825e+206		9.825807e+206		3.888897e+206		4.737040e+206		3.027046e+206		2.786962e+206		2.771725e+206		2.772401e+206		2.877696e+207		2.347831e+206		-2.282522e+207		5.328727e+206		-1.021597e+206		2.666963e+206		-1.232102e+208		-2.939239e+207		4.893998e+206		-6.747185e+207		
105.000000		-2.787336e+206		-5.323866e+206		-2.337795e+206		-2.944684e+206		-2.125534e+206		-3.502050e+212		2.050622e+206		4.911451e+207		2.358723e+206		-2.918397e+208		1.433498e+208		1.450297e+205		1.365560e+205		1.559381e+206		-3.619042e+208		3.642090e+206		2.051497e+205		1.503101e+205		-8.866540e+205		2.597573e+205		2.124392e+205		2.116009e+205		2.014197e+205		1.882944e+205		1.687442e+205		1.525008e+205		2.041960e+205		1.306922e+207		1.097646e+207		5.817401e+206		5.282974e+206		6.995223e+206		7.592088e+206		7.514563e+206		7.518940e+206		-2.078168e+207		2.259706e+206		5.189818e+207		7.157508e+206		-1.047017e+206		1.240916e+207		-7.869598e+207		-2.933036e+207		5.200731e+206		2.248694e+208		
115.000000		-3.433519e+206		-6.048361e+206		-2.430605e+206		-2.732462e+206		-1.596076e+206		-4.930678e+210		3.068328e+207		4.791286e+207		2.359813e+206		1.799252e+207		2.409654e+207		1.502777e+205		1.365520e+205		2.499827e+205		3.294172e+205		4.475847e+206		2.120320e+205		1.556861e+205		1.490803e+206		1.790600e+205		2.090633e+205		2.098365e+205		2.014198e+205		1.887754e+205		2.020425e+205		1.810420e+205		2.044335e+205		8.815932e+206		5.665937e+206		3.406478e+206		2.780489e+206		8.273086e+206		1.157497e+207		1.138121e+207		1.139020e+207		-3.212016e+207		2.261469e+206		1.538510e+207		7.448395e+206		-1.089384e+206		-1.402170e+207		-7.789959e+207		-2.918266e+207		2.916122e+206		7.368469e+207		
125.000000		-3.540783e+206		-6.286626e+206		-2.371767e+206		-2.764537e+206		-1.631468e+206		-5.204190e+209		-1.234510e+206		4.674124e+207		2.360911e+206		1.284446e+207		1.879090e+207		1.526374e+205		1.365470e+205		1.929906e+205		2.008595e+205		4.525411e+206		2.143657e+205		1.583745e+205		5.324802e+205		1.491883e+205		2.077632e+205		2.084085e+205		2.014201e+205		1.888259e+205		2.047125e+205		1.949271e+205		2.031848e+205		7.664223e+206		4.097988e+206		2.646817e+206		2.024522e+206		8.163424e+206		1.471116e+207		1.435039e+207		1.436356e+207		1.041723e+208		2.201422e+206		8.848979e+206		5.156086e+206		-1.151428e+206		-9.163457e+206		1.242739e+209		-2.852662e+207		3.238445e+206		6.835951e+207		
135.000000		-3.052569e+206		-5.794856e+206		-2.594135e+206		-3.023459e+206		-2.545002e+206		-5.284428e+209		-1.945546e+206		4.568310e+207		2.361923e+206		6.924418e+206		1.145012e+207		1.521380e+205		1.365412e+205		1.877969e+205		1.892647e+205		3.770398e+206		2.130048e+205		1.565295e+205		3.711757e+205		1.353444e+205		2.069069e+205		2.074886e+205		2.014206e+205		1.884709e+205		2.040830e+205		1.973851e+205		2.010236e+205		2.119810e+207		4.686103e+206		3.790958e+206		2.314873e+206		8.539776e+206		2.947471e+207		2.793667e+207		2.798393e+207		-2.318582e+207		1.978120e+206		6.101848e+206		3.207584e+206		-1.227079e+206		-1.044026e+207		-4.794132e+207		-2.466341e+207		4.120087e+206		6.740856e+207		
145.000000		-2.853713e+206		-5.424538e+206		-2.738905e+206		-3.195403e+206		-4.160645e+206		-5.420233e+209		-3.751535e+206		4.481497e+207		2.362741e+206		4.734318e+206		8.186976e+206		1.519044e+205		1.365345e+205		1.860688e+205		1.880445e+205		3.393718e+206		2.125505e+205		1.548711e+205		2.943151e+205		1.271022e+205		2.061587e+205		2.065478e+205		2.014214e+205		1.878091e+205		2.039143e+205		2.004484e+205		1.996991e+205		-9.240186e+207		4.976703e+206		5.176100e+206		2.457992e+206		7.932254e+206		4.667293e+207		4.276752e+207		4.287421e+207		-1.421727e+207		1.787977e+206		4.840532e+206		2.472304e+206		-1.318407e+206		-1.284533e+207		-2.947125e+207		-2.197426e+207		5.071404e+206		6.710028e+207		
155.000000		-2.787018e+206		-5.162025e+206		-2.790658e+206		-3.282542e+206		-7.106432e+206		-5.837171e+209		-1.016350e+207		4.418206e+207		2.363291e+206		3.656813e+206		6.432284e+206		1.517626e+205		1.365267e+205		1.843323e+205		1.878305e+205		3.202551e+206		2.126816e+205		1.529312e+205		2.527544e+205		1.238006e+205		2.055613e+205		2.057627e+205		2.014226e+205		1.867368e+205		2.037708e+205		2.034039e+205		1.990039e+205		-2.340989e+207		4.728951e+206		5.823087e+206		2.337550e+206		6.929383e+206		4.174813e+207		3.852894e+207		3.861329e+207		-1.262178e+207		1.625098e+206		4.067893e+206		2.075800e+206		-1.425574e+206		-1.754578e+207		-2.570933e+207		-2.048680e+207		5.869566e+206		6.695664e+207		
165.000000		-2.765302e+206		-4.937181e+206		-2.740472e+206		-3.311397e+206		-1.287965e+207		-6.504318e+209		-1.686192e+209		4.381056e+207		2.363534e+206		3.050232e+206		5.378133e+206		1.516259e+205		1.365178e+205		1.820937e+205		1.873545e+205		3.089394e+206		2.133682e+205		1.503153e+205		2.284526e+205		1.248352e+205		2.050687e+205		2.051339e+205		2.014243e+205		1.850514e+205		2.035349e+205		2.059733e+205		1.986520e+205		-1.785651e+207		4.136932e+206		5.300973e+206		2.047994e+206		5.903751e+206		2.785109e+207		2.636680e+207		2.640559e+207		-1.292950e+207		1.481399e+206		3.495941e+206		1.807034e+206		-1.549797e+206		-3.088903e+207		-2.553479e+207		-1.969201e+207		6.457772e+206		6.687241e+207		
175.000000		-2.746349e+206		-4.713207e+206		-2.607307e+206		-3.308965e+206		-2.586543e+207		-7.407633e+209		2.717465e+207		4.373445e+207		2.363442e+206		2.672967e+206		4.675445e+206		1.514625e+205		1.365073e+205		1.791965e+205		1.861384e+205		3.002006e+206		2.145795e+205		1.465899e+205		2.136365e+205		1.298248e+205		2.046311e+205		2.046099e+205		2.014267e+205		1.825051e+205		2.033221e+205		2.080794e+205		1.984406e+205		-1.740789e+207		3.477554e+206		4.291887e+206		1.724340e+206		4.997701e+206		1.853158e+207		1.786037e+207		1.787795e+207		-1.441185e+207		1.352030e+206		3.031289e+206		1.599213e+206		-1.694676e+206		-3.629301e+208		-2.650896e+207		-1.923465e+207		6.863648e+206		6.681436e+207		
185.000000		-2.709319e+206		-4.473576e+206		-2.421964e+206		-3.292705e+206		-6.312258e+207		-5.703579e+209		6.289183e+207		4.401267e+207		2.362991e+206		2.422505e+206		4.158482e+206		1.512654e+205		1.364948e+205		1.756557e+205		1.843241e+205		2.915176e+206		2.162376e+205		1.412911e+205		2.050645e+205		1.386095e+205		2.042447e+205		2.041256e+205		2.014297e+205		1.788835e+205		2.032848e+205		2.097654e+205		1.982350e+205		-1.947242e+207		2.883703e+206		3.352498e+206		1.431936e+206		4.234348e+206		1.307690e+207		1.273902e+207		1.274790e+207		-1.743709e+207		1.233312e+206		2.635806e+206		1.425774e+206		-1.862125e+206		3.023977e+207		-2.674536e+207		-1.892047e+207		7.129741e+206		6.676981e+207		
195.000000		-2.253185e+206		-6.096539e+206		-2.929199e+206		-2.528401e+206		-5.310491e+207		-3.577933e+206		-7.565783e+206		4.474811e+207		2.362151e+206		3.623614e+206		5.539717e+206		1.541273e+205		1.364798e+205		1.728795e+205		1.839077e+205		5.209155e+206		2.140394e+205		1.344130e+205		2.023997e+205		1.523766e+205		2.075727e+205		2.077804e+205		2.014338e+205		1.738789e+205		2.000690e+205		2.126471e+205		1.963654e+205		-5.414457e+207		3.245365e+206		3.418645e+206		1.609976e+206		4.343280e+206		7.891940e+206		7.767747e+206		7.771028e+206		6.149496e+206		1.472766e+206		3.206701e+206		1.637808e+206		-2.056706e+206		-3.923710e+207		-2.427521e+207		-1.865384e+207		7.302640e+206		6.673163e+207		
205.000000		-2.063938e+206		-6.524703e+206		-2.855392e+206		-2.294600e+206		-3.595565e+207		-2.708120e+206		-3.487668e+206		4.582147e+207		2.361035e+206		4.257373e+206		5.769041e+206		1.555146e+205		1.364617e+205		1.677798e+205		1.800288e+205		7.087952e+206		2.148370e+205		1.257766e+205		1.996113e+205		1.650646e+205		2.084651e+205		2.087739e+205		2.014389e+205		1.674133e+205		1.990057e+205		2.143256e+205		1.952702e+205		-5.463843e+208		2.978019e+206		2.969048e+206		1.478387e+206		4.009803e+206		6.473254e+206		6.389585e+206		6.391799e+206		4.578213e+206		1.473723e+206		3.112889e+206		1.604657e+206		-2.326308e+206		-3.813734e+207		-2.319361e+207		-1.843461e+207		7.411710e+206		6.669625e+207		
215.000000		-1.947996e+206		-6.360076e+206		-2.615051e+206		-2.183857e+206		-2.291542e+207		-2.456588e+206		-2.309618e+206		4.726261e+207		2.359639e+206		4.486867e+206		5.458764e+206		1.563994e+205		1.364397e+205		1.610824e+205		1.741139e+205		8.116745e+206		2.162933e+205		1.163364e+205		1.944813e+205		1.745047e+205		2.083939e+205		2.087899e+205		2.014454e+205		1.591794e+205		1.984420e+205		2.151396e+205		1.943402e+205		1.047063e+208		2.595239e+206		2.514375e+206		1.289711e+206		3.614760e+206		5.683835e+206		5.619317e+206		5.621028e+206		4.461829e+206		1.385930e+206		2.813542e+206		1.508246e+206		-2.754616e+206		-1.639767e+208		-2.299000e+207		-1.824658e+207		7.480549e+206		6.666013e+207		
225.000000		-1.858679e+206		-6.029170e+206		-2.371466e+206		-2.106038e+206		-1.357334e+207		-2.341445e+206		-1.770091e+206		4.915470e+207		2.357943e+206		4.404628e+206		5.039200e+206		1.571832e+205		1.364131e+205		1.542351e+205		1.696602e+205		8.678365e+206		2.177893e+205		1.076151e+205		1.795150e+205		1.750837e+205		2.079622e+205		2.084747e+205		2.014534e+205		1.490503e+205		1.979919e+205		2.154846e+205		1.934648e+205		5.491218e+207		2.270354e+206		2.166797e+206		1.129349e+206		3.307187e+206		5.229279e+206		5.174682e+206		5.176133e+206		4.796357e+206		1.284467e+206		2.521023e+206		1.432235e+206		-3.548242e+206		5.720898e+207		-2.325227e+207		-1.807522e+207		7.523370e+206		6.661994e+207		
235.000000		-1.776494e+206		-5.654143e+206		-2.148461e+206		-2.027106e+206		-7.695199e+206		-2.266055e+206		-1.463104e+206		5.156603e+207		2.355970e+206		3.860873e+206		4.655340e+206		1.580211e+205		1.363822e+205		1.509641e+205		1.738576e+205		9.248790e+206		2.192402e+205		1.007219e+205		1.383849e+205		1.521476e+205		2.073747e+205		2.080763e+205		2.014628e+205		1.373713e+205		1.975307e+205		2.156545e+205		1.926049e+205		4.038154e+207		2.016487e+206		1.910166e+206		1.003957e+206		3.159281e+206		5.198645e+206		5.144731e+206		5.146168e+206		5.598120e+206		1.190156e+206		2.276027e+206		1.416903e+206		-5.411635e+206		3.339295e+207		-2.377268e+207		-1.791292e+207		7.548911e+206		6.657252e+207		
245.000000		-1.690416e+206		-5.260485e+206		-1.940445e+206		-1.932490e+206		-4.448692e+206		-2.192903e+206		-1.258397e+206		5.476945e+207		2.353624e+206		2.927197e+206		4.332777e+206		1.589563e+205		1.363453e+205		1.573130e+205		1.950613e+205		1.023889e+207		2.205037e+205		9.593943e+204		8.116604e+204		9.910447e+204		2.065898e+205		2.076876e+205		2.014738e+205		1.240902e+205		1.968873e+205		2.158223e+205		1.917031e+205		3.380541e+207		1.813931e+206		1.713185e+206		9.039401e+205		3.332663e+206		6.240184e+206		6.162715e+206		6.164786e+206		7.007517e+206		1.104494e+206		2.071023e+206		1.525826e+206		-1.549113e+207		1.020784e+208		-2.451834e+207		-1.774837e+207		7.564459e+206		6.651031e+207		
255.000000		-1.596629e+206		-4.873805e+206		-1.745290e+206		-1.820558e+206		-2.750868e+206		-2.103155e+206		-1.102054e+206		5.906422e+207		2.350886e+206		2.013080e+206		4.063252e+206		1.598739e+205		1.363020e+205		1.775501e+205		2.326505e+205		1.227107e+207		2.205266e+205		9.293389e+204		5.120617e+204		5.890965e+204		2.050748e+205		2.073218e+205		2.014865e+205		1.099460e+205		1.955874e+205		2.160232e+205		1.906736e+205		2.996627e+207		1.645199e+206		1.552704e+206		8.207641e+205		4.714323e+206		1.822063e+207		1.757583e+207		1.759279e+207		9.118688e+206		1.024217e+206		1.893613e+206		2.010043e+206		1.175067e+207		-1.195930e+207		-2.551435e+207		-1.757970e+207		7.573751e+206		6.642156e+207		
265.000000		-1.489329e+206		-4.504386e+206		-1.556326e+206		-1.690966e+206		-1.854070e+206		-1.979190e+206		-9.637498e+205		6.516252e+207		2.347629e+206		1.355889e+206		3.838785e+206		1.602061e+205		1.362501e+205		2.060161e+205		2.745061e+205		1.756815e+207		2.146204e+205		9.103482e+204		4.311129e+204		4.541925e+204		2.003468e+205		2.069269e+205		2.015011e+205		9.551753e+204		1.921946e+205		2.162026e+205		1.893198e+205		2.699817e+207		1.497614e+206		1.413217e+206		7.482824e+205		-2.812263e+209		-5.685063e+206		-5.750869e+206		-5.749040e+206		1.253438e+207		9.449695e+205		1.732501e+206		5.518461e+206		3.564535e+206		-3.313834e+206		-2.687119e+207		-1.741323e+207		7.579416e+206		6.627917e+207		
275.000000		-1.362154e+206		-4.138715e+206		-1.356300e+206		-1.541681e+206		-1.350221e+206		-1.812498e+206		-8.218981e+205		7.409307e+207		2.343837e+206		9.212817e+205		3.644934e+206		1.577010e+205		1.361891e+205		2.312911e+205		3.097352e+205		4.959550e+207		1.868623e+205		8.913070e+204		4.178551e+204		4.266664e+204		1.828279e+205		2.062340e+205		2.015174e+205		8.215823e+204		1.828316e+205		2.160826e+205		1.872176e+205		2.377096e+207		1.359249e+206		1.281057e+206		6.807499e+205		-3.202331e+206		-1.958621e+206		-1.966371e+206		-1.966155e+206		2.238368e+207		8.596713e+205		1.574739e+206		-4.022857e+206		1.833855e+206		-1.610496e+206		-2.871041e+207		-1.729648e+207		7.582801e+206		6.602791e+207		
285.000000		-1.246614e+206		-3.718707e+206		-1.112885e+206		-1.365326e+206		-1.024790e+206		-1.604462e+206		-6.617464e+205		8.825263e+207		2.339411e+206		5.951496e+205		3.374377e+206		1.453566e+205		1.361169e+205		2.478664e+205		3.368053e+205		-2.850730e+207		1.229307e+205		8.483045e+204		4.199998e+204		4.256676e+204		1.330631e+205		2.040761e+205		2.015355e+205		7.083209e+204		1.592852e+205		2.144120e+205		1.840464e+205		1.922359e+207		1.214247e+206		1.138419e+206		6.104461e+205		-1.581385e+206		-1.150337e+206		-1.153005e+206		-1.152930e+206		-8.308297e+207		7.571041e+205		1.404025e+206		-1.506672e+206		1.071340e+206		-1.026825e+206		-3.127935e+207		-1.738028e+207		7.584836e+206		6.553231e+207		
295.000000		-1.292002e+206		-3.120279e+206		-8.270850e+205		-1.166338e+206		-7.786892e+205		-1.377303e+206		-4.978033e+205		1.134637e+208		2.334273e+206		3.115166e+205		2.885199e+206		1.138781e+205		1.360316e+205		2.605074e+205		3.588733e+205		-9.393135e+206		6.927778e+204		7.415493e+204		4.255434e+204		4.293023e+204		7.322469e+204		1.940318e+205		2.015555e+205		6.242047e+204		1.157286e+205		2.037710e+205		1.783364e+205		1.309609e+207		1.089346e+206		1.002831e+206		5.506501e+205		-1.001698e+206		-7.641135e+205		-7.652899e+205		-7.652560e+205		-9.006690e+206		6.646331e+205		1.280835e+206		-9.529028e+205		6.468705e+205		-6.645323e+205		-3.498940e+207		-1.809003e+207		7.586057e+206		6.444552e+207		
305.000000		-1.811943e+206		-2.295767e+206		-5.688693e+205		-9.795530e+205		-5.681645e+205		-1.161612e+206		-3.584296e+205		1.704278e+208		2.328246e+206		1.342755e+205		2.403719e+206		7.630782e+204		1.359290e+205		2.806820e+205		3.823277e+205		-6.607205e+206		5.156397e+204		5.822358e+204		4.320810e+204		4.327345e+204		4.823149e+204		1.505803e+205		2.015776e+205		5.733565e+204		7.262830e+204		1.555918e+205		1.479831e+205		7.379219e+206		1.108318e+206		9.608147e+205		5.623419e+205		-6.583860e+205		-5.066209e+205		-5.071377e+205		-5.071225e+205		-3.860346e+206		7.023664e+205		1.567383e+206		-6.618116e+205		3.940242e+205		-4.059160e+205		-4.073510e+207		-2.054576e+207		7.586804e+206		6.179483e+207		
315.000000		-5.371881e+206		-1.517192e+206		-3.905338e+205		-8.358986e+205		-4.039039e+205		-9.802284e+205		-2.588402e+205		3.993816e+208		2.321281e+206		6.889792e+204		2.091561e+206		5.516973e+204		1.358060e+205		3.156937e+205		4.154354e+205		-1.026103e+207		4.979012e+204		4.745987e+204		4.394625e+204		4.366990e+204		4.232656e+204		8.379437e+204		2.016018e+205		5.550140e+204		5.285276e+204		8.536567e+204		8.724894e+204		3.950046e+206		1.494447e+206		1.080957e+206		7.498631e+205		-4.516111e+205		-3.426129e+205		-3.428491e+205		-3.428420e+205		-2.467152e+206		1.336893e+206		6.049293e+207		-4.705510e+205		2.517429e+205		-2.585846e+205		-5.040093e+207		-2.793009e+207		7.587259e+206		5.508985e+207		
325.000000		3.875875e+206		-9.540490e+205		-2.755915e+205		-7.183705e+205		-2.882905e+205		-8.229232e+205		-1.923698e+205		-6.443249e+208		2.312670e+206		5.188673e+204		1.867511e+206		4.731205e+204		1.356455e+205		3.765642e+205		4.718517e+205		9.518645e+206		5.388789e+204		4.442280e+204		4.485289e+204		4.425967e+204		4.112726e+204		5.130407e+204		2.016300e+205		5.630879e+204		4.774851e+204		5.327154e+204		5.498832e+204		2.211771e+206		3.202079e+206		1.303436e+206		1.501043e+206		-3.240401e+205		-2.396849e+205		-2.398005e+205		-2.397969e+205		-2.009273e+206		-3.708128e+206		-9.848412e+205		-3.420581e+205		1.836360e+205		-1.755311e+205		-7.178343e+207		-6.123521e+207		7.587560e+206		3.952604e+207		
335.000000		1.312649e+206		-5.821940e+205		-1.989766e+205		-6.023445e+205		-2.080846e+205		-6.812339e+205		-1.486229e+205		-1.512224e+208		2.301492e+206		4.937899e+204		1.606250e+206		4.509005e+204		1.354202e+205		4.879131e+205		5.821772e+205		1.923662e+206		6.387231e+204		4.640188e+204		4.611067e+204		4.522134e+204		4.151130e+204		4.283505e+204		2.016640e+205		5.983112e+204		4.915475e+204		4.598405e+204		4.792518e+204		1.344005e+206		-1.727855e+208		1.349301e+206		1.369367e+207		-2.386265e+205		-1.717917e+205		-1.718510e+205		-1.718491e+205		-1.939187e+206		-2.236530e+206		-4.524103e+205		-2.520147e+205		1.909660e+205		-1.239167e+205		-1.680509e+208		1.046025e+208		7.587774e+206		1.786909e+207		
345.000000		7.637755e+205		-3.508502e+205		-1.471532e+205		-4.903311e+205		-1.530498e+205		-5.626722e+205		-1.226489e+205		-7.962454e+207		2.287663e+206		5.201607e+204		1.179714e+206		4.497090e+204		1.351041e+205		7.247257e+205		8.593418e+205		7.753725e+205		8.847057e+204		5.217279e+204		4.805493e+204		4.688371e+204		4.335823e+204		4.220994e+204		2.017013e+205		6.764036e+204		5.593388e+204		4.787296e+204		5.119945e+204		9.236880e+205		-3.355606e+206		1.270119e+206		-2.078000e+206		-1.780072e+205		-1.259210e+205		-1.259529e+205		-1.259518e+205		-2.174260e+206		4.282009e+205		-2.800803e+205		-1.868166e+205		3.270871e+205		-9.021000e+204		2.030515e+208		2.332029e+207		7.587927e+206		6.532748e+206		
355.000000		5.299226e+205		-2.117156e+205		-1.118073e+205		-4.024518e+205		-1.153501e+205		-4.783885e+205		-1.125101e+205		-5.276326e+207		2.272191e+206		5.942156e+204		7.001231e+205		4.593655e+204		1.346600e+205		2.254141e+206		2.649733e+206		3.658793e+205		1.962396e+205		6.313342e+204		5.127776e+204		4.985624e+204		4.779116e+204		4.552724e+204		2.017317e+205		8.561518e+204		7.432902e+204		5.771080e+204		6.512801e+204		7.349789e+205		-1.205739e+206		1.863323e+206		-6.595106e+205		-1.337403e+205		-9.508649e+204		-9.510468e+204		-9.510407e+204		-2.656518e+206		1.914520e+205		-1.876100e+205		-1.389079e+205		5.993687e+205		-6.814334e+204		5.010247e+207		1.149290e+207		7.588036e+206		4.116701e+206		
365.000000		4.052298e+205		-1.321844e+205		-8.859902e+204		-3.639345e+205		-9.053084e+204		-4.418263e+205		-1.219835e+205		-3.994291e+207		2.258430e+206		7.565485e+204		4.393700e+205		4.745090e+204		1.340354e+205		-7.904626e+205		-1.404009e+206		1.879673e+205		-3.327333e+205		8.310741e+204		5.677721e+204		5.522112e+204		5.732548e+204		5.412075e+204		2.017256e+205		1.391865e+205		1.430511e+205		8.994161e+204		1.184226e+205		6.975370e+205		-4.955408e+205		-1.712046e+206		-2.594544e+205		-1.028512e+205		-7.632697e+204		-7.633869e+204		-7.633829e+204		-3.028263e+206		4.396475e+205		-1.311611e+205		-1.054989e+205		6.359819e+205		-5.515447e+204		2.434953e+207		6.816480e+206		7.588114e+206		3.820382e+206		
375.000000		3.324254e+205		-9.046000e+204		-7.496445e+204		-4.071646e+205		-7.586633e+204		-4.677954e+205		-1.641584e+205		-3.323367e+207		2.251933e+206		1.213769e+205		4.656322e+205		5.088837e+204		1.331575e+205		-2.566698e+205		-5.039494e+205		1.099041e+205		-8.682536e+204		1.302933e+205		6.579268e+204		6.437511e+204		7.600844e+204		7.203999e+204		2.016386e+205		5.139026e+205		-8.005084e+206		3.188646e+205		-5.522465e+206		8.203704e+205		-2.477282e+205		-3.419404e+205		-1.277827e+205		-8.377456e+204		-6.758944e+204		-6.759863e+204		-6.759831e+204		-2.575476e+206		-2.104742e+205		-9.872747e+204		-8.491514e+204		4.279844e+205		-4.965905e+204		1.405619e+207		4.391713e+206		7.588169e+206		3.795600e+206		
385.000000		2.880649e+205		-7.313318e+204		-6.923202e+204		-5.558438e+205		-6.954301e+204		-5.535736e+205		-2.537840e+205		-2.929743e+207		2.255395e+206		5.506104e+205		-2.520972e+206		6.304620e+204		1.319452e+205		-1.551474e+205		-3.320915e+205		8.072918e+204		-5.844188e+204		8.222802e+205		7.818754e+204		7.729909e+204		1.026845e+205		9.949327e+204		2.015308e+205		-6.271719e+205		-2.752335e+205		-3.014850e+205		-1.410047e+205		1.259472e+206		-1.696728e+205		-1.961546e+205		-8.745171e+204		-7.501981e+204		-6.577365e+204		-6.578235e+204		-6.578204e+204		-1.536704e+206		-7.625791e+204		-8.402151e+204		-7.538109e+204		3.098845e+205		-4.896214e+204		8.745674e+206		2.973870e+206		7.588208e+206		3.794135e+206		
395.000000		2.582297e+205		-1.506265e+205		-7.243973e+204		-6.475033e+205		-7.245094e+204		-6.257424e+205		-3.111988e+205		-2.624293e+207		2.263271e+206		-2.228057e+205		-1.951689e+205		4.124733e+205		1.303891e+205		-1.290698e+205		-2.889178e+205		1.690772e+205		-6.058946e+204		-8.660757e+204		8.952013e+204		8.931602e+204		1.202136e+205		1.197661e+205		2.018299e+205		1.482833e+206		2.719211e+205		1.530782e+206		-4.641012e+205		2.749897e+206		-1.749587e+205		4.818814e+205		-9.482646e+204		-7.864883e+204		-7.038039e+204		-7.039036e+204		-7.039000e+204		-8.370504e+205		-5.073799e+204		-8.419392e+204		-7.864213e+204		2.764614e+205		-5.096484e+204		5.697928e+206		2.095430e+206		7.588236e+206		3.794067e+206		
405.000000		2.337672e+205		2.164939e+205		-7.824186e+204		-6.046626e+205		-7.811963e+204		-6.314385e+205		-2.934640e+205		-2.326350e+207		2.262230e+206		-6.315490e+205		-2.748437e+205		-1.739964e+205		1.286814e+205		-1.166899e+205		-2.854959e+205		-9.005031e+205		-6.428522e+204		-5.285067e+204		9.380917e+204		9.373728e+204		1.924150e+205		1.918466e+205		2.036827e+205		3.695102e+205		2.416255e+205		1.469234e+205		1.831042e+205		6.907359e+206		-3.128911e+205		2.237170e+205		-1.880022e+205		-9.510255e+204		-8.260798e+204		-8.262171e+204		-8.262121e+204		-5.489888e+205		-6.679655e+204		-1.043950e+205		-9.506488e+204		2.729604e+205		-5.544197e+204		3.883207e+206		1.537758e+206		7.588256e+206		3.794049e+206		
415.000000		2.165416e+205		2.728403e+205		-8.424768e+204		-5.539135e+205		-8.391761e+204		-6.098244e+205		-2.702794e+205		-2.012440e+207		2.256283e+206		-1.083677e+206		-2.721488e+205		-2.414501e+205		1.266629e+205		-1.136307e+205		-3.086811e+205		-1.103686e+206		-6.640334e+204		-5.826231e+204		9.473317e+204		9.485205e+204		3.732038e+205		3.701242e+205		2.075511e+205		3.313947e+205		2.855842e+205		3.887020e+205		7.082460e+205		1.625808e+207		-5.888780e+205		3.357730e+203		3.944224e+204		-1.762306e+205		-1.334080e+205		-1.334439e+205		-1.334425e+205		-4.670383e+205		-8.306185e+204		-1.413065e+205		-1.761039e+205		2.887831e+205		-7.184321e+204		2.793827e+206		1.180901e+206		7.588271e+206		3.794021e+206		
425.000000		2.046807e+205		5.727084e+205		-8.458815e+204		-5.316803e+205		-8.411793e+204		-5.959932e+205		-2.602123e+205		-1.682074e+207		2.244525e+206		-1.199640e+206		-2.469230e+205		-4.669913e+205		1.242517e+205		-1.183615e+205		-3.643008e+205		-1.984151e+206		-6.768714e+204		-6.470318e+204		9.438302e+204		9.498074e+204		6.289590e+205		6.192784e+205		2.088966e+205		3.125017e+205		3.036878e+205		-6.241381e+205		-4.645834e+205		2.238929e+207		-6.665777e+205		-4.551842e+202		-4.709248e+203		-4.600512e+205		-2.317317e+205		-2.318398e+205		-2.318358e+205		-4.939011e+205		-8.905141e+204		-1.600841e+205		-4.590218e+205		3.116049e+205		-9.023808e+204		2.135791e+206		9.517707e+205		7.588281e+206		3.793980e+206		
435.000000		1.962463e+205		1.050397e+208		-9.594152e+204		-5.361592e+205		-9.530213e+204		-5.962430e+205		-2.620130e+205		-1.358119e+207		2.225328e+206		-1.269283e+206		-2.328649e+205		-2.647398e+206		1.214892e+205		-1.277511e+205		-4.679895e+205		-2.822952e+207		-6.886584e+204		-9.860097e+204		9.351626e+204		9.519190e+204		6.941983e+205		6.813646e+205		1.999345e+205		2.841365e+205		2.995018e+205		-3.503439e+205		-2.338529e+205		2.222033e+207		-5.644889e+205		-5.886995e+204		-2.365013e+205		-5.696279e+205		-2.052641e+205		-2.053489e+205		-2.053458e+205		-6.164726e+205		-8.823801e+204		-1.588461e+205		-5.675516e+205		3.326012e+205		-8.451356e+204		1.733523e+206		8.040635e+205		7.588288e+206		3.793923e+206		
445.000000		1.896533e+205		-7.056483e+205		-1.185522e+205		-5.530759e+205		-1.176152e+205		-6.022363e+205		-2.687447e+205		-1.069763e+207		2.197447e+206		-1.317060e+206		-2.298273e+205		9.567456e+205		1.185507e+205		-1.390526e+205		-6.533347e+205		3.380246e+206		-7.008087e+204		-2.489951e+205		9.242809e+204		9.645083e+204		5.791101e+205		5.686227e+205		1.807402e+205		2.557957e+205		2.872345e+205		-3.857559e+205		-1.939711e+205		2.136697e+207		-4.520925e+205		-9.806542e+204		-1.270341e+205		-5.943562e+205		-1.566798e+205		-1.567292e+205		-1.567274e+205		-8.940036e+205		-8.424329e+204		-1.529101e+205		-5.911402e+205		3.483062e+205		-7.427679e+204		1.484140e+206		7.082552e+205		7.588293e+206		3.793845e+206		
455.000000		1.838473e+205		-3.954476e+205		-9.990812e+204		-5.681585e+205		-9.929145e+204		-6.037667e+205		-2.738842e+205		-8.348428e+206		2.160572e+206		-1.396290e+206		-2.384531e+205		4.631668e+205		1.156360e+205		-1.497449e+205		-9.888424e+205		2.057453e+206		-7.129970e+204		-4.867074e+205		9.130073e+204		1.004258e+205		4.486471e+205		4.406527e+205		1.588017e+205		2.323563e+205		2.768918e+205		-5.704783e+205		-1.921259e+205		2.072031e+207		-3.540874e+205		6.003205e+203		8.822202e+204		-6.124256e+205		-1.272627e+205		-1.272954e+205		-1.272941e+205		-1.600472e+206		-7.782554e+204		-1.449043e+205		-6.072761e+205		3.576858e+205		-6.641441e+204		1.327012e+206		6.450206e+205		7.588297e+206		3.793744e+206		
465.000000		1.783130e+205		-2.942093e+205		-8.599205e+204		-5.712799e+205		-8.569400e+204		-5.947357e+205		-2.732801e+205		-6.558348e+206		2.115998e+206		-1.514280e+206		-2.586403e+205		3.290910e+205		1.128347e+205		-1.576398e+205		-1.570180e+206		1.718161e+206		-7.240940e+204		-1.687578e+206		9.033466e+204		1.108122e+205		3.477715e+205		3.412889e+205		1.392677e+205		2.136240e+205		2.733040e+205		-1.397565e+206		-2.068681e+205		2.018091e+207		-2.742306e+205		2.755482e+203		3.495561e+204		-6.163454e+205		-1.107671e+205		-1.107918e+205		-1.107909e+205		-5.349878e+206		-7.127035e+204		-1.363690e+205		-6.080276e+205		3.623196e+205		-6.102639e+204		1.222318e+206		6.002424e+205		7.588299e+206		3.793614e+206		
475.000000		1.729361e+205		-2.435167e+205		-7.713519e+204		-5.586367e+205		-7.765864e+204		-5.749820e+205		-2.649299e+205		-5.259413e+206		2.066975e+206		-1.656332e+206		-2.896622e+205		2.663271e+205		1.100032e+205		-1.609592e+205		-2.185184e+206		1.593945e+206		-7.302908e+204		1.543238e+206		8.975849e+204		1.408150e+205		2.743523e+205		2.689003e+205		1.232258e+205		1.972170e+205		2.799057e+205		2.608291e+206		-2.350485e+205		1.964064e+207		-2.133795e+205		-1.597308e+203		2.940049e+203		-6.019257e+205		-1.001263e+205		-1.001464e+205		-1.001457e+205		5.410438e+206		-6.598093e+204		-1.289207e+205		-5.884268e+205		3.641994e+205		-5.694846e+204		1.133024e+206		5.606298e+205		7.588301e+206		3.793456e+206		
485.000000		1.678054e+205		-2.032108e+205		-6.966303e+204		-5.310518e+205		-7.966745e+204		-5.499026e+205		-2.443792e+205		-4.361558e+206		2.018894e+206		-1.724957e+206		-3.187697e+205		2.206725e+205		1.065562e+205		-1.584854e+205		-1.947208e+206		1.534746e+206		-7.250756e+204		5.874756e+205		8.974037e+204		3.110509e+205		2.081363e+205		2.048861e+205		1.096309e+205		1.802406e+205		3.059284e+205		6.719530e+205		-3.066400e+205		1.891602e+207		-1.666891e+205		1.020085e+202		-6.277565e+203		-5.706767e+205		-9.133337e+204		-9.135017e+204		-9.134954e+204		1.674826e+206		-6.132992e+204		-1.219776e+205		-5.470577e+205		3.647145e+205		-5.321651e+204		1.025929e+206		5.128971e+205		7.588302e+206		3.793270e+206		
495.000000		1.631199e+205		-1.879034e+205		-7.397305e+204		-5.319675e+205		-1.334482e+205		-5.470778e+205		-2.298702e+205		-3.809273e+206		1.980493e+206		-2.729112e+207		-2.462537e+205		1.835365e+205		1.020671e+205		-1.401726e+205		-1.152348e+206		1.465193e+206		-6.422617e+204		3.836577e+205		9.000050e+204		8.033030e+205		1.532129e+205		1.514911e+205		9.701318e+204		1.619937e+205		4.691545e+205		5.878294e+205		-5.729330e+205		1.564517e+207		-1.090293e+205		9.128090e+201		-1.090769e+204		-5.746959e+205		-1.010965e+205		-1.011171e+205		-1.011163e+205		1.069204e+206		-6.085645e+204		-1.017451e+205		-4.434970e+205		3.648276e+205		-5.586113e+204		9.937816e+205		4.972381e+205		7.588302e+206		3.793063e+206		
