Layer	Altitude [km]	Pressure [Pa]	C2H6		C2H6_mr		CH4			CH4_mr		CO2			CO2_mr		H2			H2_mr		H2O			H2O_mr		N2			N2_mr		O2			O2_mr		O3			O3_mr
0		9.90e+01		2.448e-03		6.839e-11	6.758e-23	2.487e-02	2.457e-14	4.530e+09	4.477e-03	1.252e+07	1.237e-05	6.605e-05	6.526e-17	9.963e+11	9.845e-01	8.749e+01	8.646e-11	1.420e-07	1.403e-19
1		9.70e+01		3.544e-03		2.639e-10	1.802e-22	8.235e-02	5.623e-14	6.788e+09	4.635e-03	1.919e+07	1.311e-05	1.855e-04	1.267e-16	1.442e+12	9.847e-01	1.943e+02	1.327e-10	6.404e-07	4.373e-19
2		9.50e+01		5.129e-03		1.178e-09	5.561e-22	3.182e-01	1.502e-13	1.038e+10	4.897e-03	2.888e+07	1.363e-05	6.622e-04	3.125e-16	2.087e+12	9.850e-01	4.892e+02	2.309e-10	3.205e-06	1.513e-18
3		9.30e+01		7.423e-03		5.295e-09	1.727e-21	1.244e+00	4.059e-13	1.601e+10	5.223e-03	4.292e+07	1.400e-05	2.571e-03	8.387e-16	3.021e+12	9.853e-01	1.580e+03	5.152e-10	2.115e-05	6.899e-18
4		9.10e+01		1.074e-02		2.365e-08	5.331e-21	4.847e+00	1.093e-12	2.477e+10	5.585e-03	6.326e+07	1.426e-05	1.029e-02	2.321e-15	4.372e+12	9.857e-01	9.388e+04	2.117e-08	3.080e-03	6.943e-16
5		8.90e+01		1.555e-02		1.046e-07	1.630e-20	1.875e+01	2.922e-12	3.826e+10	5.962e-03	9.272e+07	1.445e-05	4.158e-02	6.480e-15	6.327e+12	9.860e-01	5.185e+07	8.080e-06	2.434e+00	3.793e-13
6		8.70e+01		2.250e-02		4.571e-07	4.924e-20	7.182e+01	7.736e-12	5.886e+10	6.340e-03	1.354e+08	1.458e-05	1.676e-01	1.806e-14	9.158e+12	9.864e-01	2.032e+08	2.189e-05	1.790e+01	1.928e-12
7		8.50e+01		3.257e-02		1.967e-06	1.464e-19	2.717e+02	2.023e-11	9.016e+10	6.713e-03	1.972e+08	1.468e-05	6.709e-01	4.995e-14	1.325e+13	9.868e-01	5.195e+08	3.868e-05	8.479e+01	6.313e-12
8		8.30e+01		4.714e-02		8.297e-06	4.270e-19	1.012e+03	5.208e-11	1.375e+11	7.073e-03	2.866e+08	1.475e-05	2.656e+00	1.367e-13	1.918e+13	9.872e-01	1.168e+09	6.011e-05	3.473e+02	1.787e-11
9		8.10e+01		6.823e-02		3.415e-05	1.215e-18	3.694e+03	1.314e-10	2.086e+11	7.419e-03	4.161e+08	1.480e-05	1.037e+01	3.688e-13	2.776e+13	9.875e-01	2.449e+09	8.709e-05	1.298e+03	4.618e-11
10		7.90e+01		9.875e-02		1.364e-04	3.353e-18	1.314e+04	3.232e-10	3.151e+11	7.746e-03	6.036e+08	1.484e-05	3.976e+01	9.775e-13	4.018e+13	9.879e-01	4.859e+09	1.194e-04	4.474e+03	1.100e-10
11		7.70e+01		1.429e-01		5.248e-04	8.917e-18	4.533e+04	7.703e-10	4.738e+11	8.051e-03	8.750e+08	1.487e-05	1.491e+02	2.534e-12	5.816e+13	9.882e-01	9.150e+09	1.555e-04	1.415e+04	2.404e-10
12		7.50e+01		2.069e-01		1.931e-03	2.267e-17	1.504e+05	1.767e-09	7.094e+11	8.331e-03	1.268e+09	1.489e-05	5.444e+02	6.393e-12	8.418e+13	9.885e-01	1.632e+10	1.917e-04	4.070e+04	4.779e-10
13		7.30e+01		2.994e-01		6.733e-03	5.465e-17	4.763e+05	3.866e-09	1.058e+12	8.584e-03	1.837e+09	1.491e-05	1.922e+03	1.560e-11	1.218e+14	9.888e-01	2.753e+10	2.235e-04	1.056e+05	8.567e-10
14		7.10e+01		4.333e-01		2.205e-02	1.237e-16	1.426e+06	8.001e-09	1.570e+12	8.809e-03	2.661e+09	1.492e-05	6.523e+03	3.659e-11	1.763e+14	9.891e-01	4.388e+10	2.461e-04	2.454e+05	1.376e-09
15		6.90e+01		6.271e-01		6.715e-02	2.603e-16	4.001e+06	1.551e-08	2.323e+12	9.005e-03	3.853e+09	1.494e-05	2.110e+04	8.180e-11	2.552e+14	9.893e-01	6.614e+10	2.564e-04	5.108e+05	1.980e-09
16		6.70e+01		9.077e-01		1.883e-01	5.043e-16	1.042e+07	2.790e-08	3.424e+12	9.173e-03	5.579e+09	1.494e-05	6.453e+04	1.729e-10	3.694e+14	9.894e-01	9.454e+10	2.533e-04	9.604e+05	2.573e-09
17		6.50e+01		1.311e+00		4.701e-01	8.918e-16	2.437e+07	4.623e-08	4.910e+12	9.315e-03	7.893e+09	1.497e-05	1.803e+05	3.420e-10	5.216e+14	9.895e-01	1.252e+11	2.375e-04	1.461e+06	2.772e-09
18		6.30e+01		1.879e+00		1.067e+00	1.456e-15	5.215e+07	7.115e-08	6.918e+12	9.440e-03	1.100e+10	1.501e-05	4.708e+05	6.424e-10	7.253e+14	9.896e-01	1.570e+11	2.142e-04	1.923e+06	2.624e-09
19		6.10e+01		2.678e+00		2.260e+00	2.171e-15	1.045e+08	1.004e-07	9.935e+12	9.544e-03	1.563e+10	1.502e-05	1.175e+06	1.128e-09	1.030e+15	9.897e-01	1.970e+11	1.893e-04	2.693e+06	2.587e-09
20		5.90e+01		3.826e+00		4.435e+00	2.948e-15	1.958e+08	1.302e-07	1.448e+13	9.629e-03	2.258e+10	1.501e-05	2.769e+06	1.841e-09	1.489e+15	9.898e-01	2.477e+11	1.647e-04	3.834e+06	2.549e-09
21		5.70e+01		5.489e+00		8.041e+00	3.686e-15	3.424e+08	1.569e-07	2.115e+13	9.696e-03	3.273e+10	1.500e-05	6.094e+06	2.793e-09	2.159e+15	9.898e-01	3.084e+11	1.414e-04	5.120e+06	2.347e-09
22		5.50e+01		7.900e+00		1.362e+01	4.310e-15	5.646e+08	1.787e-07	3.080e+13	9.749e-03	4.737e+10	1.500e-05	1.252e+07	3.963e-09	3.127e+15	9.899e-01	3.798e+11	1.202e-04	6.267e+06	1.984e-09
23		5.30e+01		1.139e+01		2.191e+01	4.796e-15	8.912e+08	1.951e-07	4.472e+13	9.791e-03	6.846e+10	1.499e-05	2.423e+07	5.304e-09	4.522e+15	9.899e-01	4.654e+11	1.019e-04	7.223e+06	1.581e-09
24		5.10e+01		1.644e+01		3.404e+01	5.158e-15	1.365e+09	2.069e-07	6.483e+13	9.824e-03	9.885e+10	1.498e-05	4.482e+07	6.792e-09	6.533e+15	9.899e-01	5.722e+11	8.670e-05	8.516e+06	1.290e-09
25		4.90e+01		2.374e+01		5.173e+01	5.424e-15	2.052e+09	2.151e-07	9.394e+13	9.849e-03	1.428e+11	1.497e-05	8.100e+07	8.492e-09	9.442e+15	9.899e-01	7.118e+11	7.462e-05	1.106e+07	1.159e-09
26		4.70e+01		3.431e+01		7.819e+01	5.664e-15	3.067e+09	2.222e-07	1.363e+14	9.872e-03	2.065e+11	1.496e-05	1.508e+08	1.092e-08	1.367e+16	9.899e-01	8.736e+11	6.329e-05	1.535e+07	1.112e-09
27		4.50e+01		4.963e+01		1.178e+02	5.885e-15	4.567e+09	2.281e-07	1.981e+14	9.893e-03	2.992e+11	1.495e-05	2.911e+08	1.454e-08	1.982e+16	9.899e-01	1.061e+12	5.297e-05	2.006e+07	1.002e-09
28		4.30e+01		7.191e+01		1.779e+02	6.099e-15	6.798e+09	2.331e-07	2.890e+14	9.912e-03	4.354e+11	1.493e-05	5.778e+08	1.981e-08	2.887e+16	9.899e-01	1.274e+12	4.369e-05	2.391e+07	8.198e-10
29		4.10e+01		1.045e+02		2.707e+02	6.323e-15	1.017e+10	2.375e-07	4.251e+14	9.929e-03	6.387e+11	1.492e-05	1.166e+09	2.723e-08	4.239e+16	9.900e-01	1.513e+12	3.535e-05	2.743e+07	6.406e-10
30		3.90e+01		1.527e+02		4.164e+02	6.558e-15	1.531e+10	2.411e-07	6.313e+14	9.943e-03	9.461e+11	1.490e-05	2.328e+09	3.667e-08	6.285e+16	9.900e-01	1.800e+12	2.834e-05	3.222e+07	5.074e-10
31		3.70e+01		2.243e+02		6.457e+02	6.818e-15	2.312e+10	2.441e-07	9.427e+14	9.954e-03	1.410e+12	1.488e-05	4.546e+09	4.800e-08	9.375e+16	9.900e-01	2.132e+12	2.251e-05	3.985e+07	4.208e-10
32		3.50e+01		3.314e+02		1.003e+03	7.106e-15	3.481e+10	2.467e-07	1.406e+15	9.964e-03	2.098e+12	1.487e-05	8.521e+09	6.039e-08	1.397e+17	9.900e-01	2.511e+12	1.780e-05	5.277e+07	3.739e-10
33		3.30e+01		4.906e+02		1.558e+03	7.434e-15	5.212e+10	2.488e-07	2.089e+15	9.972e-03	3.112e+12	1.485e-05	1.529e+10	7.299e-08	2.074e+17	9.900e-01	2.925e+12	1.396e-05	7.482e+07	3.571e-10
34		3.10e+01		7.270e+02		2.427e+03	7.808e-15	7.789e+10	2.505e-07	3.102e+15	9.978e-03	4.613e+12	1.484e-05	2.629e+10	8.456e-08	3.078e+17	9.900e-01	3.393e+12	1.091e-05	1.145e+08	3.684e-10
35		2.90e+01		1.078e+03		3.798e+03	8.244e-15	1.161e+11	2.520e-07	4.599e+15	9.983e-03	6.829e+12	1.482e-05	4.348e+10	9.439e-08	4.560e+17	9.900e-01	3.906e+12	8.479e-06	1.847e+08	4.010e-10
36		2.70e+01		1.597e+03		5.937e+03	8.753e-15	1.717e+11	2.532e-07	6.773e+15	9.986e-03	1.005e+13	1.482e-05	6.904e+10	1.018e-07	6.715e+17	9.900e-01	4.455e+12	6.569e-06	3.014e+08	4.444e-10
37		2.50e+01		2.357e+03		9.294e+03	9.397e-15	2.515e+11	2.543e-07	9.880e+15	9.990e-03	1.465e+13	1.481e-05	1.058e+11	1.070e-07	9.791e+17	9.900e-01	4.913e+12	4.967e-06	4.741e+08	4.794e-10
38		2.30e+01		3.460e+03		1.458e+04	1.024e-14	3.633e+11	2.552e-07	1.422e+16	9.992e-03	2.108e+13	1.480e-05	2.062e+11	1.448e-07	1.409e+18	9.900e-01	5.136e+12	3.608e-06	5.698e+08	4.003e-10
39		2.10e+01		5.035e+03		2.305e+04	1.142e-14	5.171e+11	2.562e-07	2.017e+16	9.995e-03	2.988e+13	1.480e-05	4.919e+11	2.437e-07	1.998e+18	9.900e-01	4.894e+12	2.425e-06	5.332e+08	2.642e-10
40		1.90e+01		7.253e+03		3.719e+04	1.316e-14	7.269e+11	2.571e-07	2.826e+16	9.997e-03	4.187e+13	1.481e-05	1.228e+12	4.344e-07	2.799e+18	9.900e-01	4.041e+12	1.430e-06	4.355e+08	1.541e-10
41		1.70e+01		1.034e+04		6.167e+04	1.580e-14	1.007e+12	2.581e-07	3.901e+16	9.998e-03	5.784e+13	1.482e-05	3.396e+12	8.702e-07	3.863e+18	9.900e-01	2.587e+12	6.630e-07	2.884e+08	7.392e-11
42		1.50e+01		1.454e+04		1.030e+05	1.986e-14	1.343e+12	2.590e-07	5.183e+16	9.999e-03	7.696e+13	1.485e-05	1.866e+13	3.600e-06	5.132e+18	9.900e-01	9.534e+11	1.839e-07	8.045e+07	1.552e-11
43		1.30e+01		1.999e+04		1.790e+05	2.724e-14	1.710e+12	2.601e-07	6.572e+16	9.999e-03	9.789e+13	1.489e-05	1.802e+14	2.742e-05	6.507e+18	9.900e-01	1.549e+09	2.357e-10	3.710e+05	5.645e-14
44		1.10e+01		2.679e+04		2.272e+05	2.788e-14	2.127e+12	2.609e-07	8.148e+16	9.998e-03	1.219e+14	1.496e-05	1.360e+15	1.668e-04	8.067e+18	9.898e-01	2.834e+07	3.478e-12	1.631e+03	2.001e-16
45		9.00e+00		3.521e+04		2.963e+05	2.944e-14	2.627e+12	2.610e-07	1.006e+17	9.994e-03	1.506e+14	1.497e-05	6.111e+15	6.071e-04	9.959e+18	9.894e-01	5.812e+06	5.774e-13	9.392e+01	9.331e-18
46		7.00e+00		4.560e+04		3.934e+05	3.161e-14	3.247e+12	2.609e-07	1.242e+17	9.985e-03	1.862e+14	1.496e-05	1.792e+16	1.440e-03	1.230e+19	9.886e-01	1.425e+06	1.145e-13	9.323e+00	7.492e-19
47		5.00e+00		5.842e+04		5.245e+05	3.415e-14	4.004e+12	2.607e-07	1.532e+17	9.974e-03	2.297e+14	1.495e-05	4.005e+16	2.608e-03	1.516e+19	9.874e-01	2.672e+05	1.740e-14	7.080e-01	4.610e-20
48		3.00e+00		7.420e+04		6.851e+05	3.629e-14	4.917e+12	2.605e-07	1.880e+17	9.960e-03	2.820e+14	1.494e-05	7.423e+16	3.932e-03	1.861e+19	9.861e-01	3.098e+04	1.641e-15	2.833e-02	1.501e-21
49		1.00e+00		9.344e+04		8.583e+05	3.622e-14	6.010e+12	2.536e-07	2.298e+17	9.696e-03	3.447e+14	1.455e-05	7.192e+17	3.035e-02	2.275e+19	9.599e-01	2.408e+03	1.016e-16	1.004e-04	4.238e-24
