34.0000	2.8900e-17	0.4000	0.0200	0.0400	0.0900	0.2000	0.1500	0.1000
36.0000	3.1200e-17	0.4000	0.0200	0.0400	0.0900	0.2000	0.1500	0.1000
38.0000	3.4500e-17	0.4000	0.0200	0.0400	0.0900	0.2000	0.1500	0.1000
40.0000	3.9500e-17	0.4000	0.0200	0.0400	0.0900	0.2000	0.1500	0.1000
42.0000	4.5100e-17	0.4000	0.0200	0.0400	0.0900	0.2000	0.1500	0.1000
44.0000	5.2000e-17	0.4000	0.0200	0.0400	0.0900	0.2000	0.1500	0.1000
46.0000	5.8600e-17	0.4000	0.0200	0.0400	0.0900	0.2000	0.1500	0.1000
48.0000	6.6000e-17	0.4000	0.0200	0.0400	0.0900	0.2000	0.1500	0.1000
50.0000	7.3800e-17	0.4000	0.0200	0.0400	0.0900	0.2000	0.1500	0.1000
52.0000	8.0800e-17	0.4000	0.0200	0.0400	0.0900	0.2000	0.1500	0.1000
54.0000	8.7000e-17	0.4000	0.0200	0.0400	0.0900	0.2000	0.1500	0.1000
56.0000	9.3400e-17	0.4000	0.0200	0.0400	0.0900	0.2000	0.1500	0.1000
58.0000	9.9200e-17	0.4000	0.0200	0.0400	0.0900	0.2000	0.1500	0.1000
60.0000	1.0500e-16	0.4000	0.0200	0.0400	0.0900	0.2000	0.1500	0.1000
62.0000	1.1000e-16	0.4000	0.0200	0.0400	0.0900	0.2000	0.1500	0.1000
64.0000	1.1400e-16	0.4000	0.0200	0.0400	0.0900	0.2000	0.1500	0.1000
66.0000	1.1800e-16	0.4000	0.0200	0.0400	0.0900	0.2000	0.1500	0.1000
68.0000	1.2070e-16	0.4000	0.0200	0.0400	0.0900	0.2000	0.1500	0.1000
70.0000	1.2300e-16	0.4000	0.0200	0.0400	0.0900	0.2000	0.1500	0.1000
72.0000	1.2430e-16	0.4000	0.0200	0.0400	0.0900	0.2000	0.1500	0.1000
74.0000	1.2500e-16	0.4000	0.0200	0.0400	0.0900	0.2000	0.1500	0.1000
76.0000	1.2500e-16	0.4000	0.0200	0.0400	0.0900	0.2000	0.1500	0.1000
78.0000	1.2530e-16	0.4000	0.0200	0.0400	0.0900	0.2000	0.1500	0.1000
80.0000	1.2040e-16	0.4000	0.0200	0.0400	0.0900	0.2000	0.1500	0.1000
82.0000	1.2240e-16	0.4000	0.0200	0.0400	0.0900	0.2000	0.1500	0.1000
83.0000	1.2390e-16	0.4000	0.0200	0.0400	0.0900	0.2000	0.1500	0.1000
84.0000	1.2300e-16	0.4000	0.0200	0.0400	0.0900	0.2000	0.1500	0.1000
86.0000	1.1840e-16	0.4000	0.0200	0.0400	0.0900	0.2000	0.1500	0.1000
88.0000	1.1050e-16	0.4000	0.0200	0.0400	0.0900	0.2000	0.1500	0.1000
90.0000	1.0000e-16	0.4000	0.0200	0.0400	0.0900	0.2000	0.1500	0.1000
91.0000	9.4100e-17	0.4000	0.0200	0.0400	0.0900	0.2000	0.1500	0.1000
92.0000	9.0000e-17	0.4000	0.0200	0.0400	0.0900	0.2000	0.1500	0.1000
94.0000	8.4900e-17	0.4000	0.0200	0.0400	0.0900	0.2000	0.1500	0.1000
96.0000	8.0900e-17	0.4000	0.0200	0.0400	0.0900	0.2000	0.1500	0.1000
98.0000	7.7000e-17	0.4000	0.0200	0.0400	0.0900	0.2000	0.1500	0.1000
100.0000	7.4300e-17	0.4000	0.0200	0.0400	0.0900	0.2000	0.1500	0.1000
102.0000	7.4300e-17	0.4000	0.0200	0.0400	0.0900	0.2000	0.1500	0.1000
104.0000	7.5000e-17	0.4000	0.0200	0.0400	0.0900	0.2000	0.1500	0.1000
105.0000	7.5500e-17	0.4000	0.0200	0.0400	0.0900	0.2000	0.1500	0.1000
106.0000	5.6600e-17	0.4000	0.0200	0.0400	0.0900	0.2000	0.1500	0.1000
108.0000	5.9200e-17	0.4000	0.0200	0.0400	0.0900	0.2000	0.1500	0.1000
110.0000	6.0500e-17	0.4000	0.0200	0.0400	0.0900	0.2000	0.1500	0.1000
111.0000	6.1500e-17	0.4000	0.0200	0.0400	0.0900	0.2000	0.1500	0.1000
112.0000	6.0000e-17	0.4000	0.0200	0.0400	0.0900	0.2000	0.1500	0.1000
114.0000	5.3900e-17	0.4000	0.0200	0.0400	0.0900	0.2000	0.1500	0.1000
116.0000	4.8600e-17	0.4000	0.0200	0.0400	0.0900	0.2000	0.1500	0.1000
118.0000	4.4700e-17	0.4000	0.0200	0.0400	0.0900	0.2000	0.1500	0.1000
120.0000	4.2100e-17	0.4000	0.0200	0.0400	0.0900	0.2000	0.1500	0.1000
122.0000	4.3400e-17	0.4000	0.0200	0.0400	0.0900	0.2000	0.1500	0.1000
124.0000	4.4900e-17	0.4000	0.0200	0.0400	0.0900	0.2000	0.1500	0.1000
126.0000	4.4100e-17	0.4000	0.0200	0.0400	0.0900	0.2000	0.1500	0.1000
128.0000	3.8200e-17	0.4000	0.0200	0.0400	0.0900	0.2000	0.1500	0.1000
130.0000	3.0000e-17	0.4000	0.0200	0.0400	0.0900	0.2000	0.1500	0.1000
132.0000	2.4300e-17	0.4000	0.0200	0.0400	0.0900	0.2000	0.1500	0.1000
134.0000	2.0400e-17	0.4000	0.0200	0.0400	0.0900	0.2000	0.1500	0.1000
158.7000	2.9700e-17	0.4000	0.0200	0.0400	0.0900	0.2000	0.1500	0.1000
159.2000	2.7500e-17	0.4000	0.0200	0.0400	0.0900	0.2000	0.1500	0.1000
159.7000	2.4200e-17	0.4000	0.0200	0.0400	0.0900	0.2000	0.1500	0.1000
160.3000	2.1900e-17	0.4000	0.0200	0.0400	0.0900	0.2000	0.1500	0.1000
160.8000	1.9800e-17	0.4000	0.0200	0.0400	0.0900	0.2000	0.1500	0.1000
161.3000	2.3100e-17	0.4000	0.0200	0.0400	0.0900	0.2000	0.1500	0.1000
161.6000	2.3600e-17	0.4000	0.0200	0.0400	0.0900	0.2000	0.1500	0.1000
161.8000	2.2500e-17	0.4000	0.0200	0.0400	0.0900	0.2000	0.1500	0.1000
162.3000	1.9800e-17	0.4000	0.0200	0.0400	0.0900	0.2000	0.1500	0.1000
162.9000	2.2500e-17	0.4000	0.0200	0.0400	0.0900	0.2000	0.1500	0.1000
163.4000	2.4900e-17	0.4000	0.0200	0.0400	0.0900	0.2000	0.1500	0.1000
163.9000	2.5500e-17	0.4000	0.0200	0.0400	0.0900	0.2000	0.1500	0.1000
164.5000	2.1900e-17	0.4000	0.0200	0.0400	0.0900	0.2000	0.1500	0.1000
165.0000	1.8800e-17	0.4000	0.0200	0.0400	0.0900	0.2000	0.1500	0.1000
165.6000	1.7500e-17	0.4000	0.0200	0.0400	0.0900	0.2000	0.1500	0.1000
166.1000	1.7900e-17	0.4000	0.0200	0.0400	0.0900	0.2000	0.1500	0.1000
166.7000	1.9100e-17	0.4000	0.0200	0.0400	0.0900	0.2000	0.1500	0.1000
167.2000	1.8400e-17	0.4000	0.0200	0.0400	0.0900	0.2000	0.1500	0.1000
167.8000	1.7500e-17	0.4000	0.0200	0.0400	0.0900	0.2000	0.1500	0.1000
168.4000	1.6200e-17	0.4000	0.0200	0.0400	0.0900	0.2000	0.1500	0.1000
168.9000	1.4600e-17	0.4000	0.0200	0.0400	0.0900	0.2000	0.1500	0.1000
169.2000	1.4300e-17	0.4000	0.0200	0.0400	0.0900	0.2000	0.1500	0.1000
169.5000	1.4700e-17	0.4000	0.0200	0.0400	0.0900	0.2000	0.1500	0.1000
170.1000	1.5000e-17	0.4000	0.0200	0.0400	0.0900	0.2000	0.1500	0.1000
170.6000	1.6200e-17	0.4000	0.0200	0.0400	0.0900	0.2000	0.1500	0.1000
171.2000	1.7500e-17	0.4000	0.0200	0.0400	0.0900	0.2000	0.1500	0.1000
171.8000	1.7000e-17	0.4000	0.0200	0.0400	0.0900	0.2000	0.1500	0.1000
172.1000	1.6200e-17	0.4000	0.0200	0.0400	0.0900	0.2000	0.1500	0.1000
172.4000	1.7500e-17	0.4000	0.0200	0.0400	0.0900	0.2000	0.1500	0.1000
173.0000	2.3100e-17	0.4000	0.0200	0.0400	0.0900	0.2000	0.1500	0.1000
173.6000	3.1200e-17	0.4000	0.0200	0.0400	0.0900	0.2000	0.1500	0.1000
174.2000	3.8200e-17	0.4000	0.0200	0.0400	0.0900	0.2000	0.1500	0.1000
174.8000	3.6300e-17	0.4000	0.0200	0.0400	0.0900	0.2000	0.1500	0.1000
175.4000	3.3700e-17	0.4000	0.0200	0.0400	0.0900	0.2000	0.1500	0.1000
176.1000	3.2800e-17	0.4000	0.0200	0.0400	0.0900	0.2000	0.1500	0.1000
176.7000	3.2000e-17	0.4000	0.0200	0.0400	0.0900	0.2000	0.1500	0.1000
177.3000	3.4600e-17	0.4000	0.0200	0.0400	0.0900	0.2000	0.1500	0.1000
177.9000	4.0200e-17	0.4000	0.0200	0.0400	0.0900	0.2000	0.1500	0.1000
178.3000	4.4500e-17	0.4000	0.0200	0.0400	0.0900	0.2000	0.1500	0.1000
178.6000	5.4500e-17	0.4000	0.0200	0.0400	0.0900	0.2000	0.1500	0.1000
178.9000	5.1800e-17	0.4000	0.0200	0.0400	0.0900	0.2000	0.1500	0.1000
179.2000	5.4500e-17	0.4000	0.0200	0.0400	0.0900	0.2000	0.1500	0.1000
179.9000	4.9200e-17	0.4000	0.0200	0.0400	0.0900	0.2000	0.1500	0.1000
180.5000	4.6800e-17	0.4000	0.0200	0.0400	0.0900	0.2000	0.1500	0.1000
181.2000	4.3400e-17	0.4000	0.0200	0.0400	0.0900	0.2000	0.1500	0.1000
181.8000	4.2300e-17	0.4000	0.0200	0.0400	0.0900	0.2000	0.1500	0.1000
182.5000	4.4500e-17	0.4000	0.0200	0.0400	0.0900	0.2000	0.1500	0.1000
183.2000	5.0500e-17	0.4000	0.0200	0.0400	0.0900	0.2000	0.1500	0.1000
183.8000	5.5900e-17	0.4000	0.0200	0.0400	0.0900	0.2000	0.1500	0.1000
184.5000	5.7300e-17	0.4000	0.0200	0.0400	0.0900	0.2000	0.1500	0.1000
185.2000	5.5900e-17	0.4000	0.0200	0.0400	0.0900	0.2000	0.1500	0.1000
185.9000	5.3100e-17	0.4000	0.0200	0.0400	0.0900	0.2000	0.1500	0.1000
186.6000	5.1800e-17	0.4000	0.0200	0.0400	0.0900	0.2000	0.1500	0.1000
187.3000	5.3100e-17	0.4000	0.0200	0.0400	0.0900	0.2000	0.1500	0.1000
188.0000	5.4500e-17	0.4000	0.0200	0.0400	0.0900	0.2000	0.1500	0.1000
188.3000	5.7300e-17	0.4000	0.0200	0.0400	0.0900	0.2000	0.1500	0.1000
188.7000	5.5900e-17	0.4000	0.0200	0.0400	0.0900	0.2000	0.1500	0.1000
189.4000	5.1800e-17	0.4000	0.0200	0.0400	0.0900	0.2000	0.1500	0.1000
190.1000	4.6800e-17	0.4000	0.0200	0.0400	0.0900	0.2000	0.1500	0.1000
190.8000	4.0200e-17	0.4000	0.0200	0.0400	0.0900	0.2000	0.1500	0.1000
191.6000	3.6300e-17	0.4000	0.0200	0.0400	0.0900	0.2000	0.1500	0.1000
192.3000	3.2800e-17	0.4000	0.0200	0.0400	0.0900	0.2000	0.1500	0.1000
193.1000	3.3700e-17	0.4000	0.0200	0.0400	0.0900	0.2000	0.1500	0.1000
193.8000	3.2000e-17	0.4000	0.0200	0.0400	0.0900	0.2000	0.1500	0.1000
194.6000	2.5500e-17	0.4000	0.0200	0.0400	0.0900	0.2000	0.1500	0.1000
195.3000	1.9800e-17	0.4000	0.0200	0.0400	0.0900	0.2000	0.1500	0.1000
196.1000	1.5400e-17	0.4000	0.0200	0.0400	0.0900	0.2000	0.1500	0.1000
196.9000	1.2600e-17	0.4000	0.0200	0.0400	0.0900	0.2000	0.1500	0.1000
197.6000	9.7500e-18	0.4000	0.0200	0.0400	0.0900	0.2000	0.1500	0.1000
198.4000	7.5700e-18	0.4000	0.0200	0.0400	0.0900	0.2000	0.1500	0.1000
199.2000	6.1800e-18	0.4000	0.0200	0.0400	0.0900	0.2000	0.1500	0.1000
200.0000	5.7300e-18	0.4000	0.0200	0.0400	0.0900	0.2000	0.1500	0.1000
200.8000	5.3100e-18	0.4000	0.0200	0.0400	0.0900	0.2000	0.1500	0.1000
201.6000	4.8000e-18	0.4000	0.0200	0.0400	0.0900	0.2000	0.1500	0.1000
202.4000	4.1300e-18	0.4000	0.0200	0.0400	0.0900	0.2000	0.1500	0.1000
203.3000	2.6200e-18	0.4000	0.0200	0.0400	0.0900	0.2000	0.1500	0.1000
204.1000	1.8400e-18	0.4000	0.0200	0.0400	0.0900	0.2000	0.1500	0.1000
204.9000	1.5000e-18	0.4000	0.0200	0.0400	0.0900	0.2000	0.1500	0.1000
205.8000	1.2200e-18	0.4000	0.0200	0.0400	0.0900	0.2000	0.1500	0.1000
206.6000	9.5100e-19	0.4000	0.0200	0.0400	0.0900	0.2000	0.1500	0.1000
207.5000	7.3800e-19	0.4000	0.0200	0.0400	0.0900	0.2000	0.1500	0.1000
208.3000	6.0300e-19	0.4000	0.0200	0.0400	0.0900	0.2000	0.1500	0.1000
