0.000000 1.570379e+06 1.570379e+06 1.000000 3
0.000000 1.570379e+06 1.570379e+06 1.000000 3
0.000000 1.570379e+06 1.570379e+06 1.000000 3
0.000000 1.570379e+06 1.570379e+06 1.000000 3
0.000001 1.570379e+06 1.570379e+06 1.000000 3
0.000001 1.280000e+06 1.280000e+06 1.000000 3
0.000001 1.066667e+06 1.066667e+06 1.000000 3
0.000001 9.142857e+05 9.142857e+05 1.000000 3
0.000001 7.111111e+05 7.111111e+05 1.000000 3
0.000002 5.818182e+05 5.818182e+05 23.000000 1
0.000002 4.923077e+05 4.923077e+05 19.000000 1
0.000002 4.266667e+05 4.266667e+05 15.000000 1
0.000003 3.368421e+05 3.368421e+05 11.000000 1
0.000004 2.782609e+05 2.782609e+05 9.000000 1
0.000004 2.370370e+05 2.370370e+05 9.000000 1
0.000005 1.828571e+05 1.828571e+05 9.000000 1
0.000007 1.488739e+05 1.488376e+05 51.000000 1
0.000008 1.258774e+05 1.255387e+05 53.000000 1
0.000009 1.091818e+05 1.086190e+05 55.000000 1
0.000012 8.873911e+04 8.779609e+04 59.000000 1
0.000014 7.443486e+04 7.305702e+04 59.000000 1
0.000017 6.496760e+04 6.403011e+04 61.000000 1
0.000019 5.568107e+04 5.492123e+04 61.000000 1
0.000024 4.606396e+04 4.565861e+04 63.000000 1
0.000029 3.923124e+04 3.881046e+04 63.000000 1
0.000034 3.436356e+04 3.425075e+04 65.000000 1
0.000039 2.927197e+04 2.916257e+04 65.000000 1
0.000049 2.462530e+04 2.450662e+04 65.000000 1
0.000059 2.128624e+04 2.121374e+04 65.000000 1
0.000069 1.875914e+04 1.871921e+04 65.000000 1
0.000079 1.677324e+04 1.676708e+04 65.000000 1
0.000089 1.519318e+04 1.516756e+04 67.000000 1
0.000099 1.389434e+04 1.384000e+04 67.000000 1
0.000109 1.280231e+04 1.272255e+04 67.000000 1
0.000119 1.187003e+04 1.177602e+04 67.000000 1
0.000129 1.106395e+04 1.099509e+04 67.000000 1
0.000139 1.035943e+04 1.031314e+04 67.000000 1
0.000149 9.737969e+03 9.711917e+03 67.000000 1
0.000159 9.215655e+03 9.209392e+03 67.000000 1
0.000170 8.680624e+03 8.668963e+03 69.000000 1
0.000181 8.237185e+03 8.207636e+03 69.000000 1
0.000193 7.796926e+03 7.749667e+03 69.000000 1
0.000207 7.335220e+03 7.273261e+03 69.000000 1
0.000220 6.948082e+03 6.875288e+03 69.000000 1
0.000235 6.541479e+03 6.486805e+03 69.000000 1
0.000249 6.199270e+03 6.161379e+03 69.000000 1
0.000265 5.859348e+03 5.838036e+03 69.000000 1
0.000283 5.504278e+03 5.497846e+03 69.000000 1
0.000301 5.213056e+03 5.205299e+03 71.000000 1
0.000320 4.912881e+03 4.892922e+03 71.000000 1
0.000340 4.660737e+03 4.628788e+03 71.000000 1
0.000361 4.410054e+03 4.366605e+03 71.000000 1
0.000385 4.147121e+03 4.100312e+03 71.000000 1
0.000408 3.926253e+03 3.892165e+03 71.000000 1
0.000434 3.694457e+03 3.672048e+03 71.000000 1
0.000460 3.498990e+03 3.487392e+03 71.000000 1
0.000489 3.304762e+03 3.303620e+03 71.000000 1
0.000520 3.110127e+03 3.102271e+03 73.000000 1
0.000552 2.947880e+03 2.931395e+03 73.000000 1
0.000586 2.776900e+03 2.753324e+03 73.000000 1
0.000621 2.633024e+03 2.602401e+03 73.000000 1
0.000659 2.489901e+03 2.464645e+03 73.000000 1
0.000700 2.339992e+03 2.322961e+03 73.000000 1
0.000742 2.213814e+03 2.204303e+03 73.000000 1
0.000788 2.081667e+03 2.078796e+03 73.000000 1
0.000834 1.973354e+03 1.969988e+03 75.000000 1
0.000885 1.868350e+03 1.859037e+03 75.000000 1
0.000940 1.757901e+03 1.743709e+03 75.000000 1
0.000996 1.665128e+03 1.646152e+03 75.000000 1
0.001057 1.567524e+03 1.550910e+03 75.000000 1
0.001118 1.485237e+03 1.473878e+03 75.000000 1
0.001185 1.403387e+03 1.397088e+03 75.000000 1
0.001259 1.317875e+03 1.316017e+03 75.000000 1
0.001333 1.248030e+03 1.245744e+03 77.000000 1
0.001415 1.176213e+03 1.170434e+03 77.000000 1
0.001496 1.115785e+03 1.106638e+03 77.000000 1
0.001586 1.055609e+03 1.043295e+03 77.000000 1
0.001684 9.924534e+02 9.823930e+02 77.000000 1
0.001783 9.393073e+02 9.326802e+02 77.000000 1
0.001891 8.835458e+02 8.799843e+02 77.000000 1
0.001999 8.364379e+02 8.357135e+02 77.000000 1
0.002119 7.915831e+02 7.896044e+02 79.000000 1
0.002250 7.450781e+02 7.408434e+02 79.000000 1
0.002381 7.060224e+02 6.996162e+02 79.000000 1
0.002525 6.648637e+02 6.569505e+02 79.000000 1
0.002669 6.301740e+02 6.245518e+02 79.000000 1
0.002828 5.956459e+02 5.922278e+02 79.000000 1
0.003002 5.595183e+02 5.580445e+02 79.000000 1
0.003177 5.293846e+02 5.290565e+02 81.000000 1
0.003369 4.990642e+02 4.972062e+02 81.000000 1
0.003561 4.735605e+02 4.702392e+02 81.000000 1
0.003772 4.481494e+02 4.434510e+02 81.000000 1
0.004004 4.214426e+02 4.173115e+02 81.000000 1
0.004236 3.989789e+02 3.962844e+02 81.000000 1
0.004492 3.753788e+02 3.739647e+02 81.000000 1
0.004747 3.554518e+02 3.552230e+02 81.000000 1
0.005028 3.365327e+02 3.356330e+02 83.000000 1
0.005337 3.168122e+02 3.149726e+02 83.000000 1
0.005647 3.002605e+02 2.975151e+02 83.000000 1
0.005987 2.827970e+02 2.798693e+02 83.000000 1
0.006327 2.680880e+02 2.660939e+02 83.000000 1
0.006701 2.525783e+02 2.514233e+02 83.000000 1
0.007075 2.394697e+02 2.390910e+02 83.000000 1
0.007486 2.267683e+02 2.264047e+02 85.000000 1
0.007939 2.137257e+02 2.127371e+02 85.000000 1
0.008391 2.027710e+02 2.011815e+02 85.000000 1
0.008889 1.911783e+02 1.891668e+02 85.000000 1
0.009387 1.814100e+02 1.800064e+02 85.000000 1
0.009935 1.716693e+02 1.708513e+02 85.000000 1
0.010537 1.614361e+02 1.611339e+02 85.000000 1
0.011139 1.529915e+02 1.528132e+02 87.000000 1
0.011802 1.443469e+02 1.437614e+02 87.000000 1
0.012465 1.370819e+02 1.361046e+02 87.000000 1
0.013194 1.298340e+02 1.286550e+02 87.000000 1
0.013995 1.221903e+02 1.214106e+02 87.000000 1
0.014797 1.157686e+02 1.153533e+02 87.000000 1
0.015679 1.089991e+02 1.089039e+02 87.000000 1
0.016561 1.034968e+02 1.032913e+02 89.000000 1
0.017531 9.773953e+01 9.728003e+01 89.000000 1
0.018502 9.289964e+01 9.219353e+01 89.000000 1
0.019569 8.806408e+01 8.743487e+01 89.000000 1
0.020743 8.295024e+01 8.256647e+01 89.000000 1
0.021917 7.865402e+01 7.849633e+01 89.000000 1
0.023208 7.415226e+01 7.411286e+01 91.000000 1
0.024499 7.051132e+01 7.028488e+01 91.000000 1
0.025920 6.662567e+01 6.624274e+01 91.000000 1
0.027340 6.336076e+01 6.282399e+01 91.000000 1
0.028902 6.009596e+01 5.970274e+01 91.000000 1
0.030621 5.663554e+01 5.640073e+01 91.000000 1
0.032340 5.373039e+01 5.364180e+01 91.000000 1
0.034231 5.069155e+01 5.065281e+01 93.000000 1
0.036121 4.822065e+01 4.806077e+01 93.000000 1
0.038201 4.557874e+01 4.531765e+01 93.000000 1
0.040280 4.336082e+01 4.299990e+01 93.000000 1
0.042568 4.114184e+01 4.082112e+01 93.000000 1
0.045084 3.878551e+01 3.857427e+01 93.000000 1
0.047601 3.680933e+01 3.669833e+01 93.000000 1
0.050369 3.471192e+01 3.468914e+01 93.000000 1
0.053137 3.300782e+01 3.294744e+01 95.000000 1
0.056182 3.120730e+01 3.107653e+01 95.000000 1
0.059226 2.969718e+01 2.949774e+01 95.000000 1
0.062576 2.818583e+01 2.792114e+01 95.000000 1
0.066260 2.657832e+01 2.636910e+01 95.000000 1
0.069944 2.523164e+01 2.509357e+01 95.000000 1
0.073997 2.379995e+01 2.372560e+01 95.000000 1
0.078049 2.259698e+01 2.258176e+01 95.000000 1
0.082507 2.135512e+01 2.131923e+01 97.000000 1
0.086965 2.032723e+01 2.024240e+01 97.000000 1
0.091869 1.929821e+01 1.916675e+01 97.000000 1
0.097263 1.820212e+01 1.803340e+01 97.000000 1
0.102657 1.728481e+01 1.714035e+01 97.000000 1
0.108591 1.630811e+01 1.621018e+01 97.000000 1
0.114524 1.548836e+01 1.543292e+01 97.000000 1
0.121051 1.461626e+01 1.459835e+01 97.000000 1
0.127578 1.389954e+01 1.388218e+01 99.000000 1
0.134757 1.319977e+01 1.314872e+01 99.000000 1
0.142655 1.245338e+01 1.237457e+01 99.000000 1
0.150552 1.182929e+01 1.172317e+01 99.000000 1
0.159239 1.116383e+01 1.103640e+01 99.000000 1
0.167927 1.060587e+01 1.045644e+01 99.000000 1
0.177483 1.001137e+01 9.845926e+00 99.000000 1
0.187039 9.511522e+00 9.328518e+00 99.000000 1
0.197550 9.011957e+00 8.812728e+00 99.000000 1
0.209113 8.483796e+00 8.274651e+00 99.000000 1
0.220675 8.039934e+00 7.818401e+00 99.000000 1
0.233394 7.571140e+00 7.343305e+00 99.000000 1
0.246113 7.175790e+00 6.938761e+00 99.000000 1
0.260104 6.758829e+00 6.518445e+00 99.000000 1
0.274095 6.405966e+00 6.159076e+00 99.000000 1
0.289485 6.054092e+00 5.801856e+00 99.000000 1
0.306414 5.686264e+00 5.434430e+00 99.000000 1
0.323343 5.374855e+00 5.119966e+00 99.000000 1
0.341965 5.049884e+00 4.797312e+00 99.000000 1
0.360587 4.773619e+00 4.519918e+00 99.000000 1
0.381071 4.499032e+00 4.245301e+00 99.000000 1
0.403603 4.215189e+00 3.966475e+00 99.000000 1
0.426135 3.973624e+00 3.726475e+00 99.000000 1
0.450921 3.734524e+00 3.707052e+00 99.000000 1
0.478185 4.143236e+00 3.489713e+00 1.000000 6
0.505449 4.603599e+00 3.272909e+00 1.000000 6
0.532714 5.088140e+00 3.079573e+00 1.000000 6
0.559978 5.588235e+00 2.906110e+00 1.000000 6
0.587242 5.265991e+00 2.744231e+00 1.000000 6
0.611780 5.045601e+00 2.616846e+00 1.000000 6
0.636318 4.843197e+00 2.499727e+00 1.000000 6
0.660855 4.656629e+00 2.391701e+00 1.000000 6
0.685393 4.484081e+00 2.291770e+00 1.000000 6
0.709931 4.324009e+00 2.199074e+00 1.000000 6
0.734469 4.175091e+00 2.112875e+00 1.000000 6
0.759007 4.036186e+00 2.032528e+00 1.000000 6
0.783544 3.929331e+00 1.959502e+00 1.000000 6
0.810536 3.793356e+00 1.882158e+00 1.000000 6
0.837527 3.666625e+00 1.810101e+00 1.000000 6
0.864519 3.569065e+00 1.744422e+00 1.000000 6
0.894210 3.445184e+00 1.675151e+00 1.000000 6
0.923900 3.329791e+00 1.610648e+00 1.000000 6
0.953591 3.240908e+00 1.551695e+00 1.000000 6
0.986251 3.128222e+00 1.489771e+00 1.000000 6
1.018911 3.023294e+00 1.432139e+00 1.000000 6
1.051571 2.942438e+00 1.379332e+00 1.000000 6
1.087496 2.840042e+00 1.324083e+00 1.000000 6
1.123422 2.744720e+00 1.272690e+00 1.000000 6
1.159348 2.671240e+00 1.225491e+00 1.000000 6
1.198866 2.578260e+00 1.176292e+00 1.000000 6
1.238385 2.491716e+00 1.130553e+00 1.000000 6
1.277903 2.424984e+00 1.088458e+00 1.000000 6
1.321373 2.340590e+00 1.044733e+00 1.000000 6
1.364843 2.262045e+00 1.004103e+00 1.000000 6
1.408313 2.201468e+00 9.666411e-01 1.000000 6
1.456131 2.124888e+00 9.278533e-01 1.000000 6
1.503948 2.053618e+00 8.918289e-01 1.000000 6
1.551765 1.998642e+00 8.585595e-01 1.000000 6
1.604364 1.929161e+00 8.242115e-01 1.000000 6
1.656963 1.864498e+00 7.923245e-01 1.000000 6
1.709562 1.814611e+00 7.628346e-01 1.000000 6
1.767421 1.751574e+00 7.324650e-01 1.000000 6
1.825279 1.692908e+00 7.042812e-01 1.000000 6
1.883138 1.647641e+00 6.781847e-01 1.000000 6
1.946783 1.590448e+00 6.513661e-01 1.000000 6
2.010428 1.537221e+00 6.264838e-01 1.000000 6
2.074072 1.496145e+00 6.034203e-01 1.000000 6
2.144082 1.444252e+00 5.797581e-01 1.000000 6
2.214091 1.395955e+00 5.578070e-01 1.000000 6
2.284100 1.358681e+00 5.374417e-01 1.000000 6
2.361110 1.311593e+00 5.165736e-01 1.000000 6
2.438120 1.267766e+00 4.972139e-01 1.000000 6
2.515130 1.233938e+00 4.792381e-01 1.000000 6
2.599841 1.191205e+00 5.050182e-01 1.000000 6
2.684552 1.151430e+00 5.371285e-01 1.000000 6
2.769263 1.120727e+00 5.734661e-01 1.000000 6
2.862446 1.081942e+00 6.110796e-01 1.000000 6
2.955628 1.045840e+00 6.498632e-01 1.000000 6
3.048810 1.017970e+00 6.937478e-01 1.000000 6
3.151310 9.827654e-01 7.391680e-01 1.000000 6
3.253811 9.499937e-01 7.859959e-01 1.000000 6
3.356311 9.246924e-01 8.389767e-01 1.000000 6
3.469062 8.927327e-01 8.874981e-01 1.000000 6
3.581812 8.629805e-01 8.609976e-01 1.000000 6
3.694563 8.400087e-01 8.388410e-01 1.000000 6
3.818588 8.109917e-01 8.098370e-01 1.000000 6
3.942614 7.839779e-01 7.833547e-01 1.000000 6
4.066639 7.631185e-01 7.628225e-01 1.000000 6
4.203067 7.367704e-01 7.364826e-01 1.000000 6
4.339495 7.122402e-01 7.121497e-01 1.000000 6
4.475923 6.932969e-01 6.932406e-01 1.000000 6
4.625994 6.866882e-01 6.693697e-01 1.000000 54
4.776065 6.648112e-01 6.471872e-01 1.000000 54
4.926136 6.483644e-01 6.299910e-01 1.000000 54
5.091214 6.270609e-01 6.082672e-01 1.000000 54
5.256292 6.072553e-01 5.881213e-01 1.000000 54
5.421370 5.887921e-01 5.692378e-01 1.000000 54
5.586448 5.749969e-01 5.546400e-01 1.000000 54
5.768034 5.569382e-01 5.361878e-01 1.000000 54
5.949619 5.401117e-01 5.189165e-01 1.000000 54
6.131205 5.276207e-01 5.055662e-01 1.000000 54
6.330949 5.111736e-01 4.886497e-01 1.000000 54
6.530694 4.958558e-01 4.728984e-01 1.000000 54
6.730438 4.845712e-01 4.606978e-01 1.000000 54
6.950157 4.696066e-01 4.452448e-01 1.000000 54
7.169876 4.556752e-01 4.308269e-01 1.000000 54
7.389594 4.426718e-01 4.173414e-01 1.000000 54
7.609313 4.331994e-01 4.069256e-01 1.000000 54
7.851004 4.204441e-01 3.936699e-01 1.000000 54
8.092694 4.085459e-01 3.812772e-01 1.000000 54
8.334385 3.999695e-01 3.716894e-01 1.000000 54
8.600245 3.883054e-01 3.595179e-01 1.000000 54
8.866104 3.774305e-01 3.481433e-01 1.000000 54
9.131964 3.672654e-01 3.374874e-01 1.000000 54
9.397824 3.600525e-01 3.292353e-01 1.000000 54
9.690269 3.500464e-01 3.187338e-01 1.000000 54
9.982715 3.406990e-01 3.089018e-01 1.000000 54
10.275161 3.341570e-01 3.012888e-01 1.000000 54
10.596851 3.249580e-01 2.916219e-01 1.000000 54
10.918541 3.163677e-01 2.825646e-01 1.000000 54
11.240231 3.083251e-01 2.740691e-01 1.000000 54
11.561922 3.028089e-01 2.804174e-01 1.000000 54
11.915781 3.149732e-01 2.948561e-01 1.000000 5
12.269640 3.525793e-01 2.874128e-01 1.000000 5
12.623499 3.934049e-01 2.804288e-01 1.000000 5
12.977359 4.024521e-01 2.738604e-01 1.000000 5
13.331218 3.907516e-01 2.676692e-01 1.000000 5
13.685077 3.797329e-01 2.618212e-01 1.000000 5
14.038937 3.693349e-01 2.562868e-01 1.000000 5
14.392796 3.595038e-01 2.510392e-01 1.000000 5
14.746655 3.501924e-01 2.460550e-01 1.000000 5
15.100514 3.413584e-01 2.413130e-01 1.000000 5
15.454374 3.329646e-01 2.367944e-01 1.000000 5
15.808233 3.249775e-01 2.324820e-01 1.000000 5
16.162092 3.173670e-01 2.283607e-01 1.000000 5
16.515951 3.101061e-01 2.244165e-01 1.000000 5
16.869811 3.031704e-01 2.206369e-01 1.000000 5
17.223670 2.965378e-01 2.170106e-01 1.000000 5
17.577529 2.901882e-01 2.135272e-01 1.000000 5
17.931388 2.841033e-01 2.101773e-01 1.000000 5
18.285248 2.782664e-01 2.069522e-01 1.000000 5
18.639107 2.746245e-01 2.049533e-01 1.000000 5
19.028352 2.685639e-01 2.015987e-01 1.000000 5
19.417597 2.627658e-01 1.983733e-01 1.000000 5
19.806842 2.572125e-01 1.952685e-01 1.000000 5
20.196088 2.518883e-01 1.922765e-01 1.000000 5
20.585333 2.485415e-01 1.904489e-01 1.000000 5
21.013502 2.430194e-01 1.873283e-01 1.000000 5
21.441672 2.377382e-01 1.843248e-01 1.000000 5
21.869842 2.326816e-01 1.814306e-01 1.000000 5
22.298012 2.294812e-01 1.796765e-01 1.000000 5
22.768998 2.242487e-01 1.766554e-01 1.000000 5
23.239985 2.192506e-01 1.740597e-01 1.000000 5
23.710972 2.144704e-01 1.719551e-01 1.000000 5
24.181958 2.098933e-01 1.684263e-01 1.000000 5
24.652945 2.069750e-01 1.666172e-01 1.000000 5
25.171030 2.022394e-01 1.637884e-01 1.000000 5
25.689116 1.977153e-01 1.610631e-01 1.000000 5
26.207201 1.933881e-01 1.584345e-01 1.000000 5
26.725286 1.892442e-01 1.558967e-01 1.000000 5
27.243372 1.865806e-01 1.543732e-01 1.000000 5
27.813266 1.822931e-01 1.517112e-01 1.000000 5
28.383159 1.781965e-01 1.491448e-01 1.000000 5
28.953053 1.742774e-01 1.466678e-01 1.000000 5
29.522947 1.717378e-01 1.451766e-01 1.000000 5
30.149830 1.676898e-01 1.425788e-01 1.000000 5
30.776714 1.638256e-01 1.400753e-01 1.000000 5
31.403597 1.601318e-01 1.376604e-01 1.000000 5
32.030480 1.565967e-01 1.353285e-01 1.000000 5
32.657363 1.542827e-01 1.339170e-01 1.000000 5
33.346935 1.506299e-01 1.314686e-01 1.000000 5
34.036507 1.471413e-01 1.291084e-01 1.000000 5
34.726078 1.438054e-01 1.268312e-01 1.000000 5
35.415650 1.416000e-01 1.254413e-01 1.000000 5
36.174179 1.381581e-01 1.230526e-01 1.000000 5
36.932707 1.348736e-01 1.207522e-01 1.000000 5
37.691236 1.317349e-01 1.185344e-01 1.000000 5
38.449765 1.296372e-01 1.171672e-01 1.000000 5
39.284146 1.264031e-01 1.148439e-01 1.000000 5
40.118528 1.233188e-01 1.126086e-01 1.000000 5
40.952910 1.203733e-01 1.104557e-01 1.000000 5
41.787291 1.175565e-01 1.083801e-01 1.000000 5
42.621673 1.156465e-01 1.070840e-01 1.000000 5
43.539493 1.127418e-01 1.049100e-01 1.000000 5
44.457312 1.099696e-01 1.028186e-01 1.000000 5
45.375132 1.073204e-01 1.008046e-01 1.000000 5
46.292952 1.054993e-01 9.953057e-02 1.000000 5
47.302554 1.027711e-01 9.742517e-02 1.000000 5
48.312156 1.001690e-01 9.540212e-02 1.000000 5
49.321757 9.768368e-02 9.345616e-02 1.000000 5
50.331359 9.594948e-02 9.220802e-02 1.000000 5
51.441921 9.339328e-02 9.017787e-02 1.000000 5
52.552483 9.095647e-02 8.822938e-02 1.000000 5
53.663045 8.863013e-02 8.635723e-02 1.000000 5
54.773607 8.698020e-02 8.513865e-02 1.000000 5
55.995225 8.459053e-02 8.318954e-02 1.000000 5
57.216843 8.231354e-02 8.132093e-02 1.000000 5
58.438461 8.014073e-02 7.952743e-02 1.000000 5
59.660079 7.857225e-02 7.834172e-02 1.000000 5
61.003859 7.647836e-02 7.634319e-02 1.000000 54
62.347639 7.469385e-02 7.422016e-02 1.000000 54
63.691419 7.298281e-02 7.219514e-02 1.000000 54
65.035199 7.183276e-02 7.070545e-02 1.000000 54
66.513357 7.005871e-02 6.863093e-02 1.000000 54
67.991515 6.836141e-02 6.665597e-02 1.000000 54
69.469673 6.673552e-02 6.477302e-02 1.000000 54
70.947831 6.562343e-02 6.335991e-02 1.000000 54
72.573805 6.394107e-02 6.143403e-02 1.000000 54
74.199778 6.233298e-02 5.960149e-02 1.000000 54
75.825752 6.079391e-02 5.785519e-02 1.000000 54
77.451726 5.972154e-02 5.651710e-02 1.000000 54
79.240297 5.813222e-02 5.473434e-02 1.000000 54
81.028868 5.661437e-02 5.303897e-02 1.000000 54
82.817439 5.516286e-02 5.142436e-02 1.000000 54
84.606010 5.413160e-02 5.016052e-02 1.000000 54
86.573438 5.263576e-02 4.851589e-02 1.000000 54
88.540867 5.120836e-02 4.695297e-02 1.000000 54
90.508295 4.984444e-02 4.546561e-02 1.000000 54
92.475723 4.885542e-02 4.427615e-02 1.000000 54
94.639894 4.745283e-02 4.276520e-02 1.000000 54
96.804065 4.611549e-02 4.133057e-02 1.000000 54
98.968236 4.513004e-02 4.016539e-02 1.000000 54
101.348824 4.376050e-02 4.079622e-02 1.000000 54
103.729412 4.441029e-02 4.245739e-02 3.000000 5
106.110000 4.820646e-02 4.121568e-02 3.000000 5
108.490589 4.758182e-02 4.003090e-02 3.000000 5
110.871177 4.614761e-02 3.889904e-02 3.000000 5
113.251765 4.478309e-02 3.781648e-02 3.000000 5
115.632353 4.348329e-02 3.677998e-02 3.000000 5
118.012941 4.224372e-02 3.578658e-02 3.000000 5
120.393529 4.106032e-02 3.483360e-02 3.000000 5
122.774117 4.019133e-02 3.409304e-02 3.000000 5
125.392764 3.897927e-02 3.311044e-02 3.000000 5
128.011411 3.782516e-02 3.217025e-02 3.000000 5
130.630058 3.696387e-02 3.142853e-02 3.000000 5
133.510570 3.578798e-02 3.046415e-02 3.000000 5
136.391082 3.467129e-02 2.954377e-02 3.000000 5
139.271593 3.382477e-02 2.880675e-02 3.000000 5
142.440156 3.269323e-02 2.786775e-02 3.000000 5
145.608719 3.162153e-02 2.800296e-02 3.000000 5
148.777282 3.137605e-02 3.060522e-02 1.000000 2
151.945844 3.537750e-02 2.981886e-02 1.000000 2
155.431264 3.973378e-02 2.879307e-02 1.000000 2
158.916683 4.405838e-02 2.782296e-02 1.000000 2
162.402102 4.210465e-02 2.674734e-02 1.000000 2
165.538979 4.084412e-02 2.597596e-02 1.000000 2
168.675856 3.963662e-02 2.523917e-02 1.000000 2
171.812733 3.847893e-02 2.453486e-02 1.000000 2
174.949610 3.736814e-02 2.386105e-02 1.000000 2
178.086488 3.630155e-02 2.321596e-02 1.000000 2
181.223365 3.527668e-02 2.312321e-02 1.000000 2
184.360242 3.429125e-02 2.463995e-02 1.000000 2
187.497119 3.334316e-02 2.622611e-02 1.000000 2
190.633996 3.243045e-02 2.587139e-02 1.000000 2
193.770874 3.155130e-02 2.541430e-02 1.000000 2
196.907751 3.089876e-02 2.511621e-02 1.000000 2
200.358316 2.998034e-02 2.467556e-02 1.000000 2
203.808881 2.909920e-02 2.425420e-02 1.000000 2
207.259445 2.825315e-02 2.381408e-02 1.000000 2
210.710010 2.760489e-02 2.352791e-02 1.000000 2
214.505632 2.672745e-02 2.306805e-02 1.000000 2
218.301253 2.588804e-02 2.262576e-02 1.000000 2
222.096875 2.523018e-02 2.233638e-02 1.000000 2
226.272058 2.436624e-02 2.187609e-02 1.000000 2
230.447242 2.354260e-02 2.152233e-02 1.000000 2
234.622425 2.288303e-02 2.122811e-02 1.000000 2
239.215127 2.204159e-02 2.076497e-02 1.000000 2
243.807829 2.124202e-02 2.032144e-02 1.000000 2
248.400531 2.058839e-02 2.002721e-02 1.000000 2
253.452503 1.977750e-02 1.956877e-02 1.000000 2
258.504475 1.926287e-02 1.920381e-02 7.000000 2
264.061644 1.879164e-02 1.873890e-02 7.000000 2
269.618813 1.834283e-02 1.829635e-02 7.000000 2
275.175983 1.791473e-02 1.787663e-02 7.000000 2
280.733152 1.762686e-02 1.759929e-02 7.000000 2
286.846038 1.718719e-02 1.717113e-02 7.000000 2
292.958924 1.676865e-02 1.676384e-02 7.000000 2
299.071811 1.637582e-02 1.636962e-02 13.000000 2
305.184697 1.600566e-02 1.598866e-02 13.000000 2
311.297583 1.575851e-02 1.572989e-02 13.000000 2
318.021758 1.537835e-02 1.534545e-02 13.000000 2
324.745933 1.526841e-02 1.501649e-02 5.000000 2
331.470108 1.491359e-02 1.467158e-02 5.000000 2
338.194282 1.457462e-02 1.434238e-02 5.000000 2
344.918457 1.434778e-02 1.412152e-02 5.000000 2
352.315050 1.399868e-02 1.378325e-02 5.000000 2
359.711642 1.366589e-02 1.346117e-02 5.000000 2
367.108234 1.334819e-02 1.315406e-02 5.000000 2
374.504826 1.313365e-02 1.294711e-02 5.000000 2
382.641078 1.280689e-02 1.270313e-02 5.000000 2
390.777330 1.392027e-02 1.249561e-02 3.000000 2
398.913581 1.438396e-02 1.219865e-02 3.000000 2
407.049833 1.405496e-02 1.191496e-02 3.000000 2
415.186084 1.374091e-02 1.164360e-02 3.000000 2
423.322336 1.344075e-02 1.138374e-02 3.000000 2
431.458587 1.315352e-02 1.113460e-02 3.000000 2
439.594839 1.287835e-02 1.089551e-02 3.000000 2
447.731090 1.261445e-02 1.066582e-02 3.000000 2
455.867342 1.236111e-02 1.044497e-02 3.000000 2
464.003593 1.211766e-02 1.023243e-02 3.000000 2
472.139845 1.196960e-02 1.008528e-02 3.000000 2
481.089722 1.171565e-02 9.864074e-03 3.000000 2
490.039598 1.147226e-02 9.652334e-03 3.000000 2
498.989475 1.123871e-02 9.461642e-03 3.000000 2
507.939352 1.101439e-02 9.278488e-03 3.000000 2
516.889228 1.087653e-02 9.154863e-03 3.000000 2
526.734093 1.064271e-02 8.964867e-03 3.000000 2
536.578957 1.041867e-02 8.782846e-03 3.000000 2
546.423822 1.020374e-02 8.608279e-03 3.000000 2
556.268686 9.997327e-03 8.440692e-03 3.000000 2
566.113550 9.868985e-03 8.327179e-03 3.000000 2
576.942901 9.653895e-03 8.153469e-03 3.000000 2
587.772252 9.447800e-03 7.987115e-03 3.000000 2
598.601603 9.250085e-03 7.827627e-03 3.000000 2
609.430953 9.060192e-03 7.674558e-03 3.000000 2
620.260304 8.940500e-03 7.570525e-03 3.000000 2
632.172590 8.742621e-03 7.411931e-03 3.000000 2
644.084876 8.552990e-03 7.260084e-03 3.000000 2
655.997162 8.371040e-03 7.114528e-03 3.000000 2
667.909448 8.254739e-03 7.015232e-03 3.000000 2
681.012962 8.065432e-03 6.864706e-03 3.000000 2
694.116477 7.884176e-03 6.720745e-03 3.000000 2
707.219991 7.710399e-03 6.582888e-03 3.000000 2
720.323506 7.543588e-03 6.450721e-03 3.000000 2
733.427020 7.434996e-03 6.360201e-03 3.000000 2
747.840886 7.261350e-03 6.223472e-03 3.000000 2
762.254752 7.095015e-03 6.092686e-03 3.000000 2
776.668618 6.935475e-03 5.967424e-03 3.000000 2
791.082484 6.829735e-03 5.881239e-03 3.000000 2
806.937736 6.663898e-03 5.751854e-03 3.000000 2
822.792989 6.505161e-03 5.628210e-03 3.000000 2
838.648241 6.353012e-03 5.509893e-03 3.000000 2
854.503494 6.206992e-03 5.396530e-03 3.000000 2
870.358746 6.107889e-03 5.318113e-03 3.000000 2
887.799524 5.956032e-03 5.200943e-03 3.000000 2
905.240302 5.810598e-03 5.088940e-03 3.000000 2
922.681080 5.671131e-03 4.981731e-03 3.000000 2
940.121857 5.574376e-03 5.194669e-03 3.000000 2
959.306713 5.719048e-03 5.429579e-03 3.000000 22
978.491568 6.281673e-03 5.291010e-03 3.000000 22
997.676424 6.235705e-03 5.158221e-03 3.000000 22
1016.861280 6.090421e-03 5.030808e-03 3.000000 22
1036.046135 5.950967e-03 4.908410e-03 3.000000 22
1055.230991 5.816993e-03 4.790703e-03 3.000000 22
1074.415846 5.688182e-03 4.677392e-03 3.000000 22
1093.600702 5.564245e-03 4.568209e-03 3.000000 22
1112.785557 5.444915e-03 4.462912e-03 3.000000 22
1131.970413 5.329946e-03 4.361279e-03 3.000000 22
1151.155268 5.219113e-03 4.263106e-03 3.000000 22
1170.340124 5.112204e-03 4.168206e-03 3.000000 22
1189.524979 5.044310e-03 4.097568e-03 3.000000 22
1210.628320 4.932067e-03 3.998061e-03 3.000000 22
1231.731662 4.824189e-03 3.913639e-03 3.000000 22
1252.835003 4.720428e-03 3.849739e-03 3.000000 22
1273.938344 4.653244e-03 3.806484e-03 3.000000 22
1297.152019 4.544908e-03 3.733243e-03 3.000000 22
1320.365694 4.441057e-03 3.660093e-03 3.000000 22
1343.579369 4.341412e-03 3.587263e-03 3.000000 22
1366.793045 4.245718e-03 3.514950e-03 3.000000 22
1390.006720 4.182526e-03 3.461330e-03 3.000000 22
1415.541762 4.082974e-03 3.381670e-03 3.000000 22
1441.076805 3.987668e-03 3.303400e-03 3.000000 22
1466.611848 3.896333e-03 3.226626e-03 3.000000 22
1492.146891 3.835083e-03 3.167054e-03 3.000000 22
1520.235438 3.740453e-03 3.084508e-03 3.000000 22
1548.323985 3.650027e-03 3.004241e-03 3.000000 22
1576.412532 3.563517e-03 2.926262e-03 3.000000 22
1604.501079 3.480663e-03 2.850565e-03 3.000000 22
1632.589626 3.424140e-03 2.789543e-03 3.000000 22
1663.487027 3.338460e-03 2.709908e-03 3.000000 22
1694.384429 3.256625e-03 2.633160e-03 3.000000 22
1725.281831 3.178368e-03 2.559214e-03 3.000000 22
1756.179232 3.124219e-03 2.498254e-03 3.000000 22
1790.166374 3.043547e-03 2.443104e-03 3.000000 22
1824.153516 2.966601e-03 2.391051e-03 3.000000 22
1858.140658 2.893117e-03 2.341153e-03 3.000000 22
1892.127800 2.841559e-03 2.304469e-03 3.000000 22
1929.513656 2.766023e-03 2.253478e-03 3.000000 22
1966.899512 2.694066e-03 2.204704e-03 3.000000 22
2004.285368 2.625427e-03 2.157982e-03 3.000000 22
2041.671224 2.576608e-03 2.123352e-03 3.000000 22
2082.795666 2.506245e-03 2.075188e-03 3.000000 22
2123.920107 2.439294e-03 2.029648e-03 3.000000 22
2165.044549 2.375502e-03 1.986195e-03 3.000000 22
2206.168990 2.329518e-03 1.953881e-03 3.000000 22
2251.405876 2.264295e-03 1.909126e-03 3.000000 22
2296.642762 2.202302e-03 1.866370e-03 3.000000 22
2341.879648 2.157154e-03 1.834350e-03 3.000000 22
2391.640222 2.094057e-03 1.790753e-03 3.000000 22
2441.400797 2.034219e-03 1.749914e-03 3.000000 22
2491.161371 1.977382e-03 1.710874e-03 3.000000 22
2540.921945 1.935431e-03 1.681618e-03 3.000000 22
2595.658577 1.877686e-03 1.641564e-03 3.000000 22
2650.395209 1.822952e-03 1.603357e-03 3.000000 22
2705.131841 1.782128e-03 1.574511e-03 3.000000 22
2765.342136 1.726732e-03 1.535483e-03 3.000000 22
2825.552431 1.674316e-03 1.498317e-03 3.000000 22
2885.762726 1.624629e-03 1.462860e-03 3.000000 22
2945.973021 1.587005e-03 1.435894e-03 3.000000 22
3012.204346 1.536730e-03 1.400897e-03 3.000000 22
3078.435670 1.489140e-03 1.372540e-03 3.000000 22
3144.666995 1.452651e-03 1.355410e-03 3.000000 22
3217.521452 1.404617e-03 1.327190e-03 3.000000 22
3290.375908 1.359191e-03 1.300179e-03 3.000000 22
3363.230365 1.323866e-03 1.283180e-03 3.000000 22
3443.370268 1.278091e-03 1.255218e-03 3.000000 22
3523.510171 1.234824e-03 1.228436e-03 3.000000 22
3603.650073 1.211413e-03 1.200625e-03 5.000000 22
3691.803966 1.183631e-03 1.157059e-03 5.000000 22
3779.957859 1.157016e-03 1.115882e-03 5.000000 22
3868.111752 1.131473e-03 1.076867e-03 5.000000 22
3956.265645 1.114929e-03 1.052329e-03 5.000000 22
4053.234927 1.088339e-03 1.028323e-03 5.000000 22
4150.204210 1.062836e-03 1.058540e-03 5.000000 22
4247.173492 1.145690e-03 1.084455e-03 9.000000 11
4344.142774 1.120336e-03 1.120081e-03 9.000000 11
4441.112056 1.088652e-03 1.087933e-03 9.000000 11
4538.081339 1.058491e-03 1.057361e-03 9.000000 11
4635.050621 1.029740e-03 1.028247e-03 9.000000 11
4732.019903 1.009128e-03 1.007243e-03 9.000000 11
4838.686113 9.870817e-04 9.796889e-04 13.000000 11
4945.352324 9.588653e-04 9.516908e-04 13.000000 11
5052.018534 9.320171e-04 9.250279e-04 13.000000 11
5158.684745 9.470381e-04 9.124804e-04 7.000000 11
5276.017576 9.200743e-04 8.850939e-04 7.000000 11
5393.350408 8.944197e-04 8.695019e-04 7.000000 11
5510.683239 8.699778e-04 8.448305e-04 7.000000 11
5628.016071 8.466615e-04 8.213399e-04 7.000000 11
5745.348902 8.300000e-04 8.040548e-04 7.000000 11
5874.415017 8.060910e-04 7.800838e-04 7.000000 11
6003.481132 7.833364e-04 7.573167e-04 7.000000 11
6132.547246 7.616523e-04 7.479101e-04 7.000000 11
6261.613361 7.458558e-04 7.318980e-04 7.000000 11
6403.586087 7.236814e-04 7.098186e-04 7.000000 11
6545.558813 7.026007e-04 6.894339e-04 7.000000 11
6687.531539 6.870219e-04 6.803151e-04 7.000000 11
6843.701538 6.655663e-04 6.652949e-04 7.000000 11
6999.871537 6.509189e-04 6.452173e-04 11.000000 53
7156.041535 6.653546e-04 6.371396e-04 5.000000 11
7312.211534 6.538300e-04 6.239165e-04 5.000000 11
7468.381533 6.362943e-04 6.112134e-04 5.000000 11
7624.551531 6.237126e-04 6.030827e-04 5.000000 11
7796.338530 6.056331e-04 5.898436e-04 5.000000 11
7968.125529 2.773654e-03 6.095778e-04 3.000000 11
8054.019028 1.008202e-02 5.625397e-04 3.000000 11
8069.050390 1.234948e-03 5.422857e-04 3.000000 7
8082.578616 5.427069e-04 5.328746e-04 5.000000 11
8102.870956 5.433255e-04 5.341092e-04 5.000000 11
8133.309464 5.442212e-04 5.358980e-04 5.000000 11
8178.967228 5.454873e-04 5.384832e-04 5.000000 11
8247.453872 5.443044e-04 5.391044e-04 5.000000 11
8336.486511 5.425702e-04 5.397011e-04 5.000000 11
8452.228940 5.353573e-04 5.351955e-04 5.000000 11
8579.545613 5.302104e-04 5.274494e-04 11.000000 53
8719.593953 5.247028e-04 5.187905e-04 11.000000 53
8873.647127 5.186302e-04 5.093254e-04 11.000000 53
9043.105619 5.119503e-04 5.013248e-04 11.000000 53
9229.509959 5.046226e-04 4.943383e-04 11.000000 53
9434.554734 4.930650e-04 4.832890e-04 11.000000 53
9639.599508 4.820106e-04 4.729169e-04 11.000000 53
9844.644283 4.746685e-04 4.664171e-04 11.000000 53
10070.193535 4.632401e-04 4.559196e-04 11.000000 53
10295.742787 4.523336e-04 4.458755e-04 11.000000 53
10521.292039 4.419091e-04 4.362513e-04 11.000000 53
10746.841291 4.349075e-04 4.299879e-04 11.000000 53
10994.945469 4.241487e-04 4.200025e-04 11.000000 53
11243.049646 4.138902e-04 4.104569e-04 11.000000 53
11491.153823 4.040932e-04 4.013175e-04 11.000000 53
11739.258000 3.947245e-04 3.925555e-04 11.000000 53
11987.362178 3.883457e-04 3.867698e-04 11.000000 53
12260.276773 3.786743e-04 3.776726e-04 11.000000 53
12533.191368 3.694485e-04 3.689703e-04 11.000000 53
12806.105963 3.606342e-04 3.606321e-04 11.000000 53
13079.020558 3.550420e-04 3.545574e-04 7.000000 53
13379.226612 3.463907e-04 3.454754e-04 7.000000 53
13679.432667 3.387176e-04 3.381160e-04 11.000000 6
13979.638721 3.327343e-04 3.301873e-04 11.000000 6
14279.844776 3.292499e-04 3.247717e-04 11.000000 6
14610.071436 3.227725e-04 3.174611e-04 11.000000 6
14940.298096 3.164809e-04 3.125453e-04 11.000000 6
15270.524755 3.103638e-04 3.076272e-04 11.000000 6
15600.751415 3.044139e-04 3.026652e-04 11.000000 6
15930.978075 2.986248e-04 2.976249e-04 11.000000 6
16261.204735 2.950324e-04 2.945378e-04 11.000000 6
16624.454061 3.100258e-04 2.888204e-04 9.000000 21
16987.703387 3.027412e-04 2.828044e-04 9.000000 21
17350.952713 2.957991e-04 2.769710e-04 9.000000 21
17714.202039 2.891752e-04 2.713110e-04 9.000000 21
18077.451365 2.828475e-04 2.658160e-04 9.000000 21
18440.700691 2.767961e-04 2.604781e-04 9.000000 21
18803.950017 2.710027e-04 2.553199e-04 9.000000 21
19167.199343 2.674372e-04 2.523262e-04 9.000000 21
19566.773601 2.614633e-04 2.472511e-04 9.000000 21
19966.347860 2.557556e-04 2.423481e-04 9.000000 21
20365.922118 2.502963e-04 2.376075e-04 9.000000 21
20765.496377 2.450690e-04 2.332361e-04 9.000000 21
21165.070636 2.418444e-04 2.304825e-04 9.000000 21
21604.602320 2.364533e-04 2.258328e-04 9.000000 21
22044.134004 2.313019e-04 2.213476e-04 9.000000 21
22483.665689 2.263738e-04 2.170164e-04 9.000000 21
22923.197373 2.233266e-04 2.142239e-04 9.000000 21
23406.682226 2.182515e-04 2.096526e-04 9.000000 21
23890.167079 2.134061e-04 2.052588e-04 9.000000 21
24373.651932 2.087748e-04 2.010298e-04 9.000000 21
24857.136784 2.043434e-04 1.971126e-04 9.000000 21
25340.621637 2.015962e-04 1.945924e-04 9.000000 21
25872.454975 1.970311e-04 1.904621e-04 9.000000 21
26404.288314 1.926716e-04 1.864911e-04 9.000000 21
26936.121652 1.885038e-04 1.826687e-04 9.000000 21
27467.954990 1.845149e-04 1.789867e-04 9.000000 21
27999.788328 1.820351e-04 1.765632e-04 9.000000 21
28584.805000 1.779249e-04 1.726977e-04 9.000000 21
29169.821672 1.739989e-04 1.689912e-04 9.000000 21
29754.838344 1.702447e-04 1.654322e-04 9.000000 21
30339.855016 1.679045e-04 1.630544e-04 9.000000 21
30983.373355 1.640414e-04 1.593396e-04 9.000000 21
31626.891694 1.603547e-04 1.557872e-04 9.000000 21
32270.410033 1.568321e-04 1.523844e-04 9.000000 21
32913.928372 1.534628e-04 1.491211e-04 9.000000 21
33557.446711 1.513557e-04 1.469945e-04 9.000000 21
34265.316884 1.478872e-04 1.436984e-04 9.000000 21
34973.187057 1.445761e-04 1.405421e-04 9.000000 21
35681.057230 1.414115e-04 1.375152e-04 9.000000 21
36388.927403 1.383838e-04 1.346098e-04 9.000000 21
37096.797576 1.364837e-04 1.326406e-04 9.000000 21
37875.454767 1.333659e-04 1.296118e-04 9.000000 21
38654.111957 1.303888e-04 1.267172e-04 9.000000 21
39432.769147 1.304388e-04 1.275427e-04 11.000000 21
40211.426338 1.430620e-04 1.248190e-04 11.000000 21
40990.083528 1.488388e-04 1.222097e-04 11.000000 21
41768.740718 1.457580e-04 1.197076e-04 11.000000 21
42547.397909 1.428038e-04 1.173061e-04 11.000000 21
43326.055099 1.399685e-04 1.149991e-04 11.000000 21
44104.712289 1.372446e-04 1.127809e-04 11.000000 21
44883.369480 1.346257e-04 1.106464e-04 11.000000 21
45662.026670 1.321056e-04 1.085909e-04 11.000000 21
46440.683860 1.296786e-04 1.066100e-04 11.000000 21
47219.341051 1.273396e-04 1.046995e-04 11.000000 21
47997.998241 1.260690e-04 1.034900e-04 11.000000 21
48854.521150 1.236229e-04 1.014992e-04 11.000000 21
49711.044060 1.212705e-04 9.958325e-05 11.000000 21
50567.566969 1.190065e-04 9.773778e-05 11.000000 21
51424.089878 1.168258e-04 9.595894e-05 11.000000 21
52280.612788 1.147238e-04 9.424311e-05 11.000000 21
53137.135697 1.135747e-04 9.315091e-05 11.000000 21
54079.310897 1.113762e-04 9.136269e-05 11.000000 21
55021.486098 1.092616e-04 8.964131e-05 11.000000 21
55963.661298 1.072262e-04 8.798301e-05 11.000000 21
56905.836498 1.052653e-04 8.638430e-05 11.000000 21
57848.011699 1.041865e-04 8.536158e-05 11.000000 21
58884.404419 1.021376e-04 8.369699e-05 11.000000 21
59920.797139 1.001681e-04 8.209547e-05 11.000000 21
60957.189860 9.827326e-05 8.055344e-05 11.000000 21
61993.582580 9.644889e-05 7.906755e-05 11.000000 21
63029.975300 9.543855e-05 7.811202e-05 11.000000 21
64170.007293 9.353396e-05 7.656623e-05 11.000000 21
65310.039285 9.170413e-05 7.507975e-05 11.000000 21
66450.071277 8.994460e-05 7.364914e-05 11.000000 21
67590.103270 8.825128e-05 7.227123e-05 11.000000 21
68730.135262 8.662041e-05 7.094311e-05 11.000000 21
69870.167255 8.571064e-05 7.008357e-05 11.000000 21
71124.202446 8.400757e-05 6.870149e-05 11.000000 21
72378.237638 8.237083e-05 6.737203e-05 11.000000 21
73632.272829 8.079651e-05 6.609218e-05 11.000000 21
74886.308021 7.928100e-05 6.485914e-05 11.000000 21
76140.343213 7.842949e-05 6.405646e-05 11.000000 21
77519.781923 7.684825e-05 6.277441e-05 11.000000 21
78899.220634 7.532937e-05 6.154176e-05 11.000000 21
80278.659345 7.386910e-05 6.035563e-05 11.000000 21
81658.098056 7.246402e-05 5.921337e-05 11.000000 21
83037.536766 7.166861e-05 5.846517e-05 11.000000 21
84554.919348 7.020377e-05 5.727846e-05 11.000000 21
86072.301930 6.879733e-05 5.613796e-05 11.000000 21
87589.684512 6.744575e-05 5.504095e-05 11.000000 21
89107.067094 6.614580e-05 5.398493e-05 11.000000 21
90624.449676 6.489449e-05 5.296760e-05 11.000000 21
92141.832257 6.417991e-05 5.229606e-05 11.000000 21
93810.953097 6.287485e-05 5.123872e-05 11.000000 21
95480.073937 6.162131e-05 5.317150e-05 11.000000 21
97149.194778 6.041621e-05 5.852356e-05 11.000000 21
98818.315618 6.430111e-05 5.925673e-05 13.000000 21
100487.436458 6.934807e-05 5.814023e-05 13.000000 21
102156.557298 6.806228e-05 5.706432e-05 13.000000 21
103825.678138 6.682324e-05 5.602676e-05 13.000000 21
105494.798978 6.562837e-05 5.502548e-05 13.000000 21
107163.919818 6.447527e-05 5.405858e-05 13.000000 21
108833.040658 6.336174e-05 5.312426e-05 13.000000 21
110502.161498 6.228572e-05 5.222087e-05 13.000000 21
112171.282338 6.124528e-05 5.134686e-05 13.000000 21
113840.403178 6.023865e-05 5.050080e-05 13.000000 21
115509.524018 5.926416e-05 4.968133e-05 13.000000 21
117178.644858 5.879057e-05 4.920435e-05 13.000000 21
119014.677782 5.776186e-05 4.834233e-05 13.000000 21
120850.710706 5.676819e-05 4.750915e-05 13.000000 21
122686.743630 5.580775e-05 4.670334e-05 13.000000 21
124522.776554 5.487884e-05 4.592356e-05 13.000000 21
126358.809478 5.397991e-05 4.516852e-05 13.000000 21
128194.842402 5.353750e-05 4.472427e-05 13.000000 21
130214.478618 5.258919e-05 4.393055e-05 13.000000 21
132234.114835 5.167350e-05 4.316362e-05 13.000000 21
134253.751051 5.078871e-05 4.242212e-05 13.000000 21
136273.387268 4.993325e-05 4.170477e-05 13.000000 21
138293.023484 4.910565e-05 4.101038e-05 13.000000 21
140312.659701 4.869304e-05 4.059720e-05 13.000000 21
142534.259539 4.782053e-05 3.986770e-05 13.000000 21
144755.859377 4.697828e-05 3.916302e-05 13.000000 21
146977.459215 4.616469e-05 3.848188e-05 13.000000 21
149199.059053 4.537830e-05 3.782310e-05 13.000000 21
151420.658891 4.461772e-05 3.718557e-05 13.000000 21
153642.258729 4.423342e-05 3.680174e-05 13.000000 21
156086.018551 4.343203e-05 3.613238e-05 13.000000 21
158529.778373 4.265866e-05 3.548595e-05 13.000000 21
160973.538195 4.191180e-05 3.486127e-05 13.000000 21
163417.298017 4.119008e-05 3.425724e-05 13.000000 21
165861.057838 4.049222e-05 3.367282e-05 13.000000 21
168304.817660 4.013468e-05 3.331663e-05 13.000000 21
170992.953464 3.939979e-05 3.270339e-05 13.000000 21
173681.089268 3.869076e-05 3.211130e-05 13.000000 21
176369.225072 3.800620e-05 3.153926e-05 13.000000 21
179057.360877 3.734483e-05 3.098624e-05 13.000000 21
181745.496681 3.670546e-05 3.045130e-05 13.000000 21
184433.632485 3.637312e-05 3.012105e-05 13.000000 21
187390.581869 3.570019e-05 2.956004e-05 13.000000 21
190347.531254 3.505108e-05 2.901849e-05 13.000000 21
193304.480638 3.442450e-05 2.849538e-05 13.000000 21
196261.430023 3.381928e-05 2.798977e-05 13.000000 21
199218.379407 3.323430e-05 2.750078e-05 13.000000 21
202175.328792 3.292562e-05 2.719483e-05 13.000000 21
205427.973114 3.231026e-05 2.668230e-05 13.000000 21
208680.617437 3.171680e-05 2.618765e-05 13.000000 21
211933.261760 3.114405e-05 2.570994e-05 13.000000 21
215185.906083 3.059092e-05 2.524829e-05 13.000000 21
218438.550406 3.029492e-05 2.495595e-05 13.000000 21
222016.459161 2.971388e-05 2.447278e-05 13.000000 21
225594.367917 2.915397e-05 2.612944e-05 13.000000 21
229172.276672 2.880053e-05 2.861405e-05 15.000000 21
232750.185427 3.169099e-05 2.809301e-05 15.000000 21
236328.094182 3.252764e-05 2.758987e-05 15.000000 21
239906.002937 3.195775e-05 2.710370e-05 15.000000 21
243483.911693 3.140707e-05 2.663361e-05 15.000000 21
247061.820448 3.087461e-05 2.617883e-05 15.000000 21
250639.729203 3.035946e-05 2.573858e-05 15.000000 21
254217.637958 2.986076e-05 2.531217e-05 15.000000 21
257795.546714 2.937771e-05 2.489894e-05 15.000000 21
261373.455469 2.890957e-05 2.449828e-05 15.000000 21
264951.364224 2.845564e-05 2.410962e-05 15.000000 21
268529.272979 2.801527e-05 2.373241e-05 15.000000 21
272107.181734 2.758785e-05 2.336614e-05 15.000000 21
275685.090490 2.739417e-05 2.316311e-05 15.000000 21
279620.790120 2.694049e-05 2.277571e-05 15.000000 21
283556.489751 2.650112e-05 2.240035e-05 15.000000 21
287492.189382 2.607537e-05 2.203644e-05 15.000000 21
291427.889013 2.566259e-05 2.168347e-05 15.000000 21
295363.588643 2.526219e-05 2.134094e-05 15.000000 21
299299.288274 2.507701e-05 2.114780e-05 15.000000 21
303628.557868 2.465249e-05 2.078593e-05 15.000000 21
307957.827462 2.424160e-05 2.043549e-05 15.000000 21
312287.097055 2.384370e-05 2.009596e-05 15.000000 21
316616.366649 2.345814e-05 1.976681e-05 15.000000 21
320945.636243 2.308437e-05 1.944757e-05 15.000000 21
325274.905837 2.290789e-05 1.926441e-05 15.000000 21
330037.102390 2.251200e-05 1.892751e-05 15.000000 21
334799.298943 2.212906e-05 1.860145e-05 15.000000 21
339561.495496 2.175842e-05 1.828569e-05 15.000000 21
344323.692050 2.139948e-05 1.797976e-05 15.000000 21
349085.888603 2.105168e-05 1.768318e-05 15.000000 21
353848.085156 2.071450e-05 1.739554e-05 15.000000 21
358610.281709 2.055160e-05 1.722716e-05 15.000000 21
363848.697918 2.019461e-05 1.692373e-05 15.000000 21
369087.114126 1.984929e-05 1.663006e-05 15.000000 21
374325.530335 1.951505e-05 1.634568e-05 15.000000 21
379563.946543 1.919137e-05 1.607014e-05 15.000000 21
384802.362752 1.887773e-05 1.580304e-05 15.000000 21
390040.778960 1.872295e-05 1.564383e-05 15.000000 21
395803.036790 1.839124e-05 1.536238e-05 15.000000 21
401565.294619 1.807053e-05 1.509013e-05 15.000000 21
407327.552448 1.776029e-05 1.482662e-05 15.000000 21
413089.810278 1.745998e-05 1.457143e-05 15.000000 21
418852.068107 1.716914e-05 1.432418e-05 15.000000 21
424614.325936 1.702250e-05 1.417406e-05 15.000000 21
430952.809549 1.671521e-05 1.391382e-05 15.000000 21
437291.293161 1.641827e-05 1.366219e-05 15.000000 21
443629.776773 1.613115e-05 1.341877e-05 15.000000 21
449968.260386 1.585336e-05 1.318315e-05 15.000000 21
456306.743998 1.558445e-05 1.295495e-05 15.000000 21
462645.227610 1.544587e-05 1.281379e-05 15.000000 21
469617.559584 1.516203e-05 1.275591e-05 15.000000 21
476589.891557 1.488788e-05 1.407716e-05 15.000000 21
483562.223531 1.550925e-05 1.462292e-05 17.000000 21
490534.555504 1.682223e-05 1.436667e-05 17.000000 21
497506.887478 1.653505e-05 1.411872e-05 17.000000 21
504479.219451 1.625714e-05 1.387865e-05 17.000000 21
511451.551425 1.598804e-05 1.364609e-05 17.000000 21
518423.883398 1.572733e-05 1.342069e-05 17.000000 21
525396.215372 1.547462e-05 1.320211e-05 17.000000 21
532368.547345 1.522953e-05 1.299004e-05 17.000000 21
539340.879319 1.499172e-05 1.278420e-05 17.000000 21
546313.211293 1.476086e-05 1.258431e-05 17.000000 21
553285.543266 1.453664e-05 1.253466e-05 17.000000 21
560257.875240 1.431878e-05 1.263211e-05 17.000000 21
567230.207213 1.422391e-05 1.266966e-05 17.000000 21
574899.772384 1.399207e-05 1.286903e-05 17.000000 21
582569.337555 1.376730e-05 1.302790e-05 17.000000 21
590238.902726 1.354928e-05 1.314232e-05 17.000000 21
597908.467897 1.333769e-05 1.320891e-05 17.000000 21
605578.033067 1.322510e-05 1.313226e-05 87.000000 54
613247.598238 1.318931e-05 1.293272e-05 87.000000 54
620917.163409 1.310114e-05 1.273880e-05 87.000000 54
628586.728580 1.296152e-05 1.255028e-05 87.000000 54
636256.293751 1.266638e-05 1.246531e-05 87.000000 54
644692.815439 1.241340e-05 1.235184e-05 87.000000 54
653129.337127 1.239328e-05 1.211248e-05 85.000000 54
661565.858815 1.238235e-05 1.188110e-05 85.000000 54
670002.380503 1.231944e-05 1.169767e-05 85.000000 54
678438.902191 1.220625e-05 1.151948e-05 85.000000 54
686875.423879 1.204569e-05 1.134631e-05 85.000000 54
695311.945567 1.184171e-05 1.117794e-05 85.000000 54
703748.467255 1.150971e-05 1.109963e-05 85.000000 54
713028.641112 1.121205e-05 1.092051e-05 85.000000 54
722308.814968 1.088070e-05 1.074673e-05 85.000000 54
731588.988825 1.057807e-05 1.052299e-05 17.000000 21
740869.162682 1.049802e-05 1.006765e-05 17.000000 21
751077.353924 1.031904e-05 9.647452e-06 17.000000 21
761285.545167 1.014570e-05 9.218638e-06 17.000000 21
771493.736409 9.977754e-06 8.854864e-06 17.000000 21
781701.927652 9.814935e-06 8.796705e-06 17.000000 21
791910.118894 9.657011e-06 8.740356e-06 17.000000 21
802118.310136 9.580121e-06 8.708007e-06 17.000000 21
813347.320503 9.412763e-06 8.651848e-06 17.000000 21
824576.330870 9.250804e-06 8.596579e-06 17.000000 21
835805.341236 9.093981e-06 8.541156e-06 17.000000 21
847034.351603 8.942052e-06 8.485691e-06 17.000000 21
858263.361970 8.794785e-06 8.430008e-06 17.000000 21
869492.372337 8.721250e-06 8.390636e-06 17.000000 21
881844.283740 8.565394e-06 8.330787e-06 17.000000 21
894196.195143 8.414666e-06 8.267710e-06 17.000000 21
906548.106547 9.074068e-06 8.268813e-06 19.000000 21
918900.017950 9.461643e-06 8.127598e-06 19.000000 21
931251.929353 9.304322e-06 8.048044e-06 19.000000 21
943603.840757 9.151898e-06 7.962548e-06 19.000000 21
955955.752160 9.004140e-06 7.869080e-06 19.000000 21
968307.663563 8.860835e-06 7.783518e-06 19.000000 21
980659.574967 8.721779e-06 7.737666e-06 19.000000 21
993011.486370 8.586784e-06 7.687592e-06 19.000000 21
1005363.397773 8.455670e-06 7.632219e-06 19.000000 21
1017715.309177 8.328271e-06 7.570380e-06 19.000000 21
1030067.220580 8.204429e-06 7.500833e-06 19.000000 21
1042419.131983 8.083994e-06 7.422266e-06 19.000000 21
1054771.043387 8.033143e-06 7.334222e-06 19.000000 21
1068358.145931 7.904748e-06 7.225979e-06 19.000000 21
1081945.248474 7.780163e-06 7.100236e-06 19.000000 21
1095532.351018 7.659219e-06 6.954458e-06 19.000000 21
1109119.453562 7.541756e-06 6.788144e-06 19.000000 21
1122706.556105 7.427624e-06 6.600559e-06 19.000000 21
1136293.658649 7.316681e-06 6.391044e-06 19.000000 21
1149880.761193 7.268270e-06 6.198509e-06 19.000000 21
1164826.573991 7.150121e-06 6.096183e-06 19.000000 21
1179772.386789 7.035530e-06 5.996912e-06 19.000000 21
1194718.199587 6.924336e-06 5.900560e-06 19.000000 21
1209664.012385 6.816388e-06 5.807000e-06 19.000000 21
1224609.825183 6.711544e-06 5.716111e-06 19.000000 21
1239555.637981 6.609672e-06 5.627781e-06 19.000000 21
1254501.450779 6.563773e-06 5.578946e-06 19.000000 21
1270941.844857 6.455397e-06 5.485340e-06 19.000000 21
1287382.238935 6.350327e-06 5.394566e-06 19.000000 21
1303822.633013 6.248413e-06 5.306497e-06 19.000000 21
1320263.027090 6.149512e-06 5.221013e-06 19.000000 21
1336703.421168 6.053492e-06 5.138002e-06 19.000000 21
1353143.815246 6.008994e-06 5.091084e-06 19.000000 21
1371228.248732 5.907000e-06 5.003256e-06 19.000000 21
1389312.682218 5.808201e-06 4.918156e-06 19.000000 21
1407397.115703 5.712446e-06 4.835657e-06 19.000000 21
1425481.549189 5.619596e-06 4.755641e-06 19.000000 21
1443565.982674 5.529519e-06 4.677999e-06 19.000000 21
1461650.416160 5.486611e-06 4.633155e-06 19.000000 21
1481543.292994 5.391072e-06 4.758957e-06 19.000000 21
1501436.169829 5.298598e-06 5.257038e-06 19.000000 21
1521329.046663 5.797888e-06 5.209043e-06 21.000000 21
1541221.923497 5.914730e-06 5.122267e-06 21.000000 21
1561114.800331 5.818529e-06 5.038142e-06 21.000000 21
1581007.677165 5.725249e-06 4.956548e-06 21.000000 21
1600900.554000 5.634756e-06 4.877369e-06 21.000000 21
1620793.430834 5.546924e-06 4.800501e-06 21.000000 21
1640686.307668 5.461637e-06 4.725842e-06 21.000000 21
1660579.184502 5.378783e-06 4.653298e-06 21.000000 21
1680472.061336 5.298259e-06 4.582780e-06 21.000000 21
1700364.938171 5.219966e-06 4.514204e-06 21.000000 21
1720257.815005 5.143811e-06 4.447490e-06 21.000000 21
1740150.691839 5.069708e-06 4.382563e-06 21.000000 21
1760043.568673 4.997573e-06 4.319353e-06 21.000000 21
1779936.445508 4.968389e-06 4.287510e-06 21.000000 21
1801818.610025 4.891336e-06 4.220235e-06 21.000000 21
1823700.774543 4.816495e-06 4.154878e-06 21.000000 21
1845582.939060 4.743771e-06 4.091358e-06 21.000000 21
1867465.103578 4.673074e-06 4.029597e-06 21.000000 21
1889347.268096 4.604320e-06 3.969524e-06 21.000000 21
1911229.432613 4.537429e-06 3.911070e-06 21.000000 21
1933111.597131 4.509381e-06 3.880809e-06 21.000000 21
1957181.978100 4.438015e-06 3.818674e-06 21.000000 21
1981252.359070 4.368737e-06 3.758343e-06 21.000000 21
2005322.740039 4.301455e-06 3.699739e-06 21.000000 21
2029393.121009 4.236083e-06 3.642787e-06 21.000000 21
2053463.501978 4.172539e-06 3.587419e-06 21.000000 21
2077533.882947 4.110748e-06 3.533570e-06 21.000000 21
2101604.263917 4.083929e-06 3.504944e-06 21.000000 21
2128081.682983 4.018081e-06 3.447772e-06 21.000000 21
2154559.102049 3.954192e-06 3.392288e-06 21.000000 21
2181036.521116 3.892174e-06 3.338418e-06 21.000000 21
2207513.940182 3.831945e-06 3.286091e-06 21.000000 21
2233991.359248 3.773428e-06 3.263895e-06 21.000000 21
2260468.778315 3.747249e-06 3.248949e-06 21.000000 21
2289593.939288 3.684989e-06 3.593532e-06 21.000000 21
2318719.100261 3.968352e-06 3.624636e-06 23.000000 21
2347844.261234 4.074293e-06 3.566101e-06 23.000000 21
2376969.422207 4.009771e-06 3.509303e-06 23.000000 21
2406094.583180 3.947152e-06 3.454165e-06 23.000000 21
2435219.744153 3.886351e-06 3.400614e-06 23.000000 21
2464344.905126 3.827288e-06 3.348582e-06 23.000000 21
2493470.066099 3.769889e-06 3.298004e-06 23.000000 21
2522595.227072 3.714084e-06 3.370557e-06 23.000000 21
2551720.388045 3.659805e-06 3.537741e-06 23.000000 21
2580845.549017 3.724214e-06 3.606990e-06 83.000000 54
2609970.709990 3.931243e-06 3.555581e-06 83.000000 54
2639095.870963 4.159280e-06 3.505521e-06 83.000000 54
2668221.031936 4.407227e-06 3.456756e-06 83.000000 54
2697346.192909 4.671321e-06 3.409237e-06 83.000000 54
2726471.353882 4.943617e-06 3.686110e-06 83.000000 54
2755596.514855 5.210271e-06 3.992768e-06 83.000000 54
2784721.675828 5.451723e-06 4.258449e-06 83.000000 54
2810934.320704 5.573958e-06 4.497305e-06 83.000000 54
2837146.965580 5.669616e-06 4.666798e-06 83.000000 54
2863359.610455 5.692338e-06 4.755513e-06 83.000000 54
2889572.255331 5.627550e-06 4.755150e-06 83.000000 54
2915784.900207 5.478420e-06 4.669364e-06 83.000000 54
2941997.545082 5.261171e-06 4.514311e-06 83.000000 54
2968210.189958 4.998967e-06 4.313182e-06 83.000000 54
2994422.834834 4.715141e-06 4.089003e-06 83.000000 54
3020635.479709 4.428500e-06 3.859803e-06 83.000000 54
3046848.124585 4.151739e-06 3.637324e-06 83.000000 54
3073060.769461 3.892066e-06 3.428021e-06 83.000000 54
3099273.414336 3.652690e-06 3.234726e-06 83.000000 54
3125486.059212 3.437866e-06 3.204858e-06 83.000000 54
3154319.968575 3.227728e-06 3.173577e-06 83.000000 54
3186037.268875 3.171559e-06 3.152102e-06 99.000000 7
3217754.569174 3.169452e-06 3.149149e-06 99.000000 7
3249471.869474 3.167253e-06 3.146055e-06 99.000000 7
3281189.169774 3.142812e-06 3.098813e-06 97.000000 7
3312906.470073 3.108146e-06 3.062827e-06 97.000000 7
3347795.500403 3.104302e-06 3.056670e-06 97.000000 7
3382684.530732 3.100248e-06 3.050162e-06 97.000000 7
3417573.561062 3.043281e-06 2.955747e-06 95.000000 7
3452462.591391 3.036003e-06 2.943940e-06 95.000000 7
3487351.621721 3.028302e-06 2.931468e-06 95.000000 7
3522240.652050 3.020154e-06 2.918298e-06 95.000000 7
3557129.682380 2.944167e-06 2.904392e-06 95.000000 7
3592018.712709 2.889715e-06 2.718461e-06 93.000000 7
3626907.743039 2.874229e-06 2.695221e-06 93.000000 7
3661796.773368 2.857898e-06 2.670926e-06 93.000000 7
3696685.803698 2.811218e-06 2.630531e-06 93.000000 7
3735063.737060 2.728325e-06 2.595534e-06 93.000000 7
3773441.670423 2.561388e-06 2.560664e-06 25.000000 21
3811819.603785 2.549165e-06 2.502370e-06 25.000000 21
3854035.330484 2.512522e-06 2.467459e-06 25.000000 21
3896251.057183 2.476844e-06 2.431035e-06 25.000000 21
3938466.783881 2.442096e-06 2.393125e-06 25.000000 21
3980682.510580 2.408239e-06 2.247888e-06 25.000000 21
4022898.237279 2.375239e-06 2.099248e-06 25.000000 21
4065113.963978 2.343064e-06 2.070705e-06 25.000000 21
4107329.690676 2.331015e-06 2.057613e-06 25.000000 21
4153766.990045 2.296532e-06 2.027112e-06 25.000000 21
4200204.289414 2.262982e-06 1.997430e-06 25.000000 21
4246641.588782 2.230328e-06 1.968534e-06 25.000000 21
4293078.888151 2.198534e-06 2.052935e-06 25.000000 21
4339516.187519 2.254413e-06 2.167566e-06 27.000000 21
4385953.486888 2.383267e-06 2.137391e-06 27.000000 21
4432390.786257 2.350468e-06 2.107978e-06 27.000000 21
4478828.085625 2.318495e-06 2.079300e-06 27.000000 21
4525265.384994 2.287315e-06 2.051328e-06 27.000000 21
4571702.684362 2.256900e-06 2.024037e-06 27.000000 21
4618139.983731 2.227220e-06 1.997401e-06 27.000000 21
4664577.283100 2.198251e-06 1.971397e-06 27.000000 21
4711014.582468 2.169965e-06 1.946003e-06 27.000000 21
4757451.881837 2.142338e-06 1.921197e-06 27.000000 21
4803889.181205 2.133358e-06 1.911178e-06 27.000000 21
4854970.210511 2.103635e-06 1.884560e-06 27.000000 21
4906051.239816 2.074665e-06 1.858612e-06 27.000000 21
4957132.269122 2.046421e-06 1.833307e-06 27.000000 21
5008213.298427 2.018873e-06 1.903391e-06 27.000000 21
5059294.327733 1.991997e-06 1.989185e-06 27.000000 21
5110375.357038 2.085958e-06 1.965768e-06 85.000000 54
5161456.386344 2.194712e-06 1.940163e-06 85.000000 54
5212537.415649 2.316203e-06 1.915159e-06 85.000000 54
5263618.444954 2.450622e-06 1.890735e-06 85.000000 54
5314699.474260 2.597044e-06 1.992398e-06 85.000000 54
5365780.503565 2.752593e-06 2.148461e-06 85.000000 54
5416861.532871 2.911281e-06 2.307734e-06 85.000000 54
5467942.562176 3.062725e-06 2.461061e-06 85.000000 54
5519023.591482 3.211384e-06 2.586344e-06 85.000000 54
5564996.517857 3.247546e-06 2.690832e-06 85.000000 54
5610969.444232 3.273933e-06 2.743168e-06 85.000000 54
5656942.370606 3.263911e-06 2.731060e-06 85.000000 54
5698318.004344 3.157842e-06 2.714367e-06 85.000000 54
5739693.638081 3.043024e-06 2.640181e-06 85.000000 54
5781069.271819 2.901187e-06 2.535122e-06 85.000000 54
5822444.905556 2.741173e-06 2.412170e-06 85.000000 54
5863820.539294 2.573771e-06 2.281091e-06 85.000000 54
5905196.173031 2.407528e-06 2.149137e-06 85.000000 54
5946571.806768 2.244052e-06 2.030441e-06 85.000000 54
5992085.003880 2.086711e-06 1.872673e-06 85.000000 54
6037598.200991 1.933297e-06 1.759241e-06 85.000000 54
6087662.717813 1.785595e-06 1.734167e-06 85.000000 54
6142733.686317 1.727658e-06 1.640999e-06 29.000000 21
6203311.751672 1.704981e-06 1.545063e-06 29.000000 21
6263889.817027 1.682839e-06 1.525042e-06 29.000000 21
6324467.882382 1.661212e-06 1.505484e-06 29.000000 21
6385045.947737 1.640083e-06 1.486371e-06 29.000000 21
6445624.013092 1.633201e-06 1.478819e-06 29.000000 21
6512259.884983 1.610453e-06 1.458290e-06 29.000000 21
6578895.756873 1.588273e-06 1.438269e-06 29.000000 21
6645531.628764 1.566642e-06 1.418738e-06 29.000000 21
6712167.500654 1.545538e-06 1.518070e-06 29.000000 21
6778803.372544 1.665950e-06 1.524941e-06 31.000000 21
6845439.244435 1.643901e-06 1.504835e-06 31.000000 21
6912075.116325 1.622374e-06 1.485200e-06 31.000000 21
6978710.988216 1.601350e-06 1.466021e-06 31.000000 21
7045346.860106 1.580813e-06 1.447282e-06 31.000000 21
7111982.731997 1.560745e-06 1.428967e-06 31.000000 21
7178618.603887 1.541130e-06 1.411062e-06 31.000000 21
7245254.475778 1.521953e-06 1.393554e-06 31.000000 21
7311890.347668 1.503199e-06 1.376429e-06 31.000000 21
7378526.219559 1.484855e-06 1.359675e-06 31.000000 21
7445162.091449 1.479405e-06 1.353620e-06 31.000000 21
7518461.550528 1.459606e-06 1.335575e-06 31.000000 21
7591761.009608 1.440277e-06 1.317955e-06 31.000000 21
7665060.468687 1.421403e-06 1.300746e-06 31.000000 21
7738359.927767 1.402968e-06 1.283932e-06 31.000000 21
7811659.386846 1.384955e-06 1.267502e-06 31.000000 21
7884958.845926 1.367351e-06 1.251441e-06 31.000000 21
7958258.305005 1.350141e-06 1.268844e-06 31.000000 21
8031557.764085 1.400010e-06 1.344616e-06 33.000000 21
8112187.169072 1.435888e-06 1.326066e-06 33.000000 21
8192816.574060 1.416187e-06 1.307970e-06 33.000000 21
8273445.979047 1.396965e-06 1.290310e-06 33.000000 21
8354075.384035 1.378206e-06 1.273070e-06 33.000000 21
8434704.789022 1.359892e-06 1.256237e-06 33.000000 21
8515334.194010 1.342008e-06 1.239794e-06 33.000000 21
8595963.598997 1.324539e-06 1.223730e-06 33.000000 21
8676593.003984 1.307469e-06 1.208030e-06 33.000000 21
8757222.408972 1.290787e-06 1.192682e-06 33.000000 21
8837851.813959 1.274477e-06 1.177675e-06 33.000000 21
8918481.218947 1.258528e-06 1.162997e-06 33.000000 21
8999110.623934 1.242928e-06 1.148638e-06 33.000000 21
9079740.028922 1.227666e-06 1.134587e-06 33.000000 21
9160369.433909 1.223057e-06 1.129552e-06 33.000000 21
9249061.779395 1.206578e-06 1.114408e-06 33.000000 21
9337754.124882 1.219435e-06 1.190488e-06 35.000000 21
9426446.470368 1.261254e-06 1.174774e-06 35.000000 21
9515138.815854 1.244685e-06 1.159422e-06 35.000000 21
9603831.161340 1.228498e-06 1.144420e-06 35.000000 21
9692523.506826 1.212678e-06 1.129756e-06 35.000000 21
9781215.852312 1.197214e-06 1.115419e-06 35.000000 21
9869908.197799 1.182093e-06 1.101398e-06 35.000000 21
9958600.543285 1.167305e-06 1.087682e-06 35.000000 21
10047292.888771 1.152837e-06 1.074261e-06 35.000000 21
10135985.234257 1.138681e-06 1.061127e-06 35.000000 21
10224677.579743 1.124825e-06 1.048269e-06 35.000000 21
10313369.925230 1.120823e-06 1.043902e-06 35.000000 21
10410931.505264 1.105847e-06 1.030027e-06 35.000000 21
10508493.085299 1.091219e-06 1.016472e-06 35.000000 21
10606054.665334 1.076927e-06 1.038551e-06 35.000000 21
10703616.245369 1.132250e-06 1.062959e-06 37.000000 21
10801177.825404 1.117627e-06 1.049305e-06 37.000000 21
10898739.405438 1.103331e-06 1.035953e-06 37.000000 21
10996300.985473 1.089351e-06 1.022895e-06 37.000000 21
11093862.565508 1.075677e-06 1.010120e-06 37.000000 21
11191424.145543 1.062299e-06 9.976197e-07 37.000000 21
11288985.725578 1.049208e-06 9.853846e-07 37.000000 21
11386547.305612 1.036393e-06 9.734067e-07 37.000000 21
11484108.885647 1.023847e-06 9.616779e-07 37.000000 21
11581670.465682 1.020286e-06 9.578203e-07 37.000000 21
11688988.203720 1.006717e-06 9.451526e-07 37.000000 21
11796305.941759 9.934585e-07 9.327731e-07 37.000000 21
11903623.679797 9.805011e-07 9.255699e-07 37.000000 21
12010941.417835 1.015182e-06 9.678342e-07 39.000000 21
12118259.155874 1.010074e-06 9.554482e-07 39.000000 21
12225576.893912 9.971951e-07 9.433337e-07 39.000000 21
12332894.631950 9.845981e-07 9.314819e-07 39.000000 21
12440212.369988 9.722736e-07 9.198844e-07 39.000000 21
12547530.108027 9.602126e-07 9.085331e-07 39.000000 21
12654847.846065 9.484070e-07 8.974203e-07 39.000000 21
12762165.584103 9.368486e-07 8.865385e-07 39.000000 21
12869483.322142 9.255298e-07 8.758807e-07 39.000000 21
12976801.060180 9.222808e-07 8.724065e-07 39.000000 21
13094850.572022 9.100346e-07 8.608895e-07 39.000000 21
13212900.083864 8.980666e-07 8.496319e-07 39.000000 21
13330949.595706 9.264437e-07 8.863672e-07 41.000000 21
13448999.107548 9.190352e-07 8.749277e-07 41.000000 21
13567048.619390 9.072186e-07 8.637394e-07 41.000000 21
13685098.131233 8.956606e-07 8.527941e-07 41.000000 21
13803147.643075 8.843529e-07 8.420841e-07 41.000000 21
13921197.154917 8.732874e-07 8.316019e-07 41.000000 21
14039246.666759 8.624566e-07 8.213403e-07 41.000000 21
14157296.178601 8.518529e-07 8.112926e-07 41.000000 21
14275345.690443 8.414695e-07 8.014520e-07 41.000000 21
14393395.202285 8.384143e-07 7.982239e-07 41.000000 21
14523249.665312 8.271811e-07 7.916639e-07 41.000000 21
14653104.128338 8.528740e-07 8.162036e-07 43.000000 21
14782958.591364 8.416020e-07 8.054731e-07 43.000000 21
14912813.054391 8.305827e-07 7.949814e-07 43.000000 21
15042667.517417 8.198076e-07 7.847207e-07 43.000000 21
15172521.980443 8.092689e-07 7.746834e-07 43.000000 21
15302376.443470 7.989588e-07 7.648624e-07 43.000000 21
15432230.906496 7.888700e-07 7.552509e-07 43.000000 21
15562085.369522 7.789955e-07 7.458421e-07 43.000000 21
15691939.832549 7.693286e-07 7.366299e-07 43.000000 21
15821794.295575 7.663886e-07 7.590085e-07 43.000000 21
15964634.204904 7.856143e-07 7.559350e-07 45.000000 21
16107474.114233 7.749449e-07 7.457222e-07 45.000000 21
16250314.023562 7.645201e-07 7.357420e-07 45.000000 21
16393153.932891 7.543318e-07 7.259867e-07 45.000000 21
16535993.842220 7.443720e-07 7.164488e-07 45.000000 21
16678833.751549 7.346330e-07 7.071211e-07 45.000000 21
16821673.660878 7.251078e-07 6.979968e-07 45.000000 21
16964513.570207 7.157893e-07 6.890694e-07 45.000000 21
17107353.479536 7.311318e-07 7.066710e-07 47.000000 21
17250193.388865 7.218546e-07 6.977466e-07 47.000000 21
17393033.298193 7.127737e-07 6.890100e-07 47.000000 21
17535873.207522 7.038829e-07 6.804554e-07 47.000000 21
17678713.116851 6.951765e-07 6.720772e-07 47.000000 21
17821553.026180 6.925077e-07 6.693222e-07 47.000000 21
17978676.926442 6.830884e-07 6.602646e-07 47.000000 21
18135800.826704 6.738834e-07 6.514119e-07 47.000000 21
18292924.726966 6.821415e-07 6.648854e-07 49.000000 21
18450048.627228 6.760945e-07 6.560876e-07 49.000000 21
18607172.527490 6.671814e-07 6.474834e-07 49.000000 21
18764296.427751 6.584634e-07 6.390667e-07 49.000000 21
18921420.328013 6.499342e-07 6.308313e-07 49.000000 21
19078544.228275 6.415880e-07 6.227716e-07 49.000000 21
19235668.128537 6.334188e-07 6.148821e-07 49.000000 21
19392792.028799 6.307445e-07 6.182971e-07 49.000000 21
19565628.319087 6.379070e-07 6.219155e-07 51.000000 21
19738464.609375 6.290125e-07 6.132920e-07 51.000000 21
19911300.899663 6.203237e-07 6.048668e-07 51.000000 21
20084137.189951 6.118337e-07 5.966334e-07 51.000000 21
20256973.480239 6.035357e-07 5.885852e-07 51.000000 21
20429809.770527 5.954234e-07 5.807162e-07 51.000000 21
20602646.060815 5.874907e-07 5.730206e-07 51.000000 21
20775482.351103 5.939984e-07 5.797318e-07 53.000000 21
20948318.641391 5.861781e-07 5.721411e-07 53.000000 21
21121154.931679 5.785264e-07 5.647133e-07 53.000000 21
21293991.221967 5.759018e-07 5.620649e-07 53.000000 21
21484111.141284 5.676373e-07 5.540459e-07 53.000000 21
21674231.060601 5.595682e-07 5.462155e-07 53.000000 21
21864350.979918 5.516878e-07 5.385672e-07 53.000000 21
22054470.899235 5.567156e-07 5.439896e-07 55.000000 21
22244590.818552 5.489713e-07 5.364673e-07 55.000000 21
22434710.737868 5.414030e-07 5.291152e-07 55.000000 21
22624830.657185 5.340049e-07 5.219276e-07 55.000000 21
22814950.576502 5.267713e-07 5.148991e-07 55.000000 21
23005070.495819 5.196971e-07 5.080245e-07 55.000000 21
23195190.415136 5.170592e-07 5.053822e-07 55.000000 21
23404322.326384 5.151822e-07 5.094292e-07 57.000000 21
23613454.237633 5.128429e-07 5.019832e-07 57.000000 21
23822586.148881 5.053702e-07 4.947149e-07 57.000000 21
24031718.060130 4.980746e-07 4.876180e-07 57.000000 21
24240849.971379 4.909501e-07 4.806866e-07 57.000000 21
24449981.882627 4.839907e-07 4.739152e-07 57.000000 21
24659113.793876 4.771910e-07 4.672982e-07 57.000000 21
24868245.705124 4.744822e-07 4.646008e-07 57.000000 21
25098290.807498 4.762831e-07 4.671622e-07 59.000000 21
25328335.909871 4.689605e-07 4.600258e-07 59.000000 21
25558381.012244 4.618203e-07 4.530664e-07 59.000000 21
25788426.114618 4.548560e-07 4.462776e-07 59.000000 21
26018471.216991 4.480613e-07 4.396533e-07 59.000000 21
26248516.319364 4.414303e-07 4.331878e-07 59.000000 21
26478561.421738 4.349574e-07 4.268756e-07 59.000000 21
26708606.524111 4.286370e-07 4.207114e-07 59.000000 21
26938651.626485 4.331917e-07 4.259183e-07 61.000000 21
27191701.239095 4.262426e-07 4.191279e-07 61.000000 21
27444750.851706 4.194729e-07 4.125121e-07 61.000000 21
27697800.464317 4.128760e-07 4.060643e-07 61.000000 21
27950850.076928 4.064457e-07 3.997787e-07 61.000000 21
28203899.689538 4.001762e-07 3.936494e-07 61.000000 21
28456949.302149 3.940615e-07 3.876708e-07 61.000000 21
28709998.914760 3.912708e-07 3.849104e-07 61.000000 21
28988353.488631 3.847177e-07 3.836189e-07 61.000000 21
29266708.062503 3.838436e-07 3.783406e-07 63.000000 21
29545062.636375 3.775095e-07 3.721330e-07 63.000000 21
29823417.210247 3.713428e-07 3.660886e-07 63.000000 21
30101771.784119 3.653372e-07 3.602013e-07 63.000000 21
30380126.357990 3.594866e-07 3.544652e-07 63.000000 21
30658480.931862 3.537855e-07 3.488749e-07 63.000000 21
30936835.505734 3.510051e-07 3.461255e-07 63.000000 21
31243025.536993 3.449093e-07 3.401485e-07 63.000000 21
31549215.568252 3.389826e-07 3.343361e-07 63.000000 21
31855405.599511 3.373060e-07 3.332183e-07 65.000000 21
32161595.630770 3.316001e-07 3.276102e-07 65.000000 21
32467785.662029 3.260478e-07 3.221524e-07 65.000000 21
32773975.693288 3.232058e-07 3.193398e-07 65.000000 21
33110784.727673 3.172850e-07 3.135206e-07 65.000000 21
33447593.762058 3.115377e-07 3.078705e-07 65.000000 21
33784402.796443 3.059564e-07 3.023825e-07 65.000000 21
34121211.830827 3.005341e-07 2.970502e-07 65.000000 21
34458020.865212 2.952646e-07 2.918673e-07 65.000000 21
34794829.899597 2.924214e-07 2.890548e-07 65.000000 21
35165319.837421 2.897813e-07 2.868188e-07 67.000000 21
35535809.775244 2.842682e-07 2.813875e-07 67.000000 21
35906299.713067 2.789225e-07 2.761198e-07 67.000000 21
36276789.650891 2.737364e-07 2.710086e-07 67.000000 21
36647279.588714 2.687033e-07 2.660476e-07 67.000000 21
37017769.526537 2.658646e-07 2.632359e-07 67.000000 21
37425308.458143 2.605283e-07 2.579772e-07 67.000000 21
37832847.389749 2.553633e-07 2.528856e-07 67.000000 21
38240386.321354 2.503612e-07 2.479536e-07 67.000000 21
38647925.252960 2.455144e-07 2.431740e-07 67.000000 21
39055464.184566 2.428963e-07 2.408162e-07 69.000000 21
39463003.116172 2.400962e-07 2.380396e-07 69.000000 21
39911295.940938 2.350657e-07 2.330736e-07 69.000000 21
40359588.765704 2.302043e-07 2.282729e-07 69.000000 21
40807881.590470 2.255028e-07 2.236289e-07 69.000000 21
41256174.415237 2.209533e-07 2.191344e-07 69.000000 21
41704467.240003 2.181725e-07 2.163772e-07 69.000000 21
42197589.347246 2.133792e-07 2.116431e-07 69.000000 21
42690711.454489 2.087545e-07 2.070739e-07 69.000000 21
43183833.561732 2.042889e-07 2.026609e-07 69.000000 21
43676955.668975 1.999744e-07 1.983964e-07 69.000000 21
44170077.776217 1.972410e-07 1.961719e-07 69.000000 21
44712512.094185 1.941018e-07 1.927115e-07 71.000000 21
45254946.412152 1.896915e-07 1.883483e-07 71.000000 21
45797380.730119 1.854404e-07 1.841416e-07 71.000000 21
46339815.048086 1.813400e-07 1.800833e-07 71.000000 21
46882249.366053 1.786602e-07 1.774237e-07 71.000000 21
47478927.115817 1.743698e-07 1.731787e-07 71.000000 21
48075604.865581 1.702447e-07 1.690957e-07 71.000000 21
48672282.615345 1.662744e-07 1.651649e-07 71.000000 21
49268960.365109 1.636100e-07 1.625204e-07 71.000000 21
49925305.889849 1.594736e-07 1.584262e-07 71.000000 21
50581651.414590 1.555047e-07 1.544963e-07 71.000000 21
51237996.939330 1.526047e-07 1.516923e-07 73.000000 21
51894342.464070 1.489071e-07 1.480273e-07 73.000000 21
52550687.988810 1.463527e-07 1.454901e-07 73.000000 21
53272668.066025 1.425133e-07 1.416856e-07 73.000000 21
53994648.143239 1.388356e-07 1.380403e-07 73.000000 21
54716628.220453 1.353084e-07 1.345431e-07 73.000000 21
55438608.297668 1.328128e-07 1.320639e-07 73.000000 21
56232786.382603 1.291664e-07 1.284495e-07 73.000000 21
57026964.467539 1.256805e-07 1.249928e-07 73.000000 21
57821142.552475 1.281309e-07 1.234989e-07 65.000000 80
58694738.445904 1.411933e-07 1.359558e-07 65.000000 80
59568334.339334 1.418227e-07 1.406284e-07 65.000000 80
60441930.232763 1.386834e-07 1.377251e-07 67.000000 80
61315526.126192 1.347017e-07 1.337775e-07 67.000000 80
62189122.019622 1.308635e-07 1.299713e-07 67.000000 80
63062717.913051 1.279263e-07 1.271601e-07 69.000000 80
63936313.806480 1.243246e-07 1.235833e-07 69.000000 80
64809909.699910 1.208434e-07 1.201256e-07 69.000000 80
65683505.593339 1.174759e-07 1.167801e-07 69.000000 80
66557101.486768 1.148868e-07 1.142154e-07 71.000000 80
67430697.380198 1.117081e-07 1.110560e-07 71.000000 80
68304293.273627 1.088519e-07 1.082076e-07 71.000000 80
69265248.756399 1.058168e-07 1.052011e-07 71.000000 80
70226204.239171 1.026123e-07 1.020112e-07 71.000000 80
71187159.721944 9.969800e-08 9.910549e-08 71.000000 80
72244210.752993 9.722576e-08 9.659042e-08 73.000000 80
73301261.784043 9.396797e-08 9.335051e-08 73.000000 80
74358312.815092 9.099597e-08 9.039034e-08 73.000000 80
75521068.949247 8.779169e-08 8.721945e-08 73.000000 80
76683825.083401 8.451325e-08 8.396092e-08 73.000000 80
77846581.217556 8.151141e-08 8.097493e-08 73.000000 80
79125612.965125 7.886511e-08 7.826169e-08 75.000000 80
80404644.712695 7.555750e-08 7.498642e-08 75.000000 80
81683676.460265 7.252443e-08 7.198288e-08 75.000000 80
83090611.382592 6.921066e-08 6.871462e-08 75.000000 80
84497546.304919 6.609488e-08 6.563175e-08 75.000000 80
86045174.719479 6.267928e-08 6.226204e-08 75.000000 80
87592803.134038 5.993960e-08 5.949945e-08 77.000000 80
89295194.390054 5.638845e-08 5.601518e-08 77.000000 80
90997585.646069 5.327350e-08 5.312430e-08 77.000000 21
92870216.027686 5.167792e-08 5.158193e-08 39.000000 31
94930109.447465 5.031187e-08 4.936080e-08 39.000000 31
96990002.867244 4.904032e-08 4.796090e-08 39.000000 31
99049896.287023 4.785283e-08 4.683820e-08 39.000000 31
101109789.706801 4.707753e-08 4.610890e-08 39.000000 31
103375672.468558 4.590867e-08 4.559252e-08 39.000000 31
105641555.230315 4.556792e-08 4.481272e-08 41.000000 31
107907437.992071 4.449362e-08 4.378089e-08 41.000000 31
110173320.753828 4.348054e-08 4.280547e-08 41.000000 31
112439203.515585 4.283293e-08 4.218230e-08 41.000000 31
114931674.553517 4.354803e-08 4.296626e-08 33.000000 72
117424145.591449 4.698259e-08 4.618463e-08 33.000000 72
119916616.629382 4.934793e-08 4.710056e-08 31.000000 72
122409087.667314 5.025952e-08 4.734510e-08 29.000000 72
124901558.705246 5.141083e-08 4.826168e-08 27.000000 72
127394029.743179 4.968495e-08 4.940757e-08 25.000000 72
129886500.781111 5.084871e-08 4.752759e-08 25.000000 72
132378971.819043 4.909095e-08 4.894899e-08 23.000000 72
134871442.856975 5.066472e-08 4.716090e-08 23.000000 72
137363913.894908 4.884412e-08 4.547527e-08 23.000000 72
139856384.932840 4.895189e-08 4.712587e-08 21.000000 72
142348855.970773 4.908175e-08 4.550194e-08 21.000000 72
144841327.008705 4.741314e-08 4.396510e-08 21.000000 72
147333798.046637 4.583239e-08 4.419723e-08 21.000000 72
149826269.084570 4.784108e-08 4.433306e-08 19.000000 72
152318740.122502 4.629072e-08 4.290931e-08 19.000000 72
154811211.160434 4.481720e-08 4.155585e-08 19.000000 72
157303682.198367 4.341522e-08 4.026787e-08 19.000000 72
159796153.236299 4.207998e-08 4.012793e-08 19.000000 72
162288624.274231 4.326925e-08 4.080708e-08 17.000000 72
164781095.312164 4.237648e-08 3.959250e-08 17.000000 72
167273566.350096 4.111944e-08 3.843256e-08 17.000000 72
169766037.388028 3.991826e-08 3.732388e-08 17.000000 72
172258508.425961 3.902435e-08 3.648093e-08 17.000000 72
175000226.567686 3.779202e-08 3.534486e-08 17.000000 72
177741944.709412 3.661822e-08 3.426234e-08 17.000000 72
180483662.851137 3.549914e-08 3.530443e-08 17.000000 72
183225380.992863 3.633751e-08 3.464518e-08 15.000000 72
186241270.948761 3.512278e-08 3.350323e-08 15.000000 72
189257160.904659 3.396896e-08 3.241793e-08 15.000000 72
192273050.860557 3.287185e-08 3.138540e-08 15.000000 72
195288940.816455 3.202448e-08 3.065277e-08 15.000000 72
198606419.767943 3.091067e-08 2.961326e-08 15.000000 72
201923898.719431 2.985493e-08 2.862689e-08 15.000000 72
205241377.670919 2.902527e-08 2.784725e-08 15.000000 72
208890604.517556 2.796053e-08 2.685134e-08 15.000000 72
212539831.364192 2.695439e-08 2.590921e-08 15.000000 72
216189058.210829 2.615056e-08 2.571550e-08 15.000000 72
220203207.742130 2.573410e-08 2.557798e-08 13.000000 72
224217357.273430 2.475264e-08 2.463029e-08 13.000000 72
228231506.804730 2.395931e-08 2.386912e-08 13.000000 72
232647071.289161 2.298274e-08 2.292381e-08 13.000000 72
237062635.773591 2.302672e-08 2.206571e-08 1.000000 37
241478200.258022 2.477236e-08 2.213845e-08 1.000000 37
245893764.742452 2.492504e-08 2.373111e-08 1.000000 37
250309329.226883 2.400040e-08 2.392488e-08 1.000000 37
254724893.711313 2.312645e-08 2.305480e-08 1.000000 37
259140458.195743 2.229935e-08 2.223129e-08 1.000000 37
263556022.680174 2.163876e-08 2.157316e-08 1.000000 37
268413143.613047 2.080743e-08 2.074538e-08 1.000000 37
273270264.545921 2.002306e-08 1.996428e-08 1.000000 37
278127385.478794 1.938591e-08 1.932946e-08 1.000000 37
283470218.504955 1.860274e-08 1.854949e-08 1.000000 37
288813051.531116 1.796043e-08 1.790949e-08 1.000000 37
294690167.859893 1.718527e-08 1.713742e-08 1.000000 37
300567284.188670 1.645917e-08 1.641415e-08 1.000000 37
306444400.517447 1.585411e-08 1.581119e-08 1.000000 37
312909228.479101 1.514004e-08 1.509984e-08 1.000000 37
319374056.440756 1.453993e-08 1.450176e-08 1.000000 37
326485367.198576 1.384406e-08 1.380846e-08 1.000000 37
333596677.956396 1.325446e-08 1.322080e-08 1.000000 37
341419119.789998 1.258257e-08 1.255132e-08 1.000000 37
349241561.623600 1.200884e-08 1.197944e-08 1.000000 37
357846247.640562 1.136618e-08 1.133898e-08 1.000000 37
366450933.657525 1.081330e-08 1.078783e-08 1.000000 37
375916088.276183 1.020434e-08 1.018089e-08 1.000000 37
385381242.894842 9.676763e-09 9.654898e-09 1.000000 37
395792912.975366 9.105140e-09 9.085087e-09 1.000000 37
406204583.055890 8.606605e-09 8.588000e-09 1.000000 37
417657420.144467 8.096568e-09 8.079427e-09 1.000000 37
430255540.941902 7.560095e-09 7.544551e-09 1.000000 37
442853661.739336 7.089839e-09 7.075584e-09 1.000000 37
456711594.616514 6.614999e-09 6.602023e-09 1.000000 37
471955320.781410 6.129818e-09 6.118181e-09 1.000000 37
487199046.946305 5.702718e-09 5.692171e-09 1.000000 37
503967145.727691 5.277131e-09 5.267647e-09 1.000000 37
522412054.387214 4.856655e-09 4.848194e-09 1.000000 37
542701453.912691 4.444833e-09 4.437348e-09 1.000000 37
565019793.390714 4.045037e-09 4.038469e-09 1.000000 37
589569966.816540 3.660332e-09 3.654617e-09 1.000000 37
616575157.584949 3.293382e-09 3.288449e-09 1.000000 37
646280867.430199 2.946367e-09 2.942143e-09 1.000000 37
678957148.259974 2.620938e-09 2.617350e-09 1.000000 37
714901057.172726 2.318212e-09 2.315186e-09 1.000000 37
754439356.976753 2.038780e-09 2.036247e-09 1.000000 37
797931486.761183 1.782753e-09 1.780647e-09 1.000000 37
845772829.524056 1.549816e-09 1.548076e-09 1.000000 37
898398306.563216 1.406396e-09 1.396801e-09 47.000000 33
956286331.306293 1.414135e-09 1.400946e-09 47.000000 33
1019963158.523677 1.415228e-09 1.397713e-09 47.000000 33
1090007668.462800 1.297309e-09 1.263747e-09 47.000000 33
1167056629.395834 1.182838e-09 1.167560e-09 49.000000 33
1251810486.422172 1.067770e-09 1.052779e-09 49.000000 33
1336564343.448510 9.625431e-10 9.574424e-10 51.000000 33
1429793586.177482 8.632921e-10 8.578961e-10 51.000000 33
1532345753.179352 7.702063e-10 7.646549e-10 51.000000 33
1645153136.881408 6.840587e-10 6.834629e-10 53.000000 33
1769241258.953670 6.042041e-10 6.031518e-10 53.000000 33
1905738193.233158 5.306463e-10 5.292846e-10 53.000000 33
2055884820.940594 4.633275e-10 4.617769e-10 53.000000 33
2221046111.418775 4.021148e-10 4.004724e-10 53.000000 33
2402723530.944774 3.468134e-10 3.454074e-10 53.000000 33
2602568692.423372 2.972004e-10 2.960965e-10 53.000000 33
2822398370.049830 2.529693e-10 2.520943e-10 53.000000 33
3064211015.438935 2.137851e-10 2.130859e-10 53.000000 33
3330204925.366950 1.793354e-10 1.787688e-10 53.000000 33
3622798226.287766 1.492717e-10 1.488057e-10 53.000000 33
3944650857.300663 1.197514e-10 1.193475e-10 53.000000 33
4363059277.617430 9.544132e-11 9.512296e-11 53.000000 33
4823308539.965874 7.256623e-11 7.231773e-11 3.000000 62
5421632581.018850 5.373024e-11 5.218738e-11 3.000000 62
6199453834.387720 3.741397e-11 3.536886e-11 3.000000 62
7210621463.767251 2.425892e-11 2.252399e-11 3.000000 62
8525139381.960641 1.447139e-11 1.357138e-11 3.000000 62
10234012675.612049 7.324941e-12 6.922955e-12 3.000000 62
12797322616.089161 3.018892e-12 2.869022e-12 3.000000 62
16642287526.804827 9.742333e-13 9.278947e-13 3.000000 62
22409734892.878326 1.889568e-13 1.798456e-13 3.000000 62
33944629625.025326 8.703084e-15 8.235138e-15 3.000000 62
91619103285.760330 4.691952e-17 4.522291e-17 11.000000 70
668363839893.110352 3.561112e-19 3.063594e-19 11.000000 6
6435811205966.610352 1.943098e-21 1.675861e-21 55.000000 80
64110284866701.609375 5.642423e-23 5.151601e-23 55.000000 80
640855021474051.625000 1.696467e-24 1.542312e-24 55.000000 80
6408302387547552.000000 5.232170e-26 4.757034e-26 55.000000 80
64082776048282552.000000 1.628567e-27 1.478608e-27 55.000000 80
640827512655632512.000000 5.085738e-29 4.609643e-29 55.000000 80
6408274878729132032.000000 1.592000e-30 1.438142e-30 55.000000 80
64082748539464130560.000000 5.077807e-32 4.494359e-32 55.000000 80
640827485146814087168.000000 1.477271e-33 1.397804e-33 55.000000 22
6408274851220313604096.000000 5.217307e-35 5.002689e-35 3.000000 16
64082748511955311394816.000000 8.270543e-36 8.139011e-36 1.000000 17
640827485119305264136192.000000 4.043443e-37 3.941230e-37 37.000000 6
6408274851192805412306944.000000 5.458233e-38 5.220684e-38 15.000000 70
64082748511927800719998976.000000 4.276362e-39 4.227446e-39 31.000000 6
640827485119277749501952000.000000 6.985164e-40 6.565646e-40 17.000000 70
6408274851192777220141613056.000000 8.533355e-41 8.013772e-41 23.000000 14
64082748511927774400439386112.000000 7.036785e-42 6.912271e-42 3.000000 62
640827485119277884741882216448.000000 6.208818e-43 6.019345e-43 19.000000 14
6408274851192778284468868743168.000000 1.027945e-43 9.800000e-44 19.000000 14
64082748511927780592888873746432.000000 3.792492e-45 3.472948e-45 35.000000 6
640827485119277751885693209018368.000000 8.538766e-46 7.810865e-46 21.000000 70
6408274851192777951202496317751296.000000 8.089197e-47 8.081578e-47 1.000000 16
64082748511927774900338944750125056.000000 7.305289e-48 5.377634e-48 39.000000 6
640827485119277749003389447501250560.000000 4.903514e-49 3.709542e-49 39.000000 6
6408274851192777194885989295659679744.000000 5.750710e-50 5.529120e-50 21.000000 14
64082748511927774310043134391419404288.000000 5.836042e-51 5.463116e-51 25.000000 14
640827485119277799768829138349936607232.000000 6.655437e-52 5.499995e-52 19.000000 70
6408274851192777544341109028013425557504.000000 6.463304e-53 4.033742e-53 33.000000 6
64082748511927785114817647197167653224448.000000 5.629371e-54 4.745591e-54 17.000000 70
640827485119277851148176471971676532244480.000000 6.411644e-55 5.859262e-55 21.000000 14
6408274851192779130451784362406902772006912.000000 9.333522e-56 4.761388e-56 35.000000 6
64082748511927781400997529341026828527075328.000000 5.132870e-57 3.632296e-57 41.000000 6
640827485119277853624056550542437082042728448.000000 2.685912e-58 2.090860e-58 35.000000 6
6408274851192778536240565505424370820427284480.000000 8.388479e-59 5.480924e-59 35.000000 6
64082748511927775221200853228408496230647201792.000000 8.449304e-60 7.465110e-60 35.000000 6
640827485119277833341646946890766658095477161984.000000 7.181165e-61 6.330289e-61 29.000000 6
6408274851192778495675746298121029972532781907968.000000 6.992506e-62 5.610967e-62 35.000000 6
64082748511927795341351180050865556786320477519872.000000 5.774673e-63 5.694723e-63 35.000000 6
640827485119277870336762063951413511375263507677184.000000 5.699314e-64 4.313465e-64 41.000000 6
6408274851192779035674619585743103339704400146857984.000000 4.998048e-65 4.794885e-65 1.000000 17
64082748511927795673658178997094525012272242589958144.000000 7.788511e-66 7.614716e-66 13.000000 14
640827485119277914201285924853637317200896496928555008.000000 5.572425e-67 5.150750e-67 23.000000 14
6408274851192778631589308867128677976947053821633232896.000000 6.415343e-68 6.277743e-68 43.000000 6
64082748511927783593634153303779072062473678762186637312.000000 8.456273e-69 6.620558e-69 35.000000 6
640827485119277901270555981857975705592661414521362972672.000000 5.121818e-70 3.890252e-70 25.000000 6
6408274851192779186930131682100250349174413150278953992192.000000 5.646199e-71 5.628122e-71 43.000000 6
64082748511927783506521867372018825415849779259653975179264.000000 5.355736e-72 3.767466e-72 39.000000 6
640827485119277857365963872250811395694216065244901257773056.000000 6.416045e-73 6.338269e-73 15.000000 14
6408274851192779108877523487243069353799399196009688721260544.000000 5.143378e-74 4.073112e-74 37.000000 6
64082748511927792516022927578390574596279961409592023595352064.000000 2.552828e-75 2.390838e-75 25.000000 6
640827485119277947996192359079263842895375125287842418077466624.000000 7.773937e-76 7.459771e-76 1.000000 17
6408274851192779297274218924429773653493147163343046723783098368.000000 6.074180e-77 4.645772e-77 23.000000 6
64082748511927797357247101237006491145985969782279526205628612608.000000 8.698410e-78 7.734734e-78 1.000000 17
640827485119277950188444815075618220200902374362266947561365438464.000000 4.055131e-79 2.853677e-79 29.000000 6
6408274851192779688956657729111755732080682331306895991573019885568.000000 6.868530e-80 5.848871e-80 41.000000 6
64082748511927801379299607171651322042526629417490396298754970877952.000000 9.102944e-81 4.817669e-81 35.000000 6
640827485119277965902510419657486396726921695727741974901952140541952.000000 5.700297e-82 3.747276e-82 35.000000 6
6408274851192780425272874629519293146442730532432011558389082497220608.000000 5.868858e-83 4.783917e-83 45.000000 6
64082748511927795057755501099859781314345142422465013871456091870593024.000000 8.282209e-84 7.774745e-84 17.000000 14
640827485119277926057626357144376079409898989819703200814734963768295424.000000 8.758141e-85 8.737647e-85 11.000000 17
6408274851192779456735692802277534663967409373436607511345957277184032768.000000 5.467077e-86 3.528145e-86 41.000000 6
64082748511927792998081494176105155680726737932449471087870711655831699456.000000 8.031222e-87 8.030635e-87 7.000000 17
640827485119277929980814941761051556807267379324494710878707116558316994560.000000 6.228312e-88 6.208713e-88 41.000000 6
6408274851192779299808149417610515568072673793244947108787071165583169945600.000000 8.262233e-89 6.615802e-89 41.000000 6
64082748511927792998081494176105155680726737932449471087870711655831699456000.000000 4.009498e-90 3.765094e-90 1.000000 17
640827485119277878558797525473362739464480424407291430168211315508946264915968.000000 7.708209e-91 7.545123e-91 15.000000 70
6408274851192779196964114585035137933387099883410540547366079563484428486311936.000000 7.454627e-92 7.121038e-92 1.000000 17
64082748511927788678632031207939295023932633719404395508189064367684558165901312.000000 5.363211e-93 4.886845e-93 45.000000 6
640827485119277834130174477800799601280312495358827795634342943402289954503524352.000000 5.565764e-94 5.504594e-94 23.000000 14
6408274851192778762550911452236742804475235688270007231923811036219344562279153664.000000 5.681902e-95 4.496225e-95 45.000000 6
64082748511927787625509114522367428044752356882700072319238110362193445622791536640.000000 4.247042e-96 3.592084e-96 39.000000 6
640827485119277795375251143771754896446478307768108702280947836000217012917084618752.000000 7.328468e-97 4.599504e-97 39.000000 6
6408274851192778169432084774922667321800903773838132411906633740326749977999728181248.000000 5.975457e-98 4.772668e-98 35.000000 6
64082748511927776518011087656303832641942141030612234780734608275477583408104113963008.000000 4.544088e-99 4.437610e-99 35.000000 6
640827485119277765180110876563038326419421410306122347807346082754775834081041139630080.000000 6.626427e-100 6.227346e-100 15.000000 14
6408274851192776768377576376438218472545463731601965564331512389738279280007310749990912.000000 4.775101e-101 4.195024e-101 23.000000 70
64082748511927774751164022877919503058644640287693718953250711399858625286497912670388224.000000 5.545040e-102 5.399244e-102 39.000000 6
640827485119277719242087192325045757253686390990240936292764763988682922919279906021965824.000000 6.121845e-103 5.946201e-103 1.000000 17
6408274851192777192420871923250457572536863909902409362927647639886829229192799060219658240.000000 6.794247e-104 5.983678e-104 35.000000 6
64082748511927779161214296564766789698555202142018334458650518001403544758026991096767184896.000000 6.312371e-105 6.143756e-105 35.000000 6
640827485119277791612142965647667896985552021420183344586505180014035447580269910967671848960.000000 6.312484e-106 6.142760e-106 3.000000 16
6408274851192777916121429656476678969855520214201833445865051800140354475802699109676718489600.000000 9.186320e-107 8.969528e-107 15.000000 14
64082748511927779161214296564766789698555202142018334458650518001403544758026991096767184896000.000000 1.186147e-107 1.166149e-107 13.000000 70
640827485119277761969368120894721868551379859196078934149389105610051053479128404941910661136384.000000 4.412104e-109 3.616256e-109 41.000000 6
6408274851192777856835879966970786912987175889753624624990819651332385687600416097625196113952768.000000 6.820139e-110 6.300768e-110 41.000000 6
64082748511927780465496389733896414949658777279878928517883625275178858098477217361900677160239104.000000 4.429074e-111 4.358064e-111 31.000000 6
640827485119277789477863176825455782938291625740047827035032822656948571204987722533817043436699648.000000 3.258296e-112 3.209621e-112 37.000000 6
6408274851192778380445854824686825559248392963280204930952037989604366025002979660064241735669121024.000000 4.650932e-113 4.487134e-113 41.000000 6
64082748511927779919120763795410113753560115985764236024706701791764617746404977122833846946274213888.000000 7.577129e-114 7.425344e-114 31.000000 6
