41.3280	2.5600e-17	0.7300	0.2700
41.6050	2.6240e-17	0.7300	0.2700
41.8870	2.6950e-17	0.7300	0.2700
42.1720	2.7470e-17	0.7300	0.2700
42.4600	2.8480e-17	0.7300	0.2700
42.7530	2.6850e-17	0.7300	0.2700
43.0500	2.7040e-17	0.7300	0.2700
43.3510	2.9390e-17	0.7300	0.2700
43.6560	2.8820e-17	0.7300	0.2700
43.9660	2.9680e-17	0.7300	0.2700
44.2800	3.0610e-17	0.7300	0.2700
44.5990	3.1490e-17	0.7300	0.2700
44.9220	3.2100e-17	0.7300	0.2700
45.2500	3.2830e-17	0.7300	0.2700
45.5820	3.2670e-17	0.7300	0.2700
45.9200	3.3510e-17	0.7300	0.2700
46.2630	3.3570e-17	0.7300	0.2700
46.6110	3.4460e-17	0.7300	0.2700
46.9640	3.5260e-17	0.7300	0.2700
47.3220	3.5830e-17	0.7300	0.2700
47.6860	3.6360e-17	0.7300	0.2700
48.0560	3.6750e-17	0.7300	0.2700
48.4310	3.7280e-17	0.7300	0.2700
48.8130	3.8040e-17	0.7300	0.2700
49.2000	3.8690e-17	0.7300	0.2700
49.5940	3.9260e-17	0.7300	0.2700
49.9940	3.9900e-17	0.7300	0.2700
50.4000	4.0630e-17	0.7300	0.2700
50.8130	4.1180e-17	0.7300	0.2700
51.2330	4.2060e-17	0.7300	0.2700
51.6600	4.2790e-17	0.7300	0.2700
52.0940	4.3500e-17	0.7300	0.2700
52.5360	4.4300e-17	0.7300	0.2700
52.9850	4.4950e-17	0.7300	0.2700
53.4410	4.5780e-17	0.7300	0.2700
53.9060	4.6820e-17	0.7300	0.2700
54.3790	4.7600e-17	0.7300	0.2700
54.8600	4.8410e-17	0.7300	0.2700
55.3500	4.9490e-17	0.7300	0.2700
55.8490	5.0400e-17	0.7300	0.2700
56.3560	5.2010e-17	0.7300	0.2700
56.8740	5.2980e-17	0.7300	0.2700
57.4000	5.4010e-17	0.7300	0.2700
57.9370	5.4910e-17	0.7300	0.2700
58.4830	5.5750e-17	0.7300	0.2700
59.0400	5.6570e-17	0.7300	0.2700
59.6080	5.7420e-17	0.7300	0.2700
60.1870	5.8240e-17	0.7300	0.2700
60.7770	5.9140e-17	0.7300	0.2700
61.3780	6.0280e-17	0.7300	0.2700
61.9920	6.1820e-17	0.7300	0.2700
62.6180	6.3150e-17	0.7300	0.2700
63.2570	6.4590e-17	0.7300	0.2700
63.9090	6.6030e-17	0.7300	0.2700
64.5750	6.7340e-17	0.7300	0.2700
65.2550	6.8650e-17	0.7300	0.2700
65.9490	7.0260e-17	0.7300	0.2700
66.6580	7.2310e-17	0.7300	0.2700
67.3830	7.3070e-17	0.7300	0.2700
68.1230	7.4250e-17	0.7300	0.2700
68.8800	7.5630e-17	0.7300	0.2700
69.6540	7.6960e-17	0.7300	0.2700
70.4460	7.7440e-17	0.7300	0.2700
71.2550	7.9730e-17	0.7300	0.2700
72.0840	8.0170e-17	0.7300	0.2700
72.9320	8.1150e-17	0.7300	0.2700
73.8000	8.0940e-17	0.7300	0.2700
74.6890	8.0720e-17	0.7300	0.2700
75.6000	7.9760e-17	0.7300	0.2700
76.5330	8.1380e-17	0.7300	0.2700
77.4900	8.1660e-17	0.7300	0.2700
78.4710	8.1580e-17	0.7300	0.2700
79.4770	8.0340e-17	0.7300	0.2700
80.5090	7.9410e-17	0.7300	0.2700
81.5690	7.8900e-17	0.7300	0.2700
82.6560	7.8950e-17	0.7300	0.2700
83.7730	7.9020e-17	0.7300	0.2700
84.9210	7.8870e-17	0.7300	0.2700
86.1000	7.6630e-17	0.7300	0.2700
87.3130	7.0510e-17	0.7300	0.2700
88.5600	6.7110e-17	0.7300	0.2700
89.8440	6.7570e-17	0.7300	0.2700
91.1650	6.5600e-17	0.7300	0.2700
92.5260	6.4630e-17	0.7300	0.2700
93.9270	6.4000e-17	0.7300	0.2700
95.3730	6.2490e-17	0.7300	0.2700
96.8630	5.7990e-17	0.7300	0.2700
98.4000	5.4410e-17	0.7300	0.2700
99.9870	5.3500e-17	0.7300	0.2700
101.6260	5.4060e-17	0.7300	0.2700
103.3200	5.3840e-17	0.7300	0.2700
104.1880	5.3710e-17	0.7300	0.2700
105.0710	5.3580e-17	0.7300	0.2700
105.9690	5.3450e-17	0.7300	0.2700
106.8830	5.4610e-17	0.7300	0.2700
107.8120	5.5360e-17	0.7300	0.2700
108.7580	5.6720e-17	0.7300	0.2700
109.7210	5.7000e-17	0.7300	0.2700
110.7000	5.8270e-17	0.7300	0.2700
111.6980	5.9690e-17	0.7300	0.2700
112.7130	6.0820e-17	0.7300	0.2700
113.7470	6.1360e-17	0.7300	0.2700
114.8000	6.2310e-17	0.7300	0.2700
115.8730	6.0130e-17	0.7300	0.2700
116.9660	5.8270e-17	0.7300	0.2700
117.1210	5.7570e-17	0.7300	0.2700
117.3870	6.1660e-17	0.7300	0.2700
117.6320	6.1070e-17	0.7300	0.2700
117.9790	5.3600e-17	0.7300	0.2700
118.1370	5.8800e-17	0.7300	0.2700
118.2600	5.5180e-17	0.7300	0.2700
118.4300	6.0990e-17	0.7300	0.2700
118.6340	5.4510e-17	0.7300	0.2700
118.8610	6.3600e-17	0.7300	0.2700
119.0900	5.4400e-17	0.7300	0.2700
119.2840	5.9300e-17	0.7300	0.2700
119.5840	5.9750e-17	0.7300	0.2700
119.8840	4.6560e-17	0.7300	0.2700
120.2330	6.4190e-17	0.7300	0.2700
120.4900	6.4280e-17	0.7300	0.2700
120.6890	5.9230e-17	0.7300	0.2700
120.8310	4.4910e-17	0.7300	0.2700
120.9840	5.7410e-17	0.7300	0.2700
121.1380	4.9650e-17	0.7300	0.2700
121.3390	6.1590e-17	0.7300	0.2700
121.4820	5.0410e-17	0.7300	0.2700
121.7320	7.3820e-17	0.7300	0.2700
121.8880	6.8570e-17	0.7300	0.2700
121.9840	5.9600e-17	0.7300	0.2700
122.0920	6.4140e-17	0.7300	0.2700
122.5380	6.2480e-17	0.7300	0.2700
122.7320	3.3140e-17	0.7300	0.2700
122.9390	3.5430e-17	0.7300	0.2700
123.2330	6.7380e-17	0.7300	0.2700
123.3430	6.0690e-17	0.7300	0.2700
123.6380	7.6460e-17	0.7300	0.2700
123.8850	4.5590e-17	0.7300	0.2700
124.0840	5.1220e-17	0.7300	0.2700
124.3450	4.3470e-17	0.7300	0.2700
124.7450	8.9740e-17	0.7300	0.2700
124.8830	6.4660e-17	0.7300	0.2700
125.1360	9.4200e-17	0.7300	0.2700
125.5920	4.1410e-17	0.7300	0.2700
125.9360	2.9120e-17	0.7300	0.2700
126.1410	3.8620e-17	0.7300	0.2700
126.4890	2.5710e-17	0.7300	0.2700
126.8380	6.9200e-17	0.7300	0.2700
127.2420	7.2190e-17	0.7300	0.2700
127.6870	5.1080e-17	0.7300	0.2700
127.9380	6.4810e-17	0.7300	0.2700
128.2950	9.7600e-17	0.7300	0.2700
128.8950	5.2530e-17	0.7300	0.2700
129.8940	2.8730e-17	0.7300	0.2700
130.1400	3.9610e-17	0.7300	0.2700
130.2490	3.7330e-17	0.7300	0.2700
130.4000	4.2650e-17	0.7300	0.2700
130.6470	2.7170e-17	0.7300	0.2700
131.2000	8.5680e-17	0.7300	0.2700
131.6460	4.5730e-17	0.7300	0.2700
132.0530	8.2880e-17	0.7300	0.2700
132.1930	7.4630e-17	0.7300	0.2700
132.3490	8.5590e-17	0.7300	0.2700
132.9020	4.7270e-17	0.7300	0.2700
133.8920	1.9800e-17	0.7300	0.2700
134.6050	1.2160e-16	0.7300	0.2700
135.8580	1.7480e-17	0.7300	0.2700
136.6520	2.7740e-17	0.7300	0.2700
137.1510	1.4390e-17	0.7300	0.2700
137.5010	1.9820e-17	0.7300	0.2700
137.8060	1.3610e-17	0.7300	0.2700
138.0060	1.4330e-17	0.7300	0.2700
138.2520	1.3020e-17	0.7300	0.2700
138.7310	1.9710e-17	0.7300	0.2700
139.1050	1.1820e-17	0.7300	0.2700
140.4600	6.3770e-17	0.7300	0.2700
140.9390	1.9710e-17	0.7300	0.2700
141.4050	2.9280e-17	0.7300	0.2700
142.1020	1.5200e-17	0.7300	0.2700
142.6580	2.5170e-17	0.7300	0.2700
143.3510	1.3400e-17	0.7300	0.2700
143.6170	1.1220e-17	0.7300	0.2700
143.9170	1.2400e-17	0.7300	0.2700
144.2180	1.0530e-17	0.7300	0.2700
145.2150	2.7780e-17	0.7300	0.2700
145.8120	1.3970e-17	0.7300	0.2700
146.7960	4.4960e-17	0.7300	0.2700
147.3900	1.7870e-17	0.7300	0.2700
147.9700	9.9800e-18	0.7300	0.2700
149.5230	8.8970e-17	0.7300	0.2700
150.7770	1.3920e-17	0.7300	0.2700
151.0710	2.1160e-17	0.7300	0.2700
151.2740	1.8320e-17	0.7300	0.2700
151.7740	3.2250e-17	0.7300	0.2700
152.2210	1.2670e-17	0.7300	0.2700
153.2750	2.6650e-17	0.7300	0.2700
154.0180	2.6230e-16	0.7300	0.2700
155.3690	1.2860e-17	0.7300	0.2700
155.8180	1.4590e-17	0.7300	0.2700
156.5850	9.3000e-18	0.7300	0.2700
157.6810	2.3010e-17	0.7300	0.2700
157.9420	1.8620e-17	0.7300	0.2700
158.9540	5.7600e-18	0.7300	0.2700
160.0000	6.6659e-18	0.7300	0.2700
160.2000	5.9651e-18	0.7300	0.2700
160.4000	5.6345e-18	0.7300	0.2700
160.6000	5.2054e-18	0.7300	0.2700
160.8000	5.0764e-18	0.7300	0.2700
161.0000	4.8654e-18	0.7300	0.2700
161.2000	4.9239e-18	0.7300	0.2700
161.4000	4.9584e-18	0.7300	0.2700
161.6000	5.0235e-18	0.7300	0.2700
161.8000	5.0737e-18	0.7300	0.2700
162.0000	5.2118e-18	0.7300	0.2700
162.2000	5.3339e-18	0.7300	0.2700
162.4000	5.4223e-18	0.7300	0.2700
162.6000	5.5460e-18	0.7300	0.2700
162.8000	5.6598e-18	0.7300	0.2700
163.0000	5.7935e-18	0.7300	0.2700
163.2000	5.8811e-18	0.7300	0.2700
163.4000	6.0068e-18	0.7300	0.2700
163.6000	6.1372e-18	0.7300	0.2700
163.8000	6.1582e-18	0.7300	0.2700
164.0000	6.2515e-18	0.7300	0.2700
164.2000	6.3821e-18	0.7300	0.2700
164.4000	6.4546e-18	0.7300	0.2700
164.6000	6.5799e-18	0.7300	0.2700
164.8000	6.7696e-18	0.7300	0.2700
165.0000	6.8999e-18	0.7300	0.2700
165.2000	6.9945e-18	0.7300	0.2700
165.4000	7.0762e-18	0.7300	0.2700
165.6000	7.1631e-18	0.7300	0.2700
165.8000	7.2407e-18	0.7300	0.2700
166.0000	7.3135e-18	0.7300	0.2700
166.2000	7.4188e-18	0.7300	0.2700
166.4000	7.5008e-18	0.7300	0.2700
166.6000	7.5971e-18	0.7300	0.2700
166.8000	7.6730e-18	0.7300	0.2700
167.0000	7.7758e-18	0.7300	0.2700
167.2000	7.8581e-18	0.7300	0.2700
167.4000	8.0900e-18	0.7300	0.2700
167.6000	8.2943e-18	0.7300	0.2700
167.8000	8.4736e-18	0.7300	0.2700
168.0000	8.5849e-18	0.7300	0.2700
168.2000	8.6795e-18	0.7300	0.2700
168.4000	8.7420e-18	0.7300	0.2700
168.6000	8.7557e-18	0.7300	0.2700
168.8000	8.7234e-18	0.7300	0.2700
169.0000	8.6478e-18	0.7300	0.2700
169.2000	8.5298e-18	0.7300	0.2700
169.4000	8.3529e-18	0.7300	0.2700
169.6000	8.2888e-18	0.7300	0.2700
169.8000	8.2222e-18	0.7300	0.2700
170.0000	8.1587e-18	0.7300	0.2700
170.2000	8.1388e-18	0.7300	0.2700
170.4000	8.1615e-18	0.7300	0.2700
170.6000	8.2055e-18	0.7300	0.2700
170.8000	8.2231e-18	0.7300	0.2700
171.0000	8.3156e-18	0.7300	0.2700
171.2000	8.4409e-18	0.7300	0.2700
171.4000	8.5996e-18	0.7300	0.2700
171.6000	8.7902e-18	0.7300	0.2700
171.8000	8.9786e-18	0.7300	0.2700
172.0000	9.0875e-18	0.7300	0.2700
172.2000	9.1782e-18	0.7300	0.2700
172.4000	9.2781e-18	0.7300	0.2700
172.6000	9.2763e-18	0.7300	0.2700
172.8000	9.1991e-18	0.7300	0.2700
173.0000	9.0753e-18	0.7300	0.2700
173.2000	8.9203e-18	0.7300	0.2700
173.4000	8.6927e-18	0.7300	0.2700
173.6000	8.4581e-18	0.7300	0.2700
173.8000	8.2137e-18	0.7300	0.2700
174.0000	7.9650e-18	0.7300	0.2700
174.2000	7.7346e-18	0.7300	0.2700
174.4000	7.5018e-18	0.7300	0.2700
174.6000	7.2834e-18	0.7300	0.2700
174.8000	7.0423e-18	0.7300	0.2700
175.0000	6.9073e-18	0.7300	0.2700
175.2000	6.7641e-18	0.7300	0.2700
175.4000	6.5280e-18	0.7300	0.2700
175.6000	6.3279e-18	0.7300	0.2700
175.8000	6.1285e-18	0.7300	0.2700
176.0000	5.9341e-18	0.7300	0.2700
176.2000	5.7006e-18	0.7300	0.2700
176.4000	5.4712e-18	0.7300	0.2700
176.6000	5.2474e-18	0.7300	0.2700
176.8000	5.0330e-18	0.7300	0.2700
177.0000	4.8344e-18	0.7300	0.2700
177.2000	4.6218e-18	0.7300	0.2700
177.4000	4.4013e-18	0.7300	0.2700
177.6000	4.2613e-18	0.7300	0.2700
177.8000	4.1560e-18	0.7300	0.2700
178.0000	4.0347e-18	0.7300	0.2700
178.2000	3.9134e-18	0.7300	0.2700
178.4000	3.8213e-18	0.7300	0.2700
178.6000	3.7527e-18	0.7300	0.2700
178.8000	3.6462e-18	0.7300	0.2700
179.0000	3.5142e-18	0.7300	0.2700
179.2000	3.3927e-18	0.7300	0.2700
179.4000	3.2773e-18	0.7300	0.2700
179.6000	3.1768e-18	0.7300	0.2700
179.8000	3.0998e-18	0.7300	0.2700
180.0000	3.0193e-18	0.7300	0.2700
180.5000	2.8863e-18	0.7300	0.2700
181.0000	2.7158e-18	0.7300	0.2700
181.5000	2.5190e-18	0.7300	0.2700
182.0000	2.3864e-18	0.7300	0.2700
182.5000	2.2656e-18	0.7300	0.2700
183.0000	2.1444e-18	0.7300	0.2700
183.5000	2.0335e-18	0.7300	0.2700
184.0000	1.9592e-18	0.7300	0.2700
184.5000	1.8461e-18	0.7300	0.2700
185.0000	1.7236e-18	0.7300	0.2700
185.5000	1.6261e-18	0.7300	0.2700
186.0000	1.5596e-18	0.7300	0.2700
186.5000	1.4537e-18	0.7300	0.2700
187.0000	1.3299e-18	0.7300	0.2700
187.5000	1.2207e-18	0.7300	0.2700
188.0000	1.1288e-18	0.7300	0.2700
188.5000	1.0570e-18	0.7300	0.2700
189.0000	9.3864e-19	0.7300	0.2700
189.5000	8.3401e-19	0.7300	0.2700
190.0000	7.5966e-19	0.7300	0.2700
190.5000	6.8900e-19	0.7300	0.2700
191.0000	6.2021e-19	0.7300	0.2700
191.5000	5.6063e-19	0.7300	0.2700
192.0000	5.0740e-19	0.7300	0.2700
192.5000	4.6673e-19	0.7300	0.2700
193.0000	4.3515e-19	0.7300	0.2700
193.5000	4.0522e-19	0.7300	0.2700
194.0000	3.7954e-19	0.7300	0.2700
194.5000	3.6090e-19	0.7300	0.2700
195.0000	3.5291e-19	0.7300	0.2700
195.5000	3.3227e-19	0.7300	0.2700
196.0000	3.0638e-19	0.7300	0.2700
196.5000	2.8869e-19	0.7300	0.2700
197.0000	2.6869e-19	0.7300	0.2700
197.5000	2.5113e-19	0.7300	0.2700
198.0000	2.3356e-19	0.7300	0.2700
198.5000	2.1978e-19	0.7300	0.2700
199.0000	2.0579e-19	0.7300	0.2700
199.5000	1.9275e-19	0.7300	0.2700
200.0000	1.7923e-19	0.7300	0.2700
