160.0000	3.9930e-17	0.8000	0.2000
165.0000	2.6790e-17	0.8000	0.2000
170.0000	3.0250e-17	0.8000	0.2000
175.0000	6.4110e-18	0.8000	0.2000
180.0000	5.4110e-18	0.8000	0.2000
185.0000	4.9030e-18	0.8000	0.2000
190.0000	6.6140e-18	0.8000	0.2000
195.0000	9.5780e-18	0.8000	0.2000
200.0000	1.2790e-17	0.8000	0.2000
205.0000	2.0460e-17	0.8000	0.2000
210.0000	1.9430e-17	0.8000	0.2000
215.0000	2.1230e-17	0.8000	0.2000
220.0000	1.4950e-17	0.8000	0.2000
225.0000	9.2590e-18	0.8000	0.2000
230.0000	1.3170e-18	0.8000	0.2000
235.0000	5.8960e-19	0.8000	0.2000
240.0000	2.0270e-19	0.8000	0.2000
