34.0000	2.8900e-17	0.2200	0.5100	0.0200	0.0600	0.1100	0.0500	0.0300
36.0000	3.1200e-17	0.2200	0.5100	0.0200	0.0600	0.1100	0.0500	0.0300
38.0000	3.4500e-17	0.2200	0.5100	0.0200	0.0600	0.1100	0.0500	0.0300
40.0000	3.9500e-17	0.2200	0.5100	0.0200	0.0600	0.1100	0.0500	0.0300
42.0000	4.5100e-17	0.2200	0.5100	0.0200	0.0600	0.1100	0.0500	0.0300
44.0000	5.2000e-17	0.2200	0.5100	0.0200	0.0600	0.1100	0.0500	0.0300
46.0000	5.8600e-17	0.2200	0.5100	0.0200	0.0600	0.1100	0.0500	0.0300
48.0000	6.6000e-17	0.2200	0.5100	0.0200	0.0600	0.1100	0.0500	0.0300
50.0000	7.3800e-17	0.2200	0.5100	0.0200	0.0600	0.1100	0.0500	0.0300
52.0000	8.0800e-17	0.2200	0.5100	0.0200	0.0600	0.1100	0.0500	0.0300
54.0000	8.7000e-17	0.2200	0.5100	0.0200	0.0600	0.1100	0.0500	0.0300
56.0000	9.3400e-17	0.2200	0.5100	0.0200	0.0600	0.1100	0.0500	0.0300
58.0000	9.9200e-17	0.2200	0.5100	0.0200	0.0600	0.1100	0.0500	0.0300
60.0000	1.0500e-16	0.2200	0.5100	0.0200	0.0600	0.1100	0.0500	0.0300
62.0000	1.1000e-16	0.2200	0.5100	0.0200	0.0600	0.1100	0.0500	0.0300
64.0000	1.1400e-16	0.2200	0.5100	0.0200	0.0600	0.1100	0.0500	0.0300
66.0000	1.1800e-16	0.2200	0.5100	0.0200	0.0600	0.1100	0.0500	0.0300
68.0000	1.2070e-16	0.2200	0.5100	0.0200	0.0600	0.1100	0.0500	0.0300
70.0000	1.2300e-16	0.2200	0.5100	0.0200	0.0600	0.1100	0.0500	0.0300
72.0000	1.2430e-16	0.2200	0.5100	0.0200	0.0600	0.1100	0.0500	0.0300
74.0000	1.2500e-16	0.2200	0.5100	0.0200	0.0600	0.1100	0.0500	0.0300
76.0000	1.2500e-16	0.2200	0.5100	0.0200	0.0600	0.1100	0.0500	0.0300
78.0000	1.2530e-16	0.2200	0.5100	0.0200	0.0600	0.1100	0.0500	0.0300
80.0000	1.2040e-16	0.2200	0.5100	0.0200	0.0600	0.1100	0.0500	0.0300
82.0000	1.2240e-16	0.2200	0.5100	0.0200	0.0600	0.1100	0.0500	0.0300
83.0000	1.2390e-16	0.2200	0.5100	0.0200	0.0600	0.1100	0.0500	0.0300
84.0000	1.2300e-16	0.2200	0.5100	0.0200	0.0600	0.1100	0.0500	0.0300
86.0000	1.1840e-16	0.2200	0.5100	0.0200	0.0600	0.1100	0.0500	0.0300
88.0000	1.1050e-16	0.2200	0.5100	0.0200	0.0600	0.1100	0.0500	0.0300
90.0000	1.0000e-16	0.2200	0.5100	0.0200	0.0600	0.1100	0.0500	0.0300
91.0000	9.4100e-17	0.2200	0.5100	0.0200	0.0600	0.1100	0.0500	0.0300
92.0000	9.0000e-17	0.2200	0.5100	0.0200	0.0600	0.1100	0.0500	0.0300
94.0000	8.4900e-17	0.2200	0.5100	0.0200	0.0600	0.1100	0.0500	0.0300
96.0000	8.0900e-17	0.2200	0.5100	0.0200	0.0600	0.1100	0.0500	0.0300
98.0000	7.7000e-17	0.2200	0.5100	0.0200	0.0600	0.1100	0.0500	0.0300
100.0000	7.4300e-17	0.2200	0.5100	0.0200	0.0600	0.1100	0.0500	0.0300
102.0000	7.4300e-17	0.2200	0.5100	0.0200	0.0600	0.1100	0.0500	0.0300
104.0000	7.5000e-17	0.2200	0.5100	0.0200	0.0600	0.1100	0.0500	0.0300
105.0000	7.5500e-17	0.2200	0.5100	0.0200	0.0600	0.1100	0.0500	0.0300
106.0000	5.6600e-17	0.2200	0.5100	0.0200	0.0600	0.1100	0.0500	0.0300
108.0000	5.9200e-17	0.2200	0.5100	0.0200	0.0600	0.1100	0.0500	0.0300
110.0000	6.0500e-17	0.2200	0.5100	0.0200	0.0600	0.1100	0.0500	0.0300
111.0000	6.1500e-17	0.2200	0.5100	0.0200	0.0600	0.1100	0.0500	0.0300
112.0000	6.0000e-17	0.2200	0.5100	0.0200	0.0600	0.1100	0.0500	0.0300
114.0000	5.3900e-17	0.2200	0.5100	0.0200	0.0600	0.1100	0.0500	0.0300
116.0000	4.8600e-17	0.2200	0.5100	0.0200	0.0600	0.1100	0.0500	0.0300
118.0000	4.4700e-17	0.2200	0.5100	0.0200	0.0600	0.1100	0.0500	0.0300
120.0000	4.2100e-17	0.2200	0.5100	0.0200	0.0600	0.1100	0.0500	0.0300
122.0000	4.3400e-17	0.2200	0.5100	0.0200	0.0600	0.1100	0.0500	0.0300
124.0000	4.4900e-17	0.2200	0.5100	0.0200	0.0600	0.1100	0.0500	0.0300
126.0000	4.4100e-17	0.2200	0.5100	0.0200	0.0600	0.1100	0.0500	0.0300
128.0000	3.8200e-17	0.2200	0.5100	0.0200	0.0600	0.1100	0.0500	0.0300
130.0000	3.0000e-17	0.2200	0.5100	0.0200	0.0600	0.1100	0.0500	0.0300
132.0000	2.4300e-17	0.2200	0.5100	0.0200	0.0600	0.1100	0.0500	0.0300
134.0000	2.0400e-17	0.2200	0.5100	0.0200	0.0600	0.1100	0.0500	0.0300
158.7000	2.9700e-17	0.2200	0.5100	0.0200	0.0600	0.1100	0.0500	0.0300
159.2000	2.7500e-17	0.2200	0.5100	0.0200	0.0600	0.1100	0.0500	0.0300
159.7000	2.4200e-17	0.2200	0.5100	0.0200	0.0600	0.1100	0.0500	0.0300
160.3000	2.1900e-17	0.2200	0.5100	0.0200	0.0600	0.1100	0.0500	0.0300
160.8000	1.9800e-17	0.2200	0.5100	0.0200	0.0600	0.1100	0.0500	0.0300
161.3000	2.3100e-17	0.2200	0.5100	0.0200	0.0600	0.1100	0.0500	0.0300
161.6000	2.3600e-17	0.2200	0.5100	0.0200	0.0600	0.1100	0.0500	0.0300
161.8000	2.2500e-17	0.2200	0.5100	0.0200	0.0600	0.1100	0.0500	0.0300
162.3000	1.9800e-17	0.2200	0.5100	0.0200	0.0600	0.1100	0.0500	0.0300
162.9000	2.2500e-17	0.2200	0.5100	0.0200	0.0600	0.1100	0.0500	0.0300
163.4000	2.4900e-17	0.2200	0.5100	0.0200	0.0600	0.1100	0.0500	0.0300
163.9000	2.5500e-17	0.2200	0.5100	0.0200	0.0600	0.1100	0.0500	0.0300
164.5000	2.1900e-17	0.2200	0.5100	0.0200	0.0600	0.1100	0.0500	0.0300
165.0000	1.8800e-17	0.2200	0.5100	0.0200	0.0600	0.1100	0.0500	0.0300
165.6000	1.7500e-17	0.2200	0.5100	0.0200	0.0600	0.1100	0.0500	0.0300
166.1000	1.7900e-17	0.2200	0.5100	0.0200	0.0600	0.1100	0.0500	0.0300
166.7000	1.9100e-17	0.2200	0.5100	0.0200	0.0600	0.1100	0.0500	0.0300
167.2000	1.8400e-17	0.2200	0.5100	0.0200	0.0600	0.1100	0.0500	0.0300
167.8000	1.7500e-17	0.2200	0.5100	0.0200	0.0600	0.1100	0.0500	0.0300
168.4000	1.6200e-17	0.2200	0.5100	0.0200	0.0600	0.1100	0.0500	0.0300
168.9000	1.4600e-17	0.2200	0.5100	0.0200	0.0600	0.1100	0.0500	0.0300
169.2000	1.4300e-17	0.2200	0.5100	0.0200	0.0600	0.1100	0.0500	0.0300
169.5000	1.4700e-17	0.2200	0.5100	0.0200	0.0600	0.1100	0.0500	0.0300
170.1000	1.5000e-17	0.2200	0.5100	0.0200	0.0600	0.1100	0.0500	0.0300
170.6000	1.6200e-17	0.2200	0.5100	0.0200	0.0600	0.1100	0.0500	0.0300
171.2000	1.7500e-17	0.2200	0.5100	0.0200	0.0600	0.1100	0.0500	0.0300
171.8000	1.7000e-17	0.2200	0.5100	0.0200	0.0600	0.1100	0.0500	0.0300
172.1000	1.6200e-17	0.2200	0.5100	0.0200	0.0600	0.1100	0.0500	0.0300
172.4000	1.7500e-17	0.2200	0.5100	0.0200	0.0600	0.1100	0.0500	0.0300
173.0000	2.3100e-17	0.2200	0.5100	0.0200	0.0600	0.1100	0.0500	0.0300
173.6000	3.1200e-17	0.2200	0.5100	0.0200	0.0600	0.1100	0.0500	0.0300
174.2000	3.8200e-17	0.2200	0.5100	0.0200	0.0600	0.1100	0.0500	0.0300
174.8000	3.6300e-17	0.2200	0.5100	0.0200	0.0600	0.1100	0.0500	0.0300
175.4000	3.3700e-17	0.2200	0.5100	0.0200	0.0600	0.1100	0.0500	0.0300
176.1000	3.2800e-17	0.2200	0.5100	0.0200	0.0600	0.1100	0.0500	0.0300
176.7000	3.2000e-17	0.2200	0.5100	0.0200	0.0600	0.1100	0.0500	0.0300
177.3000	3.4600e-17	0.2200	0.5100	0.0200	0.0600	0.1100	0.0500	0.0300
177.9000	4.0200e-17	0.2200	0.5100	0.0200	0.0600	0.1100	0.0500	0.0300
178.3000	4.4500e-17	0.2200	0.5100	0.0200	0.0600	0.1100	0.0500	0.0300
178.6000	5.4500e-17	0.2200	0.5100	0.0200	0.0600	0.1100	0.0500	0.0300
178.9000	5.1800e-17	0.2200	0.5100	0.0200	0.0600	0.1100	0.0500	0.0300
179.2000	5.4500e-17	0.2200	0.5100	0.0200	0.0600	0.1100	0.0500	0.0300
179.9000	4.9200e-17	0.2200	0.5100	0.0200	0.0600	0.1100	0.0500	0.0300
180.5000	4.6800e-17	0.2200	0.5100	0.0200	0.0600	0.1100	0.0500	0.0300
181.2000	4.3400e-17	0.2200	0.5100	0.0200	0.0600	0.1100	0.0500	0.0300
181.8000	4.2300e-17	0.2200	0.5100	0.0200	0.0600	0.1100	0.0500	0.0300
182.5000	4.4500e-17	0.2200	0.5100	0.0200	0.0600	0.1100	0.0500	0.0300
183.2000	5.0500e-17	0.2200	0.5100	0.0200	0.0600	0.1100	0.0500	0.0300
183.8000	5.5900e-17	0.2200	0.5100	0.0200	0.0600	0.1100	0.0500	0.0300
184.5000	5.7300e-17	0.2200	0.5100	0.0200	0.0600	0.1100	0.0500	0.0300
185.2000	5.5900e-17	0.2200	0.5100	0.0200	0.0600	0.1100	0.0500	0.0300
185.9000	5.3100e-17	0.2200	0.5100	0.0200	0.0600	0.1100	0.0500	0.0300
186.6000	5.1800e-17	0.2200	0.5100	0.0200	0.0600	0.1100	0.0500	0.0300
187.3000	5.3100e-17	0.2200	0.5100	0.0200	0.0600	0.1100	0.0500	0.0300
188.0000	5.4500e-17	0.2200	0.5100	0.0200	0.0600	0.1100	0.0500	0.0300
188.3000	5.7300e-17	0.2200	0.5100	0.0200	0.0600	0.1100	0.0500	0.0300
188.7000	5.5900e-17	0.2200	0.5100	0.0200	0.0600	0.1100	0.0500	0.0300
189.4000	5.1800e-17	0.2200	0.5100	0.0200	0.0600	0.1100	0.0500	0.0300
190.1000	4.6800e-17	0.2200	0.5100	0.0200	0.0600	0.1100	0.0500	0.0300
190.8000	4.0200e-17	0.2200	0.5100	0.0200	0.0600	0.1100	0.0500	0.0300
191.6000	3.6300e-17	0.2200	0.5100	0.0200	0.0600	0.1100	0.0500	0.0300
192.3000	3.2800e-17	0.2200	0.5100	0.0200	0.0600	0.1100	0.0500	0.0300
193.1000	3.3700e-17	0.2200	0.5100	0.0200	0.0600	0.1100	0.0500	0.0300
193.8000	3.2000e-17	0.2200	0.5100	0.0200	0.0600	0.1100	0.0500	0.0300
194.6000	2.5500e-17	0.2200	0.5100	0.0200	0.0600	0.1100	0.0500	0.0300
195.3000	1.9800e-17	0.2200	0.5100	0.0200	0.0600	0.1100	0.0500	0.0300
196.1000	1.5400e-17	0.2200	0.5100	0.0200	0.0600	0.1100	0.0500	0.0300
196.9000	1.2600e-17	0.2200	0.5100	0.0200	0.0600	0.1100	0.0500	0.0300
197.6000	9.7500e-18	0.2200	0.5100	0.0200	0.0600	0.1100	0.0500	0.0300
198.4000	7.5700e-18	0.2200	0.5100	0.0200	0.0600	0.1100	0.0500	0.0300
199.2000	6.1800e-18	0.2200	0.5100	0.0200	0.0600	0.1100	0.0500	0.0300
200.0000	5.7300e-18	0.2200	0.5100	0.0200	0.0600	0.1100	0.0500	0.0300
200.8000	5.3100e-18	0.2200	0.5100	0.0200	0.0600	0.1100	0.0500	0.0300
201.6000	4.8000e-18	0.2200	0.5100	0.0200	0.0600	0.1100	0.0500	0.0300
202.4000	4.1300e-18	0.2200	0.5100	0.0200	0.0600	0.1100	0.0500	0.0300
203.3000	2.6200e-18	0.2200	0.5100	0.0200	0.0600	0.1100	0.0500	0.0300
204.1000	1.8400e-18	0.2200	0.5100	0.0200	0.0600	0.1100	0.0500	0.0300
204.9000	1.5000e-18	0.2200	0.5100	0.0200	0.0600	0.1100	0.0500	0.0300
205.8000	1.2200e-18	0.2200	0.5100	0.0200	0.0600	0.1100	0.0500	0.0300
206.6000	9.5100e-19	0.2200	0.5100	0.0200	0.0600	0.1100	0.0500	0.0300
207.5000	7.3800e-19	0.2200	0.5100	0.0200	0.0600	0.1100	0.0500	0.0300
208.3000	6.0300e-19	0.2200	0.5100	0.0200	0.0600	0.1100	0.0500	0.0300
