z		z0		z1		T		P		1		2		3		4		5		6		7		8		9		10		11		12		13		14		15		16		17		18		19		20		21		22		23		24		25		26		27		28		29		30		31		32		33		34		35		36		37		38		39		40		41		42		43		44		45		46		47		48		49		50		51		52		53		54		55		56		57		58		59		60		61		62		63		64		65		66		67		68		69		70		71		72		73		74		75		76		77		78		79		80		81		82		83		84		85		86		87		88		89		90		91		92		93		94		95		96		97		98		99		100		101		102		103		104		105		106		107		108		109		110		111		
km		km		km		K		Pa		
1.000000	0.000000	2.000000	279.069563	9.117092e+04	5.649311e+03	1.764709e-09	6.322337e+09	1.135602e+05	6.273761e-02	3.389793e+02	4.732469e+17	1.322582e-09	9.188927e-04	7.133243e-09	7.398095e+01	1.599123e+01	2.293468e-07	8.407556e-15	4.606734e-29	2.669211e+00	2.009574e-02	2.391584e-08	1.137675e-16	3.812109e+11	1.819486e+13	1.667919e+09	1.456828e-05	9.346638e+08	2.885020e-15	2.791263e-44	2.029458e-08	1.441293e-11	1.429434e-01	4.387943e-02	2.754433e+05	1.541661e-13	2.217992e+02	6.364816e-01	2.767816e+03	1.074831e-02	4.668461e+01	1.002622e-14	8.790426e-13	2.516083e-13	0.000000e+00	1.026709e-15	8.288841e-16	1.685710e-25	1.222852e-16	2.831524e-16	1.685045e-17	1.442826e-17	3.074398e-38	1.263102e-51	0.000000e+00	2.366234e+15	6.636049e+15	3.089989e+00	2.366234e+19	2.049957e-15	2.520580e-05	1.841197e-12	2.094338e-05	2.178064e+04	2.456173e+06	2.563698e+03	1.330329e+08	3.096008e-19	1.040209e-03	8.689454e-10	3.447521e-22	1.507476e-21	0.000000e+00	3.350204e-18	1.073639e-12	8.102793e-09	9.619972e-17	1.845158e-27	1.248159e-26	0.000000e+00	8.367662e-55	0.000000e+00	0.000000e+00	1.031547e-11	0.000000e+00	0.000000e+00	0.000000e+00	0.000000e+00	0.000000e+00	0.000000e+00	0.000000e+00	0.000000e+00	0.000000e+00	0.000000e+00	0.000000e+00	0.000000e+00	0.000000e+00	0.000000e+00	0.000000e+00	0.000000e+00	0.000000e+00	0.000000e+00	0.000000e+00	0.000000e+00	0.000000e+00	0.000000e+00	0.000000e+00	0.000000e+00	0.000000e+00	1.041478e-49	6.634924e-24	1.272297e-22	4.116727e-08	3.903253e-20	0.000000e+00	
3.000000	2.000000	4.000000	267.344620	7.142100e+04	1.192362e+05	1.625930e-06	2.983792e+09	5.433395e+04	1.046049e+00	2.102585e+02	2.031636e+16	3.818017e-08	1.178803e-02	4.203404e-07	6.113383e+01	1.397868e+01	7.669393e-06	8.843913e-12	9.161786e-26	2.014313e+00	7.573554e-03	4.234918e-07	1.320168e-16	3.344977e+11	1.487704e+13	1.093139e+09	8.927256e-05	7.670218e+08	2.737958e-14	1.232081e-43	1.947667e-07	1.138541e-10	8.377582e-02	2.163460e-02	2.215350e+05	3.847173e-13	3.463369e+02	6.955012e-01	2.348543e+03	5.508466e-03	3.943482e+01	3.599018e-15	3.570492e-11	2.074980e-13	0.000000e+00	1.464115e-15	9.391458e-16	2.331873e-24	2.133485e-16	3.470898e-16	2.125182e-17	2.871275e-17	1.042279e-37	1.093292e-51	0.000000e+00	1.934919e+15	5.426486e+15	6.781098e+01	1.934944e+19	4.152513e-15	6.043559e-05	3.116362e-12	4.469644e-06	9.828413e+03	1.711126e+06	1.208607e+03	2.010928e+08	2.102179e-17	3.983814e-04	4.799048e-09	3.387477e-22	1.708648e-21	0.000000e+00	6.321832e-15	1.017262e-11	3.167818e-08	1.210737e-15	2.858802e-27	1.936059e-26	8.069653e-35	1.290849e-54	0.000000e+00	0.000000e+00	7.819262e-12	0.000000e+00	0.000000e+00	0.000000e+00	0.000000e+00	0.000000e+00	0.000000e+00	0.000000e+00	0.000000e+00	0.000000e+00	0.000000e+00	0.000000e+00	0.000000e+00	0.000000e+00	0.000000e+00	0.000000e+00	0.000000e+00	0.000000e+00	0.000000e+00	0.000000e+00	0.000000e+00	0.000000e+00	0.000000e+00	0.000000e+00	0.000000e+00	0.000000e+00	1.254339e-48	1.675815e-21	3.734938e-20	8.144685e-08	4.307793e-20	0.000000e+00	
5.000000	4.000000	6.000000	253.581730	5.525261e+04	5.254353e+05	2.504955e-05	6.410999e+09	1.617206e+05	6.425956e+00	1.152733e+03	6.147379e+15	5.940002e-06	2.584248e-02	7.205240e-07	5.144658e+01	1.215709e+01	1.327985e-05	3.465033e-11	2.718386e-24	1.607479e+00	1.724648e-02	1.491939e-06	2.841088e-15	2.966968e+11	1.213212e+13	1.066959e+09	7.560882e-05	6.171497e+08	4.747320e-14	6.212959e-44	3.017921e-07	1.340652e-10	5.320873e-02	1.105120e-02	1.764020e+05	4.359295e-12	1.873914e+02	2.528150e-01	5.770284e+02	7.080497e-04	3.345434e+01	6.280686e-15	2.973613e-11	1.703886e-13	8.522417e-31	7.364226e-16	2.110214e-15	4.861897e-23	2.979637e-17	1.036340e-16	9.541858e-18	7.364525e-16	4.095080e-37	1.644975e-51	0.000000e+00	1.578108e+15	4.425853e+15	4.920543e+02	1.578153e+19	6.178448e-15	4.191104e-04	2.140498e-11	5.759910e-06	4.731596e+03	1.161818e+06	6.083092e+02	1.860965e+08	6.755671e-17	1.594221e-04	3.771449e-09	1.391114e-21	5.298075e-21	0.000000e+00	4.134731e-13	3.384371e-11	1.136846e-08	2.637188e-15	8.810810e-27	5.976417e-26	3.531700e-33	2.688171e-55	0.000000e+00	0.000000e+00	5.819175e-12	0.000000e+00	0.000000e+00	0.000000e+00	0.000000e+00	0.000000e+00	0.000000e+00	0.000000e+00	0.000000e+00	0.000000e+00	0.000000e+00	0.000000e+00	0.000000e+00	0.000000e+00	0.000000e+00	0.000000e+00	0.000000e+00	0.000000e+00	0.000000e+00	0.000000e+00	0.000000e+00	0.000000e+00	0.000000e+00	0.000000e+00	0.000000e+00	0.000000e+00	2.252743e-48	2.306424e-21	6.848261e-20	6.783356e-08	6.362375e-20	0.000000e+00	
7.000000	6.000000	8.000000	237.032449	4.206602e+04	1.396797e+06	2.171154e-04	1.011548e+10	3.937996e+05	2.715881e+01	6.066004e+03	1.209226e+15	2.839397e-05	4.052911e-02	1.020151e-06	4.463207e+01	1.062047e+01	1.969161e-05	8.718943e-11	1.842006e-23	1.306551e+00	3.348419e-02	4.256561e-06	2.521275e-14	2.676916e+11	9.879661e+12	9.320115e+08	3.150111e-05	4.660047e+08	7.479078e-14	1.318339e-44	7.860567e-07	2.396407e-10	4.246247e-02	6.615869e-03	1.404785e+05	3.315579e-11	7.071878e+01	5.873637e-02	2.102572e+02	1.102206e-04	2.855845e+01	7.147866e-15	1.439126e-11	1.258866e-13	2.909680e-30	5.573798e-16	2.667237e-15	7.548141e-22	7.092363e-18	4.339003e-17	6.586147e-18	1.314975e-14	1.692668e-36	4.955865e-51	0.000000e+00	1.285338e+15	3.604815e+15	2.312474e+03	1.285397e+19	9.576859e-15	9.558260e-04	8.265448e-11	5.915092e-06	2.517305e+03	7.359182e+05	2.523444e+02	1.553046e+08	3.393327e-16	5.424500e-05	2.249011e-09	4.622782e-21	1.044721e-20	0.000000e+00	5.155383e-12	8.016098e-11	5.309439e-09	4.022274e-15	1.525649e-26	1.036566e-25	1.637686e-32	2.753804e-54	0.000000e+00	0.000000e+00	4.972291e-12	0.000000e+00	0.000000e+00	0.000000e+00	0.000000e+00	0.000000e+00	0.000000e+00	0.000000e+00	0.000000e+00	0.000000e+00	0.000000e+00	0.000000e+00	0.000000e+00	0.000000e+00	0.000000e+00	0.000000e+00	0.000000e+00	0.000000e+00	0.000000e+00	0.000000e+00	0.000000e+00	0.000000e+00	0.000000e+00	0.000000e+00	0.000000e+00	0.000000e+00	9.543802e-48	2.973687e-21	1.242451e-19	4.774052e-08	1.186364e-19	0.000000e+00	
9.000000	8.000000	10.000000	218.558845	3.135678e+04	3.464396e+06	2.527681e-03	1.081477e+10	6.548898e+05	1.093252e+02	2.063193e+04	1.463577e+14	1.241507e-04	5.253213e-02	1.628198e-06	4.006416e+01	9.285863e+00	4.164584e-05	4.101389e-10	2.563184e-22	1.071648e+00	4.557257e-02	1.193380e-05	5.754137e-14	2.456292e+11	7.984929e+12	6.742395e+08	8.760555e-06	3.295207e+08	1.586588e-13	1.205324e-45	3.986227e-06	7.803794e-10	4.484563e-02	4.874751e-03	1.116974e+05	1.156990e-10	3.853579e+01	1.859849e-02	1.145214e+02	2.662921e-05	2.440215e+01	4.219418e-15	6.874704e-12	7.333170e-14	2.797549e-30	4.447247e-16	9.548802e-16	3.853920e-21	2.627331e-18	2.306796e-17	4.857093e-18	4.017823e-14	6.385093e-36	1.237647e-50	0.000000e+00	1.039072e+15	2.914197e+15	1.003689e+04	1.039147e+19	3.438239e-14	1.487262e-03	1.199723e-10	3.955778e-06	1.440862e+03	4.284626e+05	9.699068e+01	1.151336e+08	3.327222e-15	1.757358e-05	1.870527e-09	2.570376e-20	5.937210e-21	0.000000e+00	4.344801e-11	1.871829e-10	9.930091e-09	4.832978e-15	7.552273e-27	5.138344e-26	1.346997e-32	3.903119e-56	0.000000e+00	0.000000e+00	5.243575e-12	0.000000e+00	0.000000e+00	0.000000e+00	0.000000e+00	0.000000e+00	0.000000e+00	0.000000e+00	0.000000e+00	0.000000e+00	0.000000e+00	0.000000e+00	0.000000e+00	0.000000e+00	0.000000e+00	0.000000e+00	0.000000e+00	0.000000e+00	0.000000e+00	0.000000e+00	0.000000e+00	0.000000e+00	0.000000e+00	0.000000e+00	0.000000e+00	0.000000e+00	1.683653e-46	7.344649e-21	4.502216e-19	3.744037e-08	2.593042e-19	0.000000e+00	
11.000000	10.000000	12.000000	201.791815	2.278579e+04	1.053062e+07	6.182094e-02	7.520111e+09	6.431608e+05	4.953027e+02	2.637065e+04	1.533816e+13	4.801915e-04	6.296620e-02	3.711843e-06	3.808021e+01	8.220001e+00	1.641833e-04	6.177326e-09	9.232296e-21	8.337926e-01	3.677690e-02	3.488246e-05	3.233363e-14	2.311751e+11	6.281907e+12	3.319146e+08	1.874296e-06	2.219021e+08	4.917759e-13	6.669071e-47	2.486063e-05	3.074274e-09	4.912535e-02	3.681367e-03	8.696140e+04	1.590040e-10	2.822540e+01	8.382442e-03	6.767683e+01	3.097465e-05	2.082313e+01	1.334038e-15	5.611172e-12	3.827481e-14	0.000000e+00	3.452702e-16	9.793185e-16	3.854340e-20	1.178045e-18	1.418609e-17	3.387051e-18	4.929296e-14	3.387998e-35	1.657307e-50	0.000000e+00	8.177572e+14	2.293565e+15	5.034882e+04	8.178515e+18	8.269611e-13	1.076849e-03	6.256773e-11	1.568888e-06	8.040038e+02	2.457443e+05	5.234245e+01	5.298791e+07	4.100481e-14	8.093923e-06	3.784666e-09	1.316017e-19	8.677159e-21	0.000000e+00	6.155104e-10	4.895159e-10	5.762642e-08	5.469840e-15	1.082013e-26	7.367795e-26	0.000000e+00	2.344985e-56	0.000000e+00	0.000000e+00	5.829473e-12	0.000000e+00	0.000000e+00	0.000000e+00	0.000000e+00	0.000000e+00	0.000000e+00	0.000000e+00	0.000000e+00	0.000000e+00	0.000000e+00	0.000000e+00	0.000000e+00	0.000000e+00	0.000000e+00	0.000000e+00	0.000000e+00	0.000000e+00	0.000000e+00	0.000000e+00	0.000000e+00	0.000000e+00	0.000000e+00	0.000000e+00	0.000000e+00	0.000000e+00	5.221812e-45	5.513874e-20	4.320850e-18	3.850106e-08	7.127454e-19	0.000000e+00	
13.000000	12.000000	14.000000	191.453476	1.620646e+04	2.913083e+07	1.619789e+00	4.270676e+09	6.052450e+05	2.402819e+03	2.268966e+04	3.129906e+12	2.202594e-03	1.120563e-01	1.669448e-05	6.712234e+01	1.022240e+01	8.948741e-04	1.250997e-07	7.448628e-19	7.255373e-01	3.740999e-02	1.414859e-04	2.364737e-14	3.065747e+11	4.697440e+12	1.582537e+08	2.989793e-07	9.923024e+07	4.040210e-12	1.360377e-47	1.424861e-04	1.242941e-08	6.144659e-02	3.538785e-03	6.413683e+04	3.575274e-10	3.891489e+01	1.038375e-02	6.306850e+01	1.331053e-04	2.303418e+01	7.668929e-16	1.032788e-11	9.673811e-15	6.342930e-32	1.703630e-16	9.415012e-16	1.822181e-19	4.067283e-19	5.518673e-18	1.367548e-18	4.955231e-14	2.939989e-34	5.014502e-50	0.000000e+00	6.129184e+14	1.719304e+15	2.958465e+05	6.131106e+18	3.561646e-11	7.705508e-04	4.671969e-11	1.102195e-06	6.430433e+02	2.239382e+05	3.666968e+01	2.553253e+07	4.536868e-13	6.575459e-06	1.330892e-08	9.114027e-19	1.339715e-20	0.000000e+00	1.328077e-08	2.158700e-09	7.220673e-07	1.036270e-14	1.510288e-26	1.027923e-25	0.000000e+00	1.098559e-61	0.000000e+00	0.000000e+00	8.628409e-12	0.000000e+00	0.000000e+00	0.000000e+00	0.000000e+00	0.000000e+00	0.000000e+00	0.000000e+00	0.000000e+00	0.000000e+00	0.000000e+00	0.000000e+00	0.000000e+00	0.000000e+00	0.000000e+00	0.000000e+00	0.000000e+00	0.000000e+00	0.000000e+00	0.000000e+00	0.000000e+00	0.000000e+00	0.000000e+00	0.000000e+00	0.000000e+00	0.000000e+00	7.945756e-43	1.827798e-18	1.237538e-16	1.089715e-07	5.906990e-18	0.000000e+00	
15.000000	14.000000	16.000000	185.688787	1.137793e+04	6.236995e+07	2.264666e+01	2.588154e+09	6.396897e+05	9.380515e+03	2.007408e+04	1.194307e+12	1.256240e-02	1.252450e-01	4.767452e-05	2.150894e+02	1.944310e+01	4.857644e-03	1.660429e-06	4.460993e-17	7.233502e-01	6.194591e-02	5.990722e-04	3.590135e-14	4.469275e+11	3.365651e+12	8.202419e+07	2.880516e-07	2.299074e+07	5.630596e-11	9.496038e-48	5.977880e-04	4.000866e-08	8.123833e-02	3.898059e-03	4.874023e+04	1.286843e-09	6.197797e+01	1.985895e-02	7.022336e+01	5.231594e-04	3.829886e+01	1.085690e-15	3.128227e-11	4.301890e-15	0.000000e+00	1.762923e-16	1.387270e-15	7.588020e-19	2.769335e-19	3.886741e-18	1.067121e-18	2.318033e-14	2.820291e-33	3.501376e-49	0.000000e+00	4.434749e+14	1.244438e+15	1.514479e+06	4.438035e+18	6.890424e-10	9.063438e-04	6.263032e-11	1.296946e-06	6.329692e+02	2.500917e+05	1.589850e+01	1.601829e+07	3.563477e-12	4.966084e-06	2.743607e-08	7.966124e-18	3.195542e-20	0.000000e+00	2.235689e-07	1.023431e-08	7.867393e-06	2.199247e-14	3.290709e-26	2.237305e-25	2.433840e-32	3.989937e-56	0.000000e+00	0.000000e+00	1.494964e-11	0.000000e+00	0.000000e+00	0.000000e+00	0.000000e+00	0.000000e+00	0.000000e+00	0.000000e+00	0.000000e+00	0.000000e+00	0.000000e+00	0.000000e+00	0.000000e+00	0.000000e+00	0.000000e+00	0.000000e+00	0.000000e+00	0.000000e+00	0.000000e+00	0.000000e+00	0.000000e+00	0.000000e+00	0.000000e+00	0.000000e+00	0.000000e+00	0.000000e+00	8.933690e-41	2.314542e-17	1.071381e-15	2.620983e-07	3.903102e-17	0.000000e+00	
17.000000	16.000000	18.000000	181.309040	7.912748e+03	1.078556e+08	1.329899e+02	2.026231e+09	7.308394e+05	2.432331e+04	1.951998e+04	5.512984e+11	4.708210e-02	9.543442e-02	7.388963e-05	7.110789e+02	3.141969e+01	1.347593e-02	7.244744e-06	4.718180e-16	5.694194e-01	9.196132e-02	1.381074e-03	9.547634e-14	5.011544e+11	2.347435e+12	4.031121e+07	2.784932e-07	3.519364e+06	4.057584e-10	9.116744e-48	1.687546e-03	8.705680e-08	1.015316e-01	4.128103e-03	4.367436e+04	4.367783e-09	5.514524e+01	2.162775e-02	5.037154e+01	1.247762e-03	5.836627e+01	1.721507e-15	6.119842e-11	1.869958e-15	0.000000e+00	1.540740e-16	1.311325e-15	1.701997e-18	1.060323e-19	1.983655e-18	6.749983e-19	4.876075e-15	1.209235e-32	1.719719e-48	0.000000e+00	3.157304e+14	8.863576e+14	5.399530e+06	3.160978e+18	3.067844e-06	1.098531e-03	1.097490e-10	1.509334e-06	5.495007e+02	2.184576e+05	3.809552e+00	9.613394e+06	1.857924e-11	1.852045e-06	1.590618e-08	3.814331e-17	3.970828e-20	0.000000e+00	1.274000e-06	2.965684e-08	5.164693e-05	2.814735e-14	4.598776e-26	3.123289e-25	0.000000e+00	1.182534e-56	0.000000e+00	0.000000e+00	2.479188e-11	0.000000e+00	0.000000e+00	0.000000e+00	0.000000e+00	0.000000e+00	0.000000e+00	0.000000e+00	0.000000e+00	0.000000e+00	0.000000e+00	0.000000e+00	0.000000e+00	0.000000e+00	0.000000e+00	0.000000e+00	0.000000e+00	0.000000e+00	0.000000e+00	0.000000e+00	0.000000e+00	0.000000e+00	0.000000e+00	0.000000e+00	0.000000e+00	0.000000e+00	6.223952e-40	6.548182e-17	2.298499e-15	3.082553e-07	1.028578e-16	0.000000e+00	
19.000000	18.000000	20.000000	178.557867	5.464235e+03	1.404752e+08	2.563349e+02	2.259349e+09	9.856700e+05	3.790695e+04	2.545287e+04	3.327037e+11	1.004798e-01	7.373424e-02	8.240034e-05	1.333330e+03	3.990138e+01	1.513259e-02	7.565764e-06	4.899730e-16	4.686927e-01	1.225156e-01	1.508980e-03	5.870327e-13	4.580211e+11	1.595424e+12	2.274417e+07	2.160331e-07	4.425826e+05	9.653242e-10	1.609595e-47	3.309568e-03	1.435852e-07	1.259995e-01	4.718059e-03	4.529412e+04	1.604330e-08	3.224048e+01	1.422648e-02	2.750326e+01	1.696105e-03	7.261441e+01	3.128232e-15	6.293936e-11	4.124853e-16	0.000000e+00	5.302604e-17	4.176620e-16	1.158014e-18	1.408974e-20	4.363165e-19	1.667129e-19	7.307695e-16	1.268893e-32	4.120486e-48	0.000000e+00	2.213345e+14	6.216089e+14	1.172402e+07	2.216483e+18	1.852462e-05	1.406847e-03	3.010338e-10	1.893331e-06	4.421500e+02	1.620498e+05	5.689184e-01	6.940212e+06	6.511931e-11	4.180027e-07	2.331098e-09	1.040971e-16	1.368127e-20	0.000000e+00	1.739222e-06	4.806003e-08	2.215928e-04	2.386443e-14	2.169461e-26	1.471651e-25	0.000000e+00	1.118056e-60	0.000000e+00	0.000000e+00	4.406172e-11	0.000000e+00	0.000000e+00	0.000000e+00	0.000000e+00	0.000000e+00	0.000000e+00	0.000000e+00	0.000000e+00	0.000000e+00	0.000000e+00	0.000000e+00	0.000000e+00	0.000000e+00	0.000000e+00	0.000000e+00	0.000000e+00	0.000000e+00	0.000000e+00	0.000000e+00	0.000000e+00	0.000000e+00	0.000000e+00	0.000000e+00	0.000000e+00	0.000000e+00	5.543363e-40	6.526597e-17	2.325117e-15	2.478575e-07	1.514822e-16	0.000000e+00	
21.000000	20.000000	22.000000	176.881150	3.757100e+03	1.726080e+08	3.876447e+02	2.712221e+09	1.366037e+06	5.305603e+04	3.442769e+04	2.122326e+11	1.623526e-01	4.860385e-02	7.221658e-05	1.491575e+03	4.281146e+01	1.226308e-02	4.982878e-06	2.327543e-16	3.491117e-01	1.376631e-01	1.227909e-03	4.537487e-12	3.846291e+11	1.064729e+12	1.252989e+07	2.020283e-07	5.955369e+04	1.867781e-09	4.553114e-47	6.320959e-03	2.383583e-07	1.615529e-01	5.805345e-03	5.013531e+04	5.650968e-08	1.849232e+01	9.054831e-03	1.531904e+01	2.164114e-03	7.716382e+01	5.660728e-15	5.540121e-11	6.956741e-17	0.000000e+00	1.375254e-17	1.017959e-16	6.685299e-19	1.360897e-21	7.559668e-20	3.065086e-20	9.494377e-17	9.082557e-33	7.974830e-48	0.000000e+00	1.536037e+14	4.315619e+14	2.319953e+07	1.538455e+18	5.001200e-05	1.539949e-03	9.412124e-10	2.467492e-06	3.688313e+02	1.115800e+05	8.820693e-02	4.840497e+06	2.141340e-10	1.298061e-07	2.572938e-10	2.286126e-16	3.375079e-21	0.000000e+00	1.517855e-06	7.247656e-08	7.711736e-04	1.747010e-14	7.826226e-27	5.301152e-26	0.000000e+00	1.120023e-66	0.000000e+00	0.000000e+00	8.339348e-11	0.000000e+00	0.000000e+00	0.000000e+00	0.000000e+00	0.000000e+00	0.000000e+00	0.000000e+00	0.000000e+00	0.000000e+00	0.000000e+00	0.000000e+00	0.000000e+00	0.000000e+00	0.000000e+00	0.000000e+00	0.000000e+00	0.000000e+00	0.000000e+00	0.000000e+00	0.000000e+00	0.000000e+00	0.000000e+00	0.000000e+00	0.000000e+00	0.000000e+00	1.554544e-40	3.603357e-17	1.409924e-15	1.663916e-07	1.806422e-16	0.000000e+00	
23.000000	22.000000	24.000000	176.136721	2.577294e+03	2.150383e+08	6.349653e+02	3.066732e+09	1.797945e+06	7.623772e+04	4.160625e+04	1.327031e+11	2.290037e-01	2.569152e-02	5.324731e-05	1.369892e+03	4.145884e+01	9.395766e-03	3.168760e-06	1.006463e-16	2.207077e-01	1.289317e-01	9.003939e-04	3.772572e-11	3.188837e+11	6.998408e+11	6.314444e+06	2.646967e-07	1.380673e+04	4.058166e-09	1.886498e-46	1.282692e-02	4.188103e-07	2.109291e-01	7.400290e-03	5.677868e+04	2.002568e-07	1.308080e+01	7.256243e-03	1.057699e+01	3.056935e-03	7.429333e+01	9.914543e-15	5.338317e-11	1.318889e-17	0.000000e+00	4.323302e-18	3.126503e-17	5.036445e-19	1.577222e-22	1.551371e-20	6.681904e-21	1.332361e-17	9.564701e-33	2.965803e-46	0.000000e+00	1.057941e+14	2.973762e+14	4.820693e+07	1.059811e+18	1.042811e-04	1.357301e-03	3.299486e-09	3.499209e-06	3.303514e+02	7.516859e+04	2.543971e-02	3.035716e+06	7.188406e-10	6.965917e-08	4.989025e-11	4.560310e-16	1.024665e-21	0.000000e+00	1.262553e-06	1.206498e-07	2.365477e-03	1.223424e-14	3.555300e-27	2.403528e-26	0.000000e+00	3.148688e-61	0.000000e+00	0.000000e+00	5.484671e-10	0.000000e+00	0.000000e+00	0.000000e+00	0.000000e+00	0.000000e+00	0.000000e+00	0.000000e+00	0.000000e+00	0.000000e+00	0.000000e+00	0.000000e+00	0.000000e+00	0.000000e+00	0.000000e+00	0.000000e+00	0.000000e+00	0.000000e+00	0.000000e+00	0.000000e+00	0.000000e+00	0.000000e+00	0.000000e+00	0.000000e+00	0.000000e+00	0.000000e+00	2.335591e-41	1.439692e-17	5.956372e-16	1.030718e-07	1.991834e-16	0.000000e+00	
25.000000	24.000000	26.000000	176.302750	1.767332e+03	2.586487e+08	9.873311e+02	3.316246e+09	2.250413e+06	1.051962e+05	4.508877e+04	8.466450e+10	2.834868e-01	1.161100e-02	3.476293e-05	1.255214e+03	3.763598e+01	6.674592e-03	1.813842e-06	3.590542e-17	1.284682e-01	1.047802e-01	5.788405e-04	4.191877e-10	2.642560e+11	4.535517e+11	2.999969e+06	4.404692e-07	1.267636e+04	8.448389e-09	1.724575e-45	4.110238e-02	1.120454e-06	2.789404e-01	9.636357e-03	6.464567e+04	1.049619e-06	1.187950e+01	7.379015e-03	9.339689e+00	4.424657e-03	6.720435e+01	1.798657e-14	5.522385e-11	5.257118e-18	0.000000e+00	2.939752e-18	2.085330e-17	5.159696e-19	3.998038e-23	6.836587e-21	3.101559e-21	3.884742e-18	8.551645e-32	9.337395e-43	0.000000e+00	7.245813e+13	2.037882e+14	9.772290e+07	7.260603e+17	2.246164e-04	1.034420e-03	1.590031e-08	6.129375e-06	3.125988e+02	4.989207e+04	2.447288e-02	1.817339e+06	3.656357e-09	4.663148e-08	2.971649e-11	1.255424e-15	6.544211e-22	0.000000e+00	9.119696e-07	2.015640e-07	6.449122e-03	8.442500e-15	3.504715e-27	2.362908e-26	0.000000e+00	4.370968e-62	0.000000e+00	0.000000e+00	4.956323e-09	0.000000e+00	0.000000e+00	0.000000e+00	0.000000e+00	0.000000e+00	0.000000e+00	0.000000e+00	0.000000e+00	0.000000e+00	0.000000e+00	0.000000e+00	0.000000e+00	0.000000e+00	0.000000e+00	0.000000e+00	0.000000e+00	0.000000e+00	0.000000e+00	0.000000e+00	0.000000e+00	0.000000e+00	0.000000e+00	0.000000e+00	0.000000e+00	0.000000e+00	2.229613e-42	4.541059e-18	1.930431e-16	6.081922e-08	3.651518e-16	0.000000e+00	
27.000000	26.000000	28.000000	176.833029	1.213245e+03	2.915310e+08	1.367933e+03	3.461600e+09	2.696069e+06	1.350235e+05	4.472135e+04	5.521815e+10	3.145252e-01	4.807180e-03	2.123827e-05	1.163712e+03	3.304251e+01	4.449315e-03	9.241727e-07	1.052634e-17	7.343529e-02	7.762449e-02	3.317774e-04	3.815633e-05	2.193007e+11	2.900155e+11	1.378079e+06	8.486509e-07	3.510362e+04	1.675858e-08	1.695169e-43	1.272893e+00	2.978330e-05	6.290118e+00	1.993125e-02	7.445480e+04	2.060066e-02	2.926527e+01	1.872783e-02	1.615265e+01	1.202190e-02	5.886901e+01	2.440037e-11	6.024737e-11	5.749602e-18	1.514269e-32	5.403908e-18	3.759490e-17	7.793544e-19	2.811426e-23	8.250498e-21	3.879546e-21	3.163437e-18	5.802109e-30	3.048726e-39	0.000000e+00	4.957414e+13	1.395230e+14	1.847732e+08	4.969348e+17	4.971297e-04	7.271287e-04	6.522605e-04	6.854181e-02	3.278968e+02	3.227359e+04	6.647770e-02	1.084166e+06	1.738207e-07	4.080581e-08	4.651832e-11	3.278026e-14	1.106013e-21	0.000000e+00	5.640573e-07	3.397361e-07	1.627607e-02	5.798026e-15	9.305490e-27	6.249690e-26	2.091477e-34	5.891725e-68	0.000000e+00	0.000000e+00	2.955074e-04	0.000000e+00	0.000000e+00	0.000000e+00	0.000000e+00	0.000000e+00	0.000000e+00	0.000000e+00	0.000000e+00	0.000000e+00	0.000000e+00	0.000000e+00	0.000000e+00	0.000000e+00	0.000000e+00	0.000000e+00	0.000000e+00	0.000000e+00	0.000000e+00	0.000000e+00	0.000000e+00	0.000000e+00	0.000000e+00	0.000000e+00	0.000000e+00	0.000000e+00	1.661613e-43	1.256729e-18	5.374530e-17	3.807990e-08	4.826503e-15	0.000000e+00	
29.000000	28.000000	30.000000	177.205284	8.339260e+02	3.049208e+08	1.671065e+03	3.500912e+09	3.114813e+06	1.604365e+05	4.146885e+04	3.639412e+10	3.189177e-01	1.924275e-03	1.272083e-05	1.035571e+03	2.842568e+01	2.836499e-03	4.262771e-07	2.630517e-18	4.238328e-02	5.414131e-02	1.747710e-04	2.083088e-03	1.816862e+11	1.827982e+11	7.361133e+05	3.140838e-06	1.250639e+05	5.911935e-08	9.393096e-42	2.486488e+01	4.847708e-04	9.254564e+01	1.288568e-01	8.598886e+04	4.397293e-01	2.394196e+02	1.701919e-01	1.046663e+02	1.017868e-01	5.057279e+01	8.317706e-10	1.160976e-10	8.899400e-18	0.000000e+00	1.347719e-17	9.276915e-17	1.676908e-18	2.829856e-23	1.386012e-20	6.624725e-21	3.664577e-18	2.745087e-28	2.834224e-36	0.000000e+00	3.398816e+13	9.573469e+13	3.211672e+08	3.408510e+17	1.029534e-03	4.887613e-04	1.666870e-02	8.766404e-01	7.033003e+02	2.021567e+04	2.730493e-01	6.559524e+05	5.089280e-06	7.562011e-08	1.043535e-10	5.164938e-13	2.534978e-21	0.000000e+00	3.060398e-07	1.060109e-06	3.788461e-02	3.943995e-15	3.362932e-26	2.246222e-25	0.000000e+00	1.395535e-68	0.000000e+00	0.000000e+00	5.053896e-03	0.000000e+00	0.000000e+00	0.000000e+00	0.000000e+00	0.000000e+00	0.000000e+00	0.000000e+00	0.000000e+00	0.000000e+00	0.000000e+00	0.000000e+00	0.000000e+00	0.000000e+00	0.000000e+00	0.000000e+00	0.000000e+00	0.000000e+00	0.000000e+00	0.000000e+00	0.000000e+00	0.000000e+00	0.000000e+00	0.000000e+00	0.000000e+00	0.000000e+00	1.164389e-44	3.357546e-19	1.419096e-17	4.971367e-08	3.969960e-14	0.000000e+00	
31.000000	30.000000	32.000000	177.338726	5.736240e+02	2.995864e+08	1.822922e+03	3.451495e+09	3.462977e+06	1.771820e+05	3.583860e+04	2.397484e+10	3.064881e-01	8.071244e-04	8.074878e-06	8.686359e+02	2.435901e+01	1.783269e-03	1.854348e-07	6.034450e-19	2.503105e-02	3.617880e-02	8.713174e-05	6.953413e-02	1.513997e+11	1.122045e+11	1.374143e+06	2.296007e-05	4.042542e+05	4.985978e-07	2.778484e-40	2.927802e+02	4.659546e-03	9.243614e+02	1.155677e+00	9.984388e+04	6.074699e+00	1.880962e+03	1.612074e+00	8.703696e+02	9.631516e-01	4.329406e+01	1.054776e-07	9.458951e-10	1.298779e-17	1.099337e-33	3.001080e-17	2.056985e-16	4.176336e-18	3.350023e-23	2.127787e-20	1.016896e-20	3.940360e-18	7.270364e-27	1.094793e-33	0.000000e+00	2.334841e+13	6.583111e+13	5.150683e+08	2.342812e+17	1.953916e-03	3.238751e-04	2.721755e-01	7.234073e+00	4.387654e+03	1.260643e+04	1.217678e+00	3.986321e+05	8.835782e-05	2.637622e-07	2.472081e-10	4.852806e-12	5.110003e-21	0.000000e+00	1.514830e-07	8.805802e-06	8.151452e-02	2.583786e-15	1.086616e-25	7.201325e-25	1.494061e-35	4.720643e-63	0.000000e+00	0.000000e+00	5.587595e-02	0.000000e+00	0.000000e+00	0.000000e+00	0.000000e+00	0.000000e+00	0.000000e+00	0.000000e+00	0.000000e+00	0.000000e+00	0.000000e+00	0.000000e+00	0.000000e+00	0.000000e+00	0.000000e+00	0.000000e+00	0.000000e+00	0.000000e+00	0.000000e+00	0.000000e+00	0.000000e+00	0.000000e+00	0.000000e+00	0.000000e+00	0.000000e+00	0.000000e+00	1.036188e-45	1.010409e-19	4.160179e-18	1.811388e-07	2.015581e-13	0.000000e+00	
33.000000	32.000000	34.000000	177.425536	3.947226e+02	2.787616e+08	1.768056e+03	3.360489e+09	3.736247e+06	1.822228e+05	2.921167e+04	1.589719e+10	2.822513e-01	3.903174e-04	5.934929e-06	6.733905e+02	2.073147e+01	1.099346e-03	7.542568e-08	1.257030e-19	1.511848e-02	2.323015e-02	4.111671e-05	4.435382e-01	1.255068e+11	6.663594e+10	2.102344e+06	5.377332e-05	7.403646e+05	1.165105e-06	1.972873e-39	8.442443e+02	1.051212e-02	1.865313e+03	2.362344e+00	1.075357e+05	1.675215e+01	3.367166e+03	3.194985e+00	1.587135e+03	1.906147e+00	3.661609e+01	4.651589e-07	2.773020e-09	1.473267e-17	0.000000e+00	4.896585e-17	3.354755e-16	6.691565e-18	3.441625e-23	2.445187e-20	1.148608e-20	3.239636e-18	4.665164e-26	2.558498e-32	0.000000e+00	1.604782e+13	4.529978e+13	7.659164e+08	1.611348e+17	3.308316e-03	2.147226e-04	8.947795e-01	1.206906e+01	8.496929e+03	7.850714e+03	2.495387e+00	2.388171e+05	3.682896e-04	3.374047e-07	2.612643e-10	1.083198e-11	7.322514e-21	0.000000e+00	6.803782e-08	2.088159e-05	1.401612e-01	1.579163e-15	2.573943e-25	1.686888e-24	0.000000e+00	2.111992e-68	0.000000e+00	0.000000e+00	1.251401e-01	0.000000e+00	0.000000e+00	0.000000e+00	0.000000e+00	0.000000e+00	0.000000e+00	0.000000e+00	0.000000e+00	0.000000e+00	0.000000e+00	0.000000e+00	0.000000e+00	0.000000e+00	0.000000e+00	0.000000e+00	0.000000e+00	0.000000e+00	0.000000e+00	0.000000e+00	0.000000e+00	0.000000e+00	0.000000e+00	0.000000e+00	0.000000e+00	0.000000e+00	1.639605e-46	4.052702e-20	1.615117e-18	2.517544e-07	2.971595e-13	0.000000e+00	
35.000000	34.000000	36.000000	177.653326	2.717762e+02	2.487605e+08	1.529423e+03	3.278755e+09	3.945550e+06	1.754773e+05	2.273082e+04	1.073825e+10	2.522222e-01	2.401721e-04	5.518527e-06	4.894762e+02	1.755969e+01	6.646655e-04	2.871207e-08	2.384272e-20	9.356819e-03	1.444990e-02	1.847516e-05	1.684167e+00	1.031950e+11	3.784609e+10	2.317034e+06	8.351531e-05	1.109381e+06	1.591257e-06	9.797127e-39	1.566949e+03	1.498863e-02	2.360696e+03	3.097606e+00	1.079586e+05	2.933725e+01	3.829072e+03	3.901584e+00	1.801644e+03	2.289231e+00	3.054412e+01	1.126602e-06	5.418708e-09	1.399670e-17	0.000000e+00	6.322655e-17	4.339402e-16	7.570606e-18	2.775772e-23	2.263088e-20	1.028452e-20	2.199429e-18	1.564115e-25	2.169813e-31	0.000000e+00	1.102624e+13	3.116657e+13	1.064931e+09	1.108030e+17	5.096929e-03	1.445131e-04	1.912400e+00	1.304218e+01	1.099599e+04	4.878379e+03	3.851528e+00	1.394504e+05	9.629026e-04	3.023885e-07	2.015484e-10	1.545350e-11	7.943427e-21	0.000000e+00	2.782343e-08	3.051436e-05	2.066710e-01	8.749114e-16	4.823322e-25	3.111228e-24	0.000000e+00	2.178129e-63	0.000000e+00	0.000000e+00	1.825383e-01	0.000000e+00	0.000000e+00	0.000000e+00	0.000000e+00	0.000000e+00	0.000000e+00	0.000000e+00	0.000000e+00	0.000000e+00	0.000000e+00	0.000000e+00	0.000000e+00	0.000000e+00	0.000000e+00	0.000000e+00	0.000000e+00	0.000000e+00	0.000000e+00	0.000000e+00	0.000000e+00	0.000000e+00	0.000000e+00	0.000000e+00	0.000000e+00	0.000000e+00	6.465996e-47	2.560141e-20	9.912623e-19	3.023218e-07	3.506049e-13	0.000000e+00	
37.000000	36.000000	38.000000	178.152764	1.873194e+02	2.150512e+08	1.159367e+03	3.303742e+09	4.161009e+06	1.581766e+05	1.744657e+04	7.544392e+09	2.160632e-01	1.987175e-04	6.676682e-06	3.432303e+02	1.470661e+01	3.822019e-04	9.811934e-09	3.826031e-21	5.965657e-03	8.813730e-03	7.811020e-06	6.568246e+00	8.392288e+10	2.027078e+10	2.916543e+06	1.457685e-04	1.706918e+06	2.138654e-06	5.976719e-38	2.963457e+03	2.177938e-02	3.218038e+03	4.475782e+00	1.039410e+05	5.804261e+01	4.694717e+03	5.029488e+00	2.172345e+03	2.816626e+00	2.499654e+01	2.631343e-06	1.165040e-08	1.173183e-17	0.000000e+00	6.791283e-17	4.728977e-16	7.232590e-18	2.257268e-23	1.777698e-20	7.668017e-21	1.323450e-18	4.371453e-25	1.858212e-30	0.000000e+00	7.571176e+12	2.143265e+13	1.385240e+09	7.615601e+16	7.536051e-03	9.988638e-05	4.781437e+00	1.606241e+01	1.648278e+04	3.194547e+03	6.256826e+00	8.018619e+04	2.507639e-03	2.887092e-07	1.537142e-10	2.221080e-11	6.847663e-21	0.000000e+00	1.001863e-08	4.727055e-05	2.784352e-01	4.214000e-16	7.593454e-25	4.789293e-24	0.000000e+00	1.713969e-62	0.000000e+00	0.000000e+00	3.116142e-01	0.000000e+00	0.000000e+00	0.000000e+00	0.000000e+00	0.000000e+00	0.000000e+00	0.000000e+00	0.000000e+00	0.000000e+00	0.000000e+00	0.000000e+00	0.000000e+00	0.000000e+00	0.000000e+00	0.000000e+00	0.000000e+00	0.000000e+00	0.000000e+00	0.000000e+00	0.000000e+00	0.000000e+00	0.000000e+00	0.000000e+00	0.000000e+00	0.000000e+00	6.777315e-47	2.625435e-20	1.015712e-18	5.404317e-07	5.301923e-13	0.000000e+00	
39.000000	38.000000	40.000000	178.947929	1.293069e+02	1.781953e+08	7.787550e+02	3.482525e+09	4.573680e+06	1.378932e+05	1.434804e+04	5.671918e+09	1.724983e-01	2.099400e-04	9.878621e-06	2.376055e+02	1.218780e+01	2.079023e-04	2.938575e-09	5.015826e-22	3.953833e-03	5.507164e-03	3.227133e-06	2.273196e+01	6.763473e+10	9.998878e+09	3.700970e+06	2.701361e-04	2.457869e+06	2.692104e-06	4.158766e-37	5.009741e+03	2.836623e-02	4.086815e+03	6.176979e+00	9.497665e+04	1.169711e+02	5.369348e+03	6.090871e+00	2.351590e+03	3.074050e+00	2.001385e+01	7.012323e-06	2.606960e-08	8.409644e-18	8.801753e-32	6.067847e-17	4.499038e-16	6.163144e-18	1.667460e-23	1.184626e-20	4.758852e-21	7.138277e-19	9.412891e-25	1.316481e-29	0.000000e+00	5.197141e+12	1.473671e+13	1.742004e+09	5.233704e+16	1.104606e-02	7.156628e-05	1.259412e+01	2.022947e+01	2.616348e+04	2.293856e+03	9.923440e+00	4.707387e+04	5.773406e-03	2.675692e-07	1.069680e-10	2.779210e-11	5.014625e-21	0.000000e+00	3.253298e-09	7.291767e-05	3.454305e-01	1.681323e-16	1.039345e-24	6.353043e-24	0.000000e+00	7.029939e-62	0.000000e+00	0.000000e+00	5.640013e-01	0.000000e+00	0.000000e+00	0.000000e+00	0.000000e+00	0.000000e+00	0.000000e+00	0.000000e+00	0.000000e+00	0.000000e+00	0.000000e+00	0.000000e+00	0.000000e+00	0.000000e+00	0.000000e+00	0.000000e+00	0.000000e+00	0.000000e+00	0.000000e+00	0.000000e+00	0.000000e+00	0.000000e+00	0.000000e+00	0.000000e+00	0.000000e+00	0.000000e+00	1.440171e-46	3.821426e-20	1.534197e-18	1.207269e-06	8.427032e-13	0.000000e+00	
41.000000	40.000000	42.000000	179.813334	8.943971e+01	1.295092e+08	5.491870e+02	3.533440e+09	5.899425e+06	1.396113e+05	1.609653e+04	4.662639e+09	1.151172e-01	2.331983e-04	1.601679e-05	1.647558e+02	9.946337e+00	1.275111e-04	8.962576e-10	7.388747e-23	2.664676e-03	3.966245e-03	1.760474e-06	4.260891e+01	5.475969e+10	4.506363e+09	3.477491e+06	5.021159e-04	2.814524e+06	3.622026e-06	2.506917e-36	6.586647e+03	2.850622e-02	3.836305e+03	6.364670e+00	7.773941e+04	1.853659e+02	4.135849e+03	5.954434e+00	1.621075e+03	2.579083e+00	1.549956e+01	1.589638e-05	5.244519e-08	3.963042e-18	0.000000e+00	4.144450e-17	3.856409e-16	4.884009e-18	7.728051e-24	6.098012e-21	2.259517e-21	2.972692e-19	1.475131e-24	5.596234e-29	0.000000e+00	3.571657e+12	1.014808e+13	2.541196e+09	3.602655e+16	1.607193e-02	5.008112e-05	2.607824e+01	2.133556e+01	3.661613e+04	1.704285e+03	1.433446e+01	2.911568e+04	1.063825e-02	2.289039e-07	7.573796e-11	2.556562e-11	3.952966e-21	0.000000e+00	1.350765e-09	1.121561e-04	3.929420e-01	5.654969e-17	1.272519e-24	7.452614e-24	0.000000e+00	4.263335e-67	0.000000e+00	0.000000e+00	8.225302e-01	0.000000e+00	0.000000e+00	0.000000e+00	0.000000e+00	0.000000e+00	0.000000e+00	0.000000e+00	0.000000e+00	0.000000e+00	0.000000e+00	0.000000e+00	0.000000e+00	0.000000e+00	0.000000e+00	0.000000e+00	0.000000e+00	0.000000e+00	0.000000e+00	0.000000e+00	0.000000e+00	0.000000e+00	0.000000e+00	0.000000e+00	0.000000e+00	0.000000e+00	4.638441e-46	6.881809e-20	2.776237e-18	2.468866e-06	1.083470e-12	0.000000e+00	
43.000000	42.000000	44.000000	180.270281	6.196674e+01	8.455031e+07	6.928250e+02	2.775556e+09	9.059901e+06	2.242063e+05	2.565034e+04	3.830163e+09	6.314301e-02	1.670046e-04	2.133070e-05	1.161392e+02	7.955973e+00	1.601925e-04	6.090481e-10	4.941254e-23	1.575302e-03	3.349381e-03	2.312292e-06	2.409034e+01	4.934083e+10	1.817237e+09	2.400563e+06	1.000021e-03	2.288984e+06	9.191558e-06	9.802114e-36	6.752448e+03	2.237810e-02	2.818585e+03	4.898532e+00	5.267616e+04	2.416317e+02	2.250416e+03	6.114098e+00	7.656957e+02	2.336045e+00	1.154112e+01	2.495232e-05	1.113182e-07	9.220773e-19	1.528880e-32	2.203815e-17	3.091541e-16	3.859789e-18	2.371928e-24	2.337338e-21	8.311437e-22	7.147206e-20	1.927582e-24	1.401573e-28	0.000000e+00	2.458086e+12	7.015298e+12	5.904080e+09	2.489709e+16	2.350265e-02	3.089293e-05	3.857703e+01	2.113173e+01	4.451829e+04	1.411722e+03	2.012906e+01	1.506608e+04	1.755633e-02	2.462338e-07	1.052490e-10	1.683403e-11	4.329879e-21	0.000000e+00	1.767677e-09	2.354128e-04	4.260125e-01	1.682587e-17	1.440794e-24	7.973602e-24	1.750207e-33	2.696887e-63	0.000000e+00	0.000000e+00	8.858389e-01	0.000000e+00	0.000000e+00	0.000000e+00	0.000000e+00	0.000000e+00	0.000000e+00	0.000000e+00	0.000000e+00	0.000000e+00	0.000000e+00	0.000000e+00	0.000000e+00	0.000000e+00	0.000000e+00	0.000000e+00	0.000000e+00	0.000000e+00	0.000000e+00	0.000000e+00	0.000000e+00	0.000000e+00	0.000000e+00	0.000000e+00	0.000000e+00	0.000000e+00	1.106448e-45	1.074160e-19	3.512937e-18	3.370888e-06	8.613666e-13	0.000000e+00	
45.000000	44.000000	46.000000	179.737972	4.294292e+01	1.195208e+08	2.891231e+03	1.503942e+09	7.134531e+06	3.949523e+05	1.731173e+04	2.146051e+09	6.514553e-02	2.580710e-05	7.873220e-06	8.401111e+01	6.160214e+00	3.707087e-04	1.933374e-09	2.734183e-22	4.794833e-04	1.443889e-03	2.933066e-06	5.634389e+00	5.831518e+10	6.487196e+08	2.094395e+06	9.437510e-04	1.253548e+06	2.044913e-05	1.688346e-35	4.947611e+03	1.295213e-02	1.791863e+03	2.462121e+00	2.129643e+04	3.307736e+02	2.269643e+03	8.679331e+00	5.195097e+02	2.251618e+00	8.244337e+00	3.223481e-05	1.878769e-07	3.336797e-19	0.000000e+00	2.072394e-17	2.281487e-16	1.739667e-18	1.380646e-24	1.141632e-21	5.168586e-22	1.357805e-20	1.949361e-24	1.051825e-28	0.000000e+00	1.685091e+12	4.878158e+12	1.572669e+10	1.730476e+16	3.695251e-02	1.207456e-05	4.324671e+01	2.221453e+01	2.438400e+04	1.297547e+03	1.787818e+01	4.049933e+03	2.503792e-02	2.228322e-07	1.684008e-10	7.125055e-12	2.796602e-21	0.000000e+00	5.275529e-09	2.559393e-04	4.247086e-01	4.075245e-18	1.478997e-24	7.614564e-24	0.000000e+00	1.863171e-65	0.000000e+00	0.000000e+00	7.185949e-01	0.000000e+00	0.000000e+00	0.000000e+00	0.000000e+00	0.000000e+00	0.000000e+00	0.000000e+00	0.000000e+00	0.000000e+00	0.000000e+00	0.000000e+00	0.000000e+00	0.000000e+00	0.000000e+00	0.000000e+00	0.000000e+00	0.000000e+00	0.000000e+00	0.000000e+00	0.000000e+00	0.000000e+00	0.000000e+00	0.000000e+00	0.000000e+00	0.000000e+00	4.473271e-47	1.986534e-20	3.745186e-19	7.526645e-07	1.651996e-13	0.000000e+00	
47.000000	46.000000	48.000000	177.832650	2.969221e+01	4.267890e+08	1.699250e+04	9.651396e+08	2.314943e+06	3.500481e+05	6.675167e+03	7.965289e+08	1.672586e-01	1.932490e-06	1.072487e-06	6.135812e+01	4.605313e+00	3.927833e-04	6.152676e-09	7.022261e-22	6.337164e-05	2.557216e-04	7.651398e-07	1.861907e+00	7.268296e+10	2.147148e+08	1.487755e+06	1.874610e-04	5.008711e+05	6.702827e-06	7.826795e-36	1.513667e+03	2.191023e-03	4.740924e+02	2.511860e-01	6.433668e+03	4.150495e+02	4.142393e+03	8.106943e+00	2.662885e+02	7.610938e-01	5.673982e+00	2.185497e-05	8.995708e-08	3.766160e-19	0.000000e+00	3.961622e-17	1.450492e-16	3.764930e-19	4.257243e-25	4.276155e-22	5.098615e-22	3.438574e-21	7.153590e-25	1.008087e-29	0.000000e+00	1.145922e+12	3.410369e+12	2.689777e+10	1.209330e+16	6.033122e-02	2.834007e-06	3.823509e+01	1.515799e+01	3.670003e+03	6.123715e+02	6.507884e+00	6.615653e+02	1.370532e-02	3.825944e-08	5.268247e-11	8.728584e-13	4.347245e-22	0.000000e+00	4.054471e-09	4.987858e-05	3.664244e-01	7.968917e-19	1.284963e-24	6.053463e-24	0.000000e+00	2.024196e-70	0.000000e+00	0.000000e+00	4.816915e-01	0.000000e+00	0.000000e+00	0.000000e+00	0.000000e+00	0.000000e+00	0.000000e+00	0.000000e+00	0.000000e+00	0.000000e+00	0.000000e+00	0.000000e+00	0.000000e+00	0.000000e+00	0.000000e+00	0.000000e+00	0.000000e+00	0.000000e+00	0.000000e+00	0.000000e+00	0.000000e+00	0.000000e+00	0.000000e+00	0.000000e+00	0.000000e+00	0.000000e+00	3.900937e-49	6.162995e-22	7.549278e-21	5.849958e-08	1.016942e-14	0.000000e+00	
49.000000	48.000000	50.000000	174.681610	2.042418e+01	2.936753e+09	9.943137e+04	9.811435e+08	3.200591e+05	9.743742e+04	6.172903e+02	2.387424e+08	7.412953e-01	1.305721e-07	9.581205e-08	4.389039e+01	2.889232e+00	1.647388e-04	1.157584e-08	4.321643e-22	4.447524e-06	1.663814e-05	4.341653e-08	8.524591e-01	7.724215e+10	6.930071e+07	6.662164e+05	2.018560e-05	1.581516e+05	3.766758e-07	5.884444e-37	1.069258e+02	2.536519e-05	2.051269e+01	1.903029e-03	1.886611e+03	2.905805e+02	5.956430e+03	2.690379e+00	1.442986e+01	3.372697e-02	3.778861e+00	4.223114e-06	7.798040e-09	6.227691e-19	1.841929e-35	7.467483e-17	6.148737e-17	7.298628e-20	1.719709e-26	3.585514e-23	2.317498e-22	5.595603e-22	6.410678e-26	7.623470e-32	0.000000e+00	7.761941e+11	2.388542e+12	3.076782e+10	8.468597e+15	9.243695e-02	8.705036e-07	1.984303e+01	4.358690e+00	2.226098e+02	1.632808e+02	1.037509e+00	4.107192e+01	1.299155e-03	1.590397e-09	3.252784e-12	6.590514e-15	8.396964e-24	0.000000e+00	3.905257e-10	2.664024e-06	2.707815e-01	1.432470e-19	7.310108e-25	3.098556e-24	1.294917e-36	1.962878e-71	0.000000e+00	0.000000e+00	2.906830e-01	0.000000e+00	0.000000e+00	0.000000e+00	0.000000e+00	0.000000e+00	0.000000e+00	0.000000e+00	0.000000e+00	0.000000e+00	0.000000e+00	0.000000e+00	0.000000e+00	0.000000e+00	0.000000e+00	0.000000e+00	0.000000e+00	0.000000e+00	0.000000e+00	0.000000e+00	0.000000e+00	0.000000e+00	0.000000e+00	0.000000e+00	0.000000e+00	0.000000e+00	3.733753e-51	7.943034e-24	9.559965e-23	4.457809e-09	5.730120e-16	0.000000e+00	
51.000000	50.000000	52.000000	170.868025	1.394562e+01	8.807339e+09	2.057672e+05	9.012734e+08	6.714116e+04	2.173232e+04	4.112642e+01	7.166450e+07	1.226659e+00	1.282683e-08	1.554602e-08	3.013814e+01	1.499361e+00	7.986328e-05	1.027271e-08	1.454900e-22	4.947327e-07	1.342929e-06	3.193721e-09	2.819799e-01	7.102765e+10	2.289164e+07	2.338100e+05	2.307670e-06	4.592268e+04	2.000726e-08	2.886582e-38	7.296253e+00	4.008727e-07	9.064509e-01	2.369469e-05	5.659258e+02	1.051479e+02	4.017328e+03	5.271002e-01	3.314361e-01	1.385105e-03	2.466690e+00	1.504725e-06	4.872568e-10	5.469068e-19	0.000000e+00	5.676360e-17	4.322199e-17	4.248257e-20	4.313701e-28	2.212373e-24	4.503228e-23	7.640173e-23	5.471567e-27	6.962357e-34	0.000000e+00	5.247297e+11	1.667372e+12	2.667504e+10	5.911409e+15	1.259679e-01	2.941200e-07	5.723996e+00	1.069100e+00	2.898147e+01	4.065617e+01	1.613514e-01	3.346930e+00	1.047178e-04	9.867530e-11	2.051840e-13	5.823452e-17	4.242112e-25	0.000000e+00	3.281123e-11	2.327444e-07	1.863332e-01	2.613421e-20	6.771660e-25	2.540967e-24	0.000000e+00	8.539044e-67	0.000000e+00	0.000000e+00	1.693345e-01	0.000000e+00	0.000000e+00	0.000000e+00	0.000000e+00	0.000000e+00	0.000000e+00	0.000000e+00	0.000000e+00	0.000000e+00	0.000000e+00	0.000000e+00	0.000000e+00	0.000000e+00	0.000000e+00	0.000000e+00	0.000000e+00	0.000000e+00	0.000000e+00	0.000000e+00	0.000000e+00	0.000000e+00	0.000000e+00	0.000000e+00	0.000000e+00	0.000000e+00	4.328595e-53	1.394458e-25	1.558376e-24	3.997015e-10	3.776014e-17	0.000000e+00	
53.000000	52.000000	54.000000	167.151252	9.442878e+00	1.428997e+10	2.128634e+05	7.572364e+08	2.251359e+04	6.397602e+03	3.347493e+00	2.035923e+07	1.277134e+00	1.839000e-09	4.082597e-09	1.964891e+01	7.576554e-01	3.187726e-05	4.240698e-09	1.895419e-23	8.968680e-08	1.659836e-07	2.943130e-10	1.763506e-01	6.191812e+10	7.067220e+06	7.792920e+04	2.569925e-07	1.217581e+04	1.040298e-09	1.113064e-37	1.229867e+00	2.375435e-08	8.703441e-02	1.068231e-06	1.573101e+02	3.316733e+01	2.390830e+03	1.018432e-01	1.434448e-02	1.232757e-04	1.566293e+00	9.211634e-07	4.698635e-11	5.173560e-19	0.000000e+00	4.171879e-17	3.321065e-17	2.985582e-20	1.736980e-29	3.231912e-25	1.246400e-23	1.822272e-23	5.396182e-28	1.267124e-35	0.000000e+00	3.504608e+11	1.154199e+12	2.074990e+10	4.091744e+15	1.572275e-01	1.090386e-07	1.507718e+00	2.912389e-01	6.353447e+00	1.205000e+01	3.294582e-02	5.179313e-01	2.021167e-05	8.086184e-12	1.326673e-14	2.244756e-18	5.547156e-26	0.000000e+00	2.883094e-12	3.036269e-08	1.256005e-01	4.302773e-21	6.724176e-25	2.202803e-24	0.000000e+00	1.365822e-71	0.000000e+00	0.000000e+00	8.841649e-02	0.000000e+00	0.000000e+00	0.000000e+00	0.000000e+00	0.000000e+00	0.000000e+00	0.000000e+00	0.000000e+00	0.000000e+00	0.000000e+00	0.000000e+00	0.000000e+00	0.000000e+00	0.000000e+00	0.000000e+00	0.000000e+00	0.000000e+00	0.000000e+00	0.000000e+00	0.000000e+00	0.000000e+00	0.000000e+00	0.000000e+00	0.000000e+00	0.000000e+00	5.001404e-55	4.225699e-27	4.079283e-26	3.561923e-11	2.436103e-18	0.000000e+00	
55.000000	54.000000	56.000000	164.503546	6.346777e+00	1.784317e+10	1.496514e+05	6.119702e+08	8.643638e+03	2.058547e+03	3.311193e-01	5.549892e+06	1.119765e+00	3.410005e-10	1.397550e-09	1.206272e+01	3.774690e-01	1.150283e-05	1.265942e-09	1.557750e-24	2.011629e-08	2.263588e-08	2.873301e-11	7.884923e-01	5.146929e+10	2.060460e+06	2.492165e+04	2.825395e-08	3.040194e+03	5.355758e-11	2.282003e-36	3.065806e-01	3.108613e-09	1.506737e-02	1.116546e-07	4.099259e+01	9.582944e+00	1.395321e+03	2.039975e-02	1.561612e-03	2.026410e-05	9.654073e-01	6.544627e-07	7.123772e-12	5.919771e-19	0.000000e+00	3.383458e-17	2.303164e-17	1.678929e-20	1.197122e-30	7.827784e-26	4.568924e-24	5.903820e-24	7.470917e-29	5.359536e-37	0.000000e+00	2.301641e+11	7.884261e+11	1.472180e+10	2.794422e+15	1.809940e-01	4.219776e-08	4.104284e-01	8.477541e-02	1.659032e+00	3.996704e+00	7.725879e-03	1.010292e-01	5.756206e-06	7.240590e-13	8.554761e-16	2.083819e-19	8.979848e-27	0.000000e+00	2.431835e-13	4.151868e-09	8.320576e-02	6.511597e-22	5.890680e-25	1.669291e-24	0.000000e+00	2.172761e-76	0.000000e+00	0.000000e+00	4.244972e-02	0.000000e+00	0.000000e+00	0.000000e+00	0.000000e+00	0.000000e+00	0.000000e+00	0.000000e+00	0.000000e+00	0.000000e+00	0.000000e+00	0.000000e+00	0.000000e+00	0.000000e+00	0.000000e+00	0.000000e+00	0.000000e+00	0.000000e+00	0.000000e+00	0.000000e+00	0.000000e+00	0.000000e+00	0.000000e+00	0.000000e+00	0.000000e+00	0.000000e+00	5.746084e-57	2.896872e-28	2.317001e-27	3.150120e-12	1.538864e-19	0.000000e+00	
57.000000	56.000000	58.000000	164.559563	4.252322e+00	1.937132e+10	7.531261e+04	4.869737e+08	3.406450e+03	6.479560e+02	3.269814e-02	1.459894e+06	8.964121e-01	8.151246e-11	6.472353e-10	6.936344e+00	1.798222e-01	3.761230e-06	2.987971e-10	8.646630e-26	5.106847e-09	2.855231e-09	2.537395e-12	5.304556e+00	4.089967e+10	5.721687e+05	7.357063e+03	3.085895e-09	7.220465e+02	2.656566e-12	1.606320e-35	7.538763e-02	6.018303e-10	3.316987e-03	1.854543e-08	1.011392e+01	2.199831e+00	7.968021e+02	4.026951e-03	2.564333e-04	4.589445e-06	5.753912e-01	4.681449e-07	2.070053e-12	8.006809e-19	0.000000e+00	2.908432e-17	1.421946e-17	7.588800e-21	1.139253e-31	2.501827e-26	1.943494e-24	2.285179e-24	1.149264e-29	1.353581e-37	0.000000e+00	1.477304e+11	5.284130e+11	9.363869e+09	1.871617e+15	1.928755e-01	1.658829e-08	1.136272e-01	2.558487e-02	4.613344e-01	1.440641e+00	1.912655e-03	2.042512e-02	1.625446e-06	6.194198e-14	4.917274e-17	2.974147e-20	1.382829e-27	0.000000e+00	1.706849e-14	5.018861e-10	5.370986e-02	9.197042e-23	4.475818e-25	1.094340e-24	0.000000e+00	3.436459e-81	0.000000e+00	0.000000e+00	1.916712e-02	0.000000e+00	0.000000e+00	0.000000e+00	0.000000e+00	0.000000e+00	0.000000e+00	0.000000e+00	0.000000e+00	0.000000e+00	0.000000e+00	0.000000e+00	0.000000e+00	0.000000e+00	0.000000e+00	0.000000e+00	0.000000e+00	0.000000e+00	0.000000e+00	0.000000e+00	0.000000e+00	0.000000e+00	0.000000e+00	0.000000e+00	0.000000e+00	0.000000e+00	6.547360e-59	4.571232e-29	2.947633e-28	2.758765e-13	9.519266e-21	0.000000e+00	
59.000000	58.000000	60.000000	169.542751	2.865658e+00	1.893701e+10	2.618393e+04	3.859149e+08	1.350286e+03	1.884099e+02	2.734985e-03	3.720281e+05	6.721895e-01	2.861645e-11	4.755190e-10	3.733586e+00	7.923215e-02	1.081696e-06	5.444122e-11	3.024933e-27	1.623933e-09	3.035785e-10	1.835490e-13	2.566926e+01	3.117974e+10	1.522357e+05	1.923733e+03	3.463589e-10	1.628587e+02	1.238956e-13	4.873593e-35	1.596095e-02	1.419258e-10	7.473406e-04	4.380926e-09	2.380005e+00	3.403807e-01	4.338627e+02	7.661043e-04	4.922489e-05	1.292094e-06	3.306615e-01	3.222315e-07	1.800236e-12	1.197247e-18	5.043633e-48	2.416034e-17	7.033971e-18	2.623309e-21	1.270142e-32	9.129994e-27	8.494255e-25	9.926232e-25	1.550047e-30	7.005901e-38	0.000000e+00	9.220284e+10	3.462191e+11	5.205528e+09	1.224218e+15	1.917934e-01	6.615345e-09	3.195884e-02	8.106883e-03	1.333594e-01	5.751528e-01	4.904888e-04	3.998904e-03	4.027523e-07	4.699325e-15	2.273125e-18	5.278229e-21	1.639887e-28	0.000000e+00	8.756457e-16	4.848888e-11	3.344585e-02	1.226651e-23	2.639986e-25	5.605705e-25	1.433496e-49	3.269585e-79	0.000000e+00	0.000000e+00	8.274962e-03	0.000000e+00	0.000000e+00	0.000000e+00	0.000000e+00	0.000000e+00	0.000000e+00	0.000000e+00	0.000000e+00	0.000000e+00	0.000000e+00	0.000000e+00	0.000000e+00	0.000000e+00	0.000000e+00	0.000000e+00	0.000000e+00	0.000000e+00	0.000000e+00	0.000000e+00	0.000000e+00	0.000000e+00	0.000000e+00	0.000000e+00	0.000000e+00	0.000000e+00	7.374907e-61	1.962136e-29	1.006927e-28	2.386080e-14	5.763167e-22	0.000000e+00	
61.000000	60.000000	62.000000	180.893074	1.966687e+00	1.686028e+10	6.367132e+03	3.090732e+08	5.671053e+02	5.113563e+01	1.897640e-04	9.330649e+04	4.810699e-01	1.595897e-11	5.891156e-10	1.903076e+00	3.208587e-02	2.730773e-07	7.683734e-12	6.729272e-29	9.869688e-10	2.821964e-11	1.105002e-14	9.474806e+01	2.312565e+10	3.913364e+04	4.322693e+02	6.030897e-11	3.441693e+01	5.461649e-15	8.960507e-35	2.834803e-03	3.833805e-11	1.608769e-04	1.589870e-09	5.390102e-01	3.321668e-02	2.203677e+02	1.361225e-04	1.158348e-05	4.853769e-07	1.843484e-01	2.146802e-07	4.213641e-12	1.953613e-18	4.287242e-43	1.925639e-17	2.866256e-18	7.201712e-22	1.613320e-33	3.807522e-27	3.809055e-25	5.167435e-25	1.607379e-31	2.257712e-38	0.000000e+00	5.623815e+10	2.235025e+11	2.543621e+09	7.874576e+14	1.824102e-01	2.775944e-09	9.354592e-03	2.853620e-03	4.017980e-02	2.630911e-01	1.307785e-04	8.011759e-04	8.635433e-08	3.157152e-16	8.256704e-20	1.099533e-21	1.580868e-29	0.000000e+00	3.260291e-17	3.719680e-12	2.007227e-02	1.565402e-24	1.239732e-25	2.328222e-25	3.370442e-44	1.315943e-74	0.000000e+00	0.000000e+00	3.438910e-03	0.000000e+00	0.000000e+00	0.000000e+00	0.000000e+00	0.000000e+00	0.000000e+00	0.000000e+00	0.000000e+00	0.000000e+00	0.000000e+00	0.000000e+00	0.000000e+00	0.000000e+00	0.000000e+00	0.000000e+00	0.000000e+00	0.000000e+00	0.000000e+00	0.000000e+00	0.000000e+00	0.000000e+00	0.000000e+00	0.000000e+00	0.000000e+00	0.000000e+00	8.268697e-63	2.432124e-29	9.954963e-29	2.041951e-15	3.423119e-23	0.000000e+00	
63.000000	62.000000	64.000000	197.542971	1.387850e+00	1.407107e+10	1.247302e+03	2.535520e+08	2.973784e+02	1.374086e+01	1.218007e-05	2.426219e+04	3.378778e-01	1.192822e-11	9.870935e-10	9.405093e-01	1.246157e-02	6.449101e-08	9.425321e-13	1.131869e-30	1.292685e-09	2.957140e-12	6.750533e-16	2.883849e+02	1.713001e+10	9.861951e+03	8.536331e+01	4.807002e-11	6.611356e+00	2.294107e-16	1.273768e-34	4.580692e-04	1.199899e-11	3.364249e-05	9.310500e-10	1.191473e-01	2.424554e-03	1.042444e+02	2.300887e-05	3.911987e-06	2.643186e-07	1.015874e-01	1.420651e-07	1.492414e-11	2.733454e-18	2.738981e-38	1.216568e-17	7.960201e-19	1.407608e-22	1.895367e-34	1.483618e-27	1.457082e-25	2.645521e-25	1.227104e-32	4.409469e-39	0.000000e+00	3.415496e+10	1.453052e+11	1.148824e+09	5.088564e+14	1.716952e-01	1.307812e-09	2.928552e-03	1.313604e-03	1.251155e-02	1.380634e-01	3.601794e-05	2.027607e-04	1.722891e-08	2.028368e-17	2.571678e-21	2.737399e-22	1.267554e-30	0.000000e+00	1.028197e-18	2.514791e-13	1.178588e-02	1.942885e-25	3.796580e-26	6.482198e-26	7.992063e-39	4.486664e-70	0.000000e+00	0.000000e+00	1.373202e-03	0.000000e+00	0.000000e+00	0.000000e+00	0.000000e+00	0.000000e+00	0.000000e+00	0.000000e+00	0.000000e+00	0.000000e+00	0.000000e+00	0.000000e+00	0.000000e+00	0.000000e+00	0.000000e+00	0.000000e+00	0.000000e+00	0.000000e+00	0.000000e+00	0.000000e+00	0.000000e+00	0.000000e+00	0.000000e+00	0.000000e+00	0.000000e+00	0.000000e+00	3.445838e-64	5.146139e-29	1.724520e-28	1.753161e-16	2.015523e-24	0.000000e+00	
65.000000	64.000000	66.000000	208.568557	1.000788e+00	1.178069e+10	2.887675e+02	2.134393e+08	2.210252e+02	4.106488e+00	1.038430e-06	7.279725e+03	2.463515e-01	7.106058e-12	1.121575e-09	4.729986e-01	5.125748e-03	1.729099e-08	1.456135e-13	2.404891e-32	1.411955e-09	5.336333e-13	6.708755e-17	7.559030e+02	1.334610e+10	2.506172e+03	1.919080e+01	2.861440e-11	1.199634e+00	9.433190e-18	1.594158e-34	9.042102e-05	3.889103e-12	7.773296e-06	4.233028e-10	2.639577e-02	3.123020e-04	4.977754e+01	4.740135e-06	1.293989e-06	1.135562e-07	5.803465e-02	9.887523e-08	2.485833e-11	3.494097e-18	5.826722e-39	7.075879e-18	2.347150e-19	2.669625e-23	2.507591e-35	5.993318e-28	5.626899e-26	1.478930e-25	8.791495e-34	8.070047e-40	0.000000e+00	2.168086e+10	9.968468e+10	5.227263e+08	3.475415e+14	1.605712e-01	7.165608e-10	1.056770e-03	9.808830e-04	3.889024e-03	7.779447e-02	9.186748e-06	8.605474e-05	4.154783e-09	1.515964e-18	9.048864e-23	7.462747e-23	1.801652e-31	0.000000e+00	4.439878e-20	2.033443e-14	7.204508e-03	2.411403e-26	1.194100e-26	1.913044e-26	1.430946e-39	6.953932e-75	0.000000e+00	0.000000e+00	5.196356e-04	0.000000e+00	0.000000e+00	0.000000e+00	0.000000e+00	0.000000e+00	0.000000e+00	0.000000e+00	0.000000e+00	0.000000e+00	0.000000e+00	0.000000e+00	0.000000e+00	0.000000e+00	0.000000e+00	0.000000e+00	0.000000e+00	0.000000e+00	0.000000e+00	0.000000e+00	0.000000e+00	0.000000e+00	0.000000e+00	0.000000e+00	0.000000e+00	0.000000e+00	2.601063e-64	5.214921e-29	1.466845e-28	1.545081e-17	1.196096e-25	0.000000e+00	
67.000000	66.000000	68.000000	210.279999	7.261677e-01	9.938903e+09	8.462730e+01	1.755380e+08	1.502787e+02	1.341311e+00	1.468282e-07	2.547850e+03	1.863100e-01	2.946653e-12	7.822549e-10	2.450362e-01	2.254936e-03	5.420056e-09	2.976630e-14	9.111104e-34	9.769710e-10	1.124837e-13	9.449602e-18	1.757852e+03	1.080283e+10	6.613327e+02	5.511046e+00	6.499802e-12	2.304348e-01	4.081879e-19	1.438913e-34	2.375607e-05	1.212676e-12	2.103948e-06	1.110405e-10	6.061467e-03	1.152195e-04	2.603512e+01	1.532375e-06	3.229776e-07	3.035180e-08	3.466301e-02	7.395710e-08	1.736456e-11	3.932704e-18	3.017004e-39	3.731342e-18	7.076505e-20	5.058061e-24	3.823615e-36	2.278931e-28	2.072387e-26	7.054769e-26	7.207723e-35	1.770416e-40	0.000000e+00	1.440574e+10	7.177247e+10	2.448646e+08	2.501225e+14	1.503295e-01	3.983430e-10	5.660428e-04	1.112348e-03	1.239959e-03	4.369898e-02	2.212038e-06	3.986356e-05	1.334671e-09	1.409711e-19	4.337240e-24	2.075088e-23	3.056506e-32	0.000000e+00	3.031786e-21	2.157051e-15	4.713007e-03	3.095458e-27	3.736624e-27	5.741021e-27	0.000000e+00	2.846838e-76	0.000000e+00	0.000000e+00	1.935581e-04	0.000000e+00	0.000000e+00	0.000000e+00	0.000000e+00	0.000000e+00	0.000000e+00	0.000000e+00	0.000000e+00	0.000000e+00	0.000000e+00	0.000000e+00	0.000000e+00	0.000000e+00	0.000000e+00	0.000000e+00	0.000000e+00	0.000000e+00	0.000000e+00	0.000000e+00	0.000000e+00	0.000000e+00	0.000000e+00	0.000000e+00	0.000000e+00	0.000000e+00	5.123561e-65	2.262287e-29	5.223934e-29	1.449288e-18	7.411534e-27	0.000000e+00	
69.000000	68.000000	70.000000	210.279999	5.269043e-01	8.198535e+09	2.421217e+01	1.383667e+08	9.728800e+01	4.201628e-01	2.870204e-08	9.746952e+02	1.404648e-01	1.092091e-12	5.029499e-10	1.238388e-01	9.794971e-04	1.701671e-09	6.082820e-15	4.117027e-35	6.258316e-10	2.298307e-14	1.386590e-18	3.892176e+03	8.691047e+09	1.748301e+02	1.664303e+00	1.090174e-12	4.595431e-02	1.805887e-20	1.130569e-34	6.683497e-06	3.899144e-13	5.952501e-07	2.624688e-11	1.393647e-03	8.293625e-05	1.452713e+01	8.270153e-07	7.571505e-08	7.511187e-09	2.077872e-02	5.683997e-08	1.041868e-11	3.926178e-18	4.720724e-39	1.682383e-18	1.973828e-20	8.795126e-25	5.622693e-37	7.464144e-29	6.486084e-27	3.048707e-26	6.605334e-36	4.354958e-41	0.000000e+00	9.600186e+09	5.204900e+10	1.105000e+08	1.814879e+14	1.418279e-01	2.171417e-10	4.995932e-04	1.483461e-03	4.043187e-04	2.407664e-02	5.625776e-07	1.830702e-05	4.689505e-10	1.379329e-20	2.429174e-25	6.098104e-24	4.680701e-33	0.000000e+00	2.159461e-22	2.360828e-16	3.171413e-03	3.976221e-28	1.076459e-27	1.603368e-27	1.842683e-39	1.264372e-71	0.000000e+00	0.000000e+00	7.145615e-05	0.000000e+00	0.000000e+00	0.000000e+00	0.000000e+00	0.000000e+00	0.000000e+00	0.000000e+00	0.000000e+00	0.000000e+00	0.000000e+00	0.000000e+00	0.000000e+00	0.000000e+00	0.000000e+00	0.000000e+00	0.000000e+00	0.000000e+00	0.000000e+00	0.000000e+00	0.000000e+00	0.000000e+00	0.000000e+00	0.000000e+00	0.000000e+00	0.000000e+00	7.712222e-66	8.687383e-30	1.585339e-29	1.407315e-19	4.638302e-28	0.000000e+00	
71.000000	70.000000	72.000000	210.279999	3.823196e-01	6.617572e+09	5.990014e+00	1.057990e+08	6.364660e+01	1.157828e-01	7.189594e-09	4.010706e+02	1.050385e-01	3.940450e-13	3.262013e-10	5.774897e-02	3.894642e-04	4.878047e-10	1.108160e-15	1.610313e-36	4.049845e-10	4.344546e-15	1.905044e-19	9.131055e+03	6.903064e+09	4.598930e+01	5.038406e-01	1.585952e-13	9.431666e-03	8.091225e-22	8.497604e-35	1.905048e-06	1.306820e-13	1.711811e-07	6.182496e-12	3.187084e-04	1.493112e-04	8.562346e+00	1.212466e-06	1.762122e-08	1.868383e-09	1.241053e-02	4.436299e-08	6.229243e-12	3.486959e-18	1.109398e-38	5.991481e-19	4.082055e-21	1.213539e-25	7.305277e-38	2.015635e-29	1.589577e-27	1.270958e-26	5.781112e-37	1.107861e-41	0.000000e+00	6.368974e+09	3.774125e+10	4.424847e+07	1.316868e+14	1.335065e-01	1.180009e-10	6.424832e-04	2.242330e-03	1.341942e-04	1.306548e-02	1.540488e-07	8.566321e-06	1.700787e-10	1.276167e-21	1.384842e-26	1.893479e-24	5.856637e-34	0.000000e+00	1.264141e-23	2.396260e-17	2.171485e-03	5.074081e-29	2.269078e-28	3.301856e-28	1.186544e-39	1.399556e-71	0.000000e+00	0.000000e+00	2.617834e-05	0.000000e+00	0.000000e+00	0.000000e+00	0.000000e+00	0.000000e+00	0.000000e+00	0.000000e+00	0.000000e+00	0.000000e+00	0.000000e+00	0.000000e+00	0.000000e+00	0.000000e+00	0.000000e+00	0.000000e+00	0.000000e+00	0.000000e+00	0.000000e+00	0.000000e+00	0.000000e+00	0.000000e+00	0.000000e+00	0.000000e+00	0.000000e+00	0.000000e+00	1.225426e-66	3.470290e-30	4.860953e-30	1.424310e-20	2.928229e-29	0.000000e+00	
73.000000	72.000000	74.000000	210.279999	2.774099e-01	5.255817e+09	8.784409e-01	7.938268e+07	4.229352e+01	1.930691e-02	2.134651e-09	1.755262e+02	7.808582e-02	1.410493e-13	2.140067e-10	2.061599e-02	9.394171e-05	8.449617e-11	1.192774e-16	2.903021e-38	2.652375e-10	5.086315e-16	1.731661e-20	7.858303e+04	5.420117e+09	1.205123e+01	1.678096e-01	2.039037e-14	1.992037e-03	3.664340e-23	6.301160e-35	5.491954e-07	4.864390e-14	5.349038e-08	1.483613e-12	7.258460e-05	1.473282e-03	5.308792e+00	1.120695e-05	4.191051e-09	4.755281e-10	7.391189e-03	3.905300e-08	3.713775e-12	2.855802e-18	0.000000e+00	1.202191e-19	7.047979e-22	1.390997e-26	6.782171e-39	3.803477e-30	2.188729e-28	6.793047e-27	3.720931e-38	7.725497e-42	0.000000e+00	4.209959e+09	2.736162e+10	1.075219e+07	9.555161e+13	1.237513e-01	6.462291e-11	3.410302e-03	1.277337e-02	4.544580e-05	7.017120e-03	4.563811e-08	4.089015e-06	6.319992e-11	7.407918e-23	5.707352e-28	6.597438e-25	6.327078e-35	0.000000e+00	3.137406e-25	1.742461e-18	1.508060e-03	6.444694e-30	4.115727e-29	5.880258e-29	1.595366e-40	2.168732e-71	0.000000e+00	0.000000e+00	9.534080e-06	0.000000e+00	0.000000e+00	0.000000e+00	0.000000e+00	0.000000e+00	0.000000e+00	0.000000e+00	0.000000e+00	0.000000e+00	0.000000e+00	0.000000e+00	0.000000e+00	0.000000e+00	0.000000e+00	0.000000e+00	0.000000e+00	0.000000e+00	0.000000e+00	0.000000e+00	0.000000e+00	0.000000e+00	0.000000e+00	0.000000e+00	0.000000e+00	0.000000e+00	2.112202e-67	1.445103e-30	1.523035e-30	1.535350e-21	1.924701e-30	0.000000e+00	
75.000000	74.000000	76.000000	210.279999	2.012877e-01	4.117280e+09	3.629113e-03	5.888140e+07	2.882554e+01	8.678859e-05	7.100867e-10	8.102828e+01	5.773253e-02	5.059090e-14	1.422951e-10	6.825267e-04	6.566970e-07	4.189527e-13	3.608259e-19	1.982232e-40	1.761114e-10	2.658881e-18	3.636520e-22	8.607089e+06	4.203932e+09	3.148703e+00	5.620617e-01	2.426821e-15	4.405080e-04	1.674993e-24	4.662986e-35	2.570579e-07	2.820901e-13	2.554389e-07	2.122374e-12	1.647921e-05	1.782390e-02	3.444764e+00	1.306974e-04	5.738924e-09	7.158719e-10	4.392023e-03	3.168858e-08	2.208917e-12	2.158131e-18	1.808905e-40	1.064872e-21	0.000000e+00	7.658022e-28	1.387489e-40	6.539691e-31	1.334687e-30	4.909267e-27	1.038378e-40	3.014430e-42	0.000000e+00	2.775069e+09	1.983137e+10	7.017654e+04	6.933191e+13	1.152496e-01	3.596861e-11	2.429532e-01	9.413236e-01	2.143542e-05	3.914793e-03	1.957996e-08	2.004103e-06	3.852237e-11	2.378498e-25	6.982116e-30	3.610684e-24	1.345614e-36	0.000000e+00	1.880882e-27	9.428993e-20	1.059051e-03	8.155758e-31	0.000000e+00	0.000000e+00	0.000000e+00	3.541740e-76	0.000000e+00	0.000000e+00	3.456834e-06	0.000000e+00	0.000000e+00	0.000000e+00	0.000000e+00	0.000000e+00	0.000000e+00	0.000000e+00	0.000000e+00	0.000000e+00	0.000000e+00	0.000000e+00	0.000000e+00	0.000000e+00	0.000000e+00	0.000000e+00	0.000000e+00	0.000000e+00	0.000000e+00	0.000000e+00	0.000000e+00	0.000000e+00	0.000000e+00	0.000000e+00	0.000000e+00	0.000000e+00	3.934266e-68	6.253274e-31	4.896539e-31	1.955826e-22	3.828215e-31	0.000000e+00	
77.000000	76.000000	78.000000	210.279999	1.460535e-01	3.189711e+09	1.114499e-04	4.330681e+07	2.007523e+01	3.377090e-06	2.494541e-10	3.902356e+01	4.249071e-02	1.821257e-14	9.568033e-11	1.593730e-05	7.683205e-08	3.362235e-14	1.717441e-20	1.352700e-42	1.182419e-10	1.073956e-19	8.296590e-24	2.031423e+07	3.224354e+09	8.208527e-01	6.101767e-01	3.035026e-16	1.043455e-04	7.716233e-26	3.454157e-35	3.090280e-07	4.570492e-13	3.341727e-07	2.118989e-12	3.732557e-06	2.113036e-02	2.304950e+00	1.526669e-04	5.541667e-09	7.524365e-10	2.605348e-03	2.180094e-08	1.311436e-12	1.566672e-18	0.000000e+00	3.161753e-23	2.753438e-27	4.236280e-29	2.582616e-41	3.389785e-31	2.729662e-32	3.560558e-27	1.193318e-43	1.086090e-44	0.000000e+00	1.825512e+09	1.436825e+10	3.966925e+03	5.030691e+13	1.088102e-01	2.043022e-11	3.790183e-01	1.511276e+00	1.175301e-05	2.210247e-03	1.027912e-08	1.003295e-06	6.079991e-11	7.671812e-27	9.739143e-32	5.557701e-24	2.008437e-40	0.000000e+00	1.126172e-29	2.050233e-20	7.501109e-04	1.029275e-31	1.589891e-34	2.222458e-34	0.000000e+00	5.783981e-81	0.000000e+00	0.000000e+00	1.249282e-06	0.000000e+00	0.000000e+00	0.000000e+00	0.000000e+00	0.000000e+00	0.000000e+00	0.000000e+00	0.000000e+00	0.000000e+00	0.000000e+00	0.000000e+00	0.000000e+00	0.000000e+00	0.000000e+00	0.000000e+00	0.000000e+00	0.000000e+00	0.000000e+00	0.000000e+00	0.000000e+00	0.000000e+00	0.000000e+00	0.000000e+00	0.000000e+00	0.000000e+00	7.814029e-69	2.792483e-31	1.608972e-31	3.284657e-23	2.266325e-31	0.000000e+00	
79.000000	78.000000	80.000000	210.279999	1.059758e-01	2.451413e+09	2.320660e-05	3.164826e+07	1.414722e+01	8.582702e-07	8.992015e-11	1.934504e+01	3.118758e-02	6.576828e-15	6.485595e-11	2.579960e-06	2.702084e-08	8.108666e-15	2.422410e-21	9.240789e-45	7.998857e-11	1.865326e-20	3.269593e-25	2.631698e+07	2.453392e+09	2.136348e-01	3.827560e-01	4.160776e-17	2.662511e-05	3.576716e-27	2.553560e-35	2.649761e-07	4.461088e-13	2.597012e-07	1.322152e-12	8.439468e-07	1.447536e-02	1.572392e+00	1.037224e-04	3.332678e-09	4.940594e-10	1.543506e-03	1.655007e-08	7.775629e-13	1.136785e-18	0.000000e+00	8.302788e-24	4.014520e-28	2.347370e-30	6.267478e-42	1.751889e-31	4.945884e-33	2.583023e-27	2.183068e-46	3.398776e-47	0.000000e+00	1.199192e+09	1.040490e+10	1.460859e+03	3.650246e+13	1.014363e-01	1.187072e-11	3.273947e-01	1.341592e+00	5.774388e-06	1.210515e-03	5.082507e-09	5.082281e-07	6.884699e-11	8.972788e-28	2.806075e-33	5.180796e-24	9.894512e-42	0.000000e+00	6.776709e-32	4.869949e-21	5.347293e-04	1.296297e-32	2.332793e-35	3.238013e-35	0.000000e+00	2.045885e-85	0.000000e+00	0.000000e+00	4.504653e-07	0.000000e+00	0.000000e+00	0.000000e+00	0.000000e+00	0.000000e+00	0.000000e+00	0.000000e+00	0.000000e+00	0.000000e+00	0.000000e+00	0.000000e+00	0.000000e+00	0.000000e+00	0.000000e+00	0.000000e+00	0.000000e+00	0.000000e+00	0.000000e+00	0.000000e+00	0.000000e+00	0.000000e+00	0.000000e+00	0.000000e+00	0.000000e+00	0.000000e+00	1.628781e-69	1.276733e-31	5.370846e-32	6.632434e-24	1.108970e-31	0.000000e+00	
81.000000	80.000000	82.000000	210.279999	7.689563e-02	1.870892e+09	6.063779e-06	2.302528e+07	1.008503e+01	2.755971e-07	3.316391e-11	9.789562e+00	2.284092e-02	2.386083e-15	4.428523e-11	1.119524e-06	1.171400e-08	2.393625e-15	4.117339e-22	6.352907e-47	5.447121e-11	4.175981e-21	3.205058e-26	2.821233e+07	1.854094e+09	5.553103e-02	1.983419e-01	6.609928e-18	7.331736e-06	1.665995e-28	1.880657e-35	1.777873e-07	3.774235e-13	1.728518e-07	6.979221e-13	1.905723e-07	8.213461e-03	1.088025e+00	5.858243e-05	1.675358e-09	2.737387e-10	9.135962e-04	1.269251e-08	4.605732e-13	8.248498e-19	0.000000e+00	3.110851e-24	7.837141e-29	1.304580e-31	1.565015e-42	8.931384e-32	1.281963e-33	1.874046e-27	1.848764e-47	3.875979e-48	0.000000e+00	7.870894e+08	7.529654e+09	6.780759e+02	2.648608e+13	9.368073e-02	7.073228e-12	2.358840e-01	9.915414e-01	2.688191e-06	6.491755e-04	2.477483e-09	2.604602e-07	6.131136e-11	1.250432e-28	2.117537e-34	4.206150e-24	1.310265e-42	0.000000e+00	4.322611e-34	1.237665e-21	3.830256e-04	1.630084e-33	4.575169e-36	6.317788e-36	0.000000e+00	4.893207e-81	0.000000e+00	0.000000e+00	1.622012e-07	0.000000e+00	0.000000e+00	0.000000e+00	0.000000e+00	0.000000e+00	0.000000e+00	0.000000e+00	0.000000e+00	0.000000e+00	0.000000e+00	0.000000e+00	0.000000e+00	0.000000e+00	0.000000e+00	0.000000e+00	0.000000e+00	0.000000e+00	0.000000e+00	0.000000e+00	0.000000e+00	0.000000e+00	0.000000e+00	0.000000e+00	0.000000e+00	0.000000e+00	3.536294e-70	5.955732e-32	1.818555e-32	1.444631e-24	4.737179e-32	0.000000e+00	
83.000000	82.000000	84.000000	210.279999	5.579515e-02	1.419154e+09	1.754530e-06	1.669866e+07	7.268231e+00	9.925648e-08	1.249925e-11	5.031783e+00	1.669832e-02	8.706976e-16	3.043566e-11	5.547455e-07	5.691862e-09	7.849972e-16	7.668110e-23	4.553135e-49	3.730076e-11	1.060796e-21	5.043926e-27	2.743427e+07	1.393038e+09	1.442101e-02	9.275318e-02	1.275171e-18	2.180331e-06	7.789359e-30	1.379808e-35	1.047201e-07	2.996137e-13	1.068802e-07	3.359081e-13	4.299208e-08	4.262678e-03	7.614277e-01	3.033392e-05	7.575546e-10	1.379023e-10	5.404536e-04	9.814743e-09	2.726420e-13	5.985086e-19	0.000000e+00	1.307378e-24	1.875111e-29	7.295479e-33	3.954429e-43	4.517525e-32	3.736783e-34	1.359725e-27	3.551946e-48	9.539668e-49	0.000000e+00	5.164304e+08	5.443903e+09	3.520968e+02	1.921819e+13	8.595983e-02	4.325301e-12	1.552414e-01	6.680554e-01	1.225443e-06	3.432677e-04	1.230352e-09	1.349810e-07	4.814476e-11	1.914756e-29	2.375113e-35	3.218075e-24	2.164920e-43	0.000000e+00	4.886365e-36	3.375894e-22	2.753349e-04	2.047472e-34	1.098344e-36	1.510973e-36	2.808095e-44	2.174094e-76	0.000000e+00	0.000000e+00	5.836752e-08	0.000000e+00	0.000000e+00	0.000000e+00	0.000000e+00	0.000000e+00	0.000000e+00	0.000000e+00	0.000000e+00	0.000000e+00	0.000000e+00	0.000000e+00	0.000000e+00	0.000000e+00	0.000000e+00	0.000000e+00	0.000000e+00	0.000000e+00	0.000000e+00	0.000000e+00	0.000000e+00	0.000000e+00	0.000000e+00	0.000000e+00	0.000000e+00	0.000000e+00	7.953102e-71	2.827068e-32	6.236090e-33	3.228340e-25	1.894695e-32	0.000000e+00	
85.000000	84.000000	86.000000	210.279999	4.048478e-02	1.070728e+09	5.435508e-07	1.207974e+07	5.292161e+00	3.869639e-08	4.807878e-12	2.618514e+00	1.219007e-02	3.197333e-16	2.103149e-11	2.914807e-07	2.993473e-09	2.756707e-16	1.511106e-23	4.210615e-51	2.565010e-11	2.947562e-22	9.194502e-28	2.509599e+07	1.041399e+09	3.742454e-03	4.058109e-02	3.009862e-19	7.021178e-07	3.652514e-31	1.009224e-35	5.781323e-08	2.295849e-13	6.329207e-08	1.519431e-13	9.691968e-09	2.112380e-03	5.377143e-01	1.501976e-05	3.168949e-10	6.512567e-11	3.196690e-04	7.644783e-09	1.613625e-13	4.342762e-19	0.000000e+00	5.908095e-25	5.098349e-30	4.136485e-34	1.011074e-43	2.275204e-32	1.174039e-34	9.865802e-28	7.790818e-49	2.537123e-49	0.000000e+00	3.389152e+08	3.930991e+09	1.974403e+02	1.394464e+13	7.854889e-02	2.711776e-12	9.667140e-02	4.250872e-01	5.609269e-07	1.797615e-04	6.392124e-10	7.069646e-08	3.557507e-11	3.195311e-30	3.103762e-36	2.385952e-24	4.128629e-44	0.000000e+00	2.579286e-37	9.931420e-23	1.984386e-04	2.569551e-35	2.993677e-37	4.107029e-37	0.000000e+00	9.118748e-78	0.000000e+00	0.000000e+00	2.100523e-08	0.000000e+00	0.000000e+00	0.000000e+00	0.000000e+00	0.000000e+00	0.000000e+00	0.000000e+00	0.000000e+00	0.000000e+00	0.000000e+00	0.000000e+00	0.000000e+00	0.000000e+00	0.000000e+00	0.000000e+00	0.000000e+00	0.000000e+00	0.000000e+00	0.000000e+00	0.000000e+00	0.000000e+00	0.000000e+00	0.000000e+00	0.000000e+00	0.000000e+00	1.844332e-71	1.362473e-32	2.161431e-33	7.336000e-26	7.320396e-33	0.000000e+00	
87.000000	86.000000	88.000000	210.279999	2.937562e-02	8.039956e+08	1.773497e-07	8.717346e+06	3.890734e+00	1.603248e-08	1.885276e-12	1.376594e+00	8.888556e-03	1.181692e-16	1.459529e-11	1.595576e-07	1.674037e-09	1.016192e-16	3.094145e-24	8.932999e-53	1.768416e-11	8.794486e-23	1.795727e-28	2.199264e+07	7.751482e+08	9.707275e-04	1.692801e-02	8.453038e-20	2.461207e-07	1.716518e-32	7.364955e-36	3.117062e-08	1.717935e-13	3.638749e-08	6.558356e-14	2.183798e-09	1.024604e-03	3.824449e-01	7.286521e-06	1.242323e-10	2.929314e-11	1.891660e-04	5.994860e-09	9.554285e-14	3.151095e-19	2.278407e-42	2.810657e-25	1.517374e-30	2.419422e-35	2.625087e-44	1.143355e-32	3.890099e-35	7.158451e-28	1.912860e-49	7.270706e-50	0.000000e+00	2.226203e+08	2.833717e+09	1.174490e+02	1.011819e+13	7.162191e-02	1.739115e-12	5.793042e-02	2.598831e-01	2.638931e-07	9.348038e-05	3.541264e-10	3.740191e-08	2.576659e-11	5.861365e-31	4.562593e-37	1.733707e-24	8.743031e-45	0.000000e+00	2.690640e-38	3.173850e-23	1.432912e-04	3.222734e-36	8.925685e-38	1.222063e-37	2.291526e-44	1.725041e-82	0.000000e+00	0.000000e+00	7.565669e-09	0.000000e+00	0.000000e+00	0.000000e+00	0.000000e+00	0.000000e+00	0.000000e+00	0.000000e+00	0.000000e+00	0.000000e+00	0.000000e+00	0.000000e+00	0.000000e+00	0.000000e+00	0.000000e+00	0.000000e+00	0.000000e+00	0.000000e+00	0.000000e+00	0.000000e+00	0.000000e+00	0.000000e+00	0.000000e+00	0.000000e+00	0.000000e+00	0.000000e+00	4.394034e-72	6.654709e-33	7.554903e-34	1.711654e-26	2.767852e-33	0.000000e+00	
89.000000	88.000000	90.000000	210.279999	2.131483e-02	6.010918e+08	6.036404e-08	6.273755e+06	2.887075e+00	6.978170e-09	7.530468e-13	7.299074e-01	6.475004e-03	4.395406e-17	1.015936e-11	9.022575e-08	9.849049e-10	3.881476e-17	6.507872e-25	4.147761e-54	1.220130e-11	2.786442e-23	3.677694e-29	1.865260e+07	5.747705e+08	2.516958e-04	6.810582e-03	2.731991e-20	9.431949e-08	8.080602e-34	5.366004e-36	1.684276e-08	1.260662e-13	2.043778e-08	2.723797e-14	4.918693e-10	4.952186e-04	2.735104e-01	3.524872e-06	4.593358e-11	1.266643e-11	1.121107e-04	4.733774e-09	5.665652e-14	2.286423e-19	0.000000e+00	1.389745e-25	4.839772e-31	1.514336e-36	6.950585e-45	5.739166e-33	1.340878e-35	5.194075e-28	5.226777e-50	2.253928e-50	0.000000e+00	1.465114e+08	2.038021e+09	7.333149e+01	7.341720e+12	6.529071e-02	1.137253e-12	3.370080e-02	1.540643e-01	1.304309e-07	4.834620e-05	2.109219e-10	1.998187e-08	1.876927e-11	1.198405e-31	7.483734e-38	1.239622e-24	2.011275e-45	0.000000e+00	3.222765e-39	1.108670e-23	1.036142e-04	4.040082e-37	2.850599e-38	3.897220e-38	0.000000e+00	1.047970e-78	0.000000e+00	0.000000e+00	2.729562e-09	0.000000e+00	0.000000e+00	0.000000e+00	0.000000e+00	0.000000e+00	0.000000e+00	0.000000e+00	0.000000e+00	0.000000e+00	0.000000e+00	0.000000e+00	0.000000e+00	0.000000e+00	0.000000e+00	0.000000e+00	0.000000e+00	0.000000e+00	0.000000e+00	0.000000e+00	0.000000e+00	0.000000e+00	0.000000e+00	0.000000e+00	0.000000e+00	0.000000e+00	1.072697e-72	3.289941e-33	2.656497e-34	4.171067e-27	1.028638e-33	0.000000e+00	
91.000000	90.000000	92.000000	210.279999	1.546595e-02	4.475655e+08	2.130421e-08	4.499698e+06	2.162196e+00	3.165407e-09	3.063797e-13	3.898655e-01	4.713084e-03	1.645209e-17	7.083536e-12	5.250400e-08	6.053737e-10	1.522099e-17	1.394726e-25	2.443687e-55	8.406812e-12	9.309190e-24	7.814228e-30	1.540125e+07	4.247329e+08	6.524416e-05	2.663619e-03	9.916303e-21	3.944107e-08	3.809111e-35	3.905070e-36	9.230057e-09	9.075104e-14	1.124124e-08	1.093137e-14	1.107567e-10	2.422394e-04	1.964252e-01	1.726670e-06	1.606450e-11	5.294875e-12	6.668067e-05	3.769436e-09	3.371761e-14	1.659019e-19	0.000000e+00	7.085065e-26	1.634592e-31	1.083241e-37	1.884115e-45	2.878767e-33	4.763870e-36	3.768768e-28	1.579569e-50	7.554149e-51	0.000000e+00	9.675927e+07	1.461148e+09	4.773305e+01	5.327126e+12	5.963742e-02	7.555445e-13	1.911536e-02	8.899264e-02	6.885438e-08	2.488407e-05	1.346063e-10	1.078110e-08	1.391539e-11	2.758138e-32	1.352408e-38	8.723519e-25	4.964702e-46	0.000000e+00	4.147347e-40	4.234383e-24	7.500058e-05	5.063008e-38	9.636712e-39	1.316095e-38	0.000000e+00	3.354179e-79	0.000000e+00	0.000000e+00	9.874334e-10	0.000000e+00	0.000000e+00	0.000000e+00	0.000000e+00	0.000000e+00	0.000000e+00	0.000000e+00	0.000000e+00	0.000000e+00	0.000000e+00	0.000000e+00	0.000000e+00	0.000000e+00	0.000000e+00	0.000000e+00	0.000000e+00	0.000000e+00	0.000000e+00	0.000000e+00	0.000000e+00	0.000000e+00	0.000000e+00	0.000000e+00	0.000000e+00	0.000000e+00	2.679839e-73	1.645257e-33	9.372134e-35	1.079691e-27	3.756558e-34	0.000000e+00	
93.000000	92.000000	94.000000	210.279999	1.122203e-02	3.319188e+08	7.768177e-09	3.212578e+06	1.635166e+00	1.488106e-09	1.270919e-13	2.096326e-01	3.428305e-03	6.195229e-18	4.939906e-12	3.143026e-08	3.869939e-10	6.088397e-18	3.028569e-26	1.530221e-56	5.769759e-12	3.266318e-24	1.711407e-30	1.241975e+07	3.128622e+08	1.691157e-05	1.018696e-03	3.968453e-21	1.781500e-08	1.797870e-36	2.839436e-36	5.123174e-09	6.393719e-14	6.053346e-09	4.244423e-15	2.493619e-11	1.218474e-04	1.415138e-01	8.701226e-07	5.318072e-12	2.146280e-12	3.996306e-05	3.038034e-09	2.022045e-14	1.203778e-19	5.092607e-43	3.706492e-26	5.812479e-32	9.605154e-39	5.243048e-46	1.442924e-33	1.733520e-36	2.734587e-28	5.225171e-51	2.717546e-51	0.000000e+00	6.428569e+07	1.043045e+09	3.226098e+01	3.865336e+12	5.474347e-02	5.080343e-13	1.058623e-02	5.018784e-02	3.904070e-08	1.274729e-05	9.106444e-11	5.878517e-09	1.048844e-11	7.141627e-33	2.646686e-39	6.028271e-25	1.308098e-46	0.000000e+00	5.647291e-41	1.755594e-24	5.432995e-05	6.343362e-39	3.429079e-39	4.679520e-39	6.584356e-46	7.585522e-84	0.000000e+00	0.000000e+00	3.586858e-10	0.000000e+00	0.000000e+00	0.000000e+00	0.000000e+00	0.000000e+00	0.000000e+00	0.000000e+00	0.000000e+00	0.000000e+00	0.000000e+00	0.000000e+00	0.000000e+00	0.000000e+00	0.000000e+00	0.000000e+00	0.000000e+00	0.000000e+00	0.000000e+00	0.000000e+00	0.000000e+00	0.000000e+00	0.000000e+00	0.000000e+00	0.000000e+00	0.000000e+00	6.855737e-74	8.325896e-34	3.307812e-35	2.997044e-28	1.343723e-34	0.000000e+00	
95.000000	94.000000	96.000000	210.279999	8.142671e-03	2.451274e+08	2.922553e-09	2.279219e+06	1.250466e+00	7.225343e-10	5.390208e-14	1.135809e-01	2.492281e-03	2.345456e-18	3.439635e-12	1.941365e-08	2.567644e-10	2.475076e-18	6.641858e-27	9.874787e-58	3.931996e-12	1.202810e-24	3.853304e-31	9.792608e+06	2.297383e+08	4.389861e-06	3.829020e-04	1.725218e-21	8.566819e-09	8.504831e-38	2.063212e-36	2.848847e-09	4.388511e-14	3.183867e-09	1.591754e-15	5.618169e-12	6.424945e-05	1.021999e-01	4.597997e-07	1.664598e-12	8.443905e-13	2.432589e-05	2.497877e-09	1.231736e-14	8.734572e-20	0.000000e+00	1.985736e-26	2.175329e-32	1.101583e-39	1.499202e-46	7.224463e-34	6.434951e-37	1.984200e-28	1.868606e-51	1.037728e-51	0.000000e+00	4.313815e+07	7.401379e+08	2.260735e+01	2.804677e+12	5.071689e-02	3.444423e-13	5.718365e-03	2.762470e-02	2.361118e-08	6.495633e-06	6.454935e-11	3.244653e-09	7.953299e-12	2.061106e-33	5.521740e-40	4.072999e-25	3.683432e-47	0.000000e+00	8.075157e-42	7.821098e-25	3.937871e-05	7.946477e-40	1.283975e-39	1.751206e-39	0.000000e+00	9.365346e-80	0.000000e+00	0.000000e+00	1.312499e-10	0.000000e+00	0.000000e+00	0.000000e+00	0.000000e+00	0.000000e+00	0.000000e+00	0.000000e+00	0.000000e+00	0.000000e+00	0.000000e+00	0.000000e+00	0.000000e+00	0.000000e+00	0.000000e+00	0.000000e+00	0.000000e+00	0.000000e+00	0.000000e+00	0.000000e+00	0.000000e+00	0.000000e+00	0.000000e+00	0.000000e+00	0.000000e+00	0.000000e+00	1.807377e-74	4.277404e-34	1.163891e-35	8.897087e-29	4.680781e-35	0.000000e+00	
97.000000	96.000000	98.000000	210.279999	5.908295e-03	1.801852e+08	1.136183e-09	1.602715e+06	9.698596e-01	3.619906e-10	2.351378e-14	6.249595e-02	1.810796e-03	8.914714e-19	2.385981e-12	1.245978e-08	1.769826e-10	1.022405e-18	1.470832e-27	6.541572e-59	2.649807e-12	4.666808e-25	8.940920e-32	7.543060e+06	1.681437e+08	1.158830e-06	1.421327e-04	8.124542e-22	4.349729e-09	4.057911e-39	1.498370e-36	1.566130e-09	2.914363e-14	1.628266e-09	5.737561e-16	1.280941e-12	3.645849e-05	7.394664e-02	2.615444e-07	4.915286e-13	3.223412e-13	1.526411e-05	2.127025e-09	7.735904e-15	6.337777e-20	0.000000e+00	1.090504e-26	8.614256e-33	1.595782e-40	4.399382e-47	3.610716e-34	2.432340e-37	1.439726e-28	7.173734e-52	4.175737e-52	0.000000e+00	2.941693e+07	5.208059e+08	1.645594e+01	2.035064e+12	4.772451e-02	2.345862e-13	3.002060e-03	1.480069e-02	1.499968e-08	3.288629e-06	4.756581e-11	1.818824e-09	5.992500e-12	6.568926e-34	1.217674e-40	2.673546e-25	1.118280e-47	0.000000e+00	1.210852e-42	3.736735e-25	2.855442e-05	9.977831e-41	5.086341e-40	6.934415e-40	0.000000e+00	7.696198e-81	0.000000e+00	0.000000e+00	4.924934e-11	0.000000e+00	0.000000e+00	0.000000e+00	0.000000e+00	0.000000e+00	0.000000e+00	0.000000e+00	0.000000e+00	0.000000e+00	0.000000e+00	0.000000e+00	0.000000e+00	0.000000e+00	0.000000e+00	0.000000e+00	0.000000e+00	0.000000e+00	0.000000e+00	0.000000e+00	0.000000e+00	0.000000e+00	0.000000e+00	0.000000e+00	0.000000e+00	0.000000e+00	5.056069e-75	2.264385e-34	4.064952e-36	2.790817e-29	1.576214e-35	0.000000e+00	
99.000000	98.000000	100.000000	210.279999	4.287035e-03	1.317022e+08	4.586188e-10	1.112644e+06	7.670057e-01	1.874362e-10	1.076098e-14	3.635629e-02	1.314864e-03	3.427501e-19	1.643847e-12	8.411523e-09	1.273881e-10	4.310719e-19	3.303998e-28	4.510677e-60	1.756134e-12	1.929238e-25	2.184587e-32	5.658134e+06	1.225951e+08	3.602338e-07	5.281207e-05	4.340906e-22	2.404954e-09	2.119413e-40	1.087664e-36	8.648160e-10	1.867321e-14	8.094563e-10	1.983878e-16	3.412690e-13	2.303593e-05	5.358526e-02	1.656888e-07	1.418430e-13	1.231610e-13	1.012354e-05	1.923865e-09	5.136748e-15	4.598665e-20	0.000000e+00	6.169978e-27	3.662222e-33	2.948490e-41	1.327018e-47	1.802044e-34	9.373771e-38	1.044658e-28	3.060452e-52	1.829959e-52	0.000000e+00	2.056916e+07	3.621054e+08	1.251047e+01	1.476634e+12	4.603222e-02	1.598819e-13	1.521353e-03	7.674858e-03	9.840080e-09	1.653180e-06	3.641060e-11	1.041744e-09	4.564139e-12	2.314529e-34	2.867850e-41	1.701847e-25	3.740604e-48	0.000000e+00	1.923865e-43	1.992746e-25	2.071273e-05	1.394049e-41	2.162947e-40	2.947963e-40	0.000000e+00	1.256879e-85	0.000000e+00	0.000000e+00	2.202305e-11	0.000000e+00	0.000000e+00	0.000000e+00	0.000000e+00	0.000000e+00	0.000000e+00	0.000000e+00	0.000000e+00	0.000000e+00	0.000000e+00	0.000000e+00	0.000000e+00	0.000000e+00	0.000000e+00	0.000000e+00	0.000000e+00	0.000000e+00	0.000000e+00	0.000000e+00	0.000000e+00	0.000000e+00	0.000000e+00	0.000000e+00	0.000000e+00	0.000000e+00	1.687138e-75	1.308339e-34	1.409529e-36	9.504462e-30	5.276672e-36	0.000000e+00	
