# z		 z0		 z1		 T		 P		1		2		3		4		5		6		7		8		9		10		11		12		13		14		15		16		17		18		19		20		21		22		23		24		25		26		27		28		29		30		31		32		33		34		35		36		37		38		39		40		41		42		43		44		45		46		47		48		49		50		51		52		53		54		55		56		57		58		59		60		61		62		63		64		65		66		67		68		69		70		71		72		73		74		75		76		77		78		79		80		81		82		83		84		85		86		87		88		89		90		91		92		93		94		95		96		97		98		99		100		101		102		103		104		105		106		107		108		109		110		111		
#  km		 km		 km		 K		 Pa		
1.000000 0.000000 2.000000 284.496787 9.181481e+04 4.388656e+04 1.197343e-06 2.665919e+09 3.017647e+05 2.533659e+00 4.040699e+03 4.674975e+17 3.328423e-10 2.537607e-04 4.811641e-09 5.511606e+02 1.286027e+01 3.110089e-06 1.652711e-12 1.521689e-26 2.036121e+00 4.200272e-02 8.499362e-07 5.582351e-17 7.274903e+11 1.469351e+13 2.160240e+09 3.071205e-03 8.511937e+08 2.218530e-12 6.657511e-43 3.095349e-07 3.908759e-10 1.134430e+00 3.749327e-01 1.076300e+06 2.880090e-13 4.951708e+02 1.804914e+00 2.284589e+04 1.091361e-01 5.172883e+01 8.157807e-14 1.117744e-11 0.000000e+00 2.500109e-32 0.000000e+00 0.000000e+00 0.000000e+00 0.000000e+00 0.000000e+00 0.000000e+00 0.000000e+00 0.000000e+00 0.000000e+00 0.000000e+00 2.337487e+16 1.592857e+15 1.249397e+02 2.335150e+19 1.556419e-14 7.159707e-07 5.059074e-13 1.361950e-05 4.712520e+04 4.909246e+06 3.440848e+03 4.223404e+08 5.586688e-18 1.125658e-03 1.478932e-08 6.083761e-23 0.000000e+00 0.000000e+00 6.295989e-16 9.377588e-11 4.823209e-07 0.000000e+00 0.000000e+00 0.000000e+00 3.640851e-35 1.009590e-70 0.000000e+00 5.189647e-116 3.637768e-10 0.000000e+00 0.000000e+00 0.000000e+00 0.000000e+00 0.000000e+00 0.000000e+00 0.000000e+00 0.000000e+00 0.000000e+00 0.000000e+00 0.000000e+00 0.000000e+00 0.000000e+00 0.000000e+00 0.000000e+00 0.000000e+00 0.000000e+00 0.000000e+00 0.000000e+00 0.000000e+00 0.000000e+00 0.000000e+00 0.000000e+00 0.000000e+00 0.000000e+00 3.731430e-50 7.209291e-24 1.206616e-22 7.267555e-08 4.464794e-19 0.000000e+00
3.000000 2.000000 4.000000 273.930812 7.229368e+04 9.573881e+05 9.602411e-04 1.514493e+09 1.813809e+05 5.429581e+01 3.097582e+03 3.385617e+16 1.617809e-08 3.209511e-03 2.227948e-07 4.554700e+02 1.129640e+01 9.024496e-05 1.237670e-09 6.070420e-23 1.507228e+00 1.962015e-02 1.501421e-05 1.304466e-16 6.373571e+11 1.201464e+13 1.393276e+09 2.321690e-02 6.947471e+08 1.867930e-11 7.899215e-42 2.594329e-06 4.159717e-09 8.270259e-01 2.346638e-01 8.563911e+05 1.143452e-12 1.067000e+03 2.577210e+00 1.989012e+04 6.227933e-02 4.356856e+01 4.599089e-14 7.076176e-10 0.000000e+00 0.000000e+00 0.000000e+00 0.000000e+00 0.000000e+00 0.000000e+00 0.000000e+00 0.000000e+00 0.000000e+00 0.000000e+00 0.000000e+00 0.000000e+00 1.911488e+16 1.302528e+15 2.921488e+03 1.909585e+19 3.412886e-14 1.525316e-06 1.429696e-12 4.897334e-06 2.785615e+04 3.521709e+06 1.706963e+03 3.339602e+08 6.317787e-16 4.482315e-04 7.887160e-08 1.263151e-22 0.000000e+00 0.000000e+00 1.395722e-12 1.242887e-09 4.018644e-06 0.000000e+00 0.000000e+00 0.000000e+00 0.000000e+00 4.578452e-66 0.000000e+00 4.243869e-116 3.491975e-10 0.000000e+00 0.000000e+00 0.000000e+00 0.000000e+00 0.000000e+00 0.000000e+00 0.000000e+00 0.000000e+00 0.000000e+00 0.000000e+00 0.000000e+00 0.000000e+00 0.000000e+00 0.000000e+00 0.000000e+00 0.000000e+00 0.000000e+00 0.000000e+00 0.000000e+00 0.000000e+00 0.000000e+00 0.000000e+00 0.000000e+00 0.000000e+00 0.000000e+00 4.460696e-49 9.332047e-22 1.700897e-20 1.446617e-07 4.856865e-19 0.000000e+00
5.000000 4.000000 6.000000 261.935202 5.632147e+04 4.867527e+06 2.161916e-02 3.046407e+09 4.438991e+05 3.393956e+02 1.198017e+04 1.268747e+16 2.219190e-06 7.942907e-03 4.604905e-07 3.826929e+02 9.853139e+00 1.896019e-04 7.771288e-09 3.919549e-21 1.172363e+00 3.648699e-02 5.201119e-05 3.234252e-15 5.684644e+11 9.787638e+12 1.377214e+09 3.249394e-02 5.464732e+08 5.021413e-11 8.611267e-42 4.658115e-06 5.976515e-09 6.768362e-01 1.596692e-01 6.658774e+05 1.469532e-11 1.655237e+03 3.043847e+00 6.848415e+03 1.347007e-02 3.680106e+01 7.000808e-14 9.873003e-10 0.000000e+00 3.068566e-32 0.000000e+00 0.000000e+00 0.000000e+00 0.000000e+00 0.000000e+00 0.000000e+00 0.000000e+00 0.000000e+00 0.000000e+00 0.000000e+00 1.557365e+16 1.061178e+15 2.578871e+04 1.555821e+19 1.571952e-13 8.918846e-06 1.202249e-11 7.495793e-06 1.798183e+04 2.495109e+06 9.772810e+02 1.990121e+08 2.877706e-15 2.040559e-04 8.204508e-08 2.182660e-21 0.000000e+00 0.000000e+00 1.079921e-10 6.761802e-09 1.840332e-05 0.000000e+00 0.000000e+00 0.000000e+00 1.664356e-34 2.136928e-61 0.000000e+00 3.457662e-116 3.456483e-10 0.000000e+00 0.000000e+00 0.000000e+00 0.000000e+00 0.000000e+00 0.000000e+00 0.000000e+00 0.000000e+00 0.000000e+00 0.000000e+00 0.000000e+00 0.000000e+00 0.000000e+00 0.000000e+00 0.000000e+00 0.000000e+00 0.000000e+00 0.000000e+00 0.000000e+00 0.000000e+00 0.000000e+00 0.000000e+00 0.000000e+00 0.000000e+00 0.000000e+00 1.589749e-48 1.965905e-21 4.650503e-20 1.664708e-07 6.810915e-19 0.000000e+00
7.000000 6.000000 8.000000 247.479955 4.331290e+04 1.223228e+07 1.395498e-01 4.980914e+09 9.570414e+05 1.154297e+03 4.419729e+04 3.383299e+15 1.466252e-05 1.388579e-02 7.232865e-07 3.312386e+02 8.637636e+00 2.497966e-04 1.649982e-08 5.324228e-20 9.254447e-01 6.185413e-02 1.251160e-04 5.585371e-14 5.207641e+11 7.965261e+12 1.223537e+09 1.844573e-02 3.974695e+08 8.294309e-11 3.509982e-42 9.711536e-06 6.724271e-09 6.310508e-01 1.171792e-01 5.141409e+05 1.884119e-10 1.075155e+03 1.361806e+00 2.843520e+03 3.755303e-03 3.128527e+01 7.672744e-14 5.512475e-10 0.000000e+00 3.671291e-33 0.000000e+00 0.000000e+00 0.000000e+00 0.000000e+00 0.000000e+00 0.000000e+00 0.000000e+00 0.000000e+00 0.000000e+00 0.000000e+00 1.267609e+16 8.636903e+14 1.033487e+05 1.266359e+19 1.056553e-12 2.912473e-05 8.668093e-11 9.540762e-06 1.185294e+04 1.701075e+06 4.866795e+02 1.518297e+08 1.315696e-14 8.291505e-05 5.190705e-08 6.679627e-21 0.000000e+00 0.000000e+00 2.009720e-09 1.699691e-08 1.768688e-04 0.000000e+00 0.000000e+00 0.000000e+00 3.279834e-35 0.000000e+00 0.000000e+00 2.814361e-116 3.608877e-10 0.000000e+00 0.000000e+00 0.000000e+00 0.000000e+00 0.000000e+00 0.000000e+00 0.000000e+00 0.000000e+00 0.000000e+00 0.000000e+00 0.000000e+00 0.000000e+00 0.000000e+00 0.000000e+00 0.000000e+00 0.000000e+00 0.000000e+00 0.000000e+00 0.000000e+00 0.000000e+00 0.000000e+00 0.000000e+00 0.000000e+00 0.000000e+00 0.000000e+00 5.893260e-48 3.018310e-21 9.554255e-20 1.572869e-07 1.130809e-18 0.000000e+00
9.000000 8.000000 10.000000 230.289330 3.273075e+04 2.868697e+07 1.359398e+00 5.011092e+09 1.342381e+06 3.941704e+03 9.922764e+04 5.641217e+14 6.207911e-05 1.846414e-02 1.305626e-06 2.976192e+02 7.653650e+00 5.231790e-04 7.541201e-08 1.739213e-18 7.146526e-01 7.124078e-02 3.279393e-04 2.178146e-13 4.928335e+11 6.467018e+12 8.428732e+08 6.305266e-03 2.673571e+08 2.707787e-10 5.108085e-43 3.911493e-05 1.367473e-08 6.735024e-01 9.095748e-02 3.996641e+05 1.094447e-09 7.377261e+02 6.343452e-01 1.632982e+03 2.932200e-03 2.675142e+01 4.134495e-14 3.305331e-10 0.000000e+00 0.000000e+00 0.000000e+00 0.000000e+00 0.000000e+00 0.000000e+00 0.000000e+00 0.000000e+00 0.000000e+00 0.000000e+00 0.000000e+00 0.000000e+00 1.029408e+16 7.013309e+14 3.913290e+05 1.028399e+19 1.323018e-11 4.311943e-05 2.293883e-10 6.843265e-06 7.526383e+03 1.089231e+06 2.232678e+02 9.375028e+07 1.040881e-13 3.226987e-05 5.297811e-08 2.564647e-20 0.000000e+00 0.000000e+00 2.167877e-08 3.869097e-08 1.747423e-03 0.000000e+00 0.000000e+00 0.000000e+00 0.000000e+00 0.000000e+00 0.000000e+00 2.285518e-116 3.969546e-10 0.000000e+00 0.000000e+00 0.000000e+00 0.000000e+00 0.000000e+00 0.000000e+00 0.000000e+00 0.000000e+00 0.000000e+00 0.000000e+00 0.000000e+00 0.000000e+00 0.000000e+00 0.000000e+00 0.000000e+00 0.000000e+00 0.000000e+00 0.000000e+00 0.000000e+00 0.000000e+00 0.000000e+00 0.000000e+00 0.000000e+00 0.000000e+00 0.000000e+00 7.714442e-47 1.011919e-20 4.265968e-19 1.532389e-07 2.194630e-18 0.000000e+00
11.000000 10.000000 12.000000 211.561063 2.417214e+04 9.458607e+07 6.405887e+01 2.562674e+09 1.122658e+06 2.333337e+04 9.247851e+04 5.777829e+13 3.266027e-04 1.637873e-02 2.815322e-06 2.865146e+02 7.122539e+00 3.237612e-03 2.297651e-06 1.114806e-16 3.799421e-01 5.256360e-02 1.262463e-03 8.898502e-14 4.872634e+11 5.196854e+12 3.193890e+08 1.712512e-03 1.750199e+08 3.418059e-09 2.245239e-44 2.934375e-04 5.562931e-08 8.486848e-01 7.330501e-02 3.102772e+05 1.683733e-09 7.708195e+02 5.470882e-01 1.071063e+03 1.325928e-02 2.318651e+01 9.979069e-15 3.935049e-10 0.000000e+00 3.815301e-32 0.000000e+00 0.000000e+00 0.000000e+00 0.000000e+00 0.000000e+00 0.000000e+00 0.000000e+00 0.000000e+00 0.000000e+00 0.000000e+00 8.275227e+15 5.637114e+14 2.595598e+06 8.267204e+18 8.354445e-10 2.873801e-05 1.232383e-10 2.759344e-06 4.888130e+03 6.496004e+05 1.486635e+02 2.714088e+07 1.503690e-12 1.972204e-05 2.049813e-07 1.748091e-19 0.000000e+00 0.000000e+00 6.037776e-07 1.564694e-07 1.226674e-02 0.000000e+00 0.000000e+00 0.000000e+00 4.710322e-34 2.055439e-61 0.000000e+00 1.837307e-116 4.588588e-10 0.000000e+00 0.000000e+00 0.000000e+00 0.000000e+00 0.000000e+00 0.000000e+00 0.000000e+00 0.000000e+00 0.000000e+00 0.000000e+00 0.000000e+00 0.000000e+00 0.000000e+00 0.000000e+00 0.000000e+00 0.000000e+00 0.000000e+00 0.000000e+00 0.000000e+00 0.000000e+00 0.000000e+00 0.000000e+00 0.000000e+00 0.000000e+00 0.000000e+00 1.722695e-45 8.655662e-20 3.708788e-18 1.646054e-07 5.108491e-18 0.000000e+00
13.000000 12.000000 14.000000 196.813130 1.740938e+04 2.946299e+08 6.321261e+03 9.256332e+08 1.018197e+06 2.188253e+05 7.547224e+04 7.218800e+12 2.215051e-03 4.016470e-03 2.452417e-06 4.958809e+02 9.160700e+00 3.216374e-02 1.044422e-04 2.199671e-14 8.952962e-02 5.582871e-02 8.996582e-03 2.593910e-14 6.725858e+11 4.014648e+12 7.940843e+07 5.901131e-04 7.150154e+07 1.791022e-07 9.899108e-46 1.868079e-03 1.500476e-07 9.956805e-01 4.680451e-02 2.148117e+05 4.086282e-09 1.050170e+03 1.178087e+00 7.479706e+02 7.710751e-02 2.566107e+01 3.753076e-15 8.112640e-10 0.000000e+00 0.000000e+00 0.000000e+00 0.000000e+00 0.000000e+00 0.000000e+00 0.000000e+00 0.000000e+00 0.000000e+00 0.000000e+00 0.000000e+00 0.000000e+00 6.406347e+15 4.361610e+14 3.516354e+07 6.400425e+18 1.146348e-07 1.759891e-05 6.178440e-11 1.923804e-06 4.306916e+03 4.844271e+05 1.349018e+02 1.024674e+07 1.849346e-11 2.462414e-05 1.732518e-06 1.074521e-18 0.000000e+00 0.000000e+00 4.245177e-05 1.746092e-06 1.191782e-01 0.000000e+00 0.000000e+00 0.000000e+00 0.000000e+00 3.319868e-62 0.000000e+00 1.422433e-116 4.365587e-10 0.000000e+00 0.000000e+00 0.000000e+00 0.000000e+00 0.000000e+00 0.000000e+00 0.000000e+00 0.000000e+00 0.000000e+00 0.000000e+00 0.000000e+00 0.000000e+00 0.000000e+00 0.000000e+00 0.000000e+00 0.000000e+00 0.000000e+00 0.000000e+00 0.000000e+00 0.000000e+00 0.000000e+00 0.000000e+00 0.000000e+00 0.000000e+00 0.000000e+00 6.577648e-45 1.810505e-19 3.928814e-18 1.134512e-07 1.085127e-17 0.000000e+00
15.000000 14.000000 16.000000 187.978985 1.229688e+04 4.909890e+08 7.952391e+04 5.133258e+08 1.017271e+06 7.336973e+05 9.995284e+04 1.787709e+12 1.126877e-02 1.924370e-03 3.273386e-06 1.400366e+03 1.644111e+01 1.283851e-01 6.891470e-04 4.994650e-13 4.373492e-02 8.549038e-02 2.750417e-02 1.791358e-14 1.001811e+12 2.945056e+12 2.745862e+07 3.073851e-04 1.345086e+07 2.371327e-06 6.544335e-47 2.250926e-03 7.612945e-08 5.205471e-01 1.731329e-02 1.224351e+05 9.187119e-09 6.414559e+02 1.135806e+00 3.490659e+02 8.957582e-02 4.131809e+01 3.506776e-15 1.319041e-09 3.931457e-19 0.000000e+00 8.513580e-19 4.290653e-17 4.062066e-20 1.815918e-22 1.271219e-21 2.706740e-21 1.021825e-18 9.407685e-34 9.573617e-51 0.000000e+00 4.737211e+15 3.221431e+14 2.183934e+08 4.733309e+18 2.091331e-06 2.206214e-05 4.315551e-11 1.267561e-06 2.741599e+03 3.833470e+05 4.280515e+01 7.475897e+06 4.239431e-11 1.892638e-05 1.990807e-06 1.713205e-18 4.145446e-21 0.000000e+00 4.693760e-04 6.472135e-06 6.772268e-01 7.538345e-16 9.459393e-28 6.432361e-27 0.000000e+00 0.000000e+00 0.000000e+00 1.051933e-116 2.495680e-10 0.000000e+00 0.000000e+00 0.000000e+00 0.000000e+00 0.000000e+00 0.000000e+00 0.000000e+00 0.000000e+00 0.000000e+00 0.000000e+00 0.000000e+00 0.000000e+00 0.000000e+00 0.000000e+00 0.000000e+00 0.000000e+00 0.000000e+00 0.000000e+00 0.000000e+00 0.000000e+00 0.000000e+00 0.000000e+00 0.000000e+00 0.000000e+00 0.000000e+00 5.314025e-44 5.562764e-19 6.405326e-18 8.133276e-08 6.250664e-18 0.000000e+00
17.000000 16.000000 18.000000 181.566288 8.568399e+03 6.044839e+08 3.009969e+05 3.646951e+08 1.109343e+06 1.391212e+06 1.995107e+05 5.898201e+11 3.630170e-02 1.275519e-03 4.749071e-06 2.677316e+03 2.500628e+01 2.384049e-01 1.358853e-03 1.605554e-12 2.826833e-02 1.172469e-01 4.139520e-02 2.335118e-14 1.181645e+12 2.092480e+12 1.014284e+07 1.285848e-04 1.551639e+06 9.056590e-06 8.077905e-48 1.971630e-03 3.449030e-08 2.477923e-01 6.842497e-03 6.240752e+04 1.830454e-08 2.591294e+02 6.736176e-01 1.356600e+02 6.361656e-02 6.188969e+01 4.040634e-15 1.764104e-09 0.000000e+00 0.000000e+00 0.000000e+00 0.000000e+00 0.000000e+00 0.000000e+00 0.000000e+00 0.000000e+00 0.000000e+00 1.079163e-34 1.038882e-51 0.000000e+00 3.417018e+15 2.320627e+14 7.354260e+08 3.414632e+18 1.159786e-05 2.963770e-05 4.207622e-11 8.953935e-07 1.666568e+03 2.580311e+05 7.143179e+00 5.795762e+06 6.997519e-11 1.095284e-05 5.491567e-07 2.076245e-18 0.000000e+00 0.000000e+00 1.342185e-03 1.240196e-05 2.048944e+00 1.251077e-15 0.000000e+00 0.000000e+00 1.231086e-38 0.000000e+00 0.000000e+00 7.588692e-117 1.534026e-10 0.000000e+00 0.000000e+00 0.000000e+00 0.000000e+00 0.000000e+00 0.000000e+00 0.000000e+00 0.000000e+00 0.000000e+00 0.000000e+00 0.000000e+00 0.000000e+00 0.000000e+00 0.000000e+00 0.000000e+00 0.000000e+00 0.000000e+00 0.000000e+00 0.000000e+00 0.000000e+00 0.000000e+00 0.000000e+00 0.000000e+00 0.000000e+00 0.000000e+00 3.513405e-43 1.534826e-18 1.130493e-17 6.198481e-08 3.246260e-18 0.000000e+00
19.000000 18.000000 20.000000 176.830059 5.905121e+03 6.310005e+08 6.092883e+05 2.880127e+08 1.324900e+06 2.057894e+06 3.585457e+05 2.467492e+11 7.781617e-02 8.107214e-04 5.998192e-06 3.132134e+03 3.010121e+01 2.705360e-01 1.301858e-03 1.549141e-12 1.817219e-02 1.351068e-01 4.124095e-02 5.204625e-14 1.145283e+12 1.449780e+12 3.846065e+06 6.008631e-05 1.479823e+05 2.108214e-05 2.121226e-48 1.895938e-03 2.083083e-08 1.343246e-01 3.322341e-03 3.062071e+04 4.028424e-08 9.789573e+01 3.773623e-01 5.463865e+01 4.206260e-02 7.640874e+01 4.959210e-15 2.373971e-09 1.293012e-20 0.000000e+00 1.407780e-19 4.266648e-18 4.582663e-20 1.673545e-24 3.409471e-23 1.475823e-22 1.455714e-20 0.000000e+00 0.000000e+00 0.000000e+00 2.417718e+15 1.640299e+14 1.764990e+09 2.416307e+18 3.458302e-05 3.407956e-05 6.060635e-11 8.235649e-07 1.166360e+03 1.568753e+05 1.055225e+00 4.265329e+06 1.236377e-10 6.873574e-06 8.182850e-08 2.618742e-18 4.925029e-22 0.000000e+00 1.802236e-03 1.938764e-05 4.053512e+00 1.664218e-15 2.025135e-28 1.374104e-27 0.000000e+00 3.020202e-72 0.000000e+00 5.370012e-117 1.155158e-10 0.000000e+00 0.000000e+00 0.000000e+00 0.000000e+00 0.000000e+00 0.000000e+00 0.000000e+00 0.000000e+00 0.000000e+00 0.000000e+00 0.000000e+00 0.000000e+00 0.000000e+00 0.000000e+00 0.000000e+00 0.000000e+00 0.000000e+00 0.000000e+00 0.000000e+00 0.000000e+00 0.000000e+00 0.000000e+00 0.000000e+00 0.000000e+00 0.000000e+00 1.039466e-42 2.798700e-18 1.470157e-17 4.856733e-08 1.982237e-18 0.000000e+00
21.000000 20.000000 22.000000 173.897308 4.038501e+03 6.137758e+08 7.286063e+05 2.765696e+08 1.691877e+06 2.471482e+06 4.719457e+05 1.400000e+11 1.149147e-01 5.293799e-04 6.426378e-06 2.341586e+03 3.048472e+01 2.151793e-01 7.609101e-04 6.431066e-13 1.245242e-02 1.347773e-01 3.067375e-02 2.356588e-13 9.661181e+11 9.832835e+11 1.833505e+06 3.325082e-05 2.018436e+04 2.991317e-05 1.433418e-48 1.928632e-03 1.679425e-08 8.273320e-02 1.958323e-03 1.535505e+04 1.047196e-07 4.081056e+01 2.075753e-01 2.468091e+01 2.564805e-02 8.052826e+01 6.839991e-15 3.279070e-09 1.812534e-20 0.000000e+00 2.969822e-19 6.279269e-18 9.469066e-20 1.416050e-24 5.047941e-23 2.187038e-22 1.744432e-20 0.000000e+00 0.000000e+00 0.000000e+00 1.681213e+15 1.140040e+14 3.007453e+09 1.680377e+18 6.138152e-05 3.459783e-05 1.411297e-10 9.910800e-07 9.197739e+02 9.844076e+04 2.699398e-01 2.958902e+06 2.218709e-10 4.057632e-06 1.476156e-08 3.239824e-18 8.321608e-22 0.000000e+00 1.347135e-03 2.397876e-05 5.960967e+00 1.765475e-15 4.408364e-28 2.987106e-27 0.000000e+00 3.441851e-66 0.000000e+00 3.734477e-117 1.051121e-10 0.000000e+00 0.000000e+00 0.000000e+00 0.000000e+00 0.000000e+00 0.000000e+00 0.000000e+00 0.000000e+00 0.000000e+00 0.000000e+00 0.000000e+00 0.000000e+00 0.000000e+00 0.000000e+00 0.000000e+00 0.000000e+00 0.000000e+00 0.000000e+00 0.000000e+00 0.000000e+00 0.000000e+00 0.000000e+00 0.000000e+00 0.000000e+00 0.000000e+00 1.026328e-42 2.909949e-18 1.346504e-17 3.738491e-08 1.411026e-18 0.000000e+00
23.000000 22.000000 24.000000 172.332158 2.749309e+03 5.955549e+08 5.618089e+05 3.424405e+08 2.241358e+06 2.450757e+06 4.508580e+05 1.024585e+11 1.271624e-01 4.198866e-04 6.495293e-06 1.249676e+03 2.770210e+01 1.306219e-01 3.155194e-04 1.445323e-13 9.707425e-03 1.207621e-01 1.804215e-02 2.155117e-12 7.478041e+11 6.564124e+11 1.156626e+06 1.899174e-05 7.631735e+03 2.461725e-05 2.403052e-48 2.139148e-03 1.752366e-08 5.616570e-02 1.337956e-03 8.327965e+03 3.336735e-07 1.950099e+01 1.060452e-01 1.253465e+01 1.392397e-02 7.693900e+01 1.053578e-14 4.307589e-09 1.122512e-19 9.074636e-34 2.058611e-18 3.256395e-17 4.249204e-19 6.226454e-24 3.531974e-22 1.250611e-21 9.807339e-20 4.705842e-33 7.376842e-49 0.000000e+00 1.154857e+15 7.831051e+13 3.672786e+09 1.154346e+18 7.058961e-05 3.359460e-05 5.061205e-10 1.404788e-06 7.573743e+02 6.921178e+04 1.421388e-01 2.072301e+06 4.157900e-10 1.984423e-06 4.178699e-09 3.877854e-18 4.661356e-21 0.000000e+00 6.186100e-04 2.179667e-05 7.432533e+00 1.645779e-15 3.398244e-27 2.298409e-26 1.796040e-35 0.000000e+00 0.000000e+00 2.565427e-117 1.101009e-10 0.000000e+00 0.000000e+00 0.000000e+00 0.000000e+00 0.000000e+00 0.000000e+00 0.000000e+00 0.000000e+00 0.000000e+00 0.000000e+00 0.000000e+00 0.000000e+00 0.000000e+00 0.000000e+00 0.000000e+00 0.000000e+00 0.000000e+00 0.000000e+00 0.000000e+00 0.000000e+00 0.000000e+00 0.000000e+00 0.000000e+00 0.000000e+00 0.000000e+00 4.565990e-43 2.006752e-18 1.073189e-17 2.907289e-08 1.363636e-18 0.000000e+00
25.000000 24.000000 26.000000 171.325246 1.866775e+03 5.620190e+08 3.591593e+05 4.598464e+08 3.005201e+06 2.264276e+06 3.946071e+05 8.096859e+10 1.166172e-01 4.039740e-04 7.266743e-06 5.876670e+02 2.327004e+01 6.765114e-02 1.042096e-04 2.194668e-14 7.727949e-03 9.896513e-02 9.159176e-03 2.554970e-11 5.534936e+11 4.340136e+11 7.692795e+05 1.149731e-05 5.104565e+03 1.675639e-05 2.410280e-47 1.047505e-02 7.025811e-08 4.513091e-02 1.115173e-03 5.272018e+03 1.637837e-06 9.845000e+00 5.343982e-02 6.625786e+00 8.251980e-03 6.921265e+01 1.664954e-14 5.448275e-09 5.658092e-20 0.000000e+00 1.062816e-18 1.385080e-17 2.438243e-19 2.339960e-24 2.101282e-22 5.571266e-22 4.559589e-20 1.178585e-32 5.115291e-47 0.000000e+00 7.887259e+14 5.350225e+13 4.001331e+09 7.884062e+17 6.722984e-05 3.008138e-05 2.191726e-09 2.186036e-06 6.511602e+02 4.855585e+04 9.388329e-02 1.456517e+06 3.321678e-09 8.731754e-07 1.269219e-09 1.516914e-17 2.070264e-21 0.000000e+00 2.207714e-04 1.805382e-05 8.554723e+00 1.259675e-15 2.144108e-27 1.446504e-26 0.000000e+00 3.575379e-66 0.000000e+00 1.752157e-117 1.393751e-10 0.000000e+00 0.000000e+00 0.000000e+00 0.000000e+00 0.000000e+00 0.000000e+00 0.000000e+00 0.000000e+00 0.000000e+00 0.000000e+00 0.000000e+00 0.000000e+00 0.000000e+00 0.000000e+00 0.000000e+00 0.000000e+00 0.000000e+00 0.000000e+00 0.000000e+00 0.000000e+00 0.000000e+00 0.000000e+00 0.000000e+00 0.000000e+00 0.000000e+00 2.439620e-43 1.502757e-18 1.024201e-17 2.659765e-08 7.742609e-18 0.000000e+00
27.000000 26.000000 28.000000 170.738144 1.265556e+03 4.817564e+08 2.739852e+05 4.980794e+08 3.937813e+06 2.353712e+06 4.203462e+05 5.819585e+10 9.590647e-02 3.327992e-04 8.465953e-06 3.150898e+02 1.825528e+01 3.774381e-02 3.460883e-05 3.557701e-15 5.105458e-03 7.265095e-02 4.864416e-03 3.067124e-10 4.070811e+11 2.842282e+11 4.431945e+05 1.092445e-05 3.437273e+03 1.743228e-05 1.219970e-45 2.691534e-01 1.610864e-06 4.821064e-02 1.256208e-03 4.103963e+03 3.622765e-05 5.235018e+00 3.416115e-02 3.645158e+00 7.441384e-03 6.020059e+01 2.673190e-14 7.794599e-09 2.883617e-20 1.415435e-34 6.936214e-19 8.126524e-18 1.923864e-19 8.220623e-25 1.309516e-22 2.840469e-22 2.074011e-20 4.092016e-31 2.650967e-43 0.000000e+00 5.365255e+14 3.641444e+13 5.373655e+09 5.363274e+17 7.642741e-05 2.156343e-05 1.292989e-08 4.017321e-06 6.356592e+02 2.906831e+04 7.167836e-02 9.007310e+05 1.356803e-07 4.703335e-07 4.767913e-10 3.344604e-16 1.346961e-21 0.000000e+00 9.317777e-05 2.043409e-05 9.576102e+00 9.007331e-16 1.864677e-27 1.253430e-26 2.421083e-36 1.068628e-65 0.000000e+00 1.191936e-117 3.940610e-09 0.000000e+00 0.000000e+00 0.000000e+00 0.000000e+00 0.000000e+00 0.000000e+00 0.000000e+00 0.000000e+00 0.000000e+00 0.000000e+00 0.000000e+00 0.000000e+00 0.000000e+00 0.000000e+00 0.000000e+00 0.000000e+00 0.000000e+00 0.000000e+00 0.000000e+00 0.000000e+00 0.000000e+00 0.000000e+00 0.000000e+00 0.000000e+00 0.000000e+00 2.218243e-43 1.457434e-18 1.039111e-17 2.923521e-08 1.607858e-16 0.000000e+00
29.000000 28.000000 30.000000 171.048388 8.578219e+02 3.330673e+08 2.929633e+05 3.618411e+08 5.240476e+06 3.347252e+06 7.344564e+05 4.164588e+10 6.806662e-02 1.802981e-04 9.278737e-06 2.345475e+02 1.334374e+01 3.129468e-02 1.478689e-05 1.076229e-15 2.603337e-03 4.918251e-02 3.813671e-03 4.740607e-09 3.097230e+11 1.837859e+11 2.668823e+05 2.836257e-05 1.824756e+03 4.917489e-05 5.714467e-44 6.245009e+00 3.105295e-05 1.528251e-01 2.293424e-03 3.854033e+03 1.523321e-03 3.766620e+00 3.963304e-02 2.376228e+00 1.365806e-02 5.107070e+01 5.661815e-14 1.585816e-08 1.347434e-20 0.000000e+00 6.446819e-19 7.618509e-18 2.178237e-19 2.583913e-25 9.116947e-23 1.820755e-22 8.652010e-21 1.919267e-29 1.093630e-39 0.000000e+00 3.629835e+14 2.465243e+13 1.111967e+10 3.628754e+17 1.283300e-04 1.132186e-05 2.118565e-07 1.411597e-05 8.445191e+02 1.283896e+04 6.272366e-02 4.141297e+05 4.928065e-06 5.085334e-07 2.978136e-10 6.611705e-15 1.634479e-21 0.000000e+00 7.683011e-05 4.721319e-05 1.036954e+01 6.181837e-16 2.595865e-27 1.735679e-26 0.000000e+00 0.000000e+00 0.000000e+00 8.064558e-118 1.114776e-07 0.000000e+00 0.000000e+00 0.000000e+00 0.000000e+00 0.000000e+00 0.000000e+00 0.000000e+00 0.000000e+00 0.000000e+00 0.000000e+00 0.000000e+00 0.000000e+00 0.000000e+00 0.000000e+00 0.000000e+00 0.000000e+00 0.000000e+00 0.000000e+00 0.000000e+00 0.000000e+00 0.000000e+00 0.000000e+00 0.000000e+00 0.000000e+00 0.000000e+00 3.303706e-43 1.801138e-18 9.160400e-18 4.083719e-08 2.399235e-15 0.000000e+00
31.000000 30.000000 32.000000 172.622002 5.828223e+02 1.983689e+08 5.614323e+05 1.324304e+08 5.256428e+06 6.428735e+06 2.210422e+06 2.858070e+10 5.610328e-02 4.651349e-05 6.784153e-06 2.412396e+02 9.162571e+00 5.709065e-02 1.243866e-05 1.364028e-15 7.181511e-04 2.298012e-02 4.835408e-03 1.057892e-05 2.960412e+11 1.167243e+11 2.191898e+05 1.741914e-04 7.799323e+02 3.645634e-04 1.700927e-42 9.992773e+01 3.075977e-04 3.905288e+01 1.099110e-02 4.182198e+03 7.885667e-01 4.803776e+01 1.063345e+00 1.664635e+01 7.763880e-01 4.303910e+01 9.563708e-11 3.884461e-08 4.135522e-21 0.000000e+00 7.573265e-19 7.792113e-18 2.088798e-19 2.497193e-26 4.210603e-23 1.046903e-22 1.764294e-21 5.145527e-28 2.650571e-36 0.000000e+00 2.442899e+14 1.661027e+13 4.397812e+10 2.442978e+17 3.933122e-04 4.182993e-06 2.924598e-03 2.850730e-02 1.050748e+03 1.919585e+03 4.774575e-02 8.089004e+04 1.222293e-04 1.133415e-06 3.452654e-10 9.013545e-14 1.020520e-21 0.000000e+00 1.871034e-04 1.901312e-04 1.086692e+01 4.049926e-16 3.947315e-27 2.618709e-26 0.000000e+00 0.000000e+00 0.000000e+00 5.429282e-118 1.315813e-03 0.000000e+00 0.000000e+00 0.000000e+00 0.000000e+00 0.000000e+00 0.000000e+00 0.000000e+00 0.000000e+00 0.000000e+00 0.000000e+00 0.000000e+00 0.000000e+00 0.000000e+00 0.000000e+00 0.000000e+00 0.000000e+00 0.000000e+00 0.000000e+00 0.000000e+00 0.000000e+00 0.000000e+00 0.000000e+00 0.000000e+00 0.000000e+00 0.000000e+00 3.674926e-43 1.916415e-18 3.541282e-18 3.729381e-08 1.576305e-14 0.000000e+00
33.000000 32.000000 34.000000 174.830008 3.978377e+02 1.711228e+08 7.572733e+05 7.796364e+07 3.921312e+06 7.377786e+06 2.747896e+06 1.701473e+10 5.722533e-02 2.391486e-05 5.339977e-06 2.460138e+02 6.111426e+00 5.143483e-02 6.685534e-06 5.365024e-16 2.232416e-04 7.656623e-03 2.233878e-03 1.569124e-04 3.486661e+11 7.299520e+10 6.289068e+05 1.145169e-03 2.146811e+03 1.908563e-03 5.809949e-41 8.818879e+02 3.467386e-03 1.478248e+03 1.872031e-01 4.750244e+03 3.999555e+01 1.256374e+03 4.360507e+01 4.499396e+02 2.870403e+01 3.613496e+01 5.023893e-09 4.549504e-08 5.383915e-21 3.227217e-32 2.192345e-18 1.579694e-17 3.043684e-19 3.402637e-26 5.319554e-23 1.548818e-22 1.143288e-21 1.020173e-26 1.581654e-33 0.000000e+00 1.645042e+14 1.120872e+13 9.963543e+10 1.646530e+17 9.756102e-04 2.166600e-06 1.526457e-01 1.013682e+00 2.382289e+03 5.884591e+02 3.059062e-01 2.144756e+04 1.609178e-03 2.290871e-06 1.582963e-09 1.191158e-12 6.294062e-22 0.000000e+00 1.363091e-04 7.861081e-04 1.074918e+01 2.538557e-16 1.186018e-26 7.778918e-26 7.833884e-36 0.000000e+00 0.000000e+00 3.659253e-118 4.641418e-02 0.000000e+00 0.000000e+00 0.000000e+00 0.000000e+00 0.000000e+00 0.000000e+00 0.000000e+00 0.000000e+00 0.000000e+00 0.000000e+00 0.000000e+00 0.000000e+00 0.000000e+00 0.000000e+00 0.000000e+00 0.000000e+00 0.000000e+00 0.000000e+00 0.000000e+00 0.000000e+00 0.000000e+00 0.000000e+00 0.000000e+00 0.000000e+00 0.000000e+00 2.045725e-43 1.437456e-18 1.549818e-18 6.382396e-08 1.069538e-13 0.000000e+00
35.000000 34.000000 36.000000 176.643623 2.728539e+02 1.847759e+08 8.702360e+05 6.380609e+07 2.776185e+06 6.441484e+06 2.041759e+06 9.076675e+09 5.885282e-02 1.431382e-05 4.311042e-06 2.400059e+02 4.019147e+00 3.008596e-02 2.860520e-06 1.088524e-16 8.022583e-05 2.399671e-03 6.349348e-04 3.960792e-04 4.244279e+11 4.502479e+10 1.304426e+06 3.523673e-03 3.104641e+03 3.874594e-03 7.828834e-40 2.695578e+03 1.091896e-02 4.804006e+03 4.889624e-01 4.921810e+03 2.046192e+02 5.022486e+03 1.526220e+02 1.185475e+03 6.533320e+01 3.043319e+01 2.359372e-08 3.906155e-08 7.465501e-21 6.721742e-32 4.768905e-18 2.348736e-17 3.215483e-19 6.472212e-26 5.407445e-23 1.861300e-22 7.563557e-22 6.225790e-26 3.954578e-32 0.000000e+00 1.114823e+14 7.619983e+12 1.581852e+11 1.117665e+17 2.179387e-03 1.305095e-06 7.304680e-01 3.327096e+00 3.909319e+03 3.661794e+02 4.874599e-01 7.876110e+03 7.243311e-03 2.178673e-06 1.180950e-09 3.548762e-12 3.207374e-22 0.000000e+00 4.889045e-05 1.634207e-03 1.024290e+01 1.505693e-16 2.587575e-26 1.669880e-25 9.916176e-34 1.200892e-65 0.000000e+00 2.483904e-118 1.517537e-01 0.000000e+00 0.000000e+00 0.000000e+00 0.000000e+00 0.000000e+00 0.000000e+00 0.000000e+00 0.000000e+00 0.000000e+00 0.000000e+00 0.000000e+00 0.000000e+00 0.000000e+00 0.000000e+00 0.000000e+00 0.000000e+00 0.000000e+00 0.000000e+00 0.000000e+00 0.000000e+00 0.000000e+00 0.000000e+00 0.000000e+00 0.000000e+00 0.000000e+00 6.427745e-44 8.079094e-19 7.077458e-19 8.081701e-08 2.262866e-13 0.000000e+00
37.000000 36.000000 38.000000 177.634077 1.877323e+02 2.376003e+08 9.814695e+05 6.205010e+07 1.992570e+06 4.621266e+06 1.041952e+06 4.532807e+09 5.871812e-02 7.297277e-06 3.160919e-06 2.236718e+02 2.652798e+00 1.345125e-02 1.117486e-06 1.546191e-17 3.022144e-05 7.763156e-04 1.413243e-04 7.070476e-04 4.903802e+11 2.744530e+10 1.499364e+06 4.242211e-03 3.520944e+03 2.929662e-03 3.712759e-39 3.535932e+03 1.306153e-02 6.284636e+03 5.057575e-01 4.102616e+03 5.223704e+02 1.084223e+04 2.444994e+02 1.261042e+03 5.390923e+01 2.553587e+01 5.278802e-08 2.735068e-08 8.768100e-21 0.000000e+00 7.222406e-18 2.526272e-17 2.422076e-19 4.876088e-26 3.528307e-23 1.561625e-22 4.345045e-22 1.253695e-25 1.419032e-31 0.000000e+00 7.607914e+13 5.221879e+12 2.056463e+11 7.647022e+16 4.488732e-03 7.804419e-07 1.728753e+00 5.485463e+00 3.615377e+03 2.558727e+02 4.672427e-01 3.433768e+03 1.392018e-02 8.968070e-07 4.104216e-10 3.282060e-12 1.407964e-22 0.000000e+00 1.106619e-05 1.552062e-03 9.399053e+00 8.531566e-17 4.038421e-26 2.547998e-25 7.870652e-34 2.239107e-65 0.000000e+00 1.699477e-118 2.509131e-01 0.000000e+00 0.000000e+00 0.000000e+00 0.000000e+00 0.000000e+00 0.000000e+00 0.000000e+00 0.000000e+00 0.000000e+00 0.000000e+00 0.000000e+00 0.000000e+00 0.000000e+00 0.000000e+00 0.000000e+00 0.000000e+00 0.000000e+00 0.000000e+00 0.000000e+00 0.000000e+00 0.000000e+00 0.000000e+00 0.000000e+00 0.000000e+00 0.000000e+00 9.802718e-45 3.148232e-19 2.663125e-19 5.326655e-08 1.688418e-13 0.000000e+00
39.000000 38.000000 40.000000 178.043780 1.293734e+02 3.481326e+08 1.120516e+06 6.760542e+07 1.475715e+06 2.876805e+06 4.045318e+05 2.200869e+09 5.713544e-02 3.197919e-06 2.130896e-06 2.013812e+02 1.786774e+00 5.013574e-03 4.156010e-07 1.735077e-18 1.193662e-05 2.671781e-04 2.728420e-05 1.285627e-03 5.312880e+11 1.641092e+10 1.395427e+06 3.076595e-03 4.483819e+03 1.285137e-03 9.413026e-39 2.836249e+03 9.235859e-03 5.439522e+03 3.338954e-01 2.932446e+03 1.053925e+03 1.948417e+04 2.951694e+02 9.126709e+02 2.966132e+01 2.129006e+01 8.722230e-08 1.714406e-08 9.125622e-21 5.791761e-32 8.590317e-18 2.248454e-17 1.563552e-19 2.130596e-26 1.646769e-23 1.010966e-22 2.298847e-22 1.294310e-25 1.888831e-31 0.000000e+00 5.211667e+13 3.596051e+12 2.363620e+11 5.257719e+16 8.930636e-03 4.540582e-07 3.305721e+00 7.307335e+00 2.604194e+03 1.892198e+02 4.176041e-01 1.650080e+03 1.619363e-02 2.406751e-07 1.114470e-10 1.539015e-12 5.840575e-23 0.000000e+00 1.818128e-06 9.992790e-04 8.358262e+00 4.624456e-17 5.168664e-26 3.161109e-25 1.560789e-34 0.000000e+00 0.000000e+00 1.168478e-118 3.405394e-01 0.000000e+00 0.000000e+00 0.000000e+00 0.000000e+00 0.000000e+00 0.000000e+00 0.000000e+00 0.000000e+00 0.000000e+00 0.000000e+00 0.000000e+00 0.000000e+00 0.000000e+00 0.000000e+00 0.000000e+00 0.000000e+00 0.000000e+00 0.000000e+00 0.000000e+00 0.000000e+00 0.000000e+00 0.000000e+00 0.000000e+00 0.000000e+00 0.000000e+00 8.586947e-46 9.244231e-20 8.460665e-20 2.517834e-08 6.844165e-14 0.000000e+00
41.000000 40.000000 42.000000 178.254028 8.923237e+01 5.319186e+08 1.209525e+06 8.175672e+07 1.148240e+06 1.706391e+06 1.428987e+05 1.097322e+09 5.436601e-02 1.449368e-06 1.466832e-06 1.739404e+02 1.247755e+00 1.771050e-03 1.519988e-07 1.785401e-19 5.431933e-06 1.004998e-04 5.241215e-06 3.204555e-03 5.390463e+11 9.541905e+09 1.454156e+06 2.026399e-03 7.084814e+03 5.015079e-04 2.172294e-38 2.022300e+03 6.206172e-03 4.703134e+03 2.317747e-01 1.932335e+03 2.277582e+03 3.666758e+04 3.558607e+02 7.063458e+02 1.738733e+01 1.753291e+01 1.400628e-07 1.228910e-08 8.784889e-21 1.674345e-32 8.628659e-18 1.795747e-17 1.070406e-19 9.245292e-27 6.881122e-24 5.778378e-23 1.185199e-22 1.047326e-25 2.144075e-31 0.000000e+00 3.573263e+13 2.481234e+12 2.476499e+11 3.622118e+16 1.710428e-02 2.845583e-07 7.128863e+00 1.068526e+01 2.013868e+03 1.666813e+02 4.750705e-01 8.560527e+02 1.639805e-02 6.598330e-08 3.609327e-11 6.435604e-13 2.436307e-23 0.000000e+00 2.687524e-07 6.170209e-04 7.201197e+00 2.373195e-17 5.892040e-26 3.453699e-25 0.000000e+00 0.000000e+00 0.000000e+00 8.049809e-119 5.250093e-01 0.000000e+00 0.000000e+00 0.000000e+00 0.000000e+00 0.000000e+00 0.000000e+00 0.000000e+00 0.000000e+00 0.000000e+00 0.000000e+00 0.000000e+00 0.000000e+00 0.000000e+00 0.000000e+00 0.000000e+00 0.000000e+00 0.000000e+00 0.000000e+00 0.000000e+00 0.000000e+00 0.000000e+00 0.000000e+00 0.000000e+00 0.000000e+00 0.000000e+00 6.535891e-47 2.533584e-20 2.791370e-20 1.268027e-08 2.578958e-14 0.000000e+00
43.000000 42.000000 44.000000 178.561588 6.159460e+01 7.798542e+08 1.160697e+06 1.083293e+08 9.443537e+05 1.064020e+06 5.538449e+04 5.842175e+08 5.201414e-02 8.072287e-07 1.131117e-06 1.440878e+02 9.286644e-01 6.902369e-04 5.820838e-08 2.063619e-20 3.102371e-06 4.249341e-05 1.161563e-06 1.052347e-02 5.213486e+11 5.312258e+09 1.716462e+06 1.407264e-03 1.181640e+04 2.088022e-04 6.038855e-38 1.510755e+03 4.698132e-03 4.436165e+03 2.000447e-01 1.188305e+03 5.263842e+03 6.775062e+04 4.261052e+02 6.650928e+02 1.223640e+01 1.425361e+01 2.306180e-07 1.198304e-08 7.957046e-21 0.000000e+00 7.683403e-18 1.338355e-17 8.447185e-20 4.957589e-27 3.156714e-24 3.267259e-23 6.076604e-23 7.912216e-26 2.671174e-31 0.000000e+00 2.447411e+13 1.712405e+12 2.442182e+11 2.495938e+16 3.117528e-02 2.145882e-07 1.739630e+01 1.676583e+01 1.773986e+03 1.727389e+02 6.553067e-01 4.732981e+02 1.677163e-02 2.285810e-08 1.529530e-11 3.175694e-13 1.030263e-23 0.000000e+00 4.557647e-08 3.992442e-04 6.027519e+00 1.118901e-17 6.219398e-26 3.444125e-25 0.000000e+00 0.000000e+00 0.000000e+00 5.546985e-119 9.225293e-01 0.000000e+00 0.000000e+00 0.000000e+00 0.000000e+00 0.000000e+00 0.000000e+00 0.000000e+00 0.000000e+00 0.000000e+00 0.000000e+00 0.000000e+00 0.000000e+00 0.000000e+00 0.000000e+00 0.000000e+00 0.000000e+00 0.000000e+00 0.000000e+00 0.000000e+00 0.000000e+00 0.000000e+00 0.000000e+00 0.000000e+00 0.000000e+00 0.000000e+00 6.287365e-48 7.881452e-21 1.149022e-20 7.835639e-09 1.157092e-14 0.000000e+00
45.000000 44.000000 46.000000 179.306850 4.256992e+01 1.094736e+09 9.788504e+05 1.550850e+08 8.034601e+05 6.955708e+05 2.342420e+04 3.363910e+08 5.312026e-02 5.506184e-07 9.706281e-07 1.139575e+02 7.608652e-01 3.066489e-04 2.387006e-08 2.825550e-21 2.192872e-06 2.029330e-05 3.002720e-07 3.691405e-02 4.805134e+11 2.827838e+09 1.929032e+06 9.661754e-04 1.730119e+04 8.028442e-05 1.972715e-37 1.036460e+03 3.369640e-03 3.814451e+03 1.795062e-01 6.733442e+02 1.045131e+04 1.020338e+05 4.200504e+02 6.450977e+02 8.712753e+00 1.127489e+01 3.541155e-07 1.400300e-08 6.913390e-21 0.000000e+00 6.213924e-18 9.265080e-18 6.810259e-20 2.858682e-27 1.633077e-24 1.858262e-23 3.083672e-23 4.777417e-26 2.560540e-31 0.000000e+00 1.672364e+13 1.180239e+12 2.278563e+11 1.717850e+16 5.388058e-02 1.939189e-07 3.963742e+01 2.298504e+01 1.519471e+03 1.878006e+02 8.819408e-01 2.697149e+02 1.476799e-02 8.856026e-09 6.988991e-12 1.652668e-13 4.215997e-24 0.000000e+00 9.115164e-09 2.314723e-04 4.814430e+00 4.811399e-18 6.041756e-26 3.106355e-25 1.204150e-34 0.000000e+00 0.000000e+00 3.817758e-119 1.557531e+00 0.000000e+00 0.000000e+00 0.000000e+00 0.000000e+00 0.000000e+00 0.000000e+00 0.000000e+00 0.000000e+00 0.000000e+00 0.000000e+00 0.000000e+00 0.000000e+00 0.000000e+00 0.000000e+00 0.000000e+00 0.000000e+00 0.000000e+00 0.000000e+00 0.000000e+00 0.000000e+00 0.000000e+00 0.000000e+00 0.000000e+00 0.000000e+00 0.000000e+00 7.880381e-49 2.798844e-21 5.829511e-21 5.068072e-09 5.323259e-15 0.000000e+00
47.000000 46.000000 48.000000 180.859851 2.949668e+01 1.575832e+09 7.769095e+05 2.358736e+08 6.692845e+05 4.498303e+05 9.589846e+03 2.003444e+08 6.299656e-02 4.127792e-07 8.568194e-07 8.696395e+01 6.945585e-01 1.479068e-04 1.053598e-08 4.371321e-22 1.726034e-06 1.041985e-05 8.126078e-08 1.095950e-01 4.291864e+11 1.427409e+09 1.828291e+06 6.063729e-04 1.988130e+04 2.331973e-05 6.191639e-37 4.830319e+02 1.644897e-03 2.281887e+03 1.189506e-01 3.442244e+02 1.447656e+04 1.124715e+05 2.861940e+02 4.750198e+02 4.766967e+00 8.585585e+00 4.251520e-07 1.460506e-08 5.796047e-21 2.368811e-35 4.681767e-18 5.851933e-18 4.829902e-20 1.396792e-27 8.465041e-25 1.009342e-23 1.471487e-23 1.672803e-26 1.039440e-31 0.000000e+00 1.138971e+13 8.117638e+11 2.051633e+11 1.180077e+16 8.959007e-02 1.826316e-07 6.920050e+01 2.343780e+01 1.064617e+03 1.896997e+02 9.151930e-01 1.480548e+02 7.910901e-03 3.090775e-09 2.570957e-12 6.609998e-14 1.475635e-24 0.000000e+00 1.923258e-09 1.026960e-04 3.604595e+00 1.854990e-18 5.289919e-26 2.476251e-25 1.390366e-36 9.474923e-69 0.000000e+00 2.622608e-119 2.261156e+00 0.000000e+00 0.000000e+00 0.000000e+00 0.000000e+00 0.000000e+00 0.000000e+00 0.000000e+00 0.000000e+00 0.000000e+00 0.000000e+00 0.000000e+00 0.000000e+00 0.000000e+00 0.000000e+00 0.000000e+00 0.000000e+00 0.000000e+00 0.000000e+00 0.000000e+00 0.000000e+00 0.000000e+00 0.000000e+00 0.000000e+00 0.000000e+00 0.000000e+00 9.843086e-50 9.857737e-22 3.107817e-21 2.673252e-09 1.749099e-15 0.000000e+00
49.000000 48.000000 50.000000 183.306510 2.052553e+01 2.949193e+09 7.194855e+05 3.859049e+08 4.595955e+05 2.374585e+05 2.649558e+03 1.127559e+08 9.766449e-02 2.619089e-07 6.076436e-07 6.459769e+01 6.579978e-01 6.545521e-05 5.132395e-09 6.665531e-23 1.137946e-06 4.517448e-06 1.672662e-08 2.057893e-01 3.740040e+11 6.860265e+08 1.378482e+06 2.874908e-04 1.530340e+04 3.649182e-06 9.133165e-37 8.020491e+01 2.647985e-04 5.655304e+02 2.786731e-02 1.600512e+02 1.047613e+04 8.358570e+04 9.940422e+01 1.375581e+02 1.179139e+00 6.210567e+00 2.338620e-07 7.411900e-09 4.772601e-21 0.000000e+00 3.364052e-18 3.222620e-18 2.875370e-20 3.663107e-28 2.976705e-25 4.397513e-24 5.676565e-24 2.122638e-27 6.538835e-33 0.000000e+00 7.740808e+12 5.578482e+11 1.793123e+11 8.102071e+15 1.451346e-01 1.265563e-07 6.869956e+01 1.514170e+01 4.741050e+02 1.652103e+02 5.093609e-01 6.410337e+01 1.232476e-03 6.429529e-10 4.571786e-13 8.739745e-15 3.160165e-25 0.000000e+00 3.017133e-10 2.730743e-05 2.468957e+00 6.439081e-19 3.966102e-26 1.658058e-25 0.000000e+00 0.000000e+00 0.000000e+00 1.800607e-119 2.774718e+00 0.000000e+00 0.000000e+00 0.000000e+00 0.000000e+00 0.000000e+00 0.000000e+00 0.000000e+00 0.000000e+00 0.000000e+00 0.000000e+00 0.000000e+00 0.000000e+00 0.000000e+00 0.000000e+00 0.000000e+00 0.000000e+00 0.000000e+00 0.000000e+00 0.000000e+00 0.000000e+00 0.000000e+00 0.000000e+00 0.000000e+00 0.000000e+00 0.000000e+00 5.109769e-51 2.103835e-22 1.070638e-21 7.774706e-10 2.263598e-16 0.000000e+00
51.000000 50.000000 52.000000 186.117356 1.436108e+01 8.505497e+09 9.718583e+05 5.651989e+08 1.722446e+05 7.275186e+04 2.900077e+02 5.394924e+07 1.877226e-01 8.990908e-08 2.390448e-07 4.701149e+01 5.294665e-01 2.890923e-05 3.309567e-09 1.308054e-23 4.072025e-07 9.111051e-07 2.007257e-09 1.372396e-01 3.180586e+11 3.218919e+08 7.555211e+05 9.060630e-05 6.826278e+03 2.771383e-07 2.275353e-37 2.732769e+00 7.556780e-06 3.406352e+01 9.372352e-04 7.156048e+01 2.837654e+03 4.484932e+04 1.448479e+01 5.946537e+00 7.540632e-02 4.318308e+00 3.120004e-08 9.861109e-10 3.606123e-21 6.128238e-36 2.128465e-18 1.624189e-18 1.526288e-20 2.424840e-29 3.384972e-26 1.019725e-24 1.119636e-24 1.453734e-28 5.451370e-35 0.000000e+00 5.274031e+12 3.846018e+11 1.503540e+11 5.583156e+15 2.301575e-01 5.231745e-08 2.592650e+01 5.704599e+00 1.191091e+02 1.027387e+02 9.861320e-02 1.297048e+01 3.128608e-05 7.058018e-11 3.040183e-14 1.646453e-16 2.284996e-26 0.000000e+00 2.799767e-11 3.878228e-06 1.582676e+00 2.104237e-19 2.651521e-26 9.752402e-26 1.171566e-36 3.403167e-69 0.000000e+00 1.240803e-119 2.969920e+00 0.000000e+00 0.000000e+00 0.000000e+00 0.000000e+00 0.000000e+00 0.000000e+00 0.000000e+00 0.000000e+00 0.000000e+00 0.000000e+00 0.000000e+00 0.000000e+00 0.000000e+00 0.000000e+00 0.000000e+00 0.000000e+00 0.000000e+00 0.000000e+00 0.000000e+00 0.000000e+00 0.000000e+00 0.000000e+00 0.000000e+00 0.000000e+00 0.000000e+00 8.491368e-53 1.669223e-23 1.211370e-22 1.128809e-10 1.756763e-17 0.000000e+00
53.000000 52.000000 54.000000 188.188728 1.009904e+01 1.975999e+10 1.159140e+06 6.515060e+08 5.892637e+04 2.112704e+04 2.567870e+01 2.237092e+07 2.715400e-01 2.470835e-08 8.619922e-08 3.385942e+01 3.690096e-01 1.456679e-05 1.874238e-09 2.599663e-24 1.339173e-07 1.476463e-07 2.343908e-10 5.428209e-02 2.736804e+11 1.398254e+08 3.061543e+05 2.378497e-05 2.226209e+03 1.692352e-08 2.895061e-38 7.687479e-02 2.433289e-07 1.738682e+00 2.538266e-05 2.928937e+01 6.080913e+02 2.131494e+04 2.007500e+00 1.566560e-01 4.070820e-03 2.985054e+00 4.739665e-09 2.289551e-10 1.849103e-21 5.077290e-41 8.975565e-19 7.891977e-19 6.786405e-21 7.966078e-31 2.482069e-27 1.519354e-25 1.495979e-25 8.138337e-30 3.466851e-37 0.000000e+00 3.615603e+12 2.675332e+11 1.238072e+11 3.882985e+15 3.438247e-01 2.179414e-08 7.264011e+00 1.870428e+00 3.189259e+01 4.568613e+01 1.753641e-02 2.068904e+00 6.536400e-07 9.012747e-12 1.911302e-15 3.277162e-18 1.366833e-27 0.000000e+00 2.757064e-12 5.848762e-07 1.003719e+00 5.936474e-20 1.652868e-26 5.311067e-26 3.312258e-42 5.918381e-74 0.000000e+00 8.629567e-120 2.669955e+00 0.000000e+00 0.000000e+00 0.000000e+00 0.000000e+00 0.000000e+00 0.000000e+00 0.000000e+00 0.000000e+00 0.000000e+00 0.000000e+00 0.000000e+00 0.000000e+00 0.000000e+00 0.000000e+00 0.000000e+00 0.000000e+00 0.000000e+00 0.000000e+00 0.000000e+00 0.000000e+00 0.000000e+00 0.000000e+00 0.000000e+00 0.000000e+00 0.000000e+00 1.147145e-54 1.339533e-24 1.112698e-23 1.330033e-11 1.279235e-18 0.000000e+00
55.000000 54.000000 56.000000 188.270268 7.118785e+00 3.261246e+10 1.108621e+06 6.262380e+08 2.357176e+04 7.094813e+03 2.699979e+00 8.481863e+06 2.993592e-01 6.308319e-09 3.284786e-08 2.409658e+01 2.435360e-01 7.092834e-06 8.129952e-10 4.001531e-25 4.810453e-08 2.746977e-08 3.131713e-11 2.147499e-02 2.371786e+11 5.649349e+07 1.203000e+05 5.274243e-06 6.274103e+02 1.034264e-09 7.871303e-39 9.975648e-03 1.564854e-08 1.387575e-01 1.202418e-06 1.103788e+01 1.695784e+02 1.033317e+04 3.963268e-01 7.149840e-03 3.313619e-04 2.074159e+00 3.053876e-09 1.219980e-10 2.058521e-22 2.310732e-46 8.063477e-20 7.404642e-20 2.066378e-21 1.108741e-32 5.427426e-29 5.673298e-27 5.592552e-27 4.658078e-31 3.890065e-39 0.000000e+00 2.503221e+12 1.884765e+11 1.000227e+11 2.735920e+15 4.766738e-01 9.225734e-09 2.360531e+00 6.670825e-01 1.048864e+01 1.857327e+01 4.794621e-03 4.020495e-01 7.224811e-08 1.417084e-12 1.735680e-16 1.407263e-19 2.381236e-29 0.000000e+00 3.160390e-13 1.110298e-07 6.528342e-01 1.462862e-20 1.903360e-27 5.354314e-27 9.419790e-48 9.556796e-79 0.000000e+00 6.080322e-120 2.059586e+00 0.000000e+00 0.000000e+00 0.000000e+00 0.000000e+00 0.000000e+00 0.000000e+00 0.000000e+00 0.000000e+00 0.000000e+00 0.000000e+00 0.000000e+00 0.000000e+00 0.000000e+00 0.000000e+00 0.000000e+00 0.000000e+00 0.000000e+00 0.000000e+00 0.000000e+00 0.000000e+00 0.000000e+00 0.000000e+00 0.000000e+00 0.000000e+00 0.000000e+00 1.515092e-56 1.405296e-25 1.127619e-24 1.502773e-12 9.149999e-20 0.000000e+00
57.000000 56.000000 58.000000 185.605699 5.007082e+00 4.381906e+10 9.523503e+05 5.400859e+08 1.038257e+04 2.625927e+03 3.579123e-01 3.011387e+06 2.900270e-01 1.453008e-09 1.196526e-08 1.693449e+01 1.569882e-01 3.381465e-06 3.189410e-10 5.688694e-26 1.700666e-08 5.778987e-09 4.784449e-12 1.231809e-02 2.059687e+11 2.133160e+07 5.084762e+04 9.068584e-07 1.696888e+02 7.092339e-11 1.840554e-39 3.024503e-03 1.364006e-09 1.458620e-02 7.981672e-08 3.855847e+00 6.243923e+01 5.467082e+03 1.007389e-01 5.160406e-04 3.482037e-05 1.448512e+00 5.245687e-09 6.019690e-11 0.000000e+00 7.725619e-52 0.000000e+00 0.000000e+00 1.407764e-23 0.000000e+00 0.000000e+00 0.000000e+00 0.000000e+00 2.238247e-32 5.304254e-41 0.000000e+00 1.749214e+12 1.344006e+11 7.944436e+10 1.951969e+15 6.273038e-01 3.849297e-09 8.373584e-01 2.479645e-01 3.760012e+00 7.412901e+00 1.617195e-03 9.597634e-02 2.082566e-08 2.432078e-13 2.096888e-17 8.924944e-21 0.000000e+00 0.000000e+00 4.160989e-14 2.397142e-08 4.408067e-01 3.190799e-21 0.000000e+00 0.000000e+00 2.698049e-53 1.542085e-83 0.000000e+00 4.338063e-120 1.391784e+00 0.000000e+00 0.000000e+00 0.000000e+00 0.000000e+00 0.000000e+00 0.000000e+00 0.000000e+00 0.000000e+00 0.000000e+00 0.000000e+00 0.000000e+00 0.000000e+00 0.000000e+00 0.000000e+00 0.000000e+00 0.000000e+00 0.000000e+00 0.000000e+00 0.000000e+00 0.000000e+00 0.000000e+00 0.000000e+00 0.000000e+00 0.000000e+00 0.000000e+00 1.996966e-58 1.560011e-26 1.088869e-25 1.676337e-13 6.460207e-21 0.000000e+00
59.000000 58.000000 60.000000 180.336726 3.495258e+00 5.212568e+10 7.612571e+05 4.366672e+08 4.737821e+03 1.019449e+03 5.588109e-02 1.011780e+06 2.650215e-01 2.958788e-10 3.953269e-09 1.168056e+01 9.932464e-02 1.585190e-06 1.201542e-10 7.959827e-27 5.561347e-09 1.291864e-09 7.897074e-13 2.322456e-02 1.777699e+11 7.555731e+06 2.300965e+04 1.235471e-07 4.707396e+01 5.793890e-12 2.245486e-40 1.156565e-03 1.328395e-10 1.762822e-03 6.390262e-09 1.254860e+00 2.831864e+01 3.195186e+03 2.914405e-02 4.973565e-05 4.233514e-06 1.009534e+00 1.013124e-08 2.232143e-11 0.000000e+00 0.000000e+00 0.000000e+00 0.000000e+00 0.000000e+00 0.000000e+00 0.000000e+00 0.000000e+00 0.000000e+00 0.000000e+00 0.000000e+00 0.000000e+00 1.226956e+12 9.646879e+10 6.164337e+10 1.402410e+15 7.937076e-01 1.589390e-09 3.033491e-01 9.195339e-02 1.369853e+00 2.898691e+00 5.839412e-04 2.608662e-02 8.127055e-09 4.232660e-14 2.902598e-18 6.799645e-22 0.000000e+00 0.000000e+00 5.983633e-15 5.426922e-09 3.064994e-01 6.237575e-22 0.000000e+00 0.000000e+00 7.771765e-59 2.500246e-88 0.000000e+00 3.116718e-120 8.405183e-01 0.000000e+00 0.000000e+00 0.000000e+00 0.000000e+00 0.000000e+00 0.000000e+00 0.000000e+00 0.000000e+00 0.000000e+00 0.000000e+00 0.000000e+00 0.000000e+00 0.000000e+00 0.000000e+00 0.000000e+00 0.000000e+00 0.000000e+00 0.000000e+00 0.000000e+00 0.000000e+00 0.000000e+00 0.000000e+00 0.000000e+00 0.000000e+00 0.000000e+00 2.573284e-60 1.563412e-27 8.882939e-27 1.837533e-14 4.500346e-22 0.000000e+00
61.000000 60.000000 62.000000 173.779590 2.410465e+00 5.750451e+10 5.474536e+05 3.387147e+08 2.114037e+03 3.908447e+02 8.953798e-03 3.224335e+05 2.345303e-01 5.454854e-11 1.220028e-09 7.790891e+00 6.108756e-02 7.157298e-07 4.274260e-11 1.032141e-27 1.711516e-09 2.788542e-10 1.266940e-13 1.854632e-01 1.506608e+11 2.518930e+06 1.047161e+04 1.483702e-08 1.338858e+01 5.257150e-13 2.901856e-41 4.675669e-04 1.412244e-11 2.281304e-04 5.800169e-10 3.817112e-01 1.378483e+01 1.993638e+03 8.597165e-03 5.762157e-06 5.695368e-07 6.930393e-01 1.751740e-08 6.765821e-12 0.000000e+00 0.000000e+00 0.000000e+00 0.000000e+00 0.000000e+00 0.000000e+00 0.000000e+00 0.000000e+00 0.000000e+00 0.000000e+00 0.000000e+00 0.000000e+00 8.546487e+11 6.895153e+10 4.573188e+10 1.003648e+15 9.649781e-01 6.577901e-10 1.079233e-01 3.315512e-02 4.889823e-01 1.097477e+00 2.111680e-04 7.242003e-03 3.501405e-09 7.004280e-15 4.025157e-19 5.934414e-23 0.000000e+00 0.000000e+00 8.395946e-16 1.175855e-09 2.150074e-01 1.105658e-22 0.000000e+00 0.000000e+00 2.242777e-64 4.060744e-93 0.000000e+00 2.230512e-120 4.631309e-01 0.000000e+00 0.000000e+00 0.000000e+00 0.000000e+00 0.000000e+00 0.000000e+00 0.000000e+00 0.000000e+00 0.000000e+00 0.000000e+00 0.000000e+00 0.000000e+00 0.000000e+00 0.000000e+00 0.000000e+00 0.000000e+00 0.000000e+00 0.000000e+00 0.000000e+00 0.000000e+00 0.000000e+00 0.000000e+00 0.000000e+00 0.000000e+00 0.000000e+00 3.213849e-62 1.417216e-28 6.252833e-28 1.961334e-15 3.084353e-23 0.000000e+00
63.000000 62.000000 64.000000 171.576700 1.645020e+00 5.948939e+10 2.938750e+05 2.498673e+08 8.334113e+02 1.296848e+02 1.085357e-03 9.591736e+04 1.982403e-01 1.154256e-11 5.056839e-10 4.837285e+00 3.467054e-02 2.838975e-07 1.218700e-11 8.714765e-29 6.828563e-10 4.466529e-11 1.488085e-14 1.461099e+00 1.216417e+11 7.849248e+05 3.911901e+03 1.755363e-09 3.617148e+00 3.916352e-14 2.538877e-41 1.573508e-04 1.782598e-12 2.954343e-05 7.976523e-11 1.078149e-01 5.137125e+00 1.241664e+03 2.596157e-03 8.584228e-07 1.114379e-07 4.533861e-01 2.441594e-08 3.352115e-12 0.000000e+00 0.000000e+00 0.000000e+00 0.000000e+00 0.000000e+00 0.000000e+00 0.000000e+00 0.000000e+00 0.000000e+00 0.000000e+00 0.000000e+00 0.000000e+00 5.732406e+11 4.765061e+10 3.049041e+10 6.937329e+14 1.115104e+00 2.743073e-10 3.684037e-02 1.155509e-02 1.682609e-01 4.067006e-01 7.356249e-05 1.639032e-03 1.304327e-09 9.660191e-16 4.224698e-20 6.166980e-24 0.000000e+00 0.000000e+00 8.126388e-17 1.961426e-10 1.463179e-01 1.788808e-23 0.000000e+00 0.000000e+00 6.432921e-70 6.555089e-98 0.000000e+00 1.541755e-120 2.385716e-01 0.000000e+00 0.000000e+00 0.000000e+00 0.000000e+00 0.000000e+00 0.000000e+00 0.000000e+00 0.000000e+00 0.000000e+00 0.000000e+00 0.000000e+00 0.000000e+00 0.000000e+00 0.000000e+00 0.000000e+00 0.000000e+00 0.000000e+00 0.000000e+00 0.000000e+00 0.000000e+00 0.000000e+00 0.000000e+00 0.000000e+00 0.000000e+00 0.000000e+00 4.177606e-64 2.117655e-29 6.961373e-29 2.078441e-16 2.064652e-24 0.000000e+00
65.000000 64.000000 66.000000 177.785908 1.126589e+00 5.736601e+10 1.038702e+05 1.757145e+08 2.880445e+02 3.518082e+01 8.485625e-05 2.620380e+04 1.592470e-01 3.726082e-12 3.947559e-10 2.750545e+00 1.754991e-02 9.388006e-08 2.510511e-12 3.842998e-30 5.046999e-10 4.707142e-12 1.117025e-15 7.890262e+00 9.330451e+10 2.259378e+05 1.027258e+03 2.511241e-10 8.467770e-01 2.065462e-15 6.995477e-41 3.709157e-05 3.028952e-13 3.941677e-06 2.867324e-11 2.793120e-02 1.238452e+00 7.462490e+02 9.036734e-04 2.371083e-07 5.267670e-08 2.785935e-01 2.659420e-08 4.882760e-12 0.000000e+00 0.000000e+00 0.000000e+00 0.000000e+00 0.000000e+00 0.000000e+00 0.000000e+00 0.000000e+00 0.000000e+00 0.000000e+00 0.000000e+00 0.000000e+00 3.659639e+11 3.158242e+10 1.758200e+10 4.585088e+14 1.225115e+00 1.254622e-10 1.203281e-02 3.883060e-03 5.565320e-02 1.533234e-01 2.427417e-05 2.829008e-04 3.558778e-10 1.028508e-16 2.795827e-21 8.520023e-25 0.000000e+00 0.000000e+00 4.450452e-18 2.179722e-11 9.526066e-02 2.631972e-24 0.000000e+00 0.000000e+00 1.794048e-75 1.028857e-102 0.000000e+00 1.018992e-120 1.147965e-01 0.000000e+00 0.000000e+00 0.000000e+00 0.000000e+00 0.000000e+00 0.000000e+00 0.000000e+00 0.000000e+00 0.000000e+00 0.000000e+00 0.000000e+00 0.000000e+00 0.000000e+00 0.000000e+00 0.000000e+00 0.000000e+00 0.000000e+00 0.000000e+00 0.000000e+00 0.000000e+00 0.000000e+00 0.000000e+00 0.000000e+00 0.000000e+00 0.000000e+00 1.632177e-65 1.108433e-29 2.605985e-29 2.291326e-17 1.323685e-25 0.000000e+00
67.000000 66.000000 68.000000 182.850006 7.775453e-01 5.289281e+10 3.399089e+04 1.243119e+08 1.076881e+02 9.640351e+00 6.127268e-06 6.860706e+03 1.280973e-01 1.239018e-12 2.937729e-10 1.524223e+00 8.593976e-03 3.053646e-08 5.165711e-13 1.605033e-31 3.690370e-10 5.348394e-13 8.303684e-17 3.174155e+01 7.250164e+10 6.233526e+04 2.700518e+02 4.897351e-11 1.815783e-01 9.518714e-17 1.158981e-40 8.908885e-06 6.884368e-14 7.064110e-07 1.108093e-11 6.876873e-03 2.749587e-01 4.608208e+02 2.655764e-04 7.500173e-08 2.572620e-08 1.699578e-01 2.602130e-08 5.789386e-12 0.000000e+00 0.000000e+00 0.000000e+00 0.000000e+00 0.000000e+00 0.000000e+00 0.000000e+00 0.000000e+00 0.000000e+00 0.000000e+00 0.000000e+00 0.000000e+00 2.356961e+11 2.124208e+10 9.544516e+09 3.076877e+14 1.270169e+00 6.500267e-11 3.859983e-03 1.265088e-03 1.797116e-02 5.904308e-02 7.772235e-06 5.719659e-05 1.009173e-10 1.056662e-17 1.746067e-22 1.657187e-25 0.000000e+00 0.000000e+00 2.408038e-19 2.320151e-12 6.307010e-02 3.641275e-25 0.000000e+00 0.000000e+00 4.701084e-79 1.933748e-107 0.000000e+00 6.838065e-121 5.080744e-02 0.000000e+00 0.000000e+00 0.000000e+00 0.000000e+00 0.000000e+00 0.000000e+00 0.000000e+00 0.000000e+00 0.000000e+00 0.000000e+00 0.000000e+00 0.000000e+00 0.000000e+00 0.000000e+00 0.000000e+00 0.000000e+00 0.000000e+00 0.000000e+00 0.000000e+00 0.000000e+00 0.000000e+00 0.000000e+00 0.000000e+00 0.000000e+00 0.000000e+00 3.342469e-66 5.799836e-30 9.674045e-30 2.666915e-18 8.259462e-27 0.000000e+00
69.000000 68.000000 70.000000 182.850006 5.370584e-01 4.678704e+10 1.165743e+04 8.899935e+07 4.563078e+01 2.889468e+00 5.196011e-07 1.805880e+03 1.032656e-01 3.456703e-13 1.626527e-10 8.477979e-01 4.204647e-03 1.035491e-08 1.183928e-13 8.419868e-33 2.033465e-10 7.675743e-14 7.780519e-18 1.020327e+02 5.735168e+10 1.723110e+04 8.639483e+01 8.088583e-12 4.070422e-02 4.453984e-18 9.869384e-41 2.619820e-06 1.884121e-14 1.764581e-07 2.696934e-12 1.687821e-03 7.533211e-02 2.995742e+02 7.023729e-05 1.823986e-08 7.758325e-09 1.048582e-01 2.490020e-08 3.573580e-12 0.000000e+00 0.000000e+00 0.000000e+00 0.000000e+00 0.000000e+00 0.000000e+00 0.000000e+00 0.000000e+00 0.000000e+00 0.000000e+00 0.000000e+00 0.000000e+00 1.555237e+11 1.466614e+10 5.102794e+09 2.125229e+14 1.256319e+00 3.249285e-11 1.273245e-03 4.212658e-04 5.940619e-03 2.364444e-02 2.559757e-06 1.516188e-05 3.578934e-11 1.186001e-18 1.322698e-23 4.133352e-26 0.000000e+00 0.000000e+00 1.662374e-20 2.857141e-13 4.314516e-02 4.998785e-26 0.000000e+00 0.000000e+00 1.136046e-73 1.499555e-103 0.000000e+00 4.723120e-121 2.151297e-02 0.000000e+00 0.000000e+00 0.000000e+00 0.000000e+00 0.000000e+00 0.000000e+00 0.000000e+00 0.000000e+00 0.000000e+00 0.000000e+00 0.000000e+00 0.000000e+00 0.000000e+00 0.000000e+00 0.000000e+00 0.000000e+00 0.000000e+00 0.000000e+00 0.000000e+00 0.000000e+00 0.000000e+00 0.000000e+00 0.000000e+00 0.000000e+00 0.000000e+00 3.380477e-67 1.784046e-30 2.110199e-30 3.250982e-19 5.253659e-28 0.000000e+00
71.000000 70.000000 72.000000 182.850006 3.709517e-01 3.945031e+10 3.597750e+03 6.304379e+07 2.044347e+01 8.573341e-01 4.567089e-08 4.669392e+02 8.127663e-02 9.761315e-14 9.373794e-11 4.611810e-01 1.969810e-03 3.358266e-09 2.551770e-14 4.143911e-34 1.168925e-10 1.118113e-14 7.719370e-19 2.837215e+02 4.490294e+10 4.662533e+03 2.762985e+01 1.208346e-12 9.328305e-03 2.064772e-19 7.357624e-41 7.779208e-07 5.955774e-15 4.924803e-08 6.456094e-13 4.037530e-04 2.361265e-02 1.981077e+02 2.146102e-05 4.352002e-09 2.215444e-09 6.366723e-02 2.276953e-08 2.170537e-12 0.000000e+00 0.000000e+00 0.000000e+00 0.000000e+00 0.000000e+00 0.000000e+00 0.000000e+00 0.000000e+00 0.000000e+00 0.000000e+00 0.000000e+00 0.000000e+00 1.021322e+11 1.012499e+10 2.602317e+09 1.467918e+14 1.218290e+00 1.689825e-11 4.263085e-04 1.442926e-04 1.990879e-03 9.868534e-03 8.551672e-07 4.395242e-06 1.326050e-11 1.291799e-19 1.001002e-24 1.219600e-26 0.000000e+00 0.000000e+00 1.113990e-21 3.400725e-14 2.959779e-02 6.665436e-27 0.000000e+00 0.000000e+00 2.774370e-68 6.506364e-99 0.000000e+00 3.262307e-121 8.802170e-03 0.000000e+00 0.000000e+00 0.000000e+00 0.000000e+00 0.000000e+00 0.000000e+00 0.000000e+00 0.000000e+00 0.000000e+00 0.000000e+00 0.000000e+00 0.000000e+00 0.000000e+00 0.000000e+00 0.000000e+00 0.000000e+00 0.000000e+00 0.000000e+00 0.000000e+00 0.000000e+00 0.000000e+00 0.000000e+00 0.000000e+00 0.000000e+00 0.000000e+00 3.553754e-68 5.792430e-31 4.854444e-31 4.076187e-20 3.315458e-29 0.000000e+00
73.000000 72.000000 74.000000 182.850006 2.562201e-01 3.212629e+10 1.012452e+03 4.430187e+07 9.680686e+00 2.488300e-01 3.968651e-09 1.191730e+02 6.259428e-02 2.813226e-14 5.560152e-11 2.455496e-01 8.807502e-04 1.038368e-09 5.153098e-15 1.835175e-35 6.924326e-11 1.642955e-15 7.797556e-20 7.099152e+02 3.482558e+10 1.240628e+03 8.754865e+00 1.689510e-13 2.185826e-03 9.502491e-21 5.241017e-41 2.316324e-07 2.027251e-15 1.436759e-08 1.520840e-13 9.463274e-05 8.396567e-03 1.326725e+02 7.495212e-06 1.020340e-09 6.060703e-10 3.812419e-02 2.005595e-08 1.300058e-12 0.000000e+00 0.000000e+00 0.000000e+00 0.000000e+00 0.000000e+00 0.000000e+00 0.000000e+00 0.000000e+00 0.000000e+00 0.000000e+00 0.000000e+00 0.000000e+00 6.673307e+10 6.988923e+09 1.263998e+09 1.013906e+14 1.170865e+00 9.099892e-12 1.443429e-04 5.292185e-05 6.726738e-04 4.256634e-03 2.884583e-07 1.378049e-06 5.044679e-12 1.352746e-20 7.325449e-26 3.925952e-27 0.000000e+00 0.000000e+00 6.986844e-23 3.885849e-15 2.034529e-02 8.693854e-28 0.000000e+00 0.000000e+00 6.775368e-63 2.821897e-94 0.000000e+00 2.253308e-121 3.506198e-03 0.000000e+00 0.000000e+00 0.000000e+00 0.000000e+00 0.000000e+00 0.000000e+00 0.000000e+00 0.000000e+00 0.000000e+00 0.000000e+00 0.000000e+00 0.000000e+00 0.000000e+00 0.000000e+00 0.000000e+00 0.000000e+00 0.000000e+00 0.000000e+00 0.000000e+00 0.000000e+00 0.000000e+00 0.000000e+00 0.000000e+00 0.000000e+00 0.000000e+00 4.220826e-69 2.008216e-31 1.182342e-31 5.279897e-21 2.079298e-30 0.000000e+00
75.000000 74.000000 76.000000 182.850006 1.769738e-01 2.549802e+10 2.610502e+02 3.095104e+07 4.852254e+00 6.973301e-02 3.348084e-10 3.016211e+01 4.729514e-02 8.239713e-15 3.369150e-11 1.274500e-01 3.749322e-04 3.053279e-10 9.710482e-16 7.239773e-37 4.192662e-11 2.432686e-16 7.948009e-21 1.658037e+03 2.677872e+10 3.258144e+02 2.735861e+00 2.245414e-14 5.220989e-04 4.347740e-22 3.668093e-41 6.895735e-08 7.212530e-16 4.266280e-09 3.537272e-14 2.182600e-05 3.533984e-03 8.966673e+01 3.113947e-06 2.357706e-10 1.605026e-10 2.256530e-02 1.714612e-08 7.696391e-13 0.000000e+00 1.274945e-55 0.000000e+00 0.000000e+00 0.000000e+00 0.000000e+00 0.000000e+00 0.000000e+00 0.000000e+00 0.000000e+00 0.000000e+00 0.000000e+00 4.336885e+10 4.823132e+09 5.811912e+08 7.003149e+13 1.130480e+00 5.069422e-12 4.968087e-05 2.369665e-05 2.284757e-04 1.885353e-03 9.805953e-08 4.645475e-07 1.951096e-12 1.354597e-21 5.142149e-27 1.329724e-27 0.000000e+00 0.000000e+00 4.032776e-24 4.226586e-16 1.400530e-02 1.115618e-28 0.000000e+00 0.000000e+00 1.654633e-57 1.221323e-89 0.000000e+00 1.556382e-121 1.367849e-03 0.000000e+00 0.000000e+00 0.000000e+00 0.000000e+00 0.000000e+00 0.000000e+00 0.000000e+00 0.000000e+00 0.000000e+00 0.000000e+00 0.000000e+00 0.000000e+00 0.000000e+00 0.000000e+00 0.000000e+00 0.000000e+00 0.000000e+00 0.000000e+00 0.000000e+00 0.000000e+00 0.000000e+00 0.000000e+00 0.000000e+00 0.000000e+00 0.000000e+00 5.567098e-70 7.324683e-32 3.006471e-32 7.065794e-22 1.298135e-31 0.000000e+00
77.000000 76.000000 78.000000 182.850006 1.222376e-01 1.985150e+10 6.075829e+01 2.153352e+07 2.595929e+00 1.835127e-02 2.765879e-11 7.611058e+00 3.515980e-02 2.443594e-15 2.074627e-11 6.341197e-02 1.499724e-04 8.424804e-11 1.681642e-16 2.484292e-38 2.580457e-11 3.612398e-17 8.126244e-22 3.799356e+03 2.042764e+10 8.470038e+01 8.405408e-01 2.854159e-15 1.266203e-04 1.979995e-23 2.549775e-41 2.049239e-08 2.658878e-16 1.282104e-09 8.157196e-15 4.970826e-06 2.003384e-03 6.099839e+01 1.748302e-06 5.389068e-11 4.152866e-11 1.323077e-02 1.432333e-08 4.513332e-13 0.000000e+00 1.678991e-50 0.000000e+00 2.165090e-23 0.000000e+00 0.000000e+00 0.000000e+00 0.000000e+00 0.000000e+00 0.000000e+00 0.000000e+00 0.000000e+00 2.802398e+10 3.327412e+09 2.472138e+08 4.837140e+13 1.109099e+00 2.925035e-12 1.793580e-05 1.611151e-05 7.791113e-05 8.524699e-04 3.360453e-08 1.688891e-07 7.624073e-13 1.278541e-22 3.421056e-28 4.680748e-28 0.000000e+00 0.000000e+00 2.062397e-25 4.277039e-17 9.650756e-03 1.413448e-29 1.579254e-30 2.197161e-30 4.040830e-52 5.230551e-85 0.000000e+00 1.075009e-121 5.251458e-04 0.000000e+00 0.000000e+00 0.000000e+00 0.000000e+00 0.000000e+00 0.000000e+00 0.000000e+00 0.000000e+00 0.000000e+00 0.000000e+00 0.000000e+00 0.000000e+00 0.000000e+00 0.000000e+00 0.000000e+00 0.000000e+00 0.000000e+00 0.000000e+00 0.000000e+00 0.000000e+00 0.000000e+00 0.000000e+00 0.000000e+00 0.000000e+00 0.000000e+00 7.963928e-71 2.777881e-32 7.897101e-33 9.744176e-23 8.085339e-33 0.000000e+00
79.000000 78.000000 80.000000 182.850006 8.443073e-02 1.522665e+10 1.174437e+01 1.493555e+07 1.503593e+00 4.135009e-03 2.477400e-12 1.929836e+00 2.578809e-02 7.318923e-16 1.293634e-11 2.858328e-02 5.247532e-05 2.030056e-11 2.485966e-17 6.622948e-40 1.608344e-11 5.082468e-18 7.937362e-23 9.628286e+03 1.546104e+10 2.184747e+01 2.535422e-01 3.459015e-16 3.107651e-05 8.984362e-25 1.768298e-41 6.076246e-09 1.036120e-16 3.989271e-10 1.873663e-15 1.121049e-06 1.724947e-03 4.168812e+01 1.494906e-06 1.223392e-11 1.058558e-11 7.699927e-03 1.176717e-08 2.626955e-13 0.000000e+00 1.587135e-45 0.000000e+00 0.000000e+00 0.000000e+00 0.000000e+00 0.000000e+00 0.000000e+00 0.000000e+00 2.855434e-42 4.191080e-47 0.000000e+00 1.800499e+10 2.294461e+09 8.898131e+07 3.341066e+13 1.102073e+00 1.751676e-12 7.793714e-06 1.861910e-05 2.668130e-05 3.913754e-04 1.164114e-08 6.690791e-08 2.999974e-13 1.059678e-23 2.034167e-29 1.744173e-28 0.000000e+00 0.000000e+00 8.087013e-27 3.704613e-18 6.654858e-03 1.773915e-30 0.000000e+00 0.000000e+00 9.868243e-47 2.134936e-80 0.000000e+00 7.425198e-122 1.991735e-04 0.000000e+00 0.000000e+00 0.000000e+00 0.000000e+00 0.000000e+00 0.000000e+00 0.000000e+00 0.000000e+00 0.000000e+00 0.000000e+00 0.000000e+00 0.000000e+00 0.000000e+00 0.000000e+00 0.000000e+00 0.000000e+00 0.000000e+00 0.000000e+00 0.000000e+00 0.000000e+00 0.000000e+00 0.000000e+00 0.000000e+00 0.000000e+00 0.000000e+00 1.215538e-71 1.087149e-32 2.127405e-33 1.379973e-23 5.050132e-34 0.000000e+00
81.000000 80.000000 82.000000 182.850006 5.831716e-02 1.154037e+10 9.912957e-01 1.033438e+07 9.506713e-01 4.161001e-04 3.529092e-13 4.985636e-01 1.870935e-02 2.209831e-16 8.147994e-12 9.142068e-03 7.822095e-06 2.079321e-12 1.524805e-18 6.655130e-42 1.012518e-11 3.371277e-19 4.377288e-24 1.526151e+05 1.160739e+10 5.601729e+00 7.588169e-02 3.910371e-17 7.706746e-06 4.069755e-26 1.225978e-41 1.837308e-09 1.025679e-16 3.096614e-10 4.515217e-16 2.509261e-07 2.016829e-03 2.858353e+01 1.740670e-06 3.008668e-12 2.900880e-12 4.455399e-03 9.951683e-09 1.520188e-13 0.000000e+00 9.907874e-41 0.000000e+00 0.000000e+00 0.000000e+00 0.000000e+00 0.000000e+00 0.000000e+00 0.000000e+00 0.000000e+00 0.000000e+00 0.000000e+00 1.150779e+10 1.581123e+09 1.416806e+07 2.307709e+13 1.088300e+00 1.089279e-12 2.314978e-05 1.677367e-04 9.191425e-06 1.816510e-04 4.103497e-09 2.903635e-08 1.212797e-13 3.808968e-25 6.388450e-31 1.653327e-28 0.000000e+00 0.000000e+00 9.641555e-29 1.540874e-19 4.591258e-03 2.210249e-31 0.000000e+00 0.000000e+00 2.409958e-41 6.953136e-76 0.000000e+00 5.128659e-122 7.485782e-05 0.000000e+00 0.000000e+00 0.000000e+00 0.000000e+00 0.000000e+00 0.000000e+00 0.000000e+00 0.000000e+00 0.000000e+00 0.000000e+00 0.000000e+00 0.000000e+00 0.000000e+00 0.000000e+00 0.000000e+00 0.000000e+00 0.000000e+00 0.000000e+00 0.000000e+00 0.000000e+00 0.000000e+00 0.000000e+00 0.000000e+00 0.000000e+00 0.000000e+00 1.960094e-72 4.370708e-33 5.848202e-34 2.000938e-24 3.816159e-35 0.000000e+00
83.000000 82.000000 84.000000 182.850006 4.028025e-02 8.640585e+09 1.294258e-03 7.136029e+06 6.697115e-01 5.084569e-07 1.057150e-13 1.353688e-01 1.344112e-02 6.729936e-17 5.186115e-12 1.048986e-04 1.808555e-08 3.262278e-15 1.409567e-21 4.521754e-44 6.440540e-12 9.689932e-22 8.548026e-26 2.566823e+07 8.616232e+09 1.429844e+00 4.982555e-02 4.293391e-18 1.935853e-06 1.850329e-27 8.506614e-42 2.277648e-09 7.836736e-15 1.822806e-08 1.662920e-15 5.584532e-08 2.598123e-03 1.964287e+01 2.283133e-06 1.010090e-11 1.095273e-11 2.566962e-03 7.799969e-09 8.759246e-14 0.000000e+00 1.885218e-45 0.000000e+00 0.000000e+00 0.000000e+00 0.000000e+00 0.000000e+00 0.000000e+00 0.000000e+00 0.000000e+00 0.000000e+00 0.000000e+00 7.324094e+09 1.088533e+09 2.705485e+04 1.593956e+13 1.088581e+00 7.082959e-13 2.246833e-03 1.788825e-02 3.203665e-06 8.881693e-05 1.502481e-09 1.404482e-08 2.027312e-13 5.494432e-28 7.130055e-33 1.211685e-26 0.000000e+00 0.000000e+00 5.625102e-31 3.906951e-21 3.168655e-03 2.739185e-32 0.000000e+00 0.000000e+00 6.803470e-47 1.218258e-80 0.000000e+00 3.542416e-122 2.795169e-05 0.000000e+00 0.000000e+00 0.000000e+00 0.000000e+00 0.000000e+00 0.000000e+00 0.000000e+00 0.000000e+00 0.000000e+00 0.000000e+00 0.000000e+00 0.000000e+00 0.000000e+00 0.000000e+00 0.000000e+00 0.000000e+00 0.000000e+00 0.000000e+00 0.000000e+00 0.000000e+00 0.000000e+00 0.000000e+00 0.000000e+00 0.000000e+00 0.000000e+00 3.340481e-73 1.806251e-33 1.641517e-34 2.971402e-25 6.162942e-35 0.000000e+00
85.000000 84.000000 86.000000 182.850006 2.782198e-02 6.406941e+09 2.416419e-05 4.916575e+06 5.106699e-01 1.527599e-08 4.173911e-14 4.053712e-02 9.583711e-03 2.061872e-17 3.326506e-12 2.219796e-06 2.456792e-09 2.917977e-16 7.089165e-23 3.072176e-46 4.127595e-12 2.837736e-23 1.729958e-27 4.513719e+07 6.335270e+09 3.637512e-01 2.850891e-02 4.768184e-19 4.963224e-07 8.441467e-29 5.905611e-42 2.552033e-09 1.078327e-14 1.904143e-08 1.167513e-15 1.237599e-08 2.295113e-03 1.352015e+01 2.028245e-06 6.879591e-12 8.316235e-12 1.474493e-03 6.069337e-09 5.031782e-14 0.000000e+00 3.963500e-50 0.000000e+00 0.000000e+00 0.000000e+00 0.000000e+00 0.000000e+00 0.000000e+00 0.000000e+00 0.000000e+00 0.000000e+00 0.000000e+00 4.647470e+09 7.484142e+08 1.266850e+03 1.100962e+13 1.077273e+00 4.802707e-13 2.512133e-03 2.019176e-02 1.135109e-06 4.348797e-05 5.879277e-10 7.353137e-09 3.084281e-13 7.067150e-30 8.178721e-35 1.603229e-26 0.000000e+00 0.000000e+00 3.281566e-33 9.775438e-22 2.187375e-03 3.381291e-33 0.000000e+00 0.000000e+00 1.920677e-52 1.950935e-85 0.000000e+00 2.446783e-122 1.039200e-05 0.000000e+00 0.000000e+00 0.000000e+00 0.000000e+00 0.000000e+00 0.000000e+00 0.000000e+00 0.000000e+00 0.000000e+00 0.000000e+00 0.000000e+00 0.000000e+00 0.000000e+00 0.000000e+00 0.000000e+00 0.000000e+00 0.000000e+00 0.000000e+00 0.000000e+00 0.000000e+00 0.000000e+00 0.000000e+00 0.000000e+00 0.000000e+00 0.000000e+00 5.991888e-74 7.655998e-34 4.680008e-35 4.523671e-26 3.936877e-35 0.000000e+00
87.000000 86.000000 88.000000 182.850006 1.921694e-02 4.711419e+09 4.028369e-06 3.378891e+06 4.083540e-01 3.271857e-09 1.840411e-14 1.412389e-02 6.793161e-03 6.341991e-18 2.146448e-12 6.490866e-07 8.360999e-10 6.586883e-17 8.865806e-24 2.087388e-48 2.660192e-12 5.083637e-24 4.596214e-29 5.138763e+07 4.621492e+09 9.231145e-02 1.309547e-02 5.437781e-20 1.321336e-07 3.861180e-30 4.099965e-42 2.205300e-09 9.888664e-15 1.309399e-08 5.474955e-16 2.734115e-09 1.698421e-03 9.316153e+00 1.500718e-06 3.102082e-12 4.209361e-12 8.454656e-04 4.804579e-09 2.885382e-14 0.000000e+00 0.000000e+00 0.000000e+00 0.000000e+00 0.000000e+00 0.000000e+00 0.000000e+00 0.000000e+00 0.000000e+00 0.000000e+00 0.000000e+00 0.000000e+00 2.944193e+09 5.136035e+08 4.195821e+02 7.604468e+12 1.041610e+00 3.377877e-13 1.832640e-03 1.485034e-02 4.126598e-07 2.094158e-05 2.567951e-10 4.038601e-09 3.641204e-13 5.581594e-31 1.169923e-36 1.417163e-26 0.000000e+00 0.000000e+00 1.914741e-35 2.519702e-22 1.510237e-03 4.161835e-34 0.000000e+00 0.000000e+00 3.013761e-52 0.000000e+00 0.000000e+00 1.690020e-122 3.854528e-06 0.000000e+00 0.000000e+00 0.000000e+00 0.000000e+00 0.000000e+00 0.000000e+00 0.000000e+00 0.000000e+00 0.000000e+00 0.000000e+00 0.000000e+00 0.000000e+00 0.000000e+00 0.000000e+00 0.000000e+00 0.000000e+00 0.000000e+00 0.000000e+00 0.000000e+00 0.000000e+00 0.000000e+00 0.000000e+00 0.000000e+00 0.000000e+00 0.000000e+00 1.130106e-74 3.327102e-34 1.350408e-35 7.088362e-27 1.693379e-35 0.000000e+00
89.000000 88.000000 90.000000 182.850006 1.327335e-02 3.437278e+09 8.062696e-07 2.314959e+06 3.369325e-01 8.401990e-10 8.665719e-15 5.872801e-03 4.791744e-03 1.955458e-18 1.391875e-12 3.021768e-07 3.392048e-10 1.765974e-17 1.286337e-24 1.418544e-50 1.722153e-12 1.177888e-24 2.880723e-30 4.981961e+07 3.346512e+09 2.338485e-02 5.348656e-03 6.598538e-21 3.770975e-08 1.769604e-31 2.845385e-42 1.681060e-09 7.912036e-15 7.770764e-09 2.201572e-16 6.026554e-10 1.173911e-03 6.424285e+00 1.034579e-06 1.181288e-12 1.820532e-12 4.846307e-04 3.816521e-09 1.654036e-14 0.000000e+00 0.000000e+00 0.000000e+00 0.000000e+00 0.000000e+00 0.000000e+00 0.000000e+00 0.000000e+00 0.000000e+00 0.000000e+00 0.000000e+00 0.000000e+00 1.864861e+09 3.515277e+08 1.658182e+02 5.252487e+12 9.902387e-01 2.459455e-13 1.145612e-03 9.349322e-03 1.563034e-07 9.959978e-06 1.309733e-10 2.289884e-09 3.815932e-13 5.903701e-32 3.919961e-38 1.096301e-26 0.000000e+00 0.000000e+00 1.118943e-37 6.848017e-23 1.042843e-03 5.111779e-35 0.000000e+00 0.000000e+00 7.359998e-47 3.333439e-82 0.000000e+00 1.167314e-122 1.429054e-06 0.000000e+00 0.000000e+00 0.000000e+00 0.000000e+00 0.000000e+00 0.000000e+00 0.000000e+00 0.000000e+00 0.000000e+00 0.000000e+00 0.000000e+00 0.000000e+00 0.000000e+00 0.000000e+00 0.000000e+00 0.000000e+00 0.000000e+00 0.000000e+00 0.000000e+00 0.000000e+00 0.000000e+00 0.000000e+00 0.000000e+00 0.000000e+00 0.000000e+00 2.249186e-75 1.485278e-34 3.935488e-36 1.153709e-27 6.246259e-36 0.000000e+00
91.000000 90.000000 92.000000 182.850006 9.168037e-03 2.488865e+09 1.769844e-07 1.579542e+06 2.838061e-01 2.392751e-10 4.257814e-15 2.837936e-03 3.366278e-03 6.030869e-19 9.057559e-13 1.530438e-07 1.536751e-10 5.256400e-18 2.027825e-25 9.649396e-53 1.118072e-12 3.115245e-25 4.039861e-31 4.419926e+07 2.406595e+09 5.916469e-03 2.027513e-03 9.252855e-22 1.206678e-08 8.122108e-33 1.973509e-42 1.183574e-09 5.912177e-15 4.266068e-09 8.128238e-17 1.326219e-10 7.941529e-04 4.432457e+00 6.971039e-07 4.061585e-13 7.232688e-13 2.783097e-04 3.050194e-09 9.499247e-15 0.000000e+00 2.052396e-45 0.000000e+00 0.000000e+00 0.000000e+00 0.000000e+00 0.000000e+00 0.000000e+00 0.000000e+00 0.000000e+00 0.000000e+00 0.000000e+00 1.183166e+09 2.396878e+08 7.243766e+01 3.627948e+12 9.316135e-01 1.851285e-13 6.582839e-04 5.406459e-03 6.293895e-08 4.691995e-06 7.904763e-11 1.326266e-09 3.717080e-13 7.654268e-33 3.728546e-39 7.948021e-27 0.000000e+00 0.000000e+00 6.642658e-40 2.065287e-23 7.201599e-04 6.269000e-36 0.000000e+00 0.000000e+00 0.000000e+00 0.000000e+00 0.000000e+00 8.062762e-123 5.306328e-07 0.000000e+00 0.000000e+00 0.000000e+00 0.000000e+00 0.000000e+00 0.000000e+00 0.000000e+00 0.000000e+00 0.000000e+00 0.000000e+00 0.000000e+00 0.000000e+00 0.000000e+00 0.000000e+00 0.000000e+00 0.000000e+00 0.000000e+00 0.000000e+00 0.000000e+00 0.000000e+00 0.000000e+00 0.000000e+00 0.000000e+00 0.000000e+00 0.000000e+00 4.755937e-76 6.834919e-35 1.155125e-36 1.979913e-28 2.135391e-36 0.000000e+00
93.000000 92.000000 94.000000 182.850006 6.332456e-03 1.788904e+09 4.204089e-08 1.071592e+06 2.426177e-01 7.440895e-11 2.156166e-15 1.510951e-03 2.356684e-03 1.854714e-19 5.904180e-13 8.197201e-08 7.621366e-11 1.698136e-18 3.403131e-26 6.599998e-55 7.264212e-13 9.155798e-26 7.461495e-32 3.693196e+07 1.719273e+09 1.495733e-03 7.292150e-04 1.739727e-22 4.499200e-09 3.731925e-34 1.367750e-42 7.828204e-10 4.230000e-15 2.223943e-09 2.829494e-17 2.915291e-11 5.360911e-04 3.059333e+00 4.684386e-07 1.292416e-13 2.723871e-13 1.607373e-04 2.463516e-09 5.486651e-15 0.000000e+00 7.757470e-45 0.000000e+00 0.000000e+00 0.000000e+00 0.000000e+00 0.000000e+00 0.000000e+00 0.000000e+00 0.000000e+00 0.000000e+00 0.000000e+00 7.538074e+08 1.625439e+08 3.450763e+01 2.505857e+12 8.727665e-01 1.440271e-13 3.571127e-04 2.950173e-03 2.750915e-08 2.191761e-06 5.486681e-11 7.801682e-10 3.423522e-13 1.234034e-33 5.549394e-40 5.538824e-27 0.000000e+00 0.000000e+00 4.677940e-42 7.227411e-24 4.973534e-04 7.679824e-37 0.000000e+00 0.000000e+00 2.663866e-46 1.327322e-82 0.000000e+00 5.569031e-123 1.978130e-07 0.000000e+00 0.000000e+00 0.000000e+00 0.000000e+00 0.000000e+00 0.000000e+00 0.000000e+00 0.000000e+00 0.000000e+00 0.000000e+00 0.000000e+00 0.000000e+00 0.000000e+00 0.000000e+00 0.000000e+00 0.000000e+00 0.000000e+00 0.000000e+00 0.000000e+00 0.000000e+00 0.000000e+00 0.000000e+00 0.000000e+00 0.000000e+00 0.000000e+00 1.081064e-76 3.261557e-35 3.402380e-37 3.652418e-29 6.967053e-37 0.000000e+00
95.000000 94.000000 96.000000 182.850006 4.373891e-03 1.276086e+09 1.087562e-08 7.209910e+05 2.100467e-01 2.537018e-11 1.120164e-15 8.479166e-04 1.644789e-03 5.663098e-20 3.846120e-13 4.612757e-08 4.120373e-11 5.909089e-19 6.045228e-27 4.673522e-57 4.709990e-13 2.971001e-26 1.541347e-32 2.943947e+07 1.220130e+09 3.784599e-04 2.521987e-04 4.931405e-23 1.961742e-09 1.716105e-35 9.471299e-43 4.885867e-10 2.924310e-15 1.112024e-09 9.378806e-18 6.408312e-12 3.636049e-04 2.112146e+00 3.163503e-07 3.841184e-14 9.893132e-14 9.405127e-05 2.027202e-09 3.210643e-15 0.000000e+00 0.000000e+00 0.000000e+00 0.000000e+00 0.000000e+00 0.000000e+00 0.000000e+00 0.000000e+00 0.000000e+00 0.000000e+00 0.000000e+00 0.000000e+00 4.841211e+08 1.093622e+08 1.804290e+01 1.730821e+12 8.195255e-01 1.159988e-13 1.847985e-04 1.535259e-03 1.321639e-08 1.014790e-06 4.192046e-11 4.651990e-10 2.996230e-13 2.510104e-34 1.010281e-40 3.746421e-27 0.000000e+00 0.000000e+00 9.337720e-44 2.964530e-24 3.434951e-04 9.401327e-38 0.000000e+00 0.000000e+00 0.000000e+00 0.000000e+00 0.000000e+00 3.846585e-123 7.435275e-08 0.000000e+00 0.000000e+00 0.000000e+00 0.000000e+00 0.000000e+00 0.000000e+00 0.000000e+00 0.000000e+00 0.000000e+00 0.000000e+00 0.000000e+00 0.000000e+00 0.000000e+00 0.000000e+00 0.000000e+00 0.000000e+00 0.000000e+00 0.000000e+00 0.000000e+00 0.000000e+00 0.000000e+00 0.000000e+00 0.000000e+00 0.000000e+00 0.000000e+00 2.700171e-77 1.631904e-35 1.000992e-37 7.369614e-30 2.191234e-37 0.000000e+00
97.000000 96.000000 98.000000 182.850006 3.021090e-03 9.026503e+08 3.110599e-09 4.791691e+05 1.843452e-01 9.603480e-12 5.981229e-16 4.906305e-04 1.144511e-03 1.706201e-20 2.495816e-13 2.736222e-08 2.437464e-11 2.213312e-19 1.137219e-27 4.101860e-59 3.035981e-13 1.069401e-26 3.486506e-33 2.248528e+07 8.596995e+08 9.727615e-05 8.466066e-05 1.986219e-23 9.716160e-10 7.897137e-37 6.552952e-43 2.873931e-10 1.954952e-15 5.340296e-10 2.959675e-18 1.424170e-12 2.481928e-04 1.458494e+00 2.152187e-07 1.071337e-14 3.520071e-14 5.653677e-05 1.725762e-09 1.930236e-15 0.000000e+00 2.481120e-45 0.000000e+00 0.000000e+00 0.000000e+00 0.000000e+00 0.000000e+00 0.000000e+00 0.000000e+00 0.000000e+00 0.000000e+00 0.000000e+00 3.152934e+08 7.272853e+07 1.052040e+01 1.195497e+12 7.773853e-01 9.716123e-14 9.132781e-05 7.630450e-04 6.971106e-09 4.647439e-07 3.413695e-11 2.815351e-10 2.491136e-13 6.424041e-35 2.122274e-41 2.463768e-27 0.000000e+00 0.000000e+00 7.045759e-45 1.395362e-24 2.372418e-04 1.152984e-38 0.000000e+00 0.000000e+00 4.671645e-47 0.000000e+00 0.000000e+00 2.656876e-123 2.871256e-08 0.000000e+00 0.000000e+00 0.000000e+00 0.000000e+00 0.000000e+00 0.000000e+00 0.000000e+00 0.000000e+00 0.000000e+00 0.000000e+00 0.000000e+00 0.000000e+00 0.000000e+00 0.000000e+00 0.000000e+00 0.000000e+00 0.000000e+00 0.000000e+00 0.000000e+00 0.000000e+00 0.000000e+00 0.000000e+00 0.000000e+00 0.000000e+00 0.000000e+00 7.733978e-78 8.747447e-36 2.923043e-38 1.640255e-30 6.647787e-38 0.000000e+00
99.000000 98.000000 100.000000 182.850006 2.086698e-03 6.320106e+08 9.991013e-10 3.125175e+05 1.646287e-01 4.085468e-12 3.320872e-16 2.957234e-04 7.937990e-04 5.091169e-21 1.605752e-13 1.732424e-08 1.594288e-11 8.967191e-20 2.276482e-28 8.054312e-61 1.934415e-13 4.333265e-27 8.783861e-34 1.641797e+07 6.005697e+08 2.924713e-05 2.807307e-05 1.021964e-23 5.392782e-10 3.798768e-38 4.529981e-43 1.614018e-10 1.259655e-15 2.454846e-10 8.833337e-19 3.676227e-13 1.704631e-04 1.007277e+00 1.475715e-07 2.965428e-15 1.329541e-14 3.578126e-05 1.560727e-09 1.221849e-15 0.000000e+00 0.000000e+00 0.000000e+00 0.000000e+00 3.125380e-40 0.000000e+00 0.000000e+00 0.000000e+00 0.000000e+00 0.000000e+00 0.000000e+00 0.000000e+00 2.101225e+08 4.752168e+07 6.959099e+00 8.257404e+11 7.526723e-01 8.541019e-14 4.281431e-05 3.598857e-04 4.048413e-09 2.099609e-07 2.922494e-11 1.736579e-10 1.997201e-13 2.060746e-35 5.112209e-42 1.572549e-27 0.000000e+00 0.000000e+00 8.223005e-46 7.512417e-25 1.638606e-04 1.568164e-39 0.000000e+00 0.000000e+00 0.000000e+00 0.000000e+00 0.000000e+00 1.835131e-123 1.319689e-08 0.000000e+00 0.000000e+00 0.000000e+00 0.000000e+00 0.000000e+00 0.000000e+00 0.000000e+00 0.000000e+00 0.000000e+00 0.000000e+00 0.000000e+00 0.000000e+00 0.000000e+00 0.000000e+00 0.000000e+00 0.000000e+00 0.000000e+00 0.000000e+00 0.000000e+00 0.000000e+00 0.000000e+00 0.000000e+00 0.000000e+00 0.000000e+00 0.000000e+00 2.744520e-78 5.211911e-36 8.451071e-39 4.246381e-31 2.003179e-38 0.000000e+00
